6.341666666666666288e+02
7.910000000000000000e+02
4.393333333333333144e+02
5.731666666666666288e+02
1.051000000000000000e+03
1.424000000000000000e+03
1.573999999999999773e+03
1.375833333333333258e+03
1.466833333333333258e+03
1.544000000000000000e+03
1.528833333333333258e+03
1.344666666666666515e+03
1.456333333333333258e+03
1.583166666666666515e+03
1.593000000000000000e+03
1.408166666666666515e+03
1.480666666666666515e+03
1.584500000000000000e+03
1.643333333333333030e+03
1.488000000000000000e+03
1.672166666666666515e+03
1.788833333333333258e+03
1.808166666666666515e+03
1.568333333333333258e+03
1.655666666666666515e+03
1.706166666666666515e+03
1.697166666666666515e+03
1.488666666666666515e+03
1.584000000000000000e+03
1.668333333333333030e+03
1.681499999999999773e+03
1.533500000000000000e+03
1.683333333333333258e+03
1.733666666666666515e+03
1.733166666666666515e+03
1.511666666666666515e+03
1.627666666666666515e+03
1.706833333333333030e+03
1.682666666666666515e+03
1.510500000000000000e+03
1.602333333333333258e+03
1.711000000000000000e+03
1.699666666666666515e+03
1.522333333333333030e+03
1.615666666666666515e+03
1.722833333333333258e+03
1.749499999999999773e+03
1.633333333333333030e+03
1.759500000000000000e+03
1.812499999999999773e+03
1.726666666666666515e+03
1.499333333333333030e+03
1.632000000000000000e+03
1.738499999999999773e+03
1.775833333333333258e+03
1.596500000000000000e+03
1.671666666666666515e+03
1.674166666666666515e+03
1.641666666666666515e+03
1.476166666666666515e+03
1.614833333333333258e+03
1.730499999999999773e+03
1.738000000000000000e+03
1.540500000000000000e+03
1.630000000000000000e+03
1.729500000000000000e+03
1.717166666666666515e+03
1.550333333333333258e+03
1.680833333333333258e+03
1.805000000000000000e+03
1.815333333333333258e+03
1.615000000000000000e+03
1.721333333333333258e+03
1.781666666666666515e+03
1.769000000000000000e+03
1.599499999999999773e+03
1.684833333333333258e+03
1.748000000000000000e+03
1.688499999999999773e+03
1.536833333333333258e+03
1.640999999999999773e+03
1.714499999999999773e+03
1.667999999999999773e+03
1.481499999999999773e+03
1.588000000000000000e+03
1.686999999999999773e+03
1.701666666666666515e+03
1.563333333333333258e+03
1.660000000000000000e+03
1.704833333333333258e+03
1.704000000000000000e+03
1.525166666666666515e+03
1.636500000000000000e+03
1.714166666666666515e+03
1.709000000000000000e+03
1.615500000000000000e+03
1.740333333333333030e+03
1.829666666666666515e+03
1.746500000000000000e+03
1.529666666666666515e+03
1.618166666666666515e+03
1.712833333333333030e+03
1.703000000000000000e+03
1.511833333333333030e+03
1.590333333333333258e+03
1.635833333333333258e+03
1.633166666666666515e+03
1.471333333333333258e+03
1.610333333333333258e+03
1.694500000000000000e+03
1.696499999999999773e+03
1.515833333333333258e+03
1.667166666666666515e+03
1.789166666666666515e+03
1.812833333333333258e+03
1.596000000000000000e+03
1.662833333333333258e+03
1.699666666666666515e+03
1.683333333333333258e+03
1.497833333333333030e+03
1.634666666666666515e+03
1.713666666666666515e+03
1.713666666666666515e+03
1.506666666666666515e+03
1.611333333333333258e+03
1.648999999999999773e+03
1.616333333333333258e+03
1.457333333333333258e+03
1.628000000000000000e+03
1.740333333333333258e+03
1.687666666666666515e+03
1.440499999999999773e+03
1.559166666666666515e+03
1.690000000000000000e+03
1.707333333333333030e+03
1.519833333333333258e+03
1.593500000000000000e+03
1.672833333333333258e+03
1.647166666666666515e+03
1.478000000000000000e+03
1.612333333333333258e+03
1.765500000000000000e+03
1.820333333333333258e+03
1.611500000000000000e+03
1.620500000000000000e+03
1.663166666666666515e+03
1.695499999999999773e+03
1.551166666666666515e+03
1.603833333333333258e+03
1.653666666666666515e+03
1.676000000000000000e+03
1.556499999999999773e+03
1.673666666666666515e+03
1.723833333333333030e+03
1.697500000000000000e+03
1.517499999999999773e+03
1.630166666666666515e+03
1.712166666666666515e+03
1.722333333333333258e+03
1.566166666666666515e+03
1.639833333333333258e+03
1.683166666666666515e+03
1.656000000000000000e+03
1.514333333333333258e+03
1.607833333333333258e+03
1.666000000000000000e+03
1.670500000000000000e+03
1.536166666666666515e+03
1.651166666666666515e+03
1.725333333333333030e+03
1.689000000000000000e+03
1.496000000000000000e+03
1.539000000000000000e+03
1.636500000000000000e+03
1.713500000000000000e+03
1.567000000000000000e+03
1.633166666666666515e+03
1.683000000000000000e+03
1.719000000000000000e+03
1.550999999999999773e+03
1.622833333333333258e+03
1.655166666666666515e+03
1.649833333333333258e+03
1.495833333333333258e+03
1.616833333333333258e+03
1.687666666666666515e+03
1.678833333333333258e+03
1.489833333333333258e+03
1.638833333333333258e+03
1.720000000000000000e+03
1.692500000000000000e+03
1.499666666666666515e+03
1.598166666666666515e+03
1.704833333333333030e+03
1.741166666666666515e+03
1.578000000000000000e+03
1.681333333333333258e+03
1.702000000000000000e+03
1.676666666666666515e+03
1.520500000000000000e+03
1.655833333333333258e+03
1.722166666666666515e+03
1.731500000000000000e+03
1.548333333333333030e+03
1.627333333333333258e+03
1.663833333333333030e+03
1.666499999999999773e+03
1.540666666666666515e+03
1.663000000000000000e+03
1.716166666666666515e+03
1.687166666666666515e+03
1.516333333333333258e+03
1.621166666666666515e+03
1.686666666666666515e+03
1.604333333333333258e+03
1.393333333333333258e+03
1.523333333333333258e+03
1.722333333333333258e+03
1.788333333333333258e+03
1.588833333333333030e+03
1.608166666666666515e+03
1.650833333333333258e+03
1.676833333333333030e+03
1.525499999999999773e+03
1.632166666666666515e+03
1.708166666666666515e+03
1.744500000000000000e+03
1.577166666666666515e+03
1.662833333333333258e+03
1.702166666666666515e+03
1.712500000000000000e+03
1.548999999999999773e+03
1.611000000000000000e+03
1.606000000000000000e+03
1.607999999999999773e+03
1.480666666666666515e+03
1.640166666666666515e+03
1.670833333333333258e+03
1.668166666666666515e+03
1.495166666666666515e+03
1.619666666666666515e+03
1.655666666666666515e+03
1.610333333333333258e+03
1.433000000000000000e+03
1.535166666666666515e+03
1.631500000000000000e+03
1.615166666666666515e+03
1.445333333333333258e+03
1.549000000000000000e+03
1.650499999999999773e+03
1.683999999999999773e+03
1.531166666666666515e+03
1.645500000000000000e+03
1.691333333333333030e+03
1.694833333333333258e+03
1.530666666666666515e+03
1.625833333333333258e+03
1.664833333333333258e+03
1.646666666666666515e+03
1.467666666666666515e+03
1.555833333333333258e+03
1.642333333333333258e+03
1.702333333333333258e+03
1.586833333333333030e+03
1.684500000000000000e+03
1.717166666666666515e+03
1.695333333333333258e+03
1.485500000000000000e+03
1.563000000000000000e+03
1.617499999999999773e+03
1.645833333333333258e+03
1.509333333333333258e+03
1.632833333333333258e+03
1.650833333333333258e+03
1.629500000000000000e+03
1.441833333333333258e+03
1.552500000000000000e+03
1.608500000000000000e+03
1.597333333333333258e+03
1.443333333333333258e+03
1.600166666666666515e+03
1.698333333333333030e+03
1.716999999999999773e+03
1.497666666666666515e+03
1.561333333333333258e+03
1.646833333333333258e+03
1.724666666666666515e+03
1.588333333333333258e+03
1.658833333333333258e+03
1.649333333333333258e+03
1.660833333333333258e+03
1.516833333333333258e+03
1.608833333333333258e+03
1.639333333333333258e+03
1.628666666666666515e+03
1.518000000000000000e+03
1.659166666666666515e+03
1.742500000000000000e+03
1.742833333333333030e+03
1.545999999999999773e+03
1.609833333333333258e+03
1.642833333333333030e+03
1.612833333333333258e+03
1.466333333333333258e+03
1.563333333333333258e+03
1.657166666666666515e+03
1.649833333333333258e+03
1.536166666666666515e+03
1.653666666666666515e+03
1.742166666666666515e+03
1.737833333333333030e+03
1.615166666666666515e+03
1.684999999999999773e+03
1.681333333333333258e+03
1.607333333333333258e+03
1.467333333333333258e+03
1.609333333333333258e+03
1.673666666666666515e+03
1.666166666666666515e+03
1.450333333333333030e+03
1.500833333333333258e+03
1.511833333333333258e+03
1.512499999999999773e+03
1.400166666666666515e+03
1.492500000000000000e+03
1.581166666666666515e+03
1.593166666666666515e+03
1.468666666666666515e+03
1.536333333333333258e+03
1.593333333333333258e+03
1.600333333333333030e+03
1.465166666666666515e+03
1.537833333333333258e+03
1.625666666666666515e+03
1.644666666666666515e+03
1.538500000000000000e+03
1.582000000000000000e+03
1.648500000000000000e+03
1.682833333333333258e+03
1.582166666666666515e+03
1.636166666666666515e+03
1.634333333333333258e+03
1.619000000000000000e+03
1.514333333333333258e+03
1.625500000000000000e+03
1.660166666666666515e+03
1.611666666666666515e+03
1.457833333333333258e+03
1.584000000000000000e+03
1.701833333333333030e+03
1.693666666666666515e+03
1.520833333333333258e+03
1.596500000000000000e+03
1.655000000000000000e+03
1.661166666666666515e+03
1.452333333333333258e+03
1.507500000000000000e+03
1.559000000000000000e+03
1.622166666666666515e+03
1.515166666666666515e+03
1.555166666666666515e+03
1.587833333333333258e+03
1.581000000000000000e+03
1.476833333333333258e+03
1.561500000000000000e+03
1.616333333333333258e+03
1.664500000000000000e+03
1.546333333333333258e+03
1.652333333333333258e+03
1.658499999999999773e+03
1.637499999999999773e+03
1.456833333333333030e+03
1.512500000000000000e+03
1.592499999999999773e+03
1.692666666666666515e+03
1.608333333333333030e+03
1.660333333333333258e+03
1.599000000000000000e+03
1.585666666666666515e+03
1.485833333333333258e+03
1.602833333333333258e+03
1.637666666666666515e+03
1.604499999999999773e+03
1.460833333333333258e+03
1.554000000000000000e+03
1.610333333333333030e+03
1.635000000000000000e+03
1.515833333333333258e+03
1.578333333333333258e+03
1.608000000000000000e+03
1.574000000000000000e+03
1.419333333333333258e+03
1.490000000000000000e+03
1.546500000000000000e+03
1.574666666666666515e+03
1.449666666666666515e+03
1.519333333333333258e+03
1.556333333333333030e+03
1.572166666666666515e+03
1.462666666666666515e+03
1.595666666666666515e+03
1.624500000000000000e+03
1.592333333333333030e+03
1.417000000000000000e+03
1.497166666666666515e+03
1.558666666666666515e+03
1.578333333333333258e+03
1.486333333333333258e+03
1.584333333333333258e+03
1.587500000000000000e+03
1.576500000000000000e+03
1.463833333333333258e+03
1.588166666666666515e+03
1.638666666666666515e+03
1.674999999999999773e+03
1.587500000000000000e+03
1.642333333333333258e+03
1.631500000000000000e+03
1.585333333333333258e+03
1.454500000000000000e+03
1.518666666666666515e+03
1.547166666666666515e+03
1.575166666666666515e+03
1.495166666666666515e+03
1.600166666666666515e+03
1.615500000000000000e+03
1.592166666666666515e+03
1.481500000000000000e+03
1.602333333333333258e+03
1.677166666666666515e+03
1.705833333333333258e+03
1.531333333333333258e+03
1.582833333333333030e+03
1.586833333333333258e+03
1.625500000000000000e+03
1.500166666666666515e+03
1.550833333333333258e+03
1.525833333333333258e+03
1.536833333333333258e+03
1.477666666666666515e+03
1.602333333333333030e+03
1.623333333333333258e+03
1.587000000000000000e+03
1.450500000000000000e+03
1.512166666666666515e+03
1.536999999999999773e+03
1.593333333333333258e+03
1.544000000000000000e+03
1.621999999999999773e+03
1.617333333333333258e+03
1.602833333333333030e+03
1.512666666666666515e+03
1.600166666666666515e+03
1.650000000000000000e+03
1.630166666666666515e+03
1.531166666666666515e+03
1.549333333333333258e+03
1.618833333333333258e+03
1.691166666666666515e+03
1.615500000000000000e+03
1.660333333333333030e+03
1.625166666666666515e+03
1.637166666666666515e+03
1.524833333333333258e+03
1.583833333333333258e+03
1.594500000000000000e+03
1.594999999999999773e+03
1.493666666666666515e+03
1.562833333333333258e+03
1.618000000000000000e+03
1.640000000000000000e+03
1.518666666666666515e+03
1.555166666666666515e+03
1.565333333333333258e+03
1.568666666666666515e+03
1.443499999999999773e+03
1.507666666666666515e+03
1.561500000000000000e+03
1.609166666666666515e+03
1.515500000000000000e+03
1.596000000000000000e+03
1.625833333333333258e+03
1.646000000000000000e+03
1.507333333333333258e+03
1.535833333333333258e+03
1.539833333333333258e+03
1.579833333333333258e+03
1.484166666666666515e+03
1.514833333333333258e+03
1.475166666666666515e+03
1.490166666666666515e+03
1.419333333333333258e+03
1.517166666666666515e+03
1.582166666666666515e+03
1.621166666666666515e+03
1.546500000000000000e+03
1.586333333333333258e+03
1.567833333333333258e+03
1.568833333333333258e+03
1.446500000000000000e+03
1.526000000000000000e+03
1.572000000000000000e+03
1.609000000000000000e+03
1.494333333333333030e+03
1.533000000000000000e+03
1.546666666666666515e+03
1.570333333333333258e+03
1.511833333333333258e+03
1.633666666666666515e+03
1.665333333333333258e+03
1.615499999999999773e+03
1.470333333333333258e+03
1.574000000000000000e+03
1.648333333333333030e+03
1.713666666666666515e+03
1.574666666666666515e+03
1.571500000000000000e+03
1.528333333333333258e+03
1.547999999999999773e+03
1.483333333333333258e+03
1.546333333333333258e+03
1.566333333333333258e+03
1.629833333333333258e+03
1.542166666666666515e+03
1.586500000000000000e+03
1.544666666666666515e+03
1.543166666666666515e+03
1.439333333333333258e+03
1.499333333333333258e+03
1.502666666666666515e+03
1.522333333333333258e+03
1.445833333333333258e+03
1.566833333333333258e+03
1.633666666666666515e+03
1.672499999999999773e+03
1.562166666666666515e+03
1.567833333333333258e+03
1.548333333333333258e+03
1.562166666666666515e+03
1.505500000000000000e+03
1.579666666666666515e+03
1.579666666666666515e+03
1.583500000000000000e+03
1.486500000000000000e+03
1.565333333333333258e+03
1.584166666666666515e+03
1.641166666666666515e+03
1.569333333333333258e+03
1.637166666666666515e+03
1.624999999999999773e+03
1.661166666666666515e+03
1.555500000000000000e+03
1.616499999999999773e+03
1.571500000000000000e+03
1.567166666666666515e+03
1.416833333333333258e+03
1.489000000000000000e+03
1.531000000000000000e+03
1.611833333333333258e+03
1.526999999999999773e+03
1.614833333333333030e+03
1.626166666666666515e+03
1.621500000000000000e+03
1.506500000000000000e+03
1.568666666666666515e+03
1.599000000000000000e+03
1.613333333333333258e+03
1.516666666666666515e+03
1.595833333333333258e+03
1.584833333333333258e+03
1.586833333333333030e+03
1.443666666666666515e+03
1.548333333333333258e+03
1.608166666666666515e+03
1.717166666666666515e+03
1.649000000000000000e+03
1.683500000000000000e+03
1.631166666666666515e+03
1.590833333333333030e+03
1.459500000000000000e+03
1.514666666666666515e+03
1.538666666666666515e+03
1.582833333333333258e+03
1.491500000000000000e+03
1.516666666666666515e+03
1.517500000000000000e+03
1.559166666666666515e+03
1.494333333333333258e+03
1.537000000000000000e+03
1.482000000000000000e+03
1.494000000000000000e+03
1.445500000000000000e+03
1.543000000000000000e+03
1.552500000000000000e+03
1.601499999999999773e+03
1.542000000000000000e+03
1.649666666666666515e+03
1.655333333333333258e+03
1.696999999999999773e+03
1.595333333333333258e+03
1.603333333333333258e+03
1.581500000000000000e+03
1.594000000000000000e+03
1.533666666666666515e+03
1.573333333333333258e+03
1.552166666666666515e+03
1.585166666666666515e+03
1.561166666666666515e+03
1.671166666666666515e+03
1.650833333333333258e+03
1.632666666666666515e+03
1.535000000000000000e+03
1.617166666666666515e+03
1.621333333333333030e+03
1.570666666666666515e+03
1.439833333333333258e+03
1.483166666666666515e+03
1.526999999999999773e+03
1.549333333333333258e+03
1.464500000000000000e+03
1.493500000000000000e+03
1.475833333333333258e+03
1.485333333333333030e+03
1.414166666666666515e+03
1.483500000000000000e+03
1.509333333333333258e+03
1.560666666666666515e+03
1.480500000000000000e+03
1.539666666666666515e+03
1.571333333333333030e+03
1.636166666666666515e+03
1.544166666666666515e+03
1.560833333333333030e+03
1.552500000000000000e+03
1.593500000000000000e+03
1.538499999999999773e+03
1.589166666666666515e+03
1.579166666666666515e+03
1.598833333333333258e+03
1.550833333333333030e+03
1.639999999999999773e+03
1.619166666666666515e+03
1.587166666666666515e+03
1.460666666666666515e+03
1.525166666666666515e+03
1.595333333333333258e+03
1.697666666666666515e+03
1.648500000000000000e+03
1.665833333333333030e+03
1.579499999999999773e+03
1.588333333333333258e+03
1.493833333333333030e+03
1.543833333333333030e+03
1.523000000000000000e+03
1.575166666666666515e+03
1.536666666666666515e+03
1.608666666666666515e+03
1.593666666666666515e+03
1.613333333333333258e+03
1.479166666666666515e+03
1.481333333333333258e+03
1.479333333333333258e+03
1.582500000000000000e+03
1.579333333333333258e+03
1.637833333333333258e+03
1.599000000000000000e+03
1.644166666666666515e+03
1.564833333333333030e+03
1.621999999999999773e+03
1.556000000000000000e+03
1.582666666666666515e+03
1.484500000000000000e+03
1.552166666666666515e+03
1.521166666666666515e+03
1.596000000000000000e+03
1.558500000000000000e+03
1.637333333333333030e+03
1.596833333333333258e+03
1.587499999999999773e+03
1.490000000000000000e+03
1.572500000000000000e+03
1.588499999999999773e+03
1.657666666666666515e+03
1.552999999999999773e+03
1.589333333333333030e+03
1.595000000000000000e+03
1.711999999999999773e+03
1.677166666666666515e+03
1.708333333333333030e+03
1.628500000000000000e+03
1.625666666666666515e+03
1.520000000000000000e+03
1.521666666666666515e+03
1.478500000000000000e+03
1.475666666666666515e+03
1.471833333333333258e+03
1.565833333333333030e+03
1.586499999999999773e+03
1.584999999999999773e+03
1.462666666666666515e+03
1.492000000000000000e+03
1.481500000000000000e+03
1.563333333333333258e+03
1.517333333333333030e+03
1.596833333333333030e+03
1.552833333333333258e+03
1.554333333333333030e+03
1.467000000000000000e+03
1.559666666666666515e+03
1.612666666666666515e+03
1.609666666666666515e+03
1.503833333333333258e+03
1.532333333333333258e+03
1.589000000000000000e+03
1.604333333333333258e+03
1.510166666666666515e+03
1.536833333333333258e+03
1.550333333333333258e+03
1.604166666666666515e+03
1.493166666666666515e+03
1.541333333333333030e+03
1.553166666666666515e+03
1.604166666666666515e+03
1.559500000000000000e+03
1.584000000000000000e+03
1.595333333333333030e+03
1.615666666666666515e+03
1.520333333333333258e+03
1.505333333333333030e+03
1.470166666666666515e+03
1.513000000000000000e+03
1.476333333333333258e+03
1.488333333333333258e+03
1.495500000000000000e+03
1.560000000000000000e+03
1.519166666666666515e+03
1.593000000000000000e+03
1.609166666666666515e+03
1.665333333333333258e+03
1.543833333333333030e+03
1.518500000000000000e+03
1.463500000000000000e+03
1.475666666666666515e+03
1.388333333333333258e+03
1.478500000000000000e+03
1.572166666666666515e+03
1.625166666666666515e+03
1.484500000000000000e+03
1.409166666666666515e+03
1.402833333333333258e+03
1.490666666666666515e+03
1.475166666666666515e+03
1.520500000000000000e+03
1.500666666666666515e+03
1.554666666666666515e+03
1.547000000000000000e+03
1.615666666666666515e+03
1.590333333333333258e+03
1.611666666666666515e+03
1.550166666666666515e+03
1.609500000000000000e+03
1.573666666666666515e+03
1.566333333333333258e+03
1.483666666666666515e+03
1.533500000000000000e+03
1.585666666666666515e+03
1.585666666666666515e+03
1.487333333333333258e+03
1.489833333333333258e+03
1.522500000000000000e+03
1.589833333333333030e+03
1.528000000000000000e+03
1.576500000000000000e+03
1.580666666666666515e+03
1.662666666666666515e+03
1.584833333333333258e+03
1.596666666666666515e+03
1.547000000000000000e+03
1.545999999999999773e+03
1.490333333333333258e+03
1.557500000000000000e+03
1.571999999999999773e+03
1.578666666666666515e+03
1.460166666666666515e+03
1.499333333333333258e+03
1.491500000000000000e+03
1.527833333333333258e+03
1.438000000000000000e+03
1.495333333333333258e+03
1.509666666666666515e+03
1.584500000000000000e+03
1.526500000000000000e+03
1.557666666666666515e+03
1.529833333333333030e+03
1.561499999999999773e+03
1.508666666666666515e+03
1.603833333333333030e+03
1.624833333333333258e+03
1.668666666666666515e+03
1.574166666666666515e+03
1.585833333333333258e+03
1.568500000000000000e+03
1.581999999999999773e+03
1.531166666666666515e+03
1.560000000000000000e+03
1.542166666666666515e+03
1.538833333333333258e+03
1.455833333333333258e+03
1.551000000000000000e+03
1.557666666666666515e+03
1.601666666666666515e+03
1.500333333333333258e+03
1.572833333333333258e+03
1.559333333333333258e+03
1.570500000000000000e+03
1.470833333333333258e+03
1.543500000000000000e+03
1.550166666666666515e+03
1.566833333333333258e+03
1.463500000000000000e+03
1.537000000000000000e+03
1.567166666666666515e+03
1.639500000000000000e+03
1.542166666666666515e+03
1.598833333333333258e+03
1.561666666666666515e+03
1.528333333333333258e+03
1.389166666666666515e+03
1.449333333333333258e+03
1.498666666666666515e+03
1.501333333333333258e+03
1.414666666666666515e+03
1.492333333333333258e+03
1.571166666666666515e+03
1.623666666666666515e+03
1.565499999999999773e+03
1.625166666666666515e+03
1.621999999999999773e+03
1.614166666666666515e+03
1.481166666666666515e+03
1.481166666666666515e+03
1.472499999999999773e+03
1.510166666666666515e+03
1.438666666666666515e+03
1.493166666666666515e+03
1.510499999999999773e+03
1.552999999999999773e+03
1.484833333333333258e+03
1.543000000000000000e+03
1.595333333333333030e+03
1.609333333333333030e+03
1.497833333333333258e+03
1.493333333333333258e+03
1.494166666666666515e+03
1.550833333333333030e+03
1.479833333333333258e+03
1.546833333333333258e+03
1.537666666666666515e+03
1.577000000000000000e+03
1.503833333333333258e+03
1.571166666666666515e+03
1.560166666666666515e+03
1.577000000000000000e+03
1.496000000000000000e+03
1.599666666666666515e+03
1.601333333333333258e+03
1.601166666666666515e+03
1.481000000000000000e+03
1.562666666666666515e+03
1.566666666666666515e+03
1.589833333333333030e+03
1.465666666666666515e+03
1.528833333333333258e+03
1.534999999999999773e+03
1.580999999999999773e+03
1.492166666666666515e+03
1.557500000000000000e+03
1.553666666666666515e+03
1.597999999999999773e+03
1.510833333333333258e+03
1.565166666666666515e+03
1.562500000000000000e+03
1.588333333333333258e+03
1.531833333333333258e+03
1.598833333333333030e+03
1.576833333333333258e+03
1.600333333333333258e+03
1.546999999999999773e+03
1.617499999999999773e+03
1.569499999999999773e+03
1.527833333333333030e+03
1.430333333333333258e+03
1.513000000000000000e+03
1.523166666666666515e+03
1.515666666666666515e+03
1.418833333333333258e+03
1.509833333333333258e+03
1.564333333333333258e+03
1.613833333333333030e+03
1.530833333333333258e+03
1.617500000000000000e+03
1.632833333333333258e+03
1.641666666666666515e+03
1.529333333333333030e+03
1.574666666666666515e+03
1.562166666666666515e+03
1.585333333333333258e+03
1.476666666666666515e+03
1.535833333333333258e+03
1.544833333333333258e+03
1.545499999999999773e+03
1.430166666666666515e+03
1.402666666666666515e+03
1.434833333333333258e+03
1.538500000000000000e+03
1.494833333333333030e+03
1.536833333333333258e+03
1.487000000000000000e+03
1.495500000000000000e+03
1.388500000000000000e+03
1.455833333333333258e+03
1.507833333333333258e+03
1.547166666666666515e+03
1.418666666666666515e+03
1.436666666666666515e+03
1.433500000000000000e+03
1.476000000000000000e+03
1.420000000000000000e+03
1.525333333333333258e+03
1.564166666666666515e+03
1.589833333333333258e+03
1.465500000000000000e+03
1.477833333333333258e+03
1.486833333333333258e+03
1.532166666666666515e+03
1.498833333333333258e+03
1.566666666666666515e+03
1.577499999999999773e+03
1.584333333333333258e+03
1.466499999999999773e+03
1.502333333333333258e+03
1.501833333333333258e+03
1.525166666666666515e+03
1.436000000000000000e+03
1.463333333333333258e+03
1.461666666666666515e+03
1.476166666666666515e+03
1.434000000000000000e+03
1.514833333333333258e+03
1.576833333333333258e+03
1.644000000000000000e+03
1.588499999999999773e+03
1.568666666666666515e+03
1.481333333333333258e+03
1.444500000000000000e+03
1.383500000000000000e+03
1.488166666666666515e+03
1.568833333333333030e+03
1.614999999999999773e+03
1.536500000000000000e+03
1.578166666666666515e+03
1.595333333333333258e+03
1.588166666666666515e+03
1.450166666666666515e+03
1.459166666666666515e+03
1.516000000000000000e+03
1.556833333333333030e+03
1.519333333333333258e+03
1.560000000000000000e+03
1.589666666666666515e+03
1.559833333333333030e+03
1.432500000000000000e+03
1.485833333333333258e+03
1.553833333333333258e+03
1.605666666666666515e+03
1.533000000000000000e+03
1.568666666666666515e+03
1.532500000000000000e+03
1.484500000000000000e+03
1.392333333333333258e+03
1.504166666666666515e+03
1.524499999999999773e+03
1.518666666666666515e+03
1.389666666666666515e+03
1.456666666666666515e+03
1.463500000000000000e+03
1.472666666666666515e+03
1.365833333333333258e+03
1.429333333333333258e+03
1.459833333333333258e+03
1.518333333333333258e+03
1.462666666666666515e+03
1.568833333333333258e+03
1.591000000000000000e+03
1.613500000000000000e+03
1.460666666666666515e+03
1.472333333333333258e+03
1.448833333333333258e+03
1.516500000000000000e+03
1.474000000000000000e+03
1.567500000000000000e+03
1.543666666666666515e+03
1.522500000000000000e+03
1.374333333333333258e+03
1.422166666666666515e+03
1.472000000000000000e+03
1.519333333333333030e+03
1.465166666666666515e+03
1.525000000000000000e+03
1.561500000000000000e+03
1.552000000000000000e+03
1.440666666666666515e+03
1.462166666666666515e+03
1.443833333333333258e+03
1.456500000000000000e+03
1.402166666666666515e+03
1.526833333333333258e+03
1.606166666666666515e+03
1.639333333333333258e+03
1.521833333333333258e+03
1.514333333333333258e+03
1.503500000000000000e+03
1.525999999999999773e+03
1.483500000000000000e+03
1.574000000000000000e+03
1.607833333333333030e+03
1.545166666666666515e+03
1.401333333333333258e+03
1.445000000000000000e+03
1.521499999999999773e+03
1.559166666666666515e+03
1.480166666666666515e+03
1.472333333333333258e+03
1.468000000000000000e+03
1.502166666666666515e+03
1.464833333333333258e+03
1.521000000000000000e+03
1.526500000000000000e+03
1.595333333333333258e+03
1.596000000000000000e+03
1.613333333333333258e+03
1.546500000000000000e+03
1.500333333333333258e+03
1.411666666666666515e+03
1.469166666666666515e+03
1.442333333333333258e+03
1.469166666666666515e+03
1.386333333333333258e+03
1.478000000000000000e+03
1.509666666666666515e+03
1.542166666666666515e+03
1.439500000000000000e+03
1.468000000000000000e+03
1.448666666666666515e+03
1.436166666666666515e+03
1.358833333333333258e+03
1.475500000000000000e+03
1.562000000000000000e+03
1.612833333333333030e+03
1.523999999999999773e+03
1.554333333333333258e+03
1.553166666666666515e+03
1.533333333333333258e+03
1.460833333333333258e+03
1.520500000000000000e+03
1.535000000000000000e+03
1.498166666666666515e+03
1.383166666666666515e+03
1.432000000000000000e+03
1.471333333333333258e+03
1.493666666666666515e+03
1.458333333333333258e+03
1.543833333333333258e+03
1.567333333333333258e+03
1.548666666666666515e+03
1.416833333333333258e+03
1.474333333333333258e+03
1.516833333333333258e+03
1.553333333333333258e+03
1.480833333333333258e+03
1.494666666666666515e+03
1.543000000000000000e+03
1.562666666666666515e+03
1.470333333333333258e+03
1.433000000000000000e+03
1.375500000000000000e+03
1.381500000000000000e+03
1.372333333333333258e+03
1.513833333333333258e+03
1.587166666666666515e+03
1.592166666666666515e+03
1.455166666666666515e+03
1.471833333333333258e+03
1.545166666666666515e+03
1.660500000000000000e+03
1.624499999999999773e+03
1.657166666666666515e+03
1.585999999999999773e+03
1.593166666666666515e+03
1.486166666666666515e+03
1.546333333333333258e+03
1.549333333333333258e+03
1.567500000000000000e+03
1.478666666666666515e+03
1.528000000000000000e+03
1.524500000000000000e+03
1.558333333333333258e+03
1.442333333333333258e+03
1.480166666666666515e+03
1.498333333333333030e+03
1.570000000000000000e+03
1.509999999999999773e+03
1.522333333333333258e+03
1.511166666666666515e+03
1.502833333333333258e+03
1.452333333333333258e+03
1.530666666666666515e+03
1.576666666666666515e+03
1.570499999999999773e+03
1.452500000000000000e+03
1.484666666666666515e+03
1.513166666666666515e+03
1.542833333333333258e+03
1.484333333333333258e+03
1.542666666666666515e+03
1.602666666666666515e+03
1.653166666666666515e+03
1.546666666666666515e+03
1.569166666666666515e+03
1.559333333333333258e+03
1.584333333333333030e+03
1.486000000000000000e+03
1.551500000000000000e+03
1.591666666666666515e+03
1.595833333333333030e+03
1.478833333333333258e+03
1.536666666666666515e+03
1.549666666666666515e+03
1.533333333333333258e+03
1.449000000000000000e+03
1.500666666666666515e+03
1.529333333333333030e+03
1.503666666666666515e+03
1.440000000000000000e+03
1.526166666666666515e+03
1.565333333333333258e+03
1.573666666666666515e+03
1.491500000000000000e+03
1.523666666666666515e+03
1.538333333333333030e+03
1.490833333333333030e+03
1.401500000000000000e+03
1.427166666666666515e+03
1.500500000000000000e+03
1.549000000000000000e+03
1.498000000000000000e+03
1.514500000000000000e+03
1.498500000000000000e+03
1.494166666666666515e+03
1.432833333333333258e+03
1.533000000000000000e+03
1.584333333333333258e+03
1.592166666666666515e+03
1.498166666666666515e+03
1.520500000000000000e+03
1.519333333333333258e+03
1.472000000000000000e+03
1.377166666666666515e+03
1.456333333333333258e+03
1.518166666666666515e+03
1.546166666666666515e+03
1.467000000000000000e+03
1.519000000000000000e+03
1.518999999999999773e+03
1.502999999999999773e+03
1.414666666666666515e+03
1.480166666666666515e+03
1.508500000000000000e+03
1.531333333333333258e+03
1.434833333333333258e+03
1.473166666666666515e+03
1.497500000000000000e+03
1.537166666666666515e+03
1.492166666666666515e+03
1.584833333333333258e+03
1.595500000000000000e+03
1.566333333333333258e+03
1.417833333333333258e+03
1.468500000000000000e+03
1.520666666666666515e+03
1.516833333333333258e+03
1.439333333333333258e+03
1.478000000000000000e+03
1.488500000000000000e+03
1.462666666666666515e+03
1.364166666666666515e+03
1.449333333333333258e+03
1.503666666666666515e+03
1.547833333333333258e+03
1.442166666666666515e+03
1.498833333333333258e+03
1.492666666666666515e+03
1.541833333333333030e+03
1.472000000000000000e+03
1.536666666666666515e+03
1.530833333333333258e+03
1.520999999999999773e+03
1.436833333333333258e+03
1.490333333333333258e+03
1.460500000000000000e+03
1.483333333333333258e+03
1.404500000000000000e+03
1.491333333333333258e+03
1.547000000000000000e+03
1.588333333333333258e+03
1.520166666666666515e+03
1.525666666666666515e+03
1.505666666666666515e+03
1.577500000000000000e+03
1.515333333333333258e+03
1.576166666666666515e+03
1.567999999999999773e+03
1.595500000000000000e+03
1.534833333333333258e+03
1.573666666666666515e+03
1.577666666666666515e+03
1.545666666666666515e+03
1.439833333333333258e+03
1.478000000000000000e+03
1.543166666666666515e+03
1.562500000000000000e+03
1.491500000000000000e+03
1.541000000000000000e+03
1.547166666666666515e+03
1.532833333333333258e+03
1.446000000000000000e+03
1.517833333333333258e+03
1.549333333333333258e+03
1.557500000000000000e+03
1.481666666666666515e+03
1.556333333333333258e+03
1.580333333333333258e+03
1.593333333333333258e+03
1.470500000000000000e+03
1.508166666666666515e+03
1.494500000000000000e+03
1.492666666666666515e+03
1.424666666666666515e+03
1.503333333333333258e+03
1.560000000000000000e+03
1.573500000000000000e+03
1.505333333333333258e+03
1.558166666666666515e+03
1.573666666666666515e+03
1.564833333333333258e+03
1.504333333333333258e+03
1.568833333333333258e+03
1.616333333333333258e+03
1.584666666666666515e+03
1.484666666666666515e+03
1.507666666666666515e+03
1.537666666666666515e+03
1.571000000000000000e+03
1.474500000000000000e+03
1.541000000000000000e+03
1.517166666666666515e+03
1.497833333333333258e+03
1.424666666666666515e+03
1.535333333333333258e+03
1.604666666666666515e+03
1.588333333333333030e+03
1.474000000000000000e+03
1.504166666666666515e+03
1.515666666666666515e+03
1.505999999999999773e+03
1.418666666666666515e+03
1.472166666666666515e+03
1.503666666666666515e+03
1.557833333333333258e+03
1.527833333333333258e+03
1.599333333333333258e+03
1.588500000000000000e+03
1.565833333333333258e+03
1.510333333333333258e+03
1.573666666666666515e+03
1.603333333333333030e+03
1.601833333333333258e+03
1.531000000000000000e+03
1.594333333333333258e+03
1.592666666666666515e+03
1.595999999999999773e+03
1.484333333333333258e+03
1.533500000000000000e+03
1.539499999999999773e+03
1.541166666666666515e+03
1.425000000000000000e+03
1.467000000000000000e+03
1.474500000000000000e+03
1.489166666666666515e+03
1.433333333333333258e+03
1.519500000000000000e+03
1.538999999999999773e+03
1.535166666666666515e+03
1.453666666666666515e+03
1.573166666666666515e+03
1.600666666666666515e+03
1.607833333333333258e+03
1.468166666666666515e+03
1.488500000000000000e+03
1.487166666666666515e+03
1.505333333333333258e+03
1.465000000000000000e+03
1.511500000000000000e+03
1.519499999999999773e+03
1.503000000000000000e+03
1.424000000000000000e+03
1.472500000000000000e+03
1.510500000000000000e+03
1.541000000000000000e+03
1.470833333333333258e+03
1.536000000000000000e+03
1.600166666666666515e+03
1.613000000000000000e+03
1.498499999999999773e+03
1.493500000000000000e+03
1.510666666666666515e+03
1.531666666666666515e+03
1.488833333333333258e+03
1.587666666666666515e+03
1.603333333333333258e+03
1.582333333333333258e+03
1.433500000000000000e+03
1.479333333333333258e+03
1.489333333333333258e+03
1.509499999999999773e+03
1.420500000000000000e+03
1.496666666666666515e+03
1.586333333333333258e+03
1.615833333333333258e+03
1.510333333333333258e+03
1.520833333333333258e+03
1.521500000000000000e+03
1.498500000000000000e+03
1.399333333333333258e+03
1.478666666666666515e+03
1.523666666666666515e+03
1.553166666666666515e+03
1.453333333333333258e+03
1.525000000000000000e+03
1.555833333333333030e+03
1.587333333333333258e+03
1.509833333333333030e+03
1.534666666666666515e+03
1.561833333333333030e+03
1.612833333333333030e+03
1.528500000000000000e+03
1.545000000000000000e+03
1.505833333333333258e+03
1.532499999999999773e+03
1.473000000000000000e+03
1.542500000000000000e+03
1.571499999999999773e+03
1.600666666666666515e+03
1.522666666666666515e+03
1.557833333333333258e+03
1.556166666666666515e+03
1.532666666666666515e+03
1.448166666666666515e+03
1.556000000000000000e+03
1.612000000000000000e+03
1.644333333333333258e+03
1.559666666666666515e+03
1.606333333333333030e+03
1.649000000000000000e+03
1.635499999999999773e+03
1.523166666666666515e+03
1.529499999999999773e+03
1.549166666666666515e+03
1.599666666666666515e+03
1.540333333333333258e+03
1.573000000000000000e+03
1.571999999999999773e+03
1.615500000000000000e+03
1.525833333333333258e+03
1.560333333333333258e+03
1.550833333333333258e+03
1.570333333333333258e+03
1.526666666666666515e+03
1.556833333333333258e+03
1.599666666666666515e+03
1.628833333333333258e+03
1.590833333333333030e+03
1.651833333333333258e+03
1.666166666666666515e+03
1.652500000000000000e+03
1.535166666666666515e+03
1.577333333333333258e+03
1.575333333333333258e+03
1.583000000000000000e+03
1.519333333333333258e+03
1.596333333333333258e+03
1.614333333333333030e+03
1.601666666666666515e+03
1.488000000000000000e+03
1.532666666666666515e+03
1.528666666666666515e+03
1.577666666666666515e+03
1.526500000000000000e+03
1.639666666666666515e+03
1.635833333333333258e+03
1.609499999999999773e+03
1.500000000000000000e+03
1.587166666666666515e+03
1.653833333333333258e+03
1.705833333333333030e+03
1.669166666666666515e+03
1.711166666666666515e+03
1.669833333333333258e+03
1.609166666666666515e+03
1.500166666666666515e+03
1.563833333333333258e+03
1.611833333333333258e+03
1.632833333333333258e+03
1.566333333333333258e+03
1.624333333333333258e+03
1.692500000000000000e+03
1.752833333333333258e+03
1.640166666666666515e+03
1.621333333333333258e+03
1.596333333333333258e+03
1.649166666666666515e+03
1.619833333333333258e+03
1.684333333333333258e+03
1.661166666666666515e+03
1.663333333333333030e+03
1.542666666666666515e+03
1.543666666666666515e+03
1.542333333333333030e+03
1.602666666666666515e+03
1.606500000000000000e+03
1.736666666666666515e+03
1.747166666666666515e+03
1.754833333333333258e+03
1.624833333333333258e+03
1.675500000000000000e+03
1.700833333333333030e+03
1.727166666666666515e+03
1.710000000000000000e+03
1.805000000000000000e+03
1.817499999999999773e+03
1.809833333333333258e+03
1.701499999999999773e+03
1.730833333333333030e+03
1.695166666666666515e+03
1.685000000000000000e+03
1.634666666666666515e+03
1.770333333333333258e+03
1.829666666666666515e+03
1.881000000000000000e+03
1.744999999999999773e+03
1.727333333333333258e+03
1.682666666666666515e+03
1.679666666666666515e+03
1.643500000000000000e+03
1.711166666666666515e+03
1.716666666666666515e+03
1.749666666666666515e+03
1.677666666666666515e+03
1.774000000000000000e+03
1.794000000000000000e+03
1.874833333333333258e+03
1.822999999999999773e+03
1.851500000000000000e+03
1.793000000000000000e+03
1.775333333333333030e+03
1.685166666666666515e+03
1.754499999999999773e+03
1.805000000000000000e+03
1.877666666666666515e+03
1.786333333333333258e+03
1.779999999999999773e+03
1.778833333333333258e+03
1.825666666666666515e+03
1.788166666666666515e+03
1.852833333333333030e+03
1.848666666666666515e+03
1.867166666666666515e+03
1.787333333333333258e+03
1.828499999999999773e+03
1.837333333333333030e+03
1.844166666666666515e+03
1.829166666666666515e+03
1.869333333333333258e+03
1.882333333333333030e+03
1.862333333333333258e+03
1.791666666666666515e+03
1.839500000000000000e+03
1.824166666666666515e+03
1.854500000000000000e+03
1.798166666666666515e+03
1.893999999999999773e+03
1.898166666666666515e+03
1.894833333333333258e+03
1.812000000000000000e+03
1.918333333333333258e+03
1.932833333333333258e+03
1.948333333333333258e+03
1.819000000000000000e+03
1.899333333333333030e+03
1.944333333333333258e+03
1.986999999999999773e+03
1.952333333333333258e+03
2.048166666666666515e+03
2.072166666666666515e+03
2.025499999999999773e+03
1.902666666666666515e+03
1.930166666666666515e+03
1.946166666666666515e+03
1.964833333333333030e+03
1.888000000000000000e+03
1.927666666666666515e+03
1.934833333333333258e+03
2.002833333333333258e+03
1.979000000000000000e+03
2.013833333333333030e+03
1.980500000000000000e+03
1.990166666666666515e+03
1.917666666666666515e+03
1.966833333333333258e+03
1.970666666666666515e+03
2.014166666666666515e+03
1.967666666666666515e+03
2.036000000000000000e+03
2.064333333333333030e+03
2.122333333333333030e+03
2.085833333333333030e+03
2.140333333333333030e+03
2.118333333333333030e+03
2.101333333333333030e+03
2.019500000000000000e+03
2.081833333333333030e+03
2.090000000000000000e+03
2.108166666666666515e+03
2.019333333333333258e+03
2.084166666666666515e+03
2.127833333333333030e+03
2.195666666666666515e+03
2.127000000000000000e+03
2.154333333333333030e+03
2.173833333333333030e+03
2.236166666666666515e+03
2.210333333333333030e+03
2.235166666666666515e+03
2.225500000000000000e+03
2.234833333333333030e+03
2.139833333333333030e+03
2.171500000000000000e+03
2.169666666666666515e+03
2.184166666666666515e+03
2.099666666666666515e+03
2.141333333333333030e+03
2.182166666666666515e+03
2.214333333333333030e+03
2.133333333333333030e+03
2.209833333333333030e+03
2.268500000000000000e+03
2.324166666666666515e+03
2.247500000000000000e+03
2.265500000000000000e+03
2.270500000000000000e+03
2.277833333333333030e+03
2.214000000000000000e+03
2.274166666666666515e+03
2.301166666666666515e+03
2.367166666666666515e+03
2.294666666666666515e+03
2.348166666666666515e+03
2.328500000000000000e+03
2.350000000000000000e+03
2.243666666666666515e+03
2.259000000000000000e+03
2.227833333333333030e+03
2.252166666666666515e+03
2.193333333333333030e+03
2.299333333333333030e+03
2.318166666666666515e+03
2.368333333333333030e+03
2.289666666666666515e+03
2.359666666666666515e+03
2.386333333333333030e+03
2.410666666666666515e+03
2.370333333333333030e+03
2.391000000000000000e+03
2.365500000000000000e+03
2.301500000000000000e+03
2.217333333333333030e+03
2.294500000000000000e+03
2.377500000000000000e+03
2.428666666666666515e+03
2.352333333333333030e+03
2.373833333333333030e+03
2.367833333333333030e+03
2.391333333333333030e+03
2.329500000000000000e+03
2.366500000000000000e+03
2.359166666666666515e+03
2.350833333333333030e+03
2.265000000000000000e+03
2.314333333333333030e+03
2.325166666666666515e+03
2.351333333333333030e+03
2.281166666666666515e+03
2.336833333333333030e+03
2.340666666666666515e+03
2.355833333333333030e+03
2.282500000000000000e+03
2.368500000000000000e+03
2.426500000000000000e+03
2.481000000000000000e+03
2.410500000000000000e+03
2.441333333333333030e+03
2.440666666666666515e+03
2.448500000000000000e+03
2.370500000000000000e+03
2.424000000000000000e+03
2.484666666666666515e+03
2.531833333333333030e+03
2.415333333333333030e+03
2.378833333333333030e+03
2.351500000000000000e+03
2.441666666666666515e+03
2.457166666666666515e+03
2.528833333333333030e+03
2.502500000000000000e+03
2.490333333333333030e+03
2.388166666666666515e+03
2.405000000000000000e+03
2.416333333333333030e+03
2.488666666666666515e+03
2.435500000000000000e+03
2.426000000000000000e+03
2.387166666666666515e+03
2.408666666666666515e+03
2.351500000000000000e+03
2.394000000000000000e+03
2.407333333333333030e+03
2.426333333333333030e+03
2.364166666666666515e+03
2.434166666666666515e+03
2.447833333333333030e+03
2.428166666666666515e+03
2.302333333333333030e+03
2.384500000000000000e+03
2.476000000000000000e+03
2.582333333333333030e+03
2.485666666666666515e+03
2.495000000000000000e+03
2.469000000000000000e+03
2.519833333333333030e+03
2.462833333333333030e+03
2.502166666666666515e+03
2.502000000000000000e+03
2.489833333333333030e+03
2.392666666666666515e+03
2.407000000000000000e+03
2.452833333333333030e+03
2.500666666666666515e+03
2.415333333333333030e+03
2.448833333333333030e+03
2.454833333333333030e+03
2.519166666666666515e+03
2.438333333333333030e+03
2.449833333333333030e+03
2.432500000000000000e+03
2.479000000000000000e+03
2.445833333333333030e+03
2.483333333333333030e+03
2.483333333333333030e+03
2.490000000000000000e+03
2.445166666666666515e+03
2.501000000000000000e+03
2.552333333333333030e+03
2.595166666666666515e+03
2.496666666666666515e+03
2.509833333333333030e+03
2.493500000000000000e+03
2.530500000000000000e+03
2.493666666666666515e+03
2.553166666666666515e+03
2.584666666666666515e+03
2.588666666666666515e+03
2.500000000000000000e+03
2.508333333333333030e+03
2.526833333333333030e+03
2.557333333333333030e+03
2.533500000000000000e+03
2.598500000000000000e+03
2.634833333333333030e+03
2.585500000000000000e+03
2.423000000000000000e+03
2.439000000000000000e+03
2.515833333333333030e+03
2.596333333333333030e+03
2.539833333333333030e+03
2.522333333333333030e+03
2.466166666666666515e+03
2.416166666666666515e+03
2.306000000000000000e+03
2.354166666666666515e+03
2.380833333333333030e+03
2.449333333333333030e+03
2.403833333333333030e+03
2.441000000000000000e+03
2.409000000000000000e+03
2.403833333333333030e+03
2.302333333333333030e+03
2.310833333333333030e+03
2.263666666666666515e+03
2.253000000000000000e+03
2.206000000000000000e+03
2.325833333333333030e+03
2.415666666666666515e+03
2.463500000000000000e+03
2.385333333333333030e+03
2.404833333333333030e+03
2.378000000000000000e+03
2.336666666666666515e+03
2.241333333333333030e+03
2.296833333333333030e+03
2.335166666666666515e+03
2.332500000000000000e+03
2.211500000000000000e+03
2.199000000000000000e+03
2.190166666666666515e+03
2.174500000000000000e+03
2.082666666666666515e+03
2.136666666666666515e+03
2.193000000000000000e+03
2.242833333333333030e+03
2.153500000000000000e+03
2.212333333333333030e+03
2.215000000000000000e+03
2.193166666666666515e+03
2.106833333333333030e+03
2.188333333333333030e+03
2.265500000000000000e+03
2.275500000000000000e+03
2.191666666666666515e+03
2.206666666666666515e+03
2.210333333333333030e+03
2.170500000000000000e+03
2.127500000000000000e+03
2.161000000000000000e+03
2.186500000000000000e+03
2.154166666666666515e+03
2.060666666666666515e+03
2.087166666666666515e+03
2.089666666666666515e+03
2.116500000000000000e+03
2.061833333333333030e+03
2.090666666666666515e+03
2.089500000000000000e+03
2.127166666666666515e+03
2.072333333333333030e+03
2.113333333333333030e+03
2.047999999999999773e+03
2.023166666666666515e+03
1.949333333333333030e+03
2.034000000000000000e+03
2.084000000000000000e+03
2.119833333333333030e+03
2.038500000000000000e+03
2.076833333333333030e+03
2.037333333333333258e+03
2.016999999999999773e+03
1.922166666666666515e+03
1.961999999999999773e+03
1.960999999999999773e+03
1.930333333333333030e+03
1.847166666666666515e+03
1.900666666666666515e+03
1.941333333333333258e+03
1.961666666666666515e+03
1.883500000000000000e+03
1.906333333333333030e+03
1.939500000000000000e+03
2.003166666666666515e+03
1.927000000000000000e+03
1.919333333333333258e+03
1.880500000000000000e+03
1.888500000000000000e+03
1.813000000000000000e+03
1.826500000000000000e+03
1.838000000000000000e+03
1.848166666666666515e+03
1.796166666666666515e+03
1.869999999999999773e+03
1.906000000000000000e+03
1.914833333333333258e+03
1.837166666666666515e+03
1.868333333333333258e+03
1.858500000000000000e+03
1.817166666666666515e+03
1.687166666666666515e+03
1.737166666666666515e+03
1.773666666666666515e+03
1.811333333333333258e+03
1.740333333333333258e+03
1.773500000000000000e+03
1.754333333333333258e+03
1.757166666666666515e+03
1.650333333333333030e+03
1.680500000000000000e+03
1.657166666666666515e+03
1.657666666666666515e+03
1.598833333333333030e+03
1.660666666666666515e+03
1.673000000000000000e+03
1.661166666666666515e+03
1.576833333333333258e+03
1.659666666666666515e+03
1.733333333333333258e+03
1.743166666666666515e+03
1.668666666666666515e+03
1.726999999999999773e+03
1.789666666666666515e+03
1.815833333333333258e+03
1.682666666666666515e+03
1.711666666666666515e+03
1.738499999999999773e+03
1.772833333333333258e+03
1.662833333333333258e+03
1.636833333333333258e+03
1.605666666666666515e+03
1.590999999999999773e+03
1.512833333333333258e+03
1.555333333333333258e+03
1.561166666666666515e+03
1.575333333333333258e+03
1.531000000000000000e+03
1.616833333333333258e+03
1.658500000000000000e+03
1.693000000000000000e+03
1.583000000000000000e+03
1.624833333333333258e+03
1.690833333333333258e+03
1.772166666666666515e+03
1.660500000000000000e+03
1.623166666666666515e+03
1.617166666666666515e+03
1.695833333333333258e+03
1.658166666666666515e+03
1.688166666666666515e+03
1.708000000000000000e+03
1.716166666666666515e+03
1.599000000000000000e+03
1.607000000000000000e+03
1.630666666666666515e+03
1.703333333333333258e+03
1.629833333333333030e+03
1.676833333333333258e+03
1.667833333333333258e+03
1.877833333333333030e+03
2.308166666666666515e+03
2.438833333333333030e+03
2.273333333333333030e+03
1.775999999999999773e+03
1.620500000000000000e+03
1.638833333333333258e+03
1.646333333333333258e+03
1.699166666666666515e+03
1.640833333333333030e+03
1.680333333333333258e+03
1.661166666666666515e+03
1.667000000000000000e+03
1.596166666666666515e+03
1.656833333333333258e+03
1.710333333333333258e+03
1.764000000000000000e+03
1.684166666666666515e+03
1.706999999999999773e+03
1.725166666666666515e+03
1.769333333333333030e+03
1.739500000000000000e+03
1.799166666666666515e+03
1.872333333333333258e+03
1.925500000000000000e+03
1.880666666666666515e+03
1.910166666666666515e+03
1.938666666666666515e+03
1.941500000000000000e+03
1.867499999999999773e+03
1.912166666666666515e+03
1.973999999999999773e+03
2.033166666666666515e+03
1.966833333333333258e+03
1.996166666666666515e+03
2.038499999999999773e+03
2.109666666666666515e+03
2.076666666666666515e+03
2.128666666666666515e+03
2.175833333333333030e+03
2.248333333333333030e+03
2.206500000000000000e+03
2.273000000000000000e+03
2.304500000000000000e+03
2.359000000000000000e+03
2.328666666666666515e+03
2.453500000000000000e+03
2.527000000000000000e+03
2.575166666666666515e+03
2.502000000000000000e+03
2.575166666666666515e+03
2.617666666666666515e+03
2.672666666666666515e+03
2.601166666666666515e+03
2.665000000000000000e+03
2.721166666666666515e+03
2.796666666666666515e+03
2.781833333333333030e+03
2.861833333333333030e+03
2.903666666666666515e+03
2.932500000000000000e+03
2.871166666666666515e+03
2.937333333333333030e+03
3.037499999999999545e+03
3.139333333333333030e+03
3.110833333333333030e+03
3.131833333333333030e+03
3.156499999999999545e+03
3.210666666666666060e+03
3.188000000000000000e+03
3.250999999999999545e+03
3.259333333333333030e+03
3.271666666666666060e+03
3.238333333333333030e+03
3.367833333333333030e+03
3.456333333333333030e+03
3.498000000000000000e+03
3.430999999999999545e+03
3.468333333333333030e+03
3.507833333333333030e+03
3.548333333333333030e+03
3.499333333333333030e+03
3.502833333333333030e+03
3.505333333333333030e+03
3.546333333333333030e+03
3.521166666666666060e+03
3.580166666666666515e+03
3.602500000000000000e+03
3.659500000000000000e+03
3.625499999999999545e+03
3.719500000000000000e+03
3.736000000000000000e+03
3.739666666666666060e+03
3.600000000000000000e+03
3.626500000000000000e+03
3.654000000000000000e+03
3.700666666666666515e+03
3.662166666666666060e+03
3.745833333333333030e+03
3.770333333333333030e+03
3.754000000000000000e+03
3.658833333333333030e+03
3.714499999999999545e+03
3.752666666666666515e+03
3.782666666666666060e+03
3.724333333333333030e+03
3.704666666666666515e+03
3.657333333333333030e+03
3.662333333333333030e+03
3.635666666666666060e+03
3.728666666666666515e+03
3.710999999999999545e+03
3.733666666666666515e+03
3.655166666666666515e+03
3.684666666666666515e+03
3.705000000000000000e+03
3.723000000000000000e+03
3.635999999999999545e+03
3.667666666666666515e+03
3.718166666666666515e+03
3.762166666666666515e+03
3.691833333333333030e+03
3.688999999999999545e+03
3.712833333333333030e+03
3.710166666666666515e+03
3.595333333333333030e+03
3.621333333333333030e+03
3.628666666666666060e+03
3.643999999999999545e+03
3.561000000000000000e+03
3.639000000000000000e+03
3.695166666666666060e+03
3.674666666666666515e+03
3.546666666666666060e+03
3.566166666666666060e+03
3.591333333333333030e+03
3.609500000000000000e+03
3.485833333333333030e+03
3.517333333333333030e+03
3.471499999999999545e+03
3.478999999999999545e+03
3.398333333333333030e+03
3.475666666666666515e+03
3.513833333333333030e+03
3.546999999999999545e+03
3.451833333333333030e+03
3.445166666666666515e+03
3.384166666666666515e+03
3.332333333333333030e+03
3.236000000000000000e+03
3.283166666666666060e+03
3.302166666666666515e+03
3.297333333333333030e+03
3.213166666666666515e+03
3.274833333333333030e+03
3.288999999999999545e+03
3.272333333333333030e+03
3.168666666666666515e+03
3.255166666666666515e+03
3.318333333333333030e+03
3.325666666666666060e+03
3.172666666666666515e+03
3.142166666666666515e+03
3.113833333333333030e+03
3.136666666666666515e+03
3.074166666666666515e+03
3.137500000000000000e+03
3.124833333333333030e+03
3.117666666666666515e+03
3.039666666666666515e+03
3.075166666666666515e+03
3.049500000000000000e+03
2.987333333333333030e+03
2.859000000000000000e+03
2.892666666666666515e+03
2.932500000000000000e+03
2.967833333333333030e+03
2.895833333333333030e+03
2.943833333333333030e+03
2.952166666666666515e+03
2.930166666666666515e+03
2.818000000000000000e+03
2.832000000000000000e+03
2.854333333333333030e+03
2.843333333333333030e+03
2.763000000000000000e+03
2.782833333333333030e+03
2.795833333333333030e+03
2.809500000000000000e+03
2.729666666666666515e+03
2.805500000000000000e+03
2.805166666666666515e+03
2.781333333333333030e+03
2.621500000000000000e+03
2.652666666666666515e+03
2.655833333333333030e+03
2.633833333333333030e+03
2.511333333333333030e+03
2.576333333333333030e+03
2.657333333333333030e+03
2.700666666666666515e+03
2.580833333333333030e+03
2.570333333333333030e+03
2.517500000000000000e+03
2.504333333333333030e+03
2.355500000000000000e+03
2.379000000000000000e+03
2.395166666666666515e+03
2.441500000000000000e+03
2.359500000000000000e+03
2.446666666666666515e+03
2.469833333333333030e+03
2.448833333333333030e+03
2.274333333333333030e+03
2.287333333333333030e+03
2.302333333333333030e+03
2.337833333333333030e+03
2.262166666666666515e+03
2.318166666666666515e+03
2.306000000000000000e+03
2.307333333333333030e+03
2.204500000000000000e+03
2.226833333333333030e+03
2.214333333333333030e+03
2.218666666666666515e+03
2.120500000000000000e+03
2.144500000000000000e+03
2.138333333333333030e+03
2.166166666666666515e+03
2.137500000000000000e+03
2.205500000000000000e+03
2.217666666666666515e+03
2.171166666666666515e+03
2.050000000000000000e+03
2.069666666666666515e+03
2.054833333333333030e+03
2.081833333333333030e+03
2.026166666666666515e+03
2.080166666666666515e+03
2.116500000000000000e+03
2.151666666666666515e+03
2.084166666666666515e+03
2.131166666666666515e+03
2.111666666666666515e+03
2.129166666666666515e+03
2.001333333333333258e+03
2.057166666666666515e+03
2.062000000000000000e+03
2.085166666666666515e+03
1.979499999999999773e+03
1.998666666666666515e+03
1.992333333333333258e+03
1.994166666666666515e+03
1.937500000000000000e+03
2.007666666666666515e+03
2.015000000000000000e+03
1.991500000000000000e+03
1.917000000000000000e+03
1.986500000000000000e+03
2.042000000000000000e+03
2.036833333333333258e+03
1.925833333333333258e+03
1.984333333333333258e+03
2.005166666666666515e+03
2.060833333333333030e+03
1.977500000000000000e+03
2.020666666666666515e+03
2.017833333333333258e+03
2.012833333333333030e+03
1.917500000000000000e+03
1.935999999999999773e+03
1.942333333333333258e+03
1.959333333333333258e+03
1.870666666666666515e+03
1.942833333333333030e+03
1.980666666666666515e+03
2.003666666666666515e+03
1.878000000000000000e+03
1.889333333333333030e+03
1.923166666666666515e+03
1.948666666666666515e+03
1.887833333333333258e+03
1.922500000000000000e+03
1.935333333333333258e+03
1.917333333333333258e+03
1.841999999999999773e+03
1.912833333333333030e+03
1.951833333333333258e+03
1.976000000000000000e+03
1.907666666666666515e+03
1.984833333333333258e+03
1.990000000000000000e+03
1.963333333333333030e+03
1.846166666666666515e+03
1.890333333333333258e+03
1.928333333333333030e+03
1.943000000000000000e+03
1.840833333333333030e+03
1.873666666666666515e+03
1.864833333333333030e+03
1.864833333333333030e+03
1.745833333333333258e+03
1.792499999999999773e+03
1.852000000000000000e+03
1.893666666666666515e+03
1.802166666666666515e+03
1.833666666666666515e+03
1.845333333333333258e+03
1.880666666666666515e+03
1.757166666666666515e+03
1.825333333333333258e+03
1.831999999999999773e+03
1.848666666666666515e+03
1.744833333333333030e+03
1.830333333333333258e+03
1.861000000000000000e+03
1.864333333333333258e+03
1.694833333333333258e+03
1.716000000000000000e+03
1.768000000000000000e+03
1.868666666666666515e+03
1.833666666666666515e+03
1.883499999999999773e+03
1.885833333333333258e+03
1.876333333333333030e+03
1.740000000000000000e+03
1.790499999999999773e+03
1.828333333333333258e+03
1.905333333333333258e+03
1.817500000000000000e+03
1.866833333333333258e+03
1.795333333333333258e+03
1.774000000000000000e+03
1.727999999999999773e+03
1.861333333333333258e+03
1.897333333333333030e+03
1.866833333333333258e+03
1.713666666666666515e+03
1.791833333333333258e+03
1.859166666666666515e+03
1.877833333333333258e+03
1.769166666666666515e+03
1.801166666666666515e+03
1.860000000000000000e+03
1.854166666666666515e+03
1.743166666666666515e+03
1.810500000000000000e+03
1.839666666666666515e+03
1.848000000000000000e+03
1.749666666666666515e+03
1.820999999999999773e+03
1.846666666666666515e+03
1.856500000000000000e+03
1.759833333333333030e+03
1.804166666666666515e+03
1.787666666666666515e+03
1.774333333333333258e+03
1.672666666666666515e+03
1.753166666666666515e+03
1.804500000000000000e+03
1.834499999999999773e+03
1.751000000000000000e+03
1.820500000000000000e+03
1.839166666666666515e+03
1.865166666666666515e+03
1.772166666666666515e+03
1.821666666666666515e+03
1.808166666666666515e+03
1.784166666666666515e+03
1.703499999999999773e+03
1.796333333333333258e+03
1.841666666666666515e+03
1.841000000000000000e+03
1.725833333333333030e+03
1.784500000000000000e+03
1.839000000000000000e+03
1.862833333333333258e+03
1.752999999999999773e+03
1.778833333333333258e+03
1.767000000000000000e+03
1.746333333333333030e+03
1.636000000000000000e+03
1.691333333333333258e+03
1.747999999999999773e+03
1.778666666666666515e+03
1.719166666666666515e+03
1.777000000000000000e+03
1.793166666666666515e+03
1.800833333333333030e+03
1.701666666666666515e+03
1.738499999999999773e+03
1.694333333333333258e+03
1.691166666666666515e+03
1.632000000000000000e+03
1.769833333333333258e+03
1.824833333333333258e+03
1.844833333333333030e+03
1.735833333333333258e+03
1.786500000000000000e+03
1.794000000000000000e+03
1.823999999999999773e+03
1.725833333333333258e+03
1.781666666666666515e+03
1.771000000000000000e+03
1.789833333333333030e+03
1.692833333333333258e+03
1.770166666666666515e+03
1.776833333333333258e+03
1.791500000000000000e+03
1.730500000000000000e+03
1.857499999999999773e+03
1.860833333333333258e+03
1.791666666666666515e+03
1.619500000000000000e+03
1.669166666666666515e+03
1.706666666666666515e+03
1.736833333333333258e+03
1.700333333333333030e+03
1.780833333333333258e+03
1.812666666666666515e+03
1.792833333333333258e+03
1.682500000000000000e+03
1.744500000000000000e+03
1.773333333333333030e+03
1.834333333333333258e+03
1.778166666666666515e+03
1.825833333333333258e+03
1.815000000000000000e+03
1.759500000000000000e+03
1.676999999999999773e+03
1.754000000000000000e+03
1.829000000000000000e+03
1.846166666666666515e+03
1.743166666666666515e+03
1.789999999999999773e+03
1.790333333333333258e+03
1.793499999999999773e+03
1.678999999999999773e+03
1.768999999999999773e+03
1.785666666666666515e+03
1.774333333333333258e+03
1.647666666666666515e+03
1.708666666666666515e+03
1.763166666666666515e+03
1.822166666666666515e+03
1.718999999999999773e+03
1.758666666666666515e+03
1.751333333333333258e+03
1.797833333333333258e+03
1.694833333333333030e+03
1.749000000000000000e+03
1.757166666666666515e+03
1.785000000000000000e+03
1.694000000000000000e+03
1.728333333333333258e+03
1.777000000000000000e+03
1.779166666666666515e+03
1.667833333333333258e+03
1.700166666666666515e+03
1.703333333333333258e+03
1.726666666666666515e+03
1.647499999999999773e+03
1.753166666666666515e+03
1.797666666666666515e+03
1.783666666666666515e+03
1.682666666666666515e+03
1.745333333333333258e+03
1.780000000000000000e+03
1.767833333333333258e+03
1.650166666666666515e+03
1.690833333333333030e+03
1.750166666666666515e+03
1.811833333333333258e+03
1.770999999999999773e+03
1.828666666666666515e+03
1.819999999999999773e+03
1.804333333333333030e+03
1.680333333333333258e+03
1.752333333333333258e+03
1.789833333333333030e+03
1.805166666666666515e+03
1.699166666666666515e+03
1.762833333333333258e+03
1.798499999999999773e+03
1.838166666666666515e+03
1.694500000000000000e+03
1.736499999999999773e+03
1.702166666666666515e+03
1.716333333333333258e+03
1.613166666666666515e+03
1.671000000000000000e+03
1.700166666666666515e+03
1.721000000000000000e+03
1.623333333333333258e+03
1.669000000000000000e+03
1.676500000000000000e+03
1.669833333333333030e+03
1.594999999999999773e+03
1.713666666666666515e+03
1.797166666666666515e+03
1.799000000000000000e+03
1.682333333333333258e+03
1.747666666666666515e+03
1.763166666666666515e+03
1.798333333333333030e+03
1.663666666666666515e+03
1.748166666666666515e+03
1.726000000000000000e+03
1.755499999999999773e+03
1.648000000000000000e+03
1.659166666666666515e+03
1.682666666666666515e+03
1.725333333333333258e+03
1.680666666666666515e+03
1.721666666666666515e+03
1.740666666666666515e+03
1.749166666666666515e+03
1.622166666666666515e+03
1.655500000000000000e+03
1.675000000000000000e+03
1.698166666666666515e+03
1.590333333333333258e+03
1.655000000000000000e+03
1.732500000000000000e+03
1.752999999999999773e+03
1.647333333333333258e+03
1.671166666666666515e+03
1.731833333333333258e+03
1.741166666666666515e+03
1.695000000000000000e+03
1.728333333333333258e+03
1.762000000000000000e+03
1.759166666666666515e+03
1.663666666666666515e+03
1.729666666666666515e+03
1.776333333333333258e+03
1.779166666666666515e+03
1.677166666666666515e+03
1.722333333333333030e+03
1.714333333333333030e+03
1.697666666666666515e+03
1.543666666666666515e+03
1.664166666666666515e+03
1.721500000000000000e+03
1.771000000000000000e+03
1.657166666666666515e+03
1.711000000000000000e+03
1.714166666666666515e+03
1.726166666666666515e+03
1.652833333333333030e+03
1.692666666666666515e+03
1.694333333333333258e+03
1.708999999999999773e+03
1.628833333333333258e+03
1.700166666666666515e+03
1.725666666666666515e+03
1.820499999999999773e+03
1.739999999999999773e+03
1.792499999999999773e+03
1.752833333333333030e+03
1.777500000000000000e+03
1.654999999999999773e+03
1.680500000000000000e+03
1.646333333333333258e+03
1.673000000000000000e+03
1.601666666666666515e+03
1.692833333333333258e+03
1.717833333333333258e+03
1.757000000000000000e+03
1.702000000000000000e+03
1.749500000000000000e+03
1.727833333333333258e+03
1.681333333333333258e+03
1.567500000000000000e+03
1.652833333333333030e+03
1.720166666666666515e+03
1.779166666666666515e+03
1.677166666666666515e+03
1.707000000000000000e+03
1.730500000000000000e+03
1.769666666666666515e+03
1.656833333333333258e+03
1.680333333333333030e+03
1.659666666666666515e+03
1.652333333333333258e+03
1.542166666666666515e+03
1.625166666666666515e+03
1.657999999999999773e+03
1.665500000000000000e+03
1.524000000000000000e+03
1.584333333333333258e+03
1.566666666666666515e+03
1.557333333333333258e+03
1.483500000000000000e+03
1.591666666666666515e+03
1.659166666666666515e+03
1.675666666666666515e+03
1.574333333333333030e+03
1.580833333333333258e+03
1.560000000000000000e+03
1.589833333333333258e+03
1.560000000000000000e+03
1.613500000000000000e+03
1.588666666666666515e+03
1.599666666666666515e+03
1.551833333333333030e+03
1.674333333333333030e+03
1.685333333333333258e+03
1.689333333333333030e+03
1.545999999999999773e+03
1.581833333333333258e+03
1.583999999999999773e+03
1.598166666666666515e+03
1.526000000000000000e+03
1.606333333333333258e+03
1.605666666666666515e+03
1.575666666666666515e+03
1.445666666666666515e+03
1.517166666666666515e+03
1.556666666666666515e+03
1.576833333333333258e+03
1.476000000000000000e+03
1.515166666666666515e+03
1.548000000000000000e+03
1.558666666666666515e+03
1.501666666666666515e+03
1.529833333333333258e+03
1.541999999999999773e+03
1.536833333333333030e+03
1.476500000000000000e+03
1.535500000000000000e+03
1.546166666666666515e+03
1.596333333333333030e+03
1.526000000000000000e+03
1.614166666666666515e+03
1.602833333333333258e+03
1.658000000000000000e+03
1.571166666666666515e+03
1.607166666666666515e+03
1.585166666666666515e+03
1.609500000000000000e+03
1.518166666666666515e+03
1.580000000000000000e+03
1.583500000000000000e+03
1.621166666666666515e+03
1.542499999999999773e+03
1.553000000000000000e+03
1.527000000000000000e+03
1.577999999999999773e+03
1.575166666666666515e+03
1.669500000000000000e+03
1.647999999999999773e+03
1.616500000000000000e+03
1.568000000000000000e+03
1.641499999999999773e+03
1.835500000000000000e+03
2.328833333333333030e+03
2.285833333333333030e+03
2.170000000000000000e+03
1.603499999999999773e+03
1.530833333333333030e+03
1.458333333333333258e+03
1.561333333333333030e+03
1.586833333333333030e+03
1.572333333333333258e+03
1.495833333333333258e+03
1.551333333333333258e+03
1.552000000000000000e+03
1.559499999999999773e+03
1.460833333333333258e+03
1.516833333333333258e+03
1.520000000000000000e+03
1.526333333333333258e+03
1.480333333333333258e+03
1.551000000000000000e+03
1.594833333333333030e+03
1.577000000000000000e+03
1.447833333333333258e+03
1.426500000000000000e+03
1.398500000000000000e+03
1.471333333333333258e+03
1.483500000000000000e+03
1.625333333333333258e+03
1.623000000000000000e+03
1.626166666666666515e+03
1.495166666666666515e+03
1.519333333333333258e+03
1.537500000000000000e+03
1.567333333333333258e+03
1.506166666666666515e+03
1.513833333333333258e+03
1.523333333333333258e+03
1.556000000000000000e+03
1.532333333333333258e+03
1.582166666666666515e+03
1.557333333333333258e+03
1.518833333333333258e+03
1.431333333333333258e+03
1.523500000000000000e+03
1.550999999999999773e+03
1.568166666666666515e+03
1.491666666666666515e+03
1.536000000000000000e+03
1.558666666666666515e+03
1.572499999999999773e+03
1.512833333333333258e+03
1.560333333333333258e+03
1.552166666666666515e+03
1.569333333333333030e+03
1.486333333333333258e+03
1.502833333333333258e+03
1.464666666666666515e+03
1.486500000000000000e+03
1.438666666666666515e+03
1.537833333333333258e+03
1.568666666666666515e+03
1.610666666666666515e+03
1.496833333333333258e+03
1.529833333333333030e+03
1.552666666666666515e+03
1.599333333333333258e+03
1.516999999999999773e+03
1.543000000000000000e+03
1.548333333333333258e+03
1.555833333333333258e+03
1.458333333333333258e+03
1.485333333333333258e+03
1.497500000000000000e+03
1.529000000000000000e+03
1.465500000000000000e+03
1.504000000000000000e+03
1.518333333333333258e+03
1.599666666666666515e+03
1.523166666666666515e+03
1.529000000000000000e+03
1.487166666666666515e+03
1.518166666666666515e+03
1.488333333333333258e+03
1.560833333333333258e+03
1.571166666666666515e+03
1.612499999999999773e+03
1.526666666666666515e+03
1.559666666666666515e+03
1.515500000000000000e+03
1.530500000000000000e+03
1.461166666666666515e+03
1.525666666666666515e+03
1.505333333333333258e+03
1.554166666666666515e+03
1.493666666666666515e+03
1.540166666666666515e+03
1.507833333333333258e+03
1.521333333333333258e+03
1.438500000000000000e+03
1.496166666666666515e+03
1.480500000000000000e+03
1.531666666666666515e+03
1.430833333333333258e+03
1.434666666666666515e+03
1.444666666666666515e+03
1.497500000000000000e+03
1.497000000000000000e+03
1.550166666666666515e+03
1.566000000000000000e+03
1.565999999999999773e+03
1.482500000000000000e+03
1.550166666666666515e+03
1.595833333333333258e+03
1.638999999999999773e+03
1.558000000000000000e+03
1.562166666666666515e+03
1.514000000000000000e+03
1.501500000000000000e+03
1.402500000000000000e+03
1.455000000000000000e+03
1.465166666666666515e+03
1.549000000000000000e+03
1.520666666666666515e+03
1.585500000000000000e+03
1.574166666666666515e+03
1.574000000000000000e+03
1.482500000000000000e+03
1.521333333333333258e+03
1.508833333333333258e+03
1.559499999999999773e+03
1.512000000000000000e+03
1.571666666666666515e+03
1.547500000000000000e+03
1.529000000000000000e+03
1.455333333333333258e+03
1.504166666666666515e+03
1.502333333333333258e+03
1.519166666666666515e+03
1.445500000000000000e+03
1.482333333333333258e+03
1.488833333333333258e+03
1.501000000000000000e+03
1.430666666666666515e+03
1.478333333333333258e+03
1.515000000000000000e+03
1.581166666666666515e+03
1.536500000000000000e+03
1.540833333333333258e+03
1.526500000000000000e+03
1.547333333333333258e+03
1.483500000000000000e+03
1.524000000000000000e+03
1.484666666666666515e+03
1.519833333333333258e+03
1.453166666666666515e+03
1.525666666666666515e+03
1.506833333333333258e+03
1.514833333333333258e+03
1.375166666666666515e+03
1.403166666666666515e+03
1.403333333333333258e+03
1.487500000000000000e+03
1.450166666666666515e+03
1.518000000000000000e+03
1.483833333333333258e+03
1.495166666666666515e+03
1.391666666666666515e+03
1.446000000000000000e+03
1.447000000000000000e+03
1.453833333333333258e+03
1.393000000000000000e+03
1.459000000000000000e+03
1.471333333333333258e+03
1.502666666666666515e+03
1.400500000000000000e+03
1.440833333333333258e+03
1.460166666666666515e+03
1.513833333333333258e+03
1.455500000000000000e+03
1.492500000000000000e+03
1.503333333333333258e+03
1.553833333333333258e+03
1.458833333333333258e+03
1.454500000000000000e+03
1.426166666666666515e+03
1.449166666666666515e+03
1.396500000000000000e+03
1.457166666666666515e+03
1.484499999999999773e+03
1.576999999999999773e+03
1.564166666666666515e+03
1.630333333333333258e+03
1.604833333333333258e+03
1.590666666666666515e+03
1.511666666666666515e+03
1.496000000000000000e+03
1.469166666666666515e+03
1.487500000000000000e+03
1.459166666666666515e+03
1.506333333333333258e+03
1.460166666666666515e+03
1.450500000000000000e+03
1.378333333333333258e+03
1.454666666666666515e+03
1.467500000000000000e+03
1.480333333333333258e+03
1.401166666666666515e+03
1.456000000000000000e+03
1.481333333333333030e+03
1.495166666666666515e+03
1.428833333333333258e+03
1.486000000000000000e+03
1.515333333333333258e+03
1.523500000000000000e+03
1.410166666666666515e+03
1.426500000000000000e+03
1.452166666666666515e+03
1.487999999999999773e+03
1.422666666666666515e+03
1.471000000000000000e+03
1.522666666666666515e+03
1.573166666666666515e+03
1.510833333333333258e+03
1.491500000000000000e+03
1.483500000000000000e+03
1.500500000000000000e+03
1.477833333333333258e+03
1.505666666666666515e+03
1.468666666666666515e+03
1.454333333333333030e+03
1.372000000000000000e+03
1.425666666666666515e+03
1.451833333333333258e+03
1.523666666666666515e+03
1.513166666666666515e+03
1.553666666666666515e+03
1.500500000000000000e+03
1.476333333333333258e+03
1.432666666666666515e+03
1.491500000000000000e+03
1.495666666666666515e+03
1.510000000000000000e+03
1.451166666666666515e+03
1.474666666666666515e+03
1.449666666666666515e+03
1.495666666666666515e+03
1.428333333333333258e+03
1.427166666666666515e+03
1.422000000000000000e+03
1.504166666666666515e+03
1.493833333333333258e+03
1.525000000000000000e+03
1.498500000000000000e+03
1.498166666666666515e+03
1.436500000000000000e+03
1.489833333333333258e+03
1.480833333333333258e+03
1.458666666666666515e+03
1.335000000000000000e+03
1.389666666666666515e+03
1.400000000000000000e+03
1.441166666666666515e+03
1.375833333333333258e+03
1.422833333333333258e+03
1.441333333333333258e+03
1.485666666666666515e+03
1.475166666666666515e+03
1.564833333333333258e+03
1.573666666666666515e+03
1.562666666666666515e+03
1.431500000000000000e+03
1.435333333333333258e+03
1.412666666666666515e+03
1.436166666666666515e+03
1.387333333333333258e+03
1.443500000000000000e+03
1.490500000000000000e+03
1.583833333333333258e+03
1.550499999999999773e+03
1.547000000000000000e+03
1.482333333333333258e+03
1.530166666666666515e+03
1.504666666666666515e+03
1.589000000000000000e+03
1.545166666666666515e+03
1.526500000000000000e+03
1.415500000000000000e+03
1.456333333333333258e+03
1.455500000000000000e+03
1.488000000000000000e+03
1.409666666666666515e+03
1.461166666666666515e+03
1.444500000000000000e+03
1.472333333333333258e+03
1.402500000000000000e+03
1.470166666666666515e+03
1.459000000000000000e+03
1.474000000000000000e+03
1.394500000000000000e+03
1.431833333333333258e+03
1.457000000000000000e+03
1.462166666666666515e+03
1.401833333333333258e+03
1.397666666666666515e+03
1.387333333333333258e+03
1.417500000000000000e+03
1.386833333333333258e+03
1.456000000000000000e+03
1.442333333333333258e+03
1.468666666666666515e+03
1.377333333333333258e+03
1.433666666666666515e+03
1.445166666666666515e+03
1.507666666666666515e+03
1.481333333333333258e+03
1.524666666666666515e+03
1.518166666666666515e+03
1.544166666666666515e+03
1.456666666666666515e+03
1.468500000000000000e+03
1.428666666666666515e+03
1.451500000000000000e+03
1.381166666666666515e+03
1.410166666666666515e+03
1.396000000000000000e+03
1.443333333333333258e+03
1.391666666666666515e+03
1.475000000000000000e+03
1.506500000000000000e+03
1.559000000000000000e+03
1.467333333333333258e+03
1.488166666666666515e+03
1.477666666666666515e+03
1.504500000000000000e+03
1.402000000000000000e+03
1.414666666666666515e+03
1.432333333333333258e+03
1.503000000000000000e+03
1.460833333333333258e+03
1.477666666666666515e+03
1.469333333333333258e+03
1.537666666666666515e+03
1.476166666666666515e+03
1.496333333333333258e+03
1.419500000000000000e+03
1.432833333333333258e+03
1.398666666666666515e+03
1.445500000000000000e+03
1.467833333333333258e+03
1.477666666666666515e+03
1.442333333333333258e+03
1.481166666666666515e+03
1.488500000000000000e+03
1.528166666666666515e+03
1.459833333333333258e+03
1.456333333333333258e+03
1.402666666666666515e+03
1.414666666666666515e+03
1.392000000000000000e+03
1.470000000000000000e+03
1.477666666666666515e+03
1.502666666666666515e+03
1.424666666666666515e+03
1.473500000000000000e+03
1.473500000000000000e+03
1.512666666666666515e+03
1.458833333333333258e+03
1.502000000000000000e+03
1.517166666666666515e+03
1.563833333333333258e+03
1.489500000000000000e+03
1.484666666666666515e+03
1.436666666666666515e+03
1.453333333333333258e+03
1.395666666666666515e+03
1.442166666666666515e+03
1.473333333333333258e+03
1.545833333333333258e+03
1.474000000000000000e+03
1.445000000000000000e+03
1.395500000000000000e+03
1.446000000000000000e+03
1.427833333333333258e+03
1.491833333333333258e+03
1.461999999999999773e+03
1.467666666666666515e+03
1.417666666666666515e+03
1.524166666666666515e+03
1.535666666666666515e+03
1.538500000000000000e+03
1.423333333333333258e+03
1.431666666666666515e+03
1.430000000000000000e+03
1.448000000000000000e+03
1.394500000000000000e+03
1.416666666666666515e+03
1.412333333333333258e+03
1.434666666666666515e+03
1.361666666666666515e+03
1.390500000000000000e+03
1.435666666666666515e+03
1.486500000000000000e+03
1.443833333333333258e+03
1.464000000000000000e+03
1.469500000000000000e+03
1.499666666666666515e+03
1.447000000000000000e+03
1.482333333333333258e+03
1.487166666666666515e+03
1.498166666666666515e+03
1.434833333333333258e+03
1.484000000000000000e+03
1.463666666666666515e+03
1.473666666666666515e+03
1.365166666666666515e+03
1.415166666666666515e+03
1.425000000000000000e+03
1.495166666666666515e+03
1.430666666666666515e+03
1.484333333333333258e+03
1.450333333333333258e+03
1.489666666666666515e+03
1.425166666666666515e+03
1.442500000000000000e+03
1.443333333333333258e+03
1.539166666666666515e+03
1.512500000000000000e+03
1.521833333333333258e+03
1.442500000000000000e+03
1.479500000000000000e+03
1.450000000000000000e+03
1.467500000000000000e+03
1.478166666666666515e+03
1.535000000000000000e+03
1.501333333333333258e+03
1.469333333333333030e+03
1.379833333333333258e+03
1.389000000000000000e+03
1.398500000000000000e+03
1.509000000000000000e+03
1.514333333333333258e+03
1.556166666666666515e+03
1.479833333333333258e+03
1.509500000000000000e+03
1.463833333333333258e+03
1.488000000000000000e+03
1.427000000000000000e+03
1.435833333333333258e+03
1.404000000000000000e+03
1.414166666666666515e+03
1.364166666666666515e+03
1.421000000000000000e+03
1.413333333333333258e+03
1.466166666666666515e+03
1.401666666666666515e+03
1.454666666666666515e+03
1.416500000000000000e+03
1.468666666666666515e+03
1.441166666666666515e+03
1.483833333333333258e+03
1.478000000000000000e+03
1.489000000000000000e+03
1.441666666666666515e+03
1.465000000000000000e+03
1.434833333333333258e+03
1.460499999999999773e+03
1.405000000000000000e+03
1.465000000000000000e+03
1.463166666666666515e+03
1.509166666666666515e+03
1.473166666666666515e+03
1.512499999999999773e+03
1.470499999999999773e+03
1.445833333333333030e+03
1.379333333333333258e+03
1.415666666666666515e+03
1.451500000000000000e+03
1.512833333333333258e+03
1.456833333333333258e+03
1.478166666666666515e+03
1.426000000000000000e+03
1.430500000000000000e+03
1.344666666666666515e+03
1.410833333333333258e+03
1.422000000000000000e+03
1.469166666666666515e+03
1.404000000000000000e+03
1.430166666666666515e+03
1.397666666666666515e+03
1.442333333333333258e+03
1.427000000000000000e+03
1.541666666666666515e+03
1.532166666666666515e+03
1.567666666666666515e+03
1.465166666666666515e+03
1.482500000000000000e+03
1.454833333333333258e+03
1.489500000000000000e+03
1.448333333333333258e+03
1.455000000000000000e+03
1.452333333333333258e+03
1.494166666666666515e+03
1.474666666666666515e+03
1.477500000000000000e+03
1.428166666666666515e+03
1.444500000000000000e+03
1.396666666666666515e+03
1.444500000000000000e+03
1.435333333333333258e+03
1.458500000000000000e+03
1.394000000000000000e+03
1.452000000000000000e+03
1.466833333333333258e+03
1.515999999999999773e+03
1.431666666666666515e+03
1.442833333333333258e+03
1.410166666666666515e+03
1.462333333333333258e+03
1.407833333333333258e+03
1.441333333333333258e+03
1.386500000000000000e+03
1.440333333333333258e+03
1.392833333333333258e+03
1.445500000000000000e+03
1.404833333333333258e+03
1.442500000000000000e+03
1.387333333333333258e+03
1.444833333333333258e+03
1.467500000000000000e+03
1.527500000000000000e+03
1.501666666666666515e+03
1.512333333333333258e+03
1.508333333333333258e+03
1.486000000000000000e+03
1.409166666666666515e+03
1.417333333333333258e+03
1.450000000000000000e+03
1.477333333333333258e+03
1.402500000000000000e+03
1.379166666666666515e+03
1.350333333333333258e+03
1.375666666666666515e+03
1.367000000000000000e+03
1.440500000000000000e+03
1.471000000000000000e+03
1.538666666666666515e+03
1.551000000000000000e+03
1.592666666666666515e+03
1.529666666666666515e+03
1.454500000000000000e+03
1.360166666666666515e+03
1.414500000000000000e+03
1.462333333333333258e+03
1.566666666666666515e+03
1.499500000000000000e+03
1.517166666666666515e+03
1.449666666666666515e+03
1.482500000000000000e+03
1.409666666666666515e+03
1.407333333333333258e+03
1.390333333333333258e+03
1.428333333333333258e+03
1.402500000000000000e+03
1.441000000000000000e+03
1.433166666666666515e+03
1.444666666666666515e+03
1.357000000000000000e+03
1.359166666666666515e+03
1.360333333333333258e+03
1.380166666666666515e+03
1.373000000000000000e+03
1.454666666666666515e+03
1.488666666666666515e+03
1.532000000000000000e+03
1.440000000000000000e+03
1.500333333333333258e+03
1.579999999999999773e+03
1.632833333333333030e+03
1.590000000000000000e+03
1.499666666666666515e+03
1.468500000000000000e+03
1.485500000000000000e+03
1.449666666666666515e+03
1.478000000000000000e+03
1.442666666666666515e+03
1.507166666666666515e+03
1.444500000000000000e+03
1.467166666666666515e+03
1.405500000000000000e+03
1.429666666666666515e+03
1.398500000000000000e+03
1.449500000000000000e+03
1.465500000000000000e+03
1.468500000000000000e+03
1.421333333333333258e+03
1.486666666666666515e+03
1.506333333333333258e+03
1.512000000000000000e+03
1.431666666666666515e+03
1.449833333333333258e+03
1.470333333333333258e+03
1.514000000000000000e+03
1.432333333333333258e+03
1.431000000000000000e+03
1.384333333333333258e+03
1.468833333333333258e+03
1.417833333333333258e+03
1.456000000000000000e+03
1.422833333333333258e+03
1.509333333333333258e+03
1.467166666666666515e+03
1.471000000000000000e+03
1.378500000000000000e+03
1.409000000000000000e+03
1.385666666666666515e+03
1.469833333333333258e+03
1.443833333333333258e+03
1.478333333333333030e+03
1.410000000000000000e+03
1.461666666666666515e+03
1.470333333333333258e+03
1.516833333333333258e+03
1.466500000000000000e+03
1.453833333333333258e+03
1.434333333333333258e+03
1.467000000000000000e+03
1.403000000000000000e+03
1.391833333333333258e+03
1.364000000000000000e+03
1.420000000000000000e+03
1.400500000000000000e+03
1.453666666666666515e+03
1.439333333333333258e+03
1.475666666666666515e+03
1.429500000000000000e+03
1.476166666666666515e+03
1.481333333333333258e+03
1.500000000000000000e+03
1.433333333333333258e+03
1.428666666666666515e+03
1.387166666666666515e+03
1.449833333333333258e+03
1.458333333333333258e+03
1.576666666666666515e+03
1.562666666666666515e+03
1.545666666666666515e+03
1.418000000000000000e+03
1.424166666666666515e+03
1.390666666666666515e+03
1.460166666666666515e+03
1.448166666666666515e+03
1.518000000000000000e+03
1.488333333333333258e+03
1.484833333333333258e+03
1.428500000000000000e+03
1.473000000000000000e+03
1.481166666666666515e+03
1.509833333333333258e+03
1.460666666666666515e+03
1.506666666666666515e+03
1.462166666666666515e+03
1.467999999999999773e+03
1.424666666666666515e+03
1.526500000000000000e+03
1.539499999999999773e+03
1.551000000000000000e+03
1.494333333333333258e+03
1.532666666666666515e+03
1.520833333333333030e+03
1.560000000000000000e+03
1.475333333333333258e+03
1.470166666666666515e+03
1.387833333333333258e+03
1.435333333333333258e+03
1.394833333333333258e+03
1.461500000000000000e+03
1.451333333333333258e+03
1.507666666666666515e+03
1.441833333333333258e+03
1.444833333333333258e+03
1.427500000000000000e+03
1.496833333333333258e+03
1.475500000000000000e+03
1.519333333333333258e+03
1.495500000000000000e+03
1.530666666666666515e+03
1.495000000000000000e+03
1.516166666666666515e+03
1.478333333333333258e+03
1.482166666666666515e+03
1.473000000000000000e+03
1.522000000000000000e+03
1.490166666666666515e+03
1.472666666666666515e+03
1.405666666666666515e+03
1.429333333333333258e+03
1.407500000000000000e+03
1.464333333333333258e+03
1.443333333333333258e+03
1.480666666666666515e+03
1.456166666666666515e+03
1.471166666666666515e+03
1.415666666666666515e+03
1.460166666666666515e+03
1.429000000000000000e+03
1.471666666666666515e+03
1.425666666666666515e+03
1.506500000000000000e+03
1.481500000000000000e+03
1.477833333333333258e+03
1.400166666666666515e+03
1.416333333333333258e+03
1.397666666666666515e+03
1.417333333333333258e+03
1.428500000000000000e+03
1.472833333333333258e+03
1.428000000000000000e+03
1.429500000000000000e+03
1.392333333333333258e+03
1.457166666666666515e+03
1.447166666666666515e+03
1.461166666666666515e+03
1.420333333333333258e+03
1.470166666666666515e+03
1.474500000000000000e+03
1.534500000000000000e+03
1.475000000000000000e+03
1.481666666666666515e+03
1.460666666666666515e+03
1.487333333333333258e+03
1.456833333333333258e+03
1.497666666666666515e+03
1.505166666666666515e+03
1.536166666666666515e+03
1.431500000000000000e+03
1.455000000000000000e+03
1.467333333333333258e+03
1.562000000000000000e+03
1.503666666666666515e+03
1.515500000000000000e+03
1.504000000000000000e+03
1.562499999999999773e+03
1.531666666666666515e+03
1.530999999999999773e+03
1.469833333333333030e+03
1.453166666666666515e+03
1.409500000000000000e+03
1.454666666666666515e+03
1.438833333333333258e+03
1.471166666666666515e+03
1.409000000000000000e+03
1.440000000000000000e+03
1.418000000000000000e+03
1.452666666666666515e+03
1.447666666666666515e+03
1.473500000000000000e+03
1.421166666666666515e+03
1.450833333333333258e+03
1.441833333333333258e+03
1.542166666666666515e+03
1.548833333333333030e+03
1.547666666666666515e+03
1.474500000000000000e+03
1.493500000000000000e+03
1.481500000000000000e+03
1.493500000000000000e+03
1.417833333333333258e+03
1.444333333333333258e+03
1.448166666666666515e+03
1.508500000000000000e+03
1.436666666666666515e+03
1.475333333333333030e+03
1.433000000000000000e+03
1.508166666666666515e+03
1.505166666666666515e+03
1.528999999999999773e+03
1.521333333333333258e+03
1.502166666666666515e+03
1.450500000000000000e+03
1.454666666666666515e+03
1.439833333333333258e+03
1.485166666666666515e+03
1.429333333333333258e+03
1.428500000000000000e+03
1.397500000000000000e+03
1.440333333333333258e+03
1.442166666666666515e+03
1.494500000000000000e+03
1.472833333333333258e+03
1.485666666666666515e+03
1.414000000000000000e+03
1.415166666666666515e+03
1.372166666666666515e+03
1.409333333333333258e+03
1.383500000000000000e+03
1.417000000000000000e+03
1.415000000000000000e+03
1.508666666666666515e+03
1.529833333333333030e+03
1.588000000000000000e+03
1.477999999999999773e+03
1.461166666666666515e+03
1.395500000000000000e+03
1.481500000000000000e+03
1.467499999999999773e+03
1.469999999999999773e+03
1.407166666666666515e+03
1.459166666666666515e+03
1.477500000000000000e+03
1.512500000000000000e+03
1.449166666666666515e+03
1.476833333333333258e+03
1.487833333333333258e+03
1.540166666666666515e+03
1.473833333333333258e+03
1.441166666666666515e+03
1.390166666666666515e+03
1.413500000000000000e+03
1.401666666666666515e+03
1.450500000000000000e+03
1.416500000000000000e+03
1.399500000000000000e+03
1.302500000000000000e+03
1.324166666666666515e+03
1.336666666666666515e+03
1.404333333333333258e+03
1.379000000000000000e+03
1.396000000000000000e+03
1.337333333333333258e+03
1.361333333333333258e+03
1.340833333333333258e+03
1.418666666666666515e+03
1.431666666666666515e+03
1.499666666666666515e+03
1.455166666666666515e+03
1.499833333333333258e+03
1.423166666666666515e+03
1.419499999999999773e+03
1.364833333333333258e+03
1.428666666666666515e+03
1.460333333333333258e+03
1.507166666666666515e+03
1.479000000000000000e+03
1.519500000000000000e+03
1.502000000000000000e+03
1.504333333333333258e+03
1.418500000000000000e+03
1.435500000000000000e+03
1.456500000000000000e+03
1.504666666666666515e+03
1.481000000000000000e+03
1.510833333333333258e+03
1.515000000000000000e+03
1.505666666666666515e+03
1.442500000000000000e+03
1.440666666666666515e+03
1.431500000000000000e+03
1.452833333333333258e+03
1.428000000000000000e+03
1.488166666666666515e+03
1.468333333333333258e+03
1.521166666666666515e+03
1.465333333333333258e+03
1.475500000000000000e+03
1.394500000000000000e+03
1.396500000000000000e+03
1.368166666666666515e+03
1.432666666666666515e+03
1.434000000000000000e+03
1.464333333333333258e+03
1.400500000000000000e+03
1.408666666666666515e+03
1.388833333333333258e+03
1.423166666666666515e+03
1.387666666666666515e+03
1.418666666666666515e+03
1.410333333333333258e+03
1.467333333333333258e+03
1.399500000000000000e+03
1.403666666666666515e+03
1.406000000000000000e+03
1.490166666666666515e+03
1.448666666666666515e+03
1.418333333333333258e+03
1.378166666666666515e+03
1.441000000000000000e+03
1.436500000000000000e+03
1.455500000000000000e+03
1.436166666666666515e+03
1.440666666666666515e+03
1.431500000000000000e+03
1.476833333333333258e+03
1.495666666666666515e+03
1.525833333333333258e+03
1.463833333333333258e+03
1.452333333333333258e+03
1.432666666666666515e+03
1.486000000000000000e+03
1.470000000000000000e+03
1.483000000000000000e+03
1.463333333333333258e+03
1.477333333333333258e+03
1.433333333333333258e+03
1.413166666666666515e+03
1.401000000000000000e+03
1.467000000000000000e+03
1.506666666666666515e+03
1.583500000000000000e+03
1.532333333333333030e+03
1.518000000000000000e+03
1.430833333333333258e+03
1.442666666666666515e+03
1.425833333333333258e+03
1.465500000000000000e+03
1.475666666666666515e+03
1.502000000000000000e+03
1.457666666666666515e+03
1.425500000000000000e+03
1.419833333333333258e+03
1.445500000000000000e+03
1.438500000000000000e+03
1.422833333333333258e+03
1.389000000000000000e+03
1.384000000000000000e+03
1.369666666666666515e+03
1.410833333333333258e+03
1.416333333333333258e+03
1.429166666666666515e+03
1.387333333333333258e+03
1.416500000000000000e+03
1.395166666666666515e+03
1.462166666666666515e+03
1.432166666666666515e+03
1.462000000000000000e+03
1.397166666666666515e+03
1.404333333333333258e+03
1.366500000000000000e+03
1.396666666666666515e+03
1.393333333333333258e+03
1.415833333333333258e+03
1.361500000000000000e+03
1.368166666666666515e+03
1.353666666666666515e+03
1.422833333333333258e+03
1.419000000000000000e+03
1.462166666666666515e+03
1.455666666666666515e+03
1.518333333333333258e+03
1.468166666666666515e+03
1.475500000000000000e+03
1.367000000000000000e+03
1.386833333333333258e+03
1.348333333333333258e+03
1.414166666666666515e+03
1.391666666666666515e+03
1.402166666666666515e+03
1.369166666666666515e+03
1.423833333333333258e+03
1.429666666666666515e+03
1.421166666666666515e+03
1.376500000000000000e+03
1.390666666666666515e+03
1.383166666666666515e+03
1.426833333333333258e+03
1.389666666666666515e+03
1.445166666666666515e+03
1.416166666666666515e+03
1.459333333333333258e+03
1.415000000000000000e+03
1.402000000000000000e+03
1.358500000000000000e+03
1.391500000000000000e+03
1.369666666666666515e+03
1.393666666666666515e+03
1.359500000000000000e+03
1.387166666666666515e+03
1.404333333333333258e+03
1.472333333333333258e+03
1.442833333333333258e+03
1.384499999999999773e+03
1.304166666666666515e+03
1.357333333333333258e+03
1.376666666666666515e+03
1.443333333333333258e+03
1.419333333333333258e+03
1.416666666666666515e+03
1.370333333333333258e+03
1.366666666666666515e+03
1.374333333333333258e+03
1.416500000000000000e+03
1.382166666666666515e+03
1.405333333333333258e+03
1.396666666666666515e+03
1.481333333333333258e+03
1.491166666666666515e+03
1.511333333333333258e+03
1.449500000000000000e+03
1.476333333333333258e+03
1.454500000000000000e+03
1.449833333333333258e+03
1.377500000000000000e+03
1.401333333333333258e+03
1.429000000000000000e+03
1.472000000000000000e+03
1.430166666666666515e+03
1.477166666666666515e+03
1.485833333333333258e+03
1.499666666666666515e+03
1.457666666666666515e+03
1.503333333333333258e+03
1.505166666666666515e+03
1.522000000000000000e+03
1.466833333333333258e+03
1.496166666666666515e+03
1.458166666666666515e+03
1.472333333333333258e+03
1.418166666666666515e+03
1.469166666666666515e+03
1.457833333333333258e+03
1.526333333333333258e+03
1.526333333333333258e+03
1.542833333333333030e+03
1.475833333333333258e+03
1.469500000000000000e+03
1.428500000000000000e+03
1.486833333333333258e+03
1.463833333333333258e+03
1.470166666666666515e+03
1.405000000000000000e+03
1.426000000000000000e+03
1.394500000000000000e+03
1.399833333333333258e+03
1.364666666666666515e+03
1.428000000000000000e+03
1.394333333333333258e+03
1.402833333333333258e+03
1.368833333333333258e+03
1.424666666666666515e+03
1.399833333333333258e+03
1.426666666666666515e+03
1.439166666666666515e+03
1.476500000000000000e+03
1.445166666666666515e+03
1.445166666666666515e+03
1.429166666666666515e+03
1.482833333333333258e+03
1.455833333333333258e+03
1.482166666666666515e+03
1.471500000000000000e+03
1.520333333333333258e+03
1.520500000000000000e+03
1.499333333333333258e+03
1.480000000000000000e+03
1.501500000000000000e+03
1.496333333333333258e+03
1.513833333333333258e+03
1.459166666666666515e+03
1.486666666666666515e+03
1.485500000000000000e+03
1.561666666666666515e+03
1.539166666666666515e+03
1.570833333333333030e+03
1.511666666666666515e+03
1.497999999999999773e+03
1.428333333333333258e+03
1.427333333333333258e+03
1.397166666666666515e+03
1.400333333333333258e+03
1.385333333333333258e+03
1.451000000000000000e+03
1.428166666666666515e+03
1.445000000000000000e+03
1.425833333333333258e+03
1.449333333333333258e+03
1.422166666666666515e+03
1.436333333333333258e+03
1.449500000000000000e+03
1.526166666666666515e+03
1.528166666666666515e+03
1.523333333333333030e+03
1.471500000000000000e+03
1.496000000000000000e+03
1.501666666666666515e+03
1.512666666666666515e+03
1.436166666666666515e+03
1.469500000000000000e+03
1.455666666666666515e+03
1.502333333333333258e+03
1.432166666666666515e+03
1.443000000000000000e+03
1.409666666666666515e+03
1.469500000000000000e+03
1.461500000000000000e+03
1.539333333333333258e+03
1.525500000000000000e+03
1.584500000000000000e+03
1.554500000000000000e+03
1.569833333333333258e+03
1.474166666666666515e+03
1.453999999999999773e+03
1.448166666666666515e+03
1.550666666666666515e+03
1.567166666666666515e+03
1.525333333333333030e+03
1.466333333333333258e+03
1.485333333333333258e+03
1.515499999999999773e+03
1.553166666666666515e+03
1.468333333333333258e+03
1.455166666666666515e+03
1.394000000000000000e+03
1.448000000000000000e+03
1.438000000000000000e+03
1.516833333333333258e+03
1.494666666666666515e+03
1.523000000000000000e+03
1.457666666666666515e+03
1.506666666666666515e+03
1.410166666666666515e+03
1.386000000000000000e+03
1.325166666666666515e+03
1.412833333333333258e+03
1.437666666666666515e+03
1.460333333333333258e+03
1.411000000000000000e+03
1.423166666666666515e+03
1.399666666666666515e+03
1.439500000000000000e+03
1.383833333333333258e+03
1.409166666666666515e+03
9.235000000000000000e+02
