6.328333333333332575e+02
7.863333333333332575e+02
4.356666666666666288e+02
5.696666666666666288e+02
1.053500000000000000e+03
1.431166666666666515e+03
1.583999999999999773e+03
1.386499999999999773e+03
1.471666666666666515e+03
1.543833333333333258e+03
1.524500000000000000e+03
1.345666666666666515e+03
1.464666666666666515e+03
1.597333333333333030e+03
1.599999999999999773e+03
1.411000000000000000e+03
1.471833333333333258e+03
1.577666666666666515e+03
1.637499999999999773e+03
1.485000000000000000e+03
1.669833333333333258e+03
1.787333333333333258e+03
1.809000000000000000e+03
1.562000000000000000e+03
1.646666666666666515e+03
1.706333333333333258e+03
1.704166666666666515e+03
1.502833333333333030e+03
1.596500000000000000e+03
1.679999999999999773e+03
1.687666666666666515e+03
1.532666666666666515e+03
1.673666666666666515e+03
1.729333333333333258e+03
1.731333333333333258e+03
1.521500000000000000e+03
1.633500000000000000e+03
1.709833333333333258e+03
1.681000000000000000e+03
1.510333333333333258e+03
1.616166666666666515e+03
1.732166666666666515e+03
1.719333333333333258e+03
1.526166666666666515e+03
1.609333333333333258e+03
1.714500000000000000e+03
1.743333333333333258e+03
1.624000000000000000e+03
1.741333333333333258e+03
1.791666666666666515e+03
1.712333333333333030e+03
1.496166666666666515e+03
1.633333333333333258e+03
1.740666666666666515e+03
1.772666666666666515e+03
1.586333333333333258e+03
1.661500000000000000e+03
1.667499999999999773e+03
1.642333333333333258e+03
1.474499999999999773e+03
1.611666666666666515e+03
1.725000000000000000e+03
1.735666666666666515e+03
1.538333333333333030e+03
1.626333333333333258e+03
1.724833333333333258e+03
1.712666666666666515e+03
1.549166666666666515e+03
1.679333333333333258e+03
1.801833333333333258e+03
1.808499999999999773e+03
1.606333333333333258e+03
1.718333333333333258e+03
1.784333333333333258e+03
1.769666666666666515e+03
1.593999999999999773e+03
1.679499999999999773e+03
1.744333333333333030e+03
1.693666666666666515e+03
1.537333333333333258e+03
1.641500000000000000e+03
1.703666666666666515e+03
1.651166666666666515e+03
1.463666666666666515e+03
1.576333333333333258e+03
1.685666666666666515e+03
1.703833333333333258e+03
1.564000000000000000e+03
1.660833333333333258e+03
1.710666666666666515e+03
1.709333333333333258e+03
1.521833333333333030e+03
1.622333333333333258e+03
1.703666666666666515e+03
1.702333333333333258e+03
1.606166666666666515e+03
1.729333333333333258e+03
1.812500000000000000e+03
1.739666666666666515e+03
1.526166666666666515e+03
1.629666666666666515e+03
1.726166666666666515e+03
1.715500000000000000e+03
1.515666666666666515e+03
1.588500000000000000e+03
1.628500000000000000e+03
1.624833333333333258e+03
1.467000000000000000e+03
1.619666666666666515e+03
1.712499999999999773e+03
1.709333333333333030e+03
1.517500000000000000e+03
1.667166666666666515e+03
1.791333333333333258e+03
1.819500000000000000e+03
1.602500000000000000e+03
1.673333333333333258e+03
1.709666666666666515e+03
1.694166666666666515e+03
1.508166666666666515e+03
1.647833333333333258e+03
1.733500000000000000e+03
1.733000000000000000e+03
1.520166666666666515e+03
1.609000000000000000e+03
1.644833333333333258e+03
1.616166666666666515e+03
1.455833333333333258e+03
1.624166666666666515e+03
1.733833333333333258e+03
1.682333333333333030e+03
1.431166666666666515e+03
1.540000000000000000e+03
1.676666666666666515e+03
1.706500000000000000e+03
1.533500000000000000e+03
1.607500000000000000e+03
1.683333333333333258e+03
1.652166666666666515e+03
1.479333333333333258e+03
1.612500000000000000e+03
1.764666666666666515e+03
1.813666666666666515e+03
1.596333333333333030e+03
1.608333333333333258e+03
1.657833333333333258e+03
1.703833333333333030e+03
1.564833333333333030e+03
1.621333333333333258e+03
1.662166666666666515e+03
1.670666666666666515e+03
1.541833333333333030e+03
1.660500000000000000e+03
1.720833333333333258e+03
1.702333333333333030e+03
1.521499999999999773e+03
1.631833333333333258e+03
1.715666666666666515e+03
1.724000000000000000e+03
1.560999999999999773e+03
1.633833333333333258e+03
1.679333333333333030e+03
1.654666666666666515e+03
1.513500000000000000e+03
1.611166666666666515e+03
1.670833333333333258e+03
1.672833333333333030e+03
1.531666666666666515e+03
1.641833333333333258e+03
1.715666666666666515e+03
1.682000000000000000e+03
1.493833333333333258e+03
1.540000000000000000e+03
1.640833333333333258e+03
1.715666666666666515e+03
1.568166666666666515e+03
1.635833333333333258e+03
1.693999999999999773e+03
1.732166666666666515e+03
1.564333333333333030e+03
1.630000000000000000e+03
1.663333333333333030e+03
1.655666666666666515e+03
1.507000000000000000e+03
1.628833333333333258e+03
1.702000000000000000e+03
1.688166666666666515e+03
1.493500000000000000e+03
1.639333333333333258e+03
1.721000000000000000e+03
1.698166666666666515e+03
1.510666666666666515e+03
1.603333333333333258e+03
1.706166666666666515e+03
1.735333333333333030e+03
1.572500000000000000e+03
1.673666666666666515e+03
1.701666666666666515e+03
1.691666666666666515e+03
1.538166666666666515e+03
1.670666666666666515e+03
1.731166666666666515e+03
1.737833333333333030e+03
1.556999999999999773e+03
1.636833333333333258e+03
1.674833333333333030e+03
1.665000000000000000e+03
1.530333333333333030e+03
1.656166666666666515e+03
1.715833333333333030e+03
1.688999999999999773e+03
1.513000000000000000e+03
1.620666666666666515e+03
1.691833333333333258e+03
1.609833333333333258e+03
1.400833333333333258e+03
1.536500000000000000e+03
1.737666666666666515e+03
1.805500000000000000e+03
1.597000000000000000e+03
1.611833333333333258e+03
1.653833333333333030e+03
1.686166666666666515e+03
1.535333333333333030e+03
1.634500000000000000e+03
1.705833333333333258e+03
1.740499999999999773e+03
1.573333333333333030e+03
1.658833333333333258e+03
1.702333333333333258e+03
1.716166666666666515e+03
1.557000000000000000e+03
1.613500000000000000e+03
1.607333333333333258e+03
1.605833333333333030e+03
1.486166666666666515e+03
1.645166666666666515e+03
1.675333333333333258e+03
1.675166666666666515e+03
1.507666666666666515e+03
1.637000000000000000e+03
1.676333333333333258e+03
1.628500000000000000e+03
1.448000000000000000e+03
1.543333333333333258e+03
1.634333333333333258e+03
1.605166666666666515e+03
1.432666666666666515e+03
1.539666666666666515e+03
1.648666666666666515e+03
1.679500000000000000e+03
1.525000000000000000e+03
1.639500000000000000e+03
1.687333333333333258e+03
1.689833333333333258e+03
1.525500000000000000e+03
1.626000000000000000e+03
1.672000000000000000e+03
1.657833333333333258e+03
1.481166666666666515e+03
1.564000000000000000e+03
1.645166666666666515e+03
1.698500000000000000e+03
1.585499999999999773e+03
1.686833333333333258e+03
1.722500000000000000e+03
1.694833333333333030e+03
1.483166666666666515e+03
1.552833333333333258e+03
1.605666666666666515e+03
1.631333333333333258e+03
1.501166666666666515e+03
1.627833333333333258e+03
1.652666666666666515e+03
1.629833333333333258e+03
1.441500000000000000e+03
1.548166666666666515e+03
1.610166666666666515e+03
1.606000000000000000e+03
1.454333333333333258e+03
1.609666666666666515e+03
1.708333333333333258e+03
1.728000000000000000e+03
1.503333333333333258e+03
1.561666666666666515e+03
1.648666666666666515e+03
1.734499999999999773e+03
1.603666666666666515e+03
1.674666666666666515e+03
1.656333333333333258e+03
1.667500000000000000e+03
1.520833333333333258e+03
1.614500000000000000e+03
1.640333333333333258e+03
1.623333333333333258e+03
1.512833333333333030e+03
1.657833333333333258e+03
1.753000000000000000e+03
1.757500000000000000e+03
1.558499999999999773e+03
1.616000000000000000e+03
1.651666666666666515e+03
1.621666666666666515e+03
1.469666666666666515e+03
1.564666666666666515e+03
1.663000000000000000e+03
1.662000000000000000e+03
1.543833333333333258e+03
1.651833333333333258e+03
1.732000000000000000e+03
1.728666666666666515e+03
1.604833333333333258e+03
1.678666666666666515e+03
1.672666666666666515e+03
1.601833333333333258e+03
1.464166666666666515e+03
1.606333333333333258e+03
1.677000000000000000e+03
1.670499999999999773e+03
1.456833333333333258e+03
1.502500000000000000e+03
1.511666666666666515e+03
1.512833333333333258e+03
1.399500000000000000e+03
1.491000000000000000e+03
1.577833333333333258e+03
1.593166666666666515e+03
1.469999999999999773e+03
1.541000000000000000e+03
1.590499999999999773e+03
1.601833333333333030e+03
1.469000000000000000e+03
1.544666666666666515e+03
1.625833333333333258e+03
1.643333333333333258e+03
1.538000000000000000e+03
1.579500000000000000e+03
1.636833333333333258e+03
1.667999999999999773e+03
1.563666666666666515e+03
1.620833333333333258e+03
1.625500000000000000e+03
1.621000000000000000e+03
1.517166666666666515e+03
1.618833333333333258e+03
1.645833333333333258e+03
1.605999999999999773e+03
1.457333333333333258e+03
1.586166666666666515e+03
1.694833333333333258e+03
1.685500000000000000e+03
1.515166666666666515e+03
1.594500000000000000e+03
1.654333333333333258e+03
1.654166666666666515e+03
1.438833333333333258e+03
1.497833333333333258e+03
1.557166666666666515e+03
1.630999999999999773e+03
1.524500000000000000e+03
1.566500000000000000e+03
1.596833333333333030e+03
1.590166666666666515e+03
1.479333333333333258e+03
1.557000000000000000e+03
1.605333333333333030e+03
1.650500000000000000e+03
1.532333333333333030e+03
1.648166666666666515e+03
1.664666666666666515e+03
1.649166666666666515e+03
1.456333333333333258e+03
1.503000000000000000e+03
1.578333333333333258e+03
1.686666666666666515e+03
1.614833333333333258e+03
1.675666666666666515e+03
1.618833333333333030e+03
1.598666666666666515e+03
1.490000000000000000e+03
1.597666666666666515e+03
1.627833333333333258e+03
1.601166666666666515e+03
1.457500000000000000e+03
1.549666666666666515e+03
1.604166666666666515e+03
1.634166666666666515e+03
1.524666666666666515e+03
1.591000000000000000e+03
1.613666666666666515e+03
1.572499999999999773e+03
1.411999999999999773e+03
1.484500000000000000e+03
1.535166666666666515e+03
1.564166666666666515e+03
1.446333333333333258e+03
1.524333333333333258e+03
1.558166666666666515e+03
1.565833333333333030e+03
1.457333333333333258e+03
1.595500000000000000e+03
1.626166666666666515e+03
1.592499999999999773e+03
1.420000000000000000e+03
1.499833333333333258e+03
1.562500000000000000e+03
1.580333333333333030e+03
1.491666666666666515e+03
1.590666666666666515e+03
1.595166666666666515e+03
1.586499999999999773e+03
1.477166666666666515e+03
1.602333333333333258e+03
1.652666666666666515e+03
1.685333333333333258e+03
1.597333333333333258e+03
1.650833333333333030e+03
1.640000000000000000e+03
1.593499999999999773e+03
1.461333333333333258e+03
1.522833333333333258e+03
1.545500000000000000e+03
1.580500000000000000e+03
1.504000000000000000e+03
1.608000000000000000e+03
1.612833333333333258e+03
1.587333333333333258e+03
1.481000000000000000e+03
1.605333333333333258e+03
1.682333333333333258e+03
1.714333333333333030e+03
1.532666666666666515e+03
1.583333333333333258e+03
1.578666666666666515e+03
1.620499999999999773e+03
1.496000000000000000e+03
1.552000000000000000e+03
1.534166666666666515e+03
1.539500000000000000e+03
1.475666666666666515e+03
1.595333333333333258e+03
1.621333333333333258e+03
1.589166666666666515e+03
1.455833333333333258e+03
1.518333333333333258e+03
1.542333333333333258e+03
1.591833333333333258e+03
1.543666666666666515e+03
1.621833333333333030e+03
1.621333333333333258e+03
1.604500000000000000e+03
1.509166666666666515e+03
1.597666666666666515e+03
1.645999999999999773e+03
1.632333333333333030e+03
1.538500000000000000e+03
1.559166666666666515e+03
1.629000000000000000e+03
1.698000000000000000e+03
1.619333333333333258e+03
1.661333333333333258e+03
1.625500000000000000e+03
1.633999999999999773e+03
1.520000000000000000e+03
1.578166666666666515e+03
1.590000000000000000e+03
1.594666666666666515e+03
1.490833333333333258e+03
1.571000000000000000e+03
1.633000000000000000e+03
1.660500000000000000e+03
1.534166666666666515e+03
1.567333333333333258e+03
1.576666666666666515e+03
1.579333333333333030e+03
1.449833333333333258e+03
1.515500000000000000e+03
1.567000000000000000e+03
1.616833333333333030e+03
1.525500000000000000e+03
1.608166666666666515e+03
1.635333333333333258e+03
1.646999999999999773e+03
1.506166666666666515e+03
1.537500000000000000e+03
1.545666666666666515e+03
1.587499999999999773e+03
1.485833333333333258e+03
1.512000000000000000e+03
1.466166666666666515e+03
1.488333333333333258e+03
1.422166666666666515e+03
1.522166666666666515e+03
1.579666666666666515e+03
1.618333333333333030e+03
1.547666666666666515e+03
1.594500000000000000e+03
1.570833333333333258e+03
1.573833333333333258e+03
1.450333333333333258e+03
1.529666666666666515e+03
1.569833333333333258e+03
1.608000000000000000e+03
1.495999999999999773e+03
1.536833333333333258e+03
1.552166666666666515e+03
1.578833333333333258e+03
1.521166666666666515e+03
1.639166666666666515e+03
1.669833333333333030e+03
1.621333333333333030e+03
1.472666666666666515e+03
1.579500000000000000e+03
1.656166666666666515e+03
1.721833333333333258e+03
1.574666666666666515e+03
1.566833333333333258e+03
1.524000000000000000e+03
1.539333333333333030e+03
1.469333333333333258e+03
1.534166666666666515e+03
1.570333333333333258e+03
1.643833333333333258e+03
1.562500000000000000e+03
1.599666666666666515e+03
1.550166666666666515e+03
1.543500000000000000e+03
1.439000000000000000e+03
1.505500000000000000e+03
1.500500000000000000e+03
1.513333333333333258e+03
1.423666666666666515e+03
1.550000000000000000e+03
1.625999999999999773e+03
1.676666666666666515e+03
1.567666666666666515e+03
1.573833333333333258e+03
1.550333333333333258e+03
1.558666666666666515e+03
1.503166666666666515e+03
1.580000000000000000e+03
1.589833333333333258e+03
1.594166666666666515e+03
1.503500000000000000e+03
1.583000000000000000e+03
1.608166666666666515e+03
1.661000000000000000e+03
1.580500000000000000e+03
1.631166666666666515e+03
1.614166666666666515e+03
1.655666666666666515e+03
1.561333333333333258e+03
1.621666666666666515e+03
1.575333333333333030e+03
1.573666666666666515e+03
1.433333333333333258e+03
1.500166666666666515e+03
1.536000000000000000e+03
1.611333333333333258e+03
1.532166666666666515e+03
1.618499999999999773e+03
1.625999999999999773e+03
1.617499999999999773e+03
1.500999999999999773e+03
1.566000000000000000e+03
1.598833333333333030e+03
1.610333333333333258e+03
1.515833333333333258e+03
1.599833333333333258e+03
1.599166666666666515e+03
1.601666666666666515e+03
1.453333333333333258e+03
1.546500000000000000e+03
1.606833333333333030e+03
1.722500000000000000e+03
1.660333333333333030e+03
1.690499999999999773e+03
1.631666666666666515e+03
1.589833333333333258e+03
1.458000000000000000e+03
1.514833333333333258e+03
1.538666666666666515e+03
1.582999999999999773e+03
1.489833333333333258e+03
1.514333333333333258e+03
1.515500000000000000e+03
1.554999999999999773e+03
1.489500000000000000e+03
1.528166666666666515e+03
1.480166666666666515e+03
1.491833333333333258e+03
1.446666666666666515e+03
1.541333333333333258e+03
1.551000000000000000e+03
1.604333333333333258e+03
1.548000000000000000e+03
1.658833333333333258e+03
1.664666666666666515e+03
1.702500000000000000e+03
1.596833333333333030e+03
1.604999999999999773e+03
1.589000000000000000e+03
1.606000000000000000e+03
1.542166666666666515e+03
1.581833333333333258e+03
1.561333333333333030e+03
1.594833333333333258e+03
1.564833333333333030e+03
1.667833333333333030e+03
1.643500000000000000e+03
1.629833333333333258e+03
1.536999999999999773e+03
1.614166666666666515e+03
1.613499999999999773e+03
1.564833333333333030e+03
1.444166666666666515e+03
1.489000000000000000e+03
1.528000000000000000e+03
1.551333333333333258e+03
1.467666666666666515e+03
1.499666666666666515e+03
1.480500000000000000e+03
1.489500000000000000e+03
1.420166666666666515e+03
1.484000000000000000e+03
1.508333333333333258e+03
1.560500000000000000e+03
1.487833333333333258e+03
1.543666666666666515e+03
1.563499999999999773e+03
1.630333333333333258e+03
1.542833333333333030e+03
1.567000000000000000e+03
1.549666666666666515e+03
1.585000000000000000e+03
1.528000000000000000e+03
1.586000000000000000e+03
1.579000000000000000e+03
1.599500000000000000e+03
1.545666666666666515e+03
1.640499999999999773e+03
1.621166666666666515e+03
1.589333333333333258e+03
1.460000000000000000e+03
1.526500000000000000e+03
1.602999999999999773e+03
1.695500000000000000e+03
1.640333333333333258e+03
1.651833333333333258e+03
1.572500000000000000e+03
1.588000000000000000e+03
1.495666666666666515e+03
1.543000000000000000e+03
1.517166666666666515e+03
1.571166666666666515e+03
1.535999999999999773e+03
1.610333333333333258e+03
1.598333333333333258e+03
1.625166666666666515e+03
1.488999999999999773e+03
1.480833333333333258e+03
1.476666666666666515e+03
1.575500000000000000e+03
1.577333333333333030e+03
1.635833333333333258e+03
1.606666666666666515e+03
1.646166666666666515e+03
1.560666666666666515e+03
1.616666666666666515e+03
1.555500000000000000e+03
1.588833333333333258e+03
1.498500000000000000e+03
1.567166666666666515e+03
1.529333333333333258e+03
1.593833333333333030e+03
1.553666666666666515e+03
1.627666666666666515e+03
1.589333333333333258e+03
1.580666666666666515e+03
1.491500000000000000e+03
1.571833333333333258e+03
1.585000000000000000e+03
1.652999999999999773e+03
1.549666666666666515e+03
1.595833333333333030e+03
1.600500000000000000e+03
1.714833333333333030e+03
1.671666666666666515e+03
1.703666666666666515e+03
1.630833333333333258e+03
1.630166666666666515e+03
1.511166666666666515e+03
1.508166666666666515e+03
1.472333333333333258e+03
1.481833333333333258e+03
1.482000000000000000e+03
1.575166666666666515e+03
1.595999999999999773e+03
1.589000000000000000e+03
1.456500000000000000e+03
1.486166666666666515e+03
1.477166666666666515e+03
1.561500000000000000e+03
1.514000000000000000e+03
1.597333333333333258e+03
1.556000000000000000e+03
1.557833333333333258e+03
1.468000000000000000e+03
1.566666666666666515e+03
1.626666666666666515e+03
1.622833333333333030e+03
1.508666666666666515e+03
1.527166666666666515e+03
1.581333333333333258e+03
1.596166666666666515e+03
1.506833333333333258e+03
1.533000000000000000e+03
1.543166666666666515e+03
1.591666666666666515e+03
1.483333333333333258e+03
1.538833333333333258e+03
1.547500000000000000e+03
1.598166666666666515e+03
1.556166666666666515e+03
1.586833333333333258e+03
1.599666666666666515e+03
1.618500000000000000e+03
1.531666666666666515e+03
1.525833333333333258e+03
1.490833333333333258e+03
1.524833333333333258e+03
1.482000000000000000e+03
1.497833333333333258e+03
1.511666666666666515e+03
1.572833333333333030e+03
1.528166666666666515e+03
1.600166666666666515e+03
1.620666666666666515e+03
1.676500000000000000e+03
1.555499999999999773e+03
1.527000000000000000e+03
1.466666666666666515e+03
1.480166666666666515e+03
1.393333333333333258e+03
1.487000000000000000e+03
1.571999999999999773e+03
1.621499999999999773e+03
1.477166666666666515e+03
1.406333333333333258e+03
1.400666666666666515e+03
1.488833333333333258e+03
1.475166666666666515e+03
1.524000000000000000e+03
1.509500000000000000e+03
1.554999999999999773e+03
1.542500000000000000e+03
1.607833333333333258e+03
1.590833333333333258e+03
1.620500000000000000e+03
1.560500000000000000e+03
1.620999999999999773e+03
1.586000000000000000e+03
1.577666666666666515e+03
1.495166666666666515e+03
1.543333333333333258e+03
1.597166666666666515e+03
1.594500000000000000e+03
1.499333333333333030e+03
1.507500000000000000e+03
1.543333333333333258e+03
1.600333333333333030e+03
1.530999999999999773e+03
1.581500000000000000e+03
1.589166666666666515e+03
1.672166666666666515e+03
1.583833333333333030e+03
1.597833333333333258e+03
1.548666666666666515e+03
1.549833333333333258e+03
1.490833333333333258e+03
1.556333333333333258e+03
1.571000000000000000e+03
1.579833333333333030e+03
1.461666666666666515e+03
1.502333333333333258e+03
1.489666666666666515e+03
1.527666666666666515e+03
1.440166666666666515e+03
1.495166666666666515e+03
1.505000000000000000e+03
1.575833333333333258e+03
1.525833333333333258e+03
1.562000000000000000e+03
1.542166666666666515e+03
1.571833333333333030e+03
1.505666666666666515e+03
1.594833333333333258e+03
1.619499999999999773e+03
1.669999999999999773e+03
1.575666666666666515e+03
1.580666666666666515e+03
1.566500000000000000e+03
1.579666666666666515e+03
1.530500000000000000e+03
1.562833333333333258e+03
1.543999999999999773e+03
1.539666666666666515e+03
1.454166666666666515e+03
1.555666666666666515e+03
1.561000000000000000e+03
1.606666666666666515e+03
1.504166666666666515e+03
1.579833333333333258e+03
1.565999999999999773e+03
1.569833333333333030e+03
1.460500000000000000e+03
1.527166666666666515e+03
1.539166666666666515e+03
1.569666666666666515e+03
1.472166666666666515e+03
1.544166666666666515e+03
1.565999999999999773e+03
1.633000000000000000e+03
1.531833333333333258e+03
1.592000000000000000e+03
1.558666666666666515e+03
1.527833333333333030e+03
1.387666666666666515e+03
1.447833333333333258e+03
1.497499999999999773e+03
1.509333333333333030e+03
1.427833333333333258e+03
1.506666666666666515e+03
1.573000000000000000e+03
1.619333333333333030e+03
1.561499999999999773e+03
1.629166666666666515e+03
1.629500000000000000e+03
1.623666666666666515e+03
1.487666666666666515e+03
1.486166666666666515e+03
1.473333333333333258e+03
1.509000000000000000e+03
1.432666666666666515e+03
1.489666666666666515e+03
1.504333333333333258e+03
1.551333333333333030e+03
1.483333333333333258e+03
1.547833333333333258e+03
1.592333333333333030e+03
1.604166666666666515e+03
1.488499999999999773e+03
1.493666666666666515e+03
1.494999999999999773e+03
1.552499999999999773e+03
1.478833333333333258e+03
1.543666666666666515e+03
1.538833333333333258e+03
1.573666666666666515e+03
1.503500000000000000e+03
1.571833333333333258e+03
1.564333333333333258e+03
1.577000000000000000e+03
1.493166666666666515e+03
1.602000000000000000e+03
1.609000000000000000e+03
1.605333333333333258e+03
1.480000000000000000e+03
1.560833333333333258e+03
1.567333333333333258e+03
1.590333333333333258e+03
1.466833333333333258e+03
1.529333333333333258e+03
1.536500000000000000e+03
1.578500000000000000e+03
1.488166666666666515e+03
1.556333333333333258e+03
1.557166666666666515e+03
1.604166666666666515e+03
1.513166666666666515e+03
1.560166666666666515e+03
1.550499999999999773e+03
1.576333333333333030e+03
1.528166666666666515e+03
1.601333333333333258e+03
1.583999999999999773e+03
1.598166666666666515e+03
1.543666666666666515e+03
1.610500000000000000e+03
1.567166666666666515e+03
1.529499999999999773e+03
1.437666666666666515e+03
1.523333333333333258e+03
1.534833333333333258e+03
1.526000000000000000e+03
1.424833333333333258e+03
1.509166666666666515e+03
1.557499999999999773e+03
1.606166666666666515e+03
1.518666666666666515e+03
1.604833333333333258e+03
1.618999999999999773e+03
1.634000000000000000e+03
1.524166666666666515e+03
1.574166666666666515e+03
1.564500000000000000e+03
1.589000000000000000e+03
1.482500000000000000e+03
1.541000000000000000e+03
1.551000000000000000e+03
1.547166666666666515e+03
1.422666666666666515e+03
1.397333333333333258e+03
1.432000000000000000e+03
1.537666666666666515e+03
1.489500000000000000e+03
1.535833333333333258e+03
1.493000000000000000e+03
1.502500000000000000e+03
1.388333333333333258e+03
1.456500000000000000e+03
1.507166666666666515e+03
1.550666666666666515e+03
1.431666666666666515e+03
1.453500000000000000e+03
1.456000000000000000e+03
1.486166666666666515e+03
1.427166666666666515e+03
1.530500000000000000e+03
1.573833333333333258e+03
1.601166666666666515e+03
1.471166666666666515e+03
1.484000000000000000e+03
1.498166666666666515e+03
1.543833333333333258e+03
1.502500000000000000e+03
1.561500000000000000e+03
1.574166666666666515e+03
1.581833333333333030e+03
1.461833333333333258e+03
1.489000000000000000e+03
1.490666666666666515e+03
1.517166666666666515e+03
1.434000000000000000e+03
1.462166666666666515e+03
1.462000000000000000e+03
1.475666666666666515e+03
1.429833333333333258e+03
1.511333333333333258e+03
1.573333333333333030e+03
1.644333333333333030e+03
1.593500000000000000e+03
1.582833333333333258e+03
1.499499999999999773e+03
1.461000000000000000e+03
1.395833333333333258e+03
1.493500000000000000e+03
1.567333333333333258e+03
1.606833333333333258e+03
1.532000000000000000e+03
1.573166666666666515e+03
1.595666666666666515e+03
1.587666666666666515e+03
1.452000000000000000e+03
1.457833333333333258e+03
1.516333333333333258e+03
1.560833333333333258e+03
1.520333333333333030e+03
1.556333333333333258e+03
1.582000000000000000e+03
1.555000000000000000e+03
1.434833333333333258e+03
1.487333333333333258e+03
1.556333333333333030e+03
1.605666666666666515e+03
1.532333333333333258e+03
1.560833333333333258e+03
1.520666666666666515e+03
1.476666666666666515e+03
1.391500000000000000e+03
1.508333333333333258e+03
1.530166666666666515e+03
1.529499999999999773e+03
1.395666666666666515e+03
1.461500000000000000e+03
1.457666666666666515e+03
1.467166666666666515e+03
1.364833333333333258e+03
1.442500000000000000e+03
1.477666666666666515e+03
1.532833333333333258e+03
1.467666666666666515e+03
1.570333333333333258e+03
1.584500000000000000e+03
1.603833333333333258e+03
1.450833333333333258e+03
1.472333333333333258e+03
1.460666666666666515e+03
1.533666666666666515e+03
1.490833333333333258e+03
1.576833333333333258e+03
1.541166666666666515e+03
1.515500000000000000e+03
1.366500000000000000e+03
1.416166666666666515e+03
1.462666666666666515e+03
1.516166666666666515e+03
1.471833333333333258e+03
1.541000000000000000e+03
1.578333333333333258e+03
1.569999999999999773e+03
1.461333333333333258e+03
1.484333333333333258e+03
1.463333333333333258e+03
1.472500000000000000e+03
1.409166666666666515e+03
1.525833333333333258e+03
1.599666666666666515e+03
1.639333333333333258e+03
1.532833333333333258e+03
1.524833333333333258e+03
1.504666666666666515e+03
1.513333333333333030e+03
1.466000000000000000e+03
1.561666666666666515e+03
1.597166666666666515e+03
1.541500000000000000e+03
1.400166666666666515e+03
1.446000000000000000e+03
1.522000000000000000e+03
1.560166666666666515e+03
1.486666666666666515e+03
1.482833333333333258e+03
1.481000000000000000e+03
1.514833333333333258e+03
1.477666666666666515e+03
1.526000000000000000e+03
1.525666666666666515e+03
1.587666666666666515e+03
1.590666666666666515e+03
1.619333333333333030e+03
1.560000000000000000e+03
1.517666666666666515e+03
1.419500000000000000e+03
1.466666666666666515e+03
1.428833333333333258e+03
1.458500000000000000e+03
1.378166666666666515e+03
1.479000000000000000e+03
1.517000000000000000e+03
1.547333333333333258e+03
1.438000000000000000e+03
1.460666666666666515e+03
1.446333333333333258e+03
1.434666666666666515e+03
1.346833333333333258e+03
1.461833333333333258e+03
1.548166666666666515e+03
1.600833333333333030e+03
1.509833333333333258e+03
1.540166666666666515e+03
1.546833333333333258e+03
1.531333333333333258e+03
1.463500000000000000e+03
1.524166666666666515e+03
1.543999999999999773e+03
1.508500000000000000e+03
1.394666666666666515e+03
1.436000000000000000e+03
1.471666666666666515e+03
1.493333333333333258e+03
1.460666666666666515e+03
1.547166666666666515e+03
1.563166666666666515e+03
1.542333333333333030e+03
1.423833333333333258e+03
1.499333333333333258e+03
1.543833333333333030e+03
1.568833333333333258e+03
1.477500000000000000e+03
1.490166666666666515e+03
1.534666666666666515e+03
1.557833333333333030e+03
1.466500000000000000e+03
1.432333333333333258e+03
1.375500000000000000e+03
1.380833333333333258e+03
1.371333333333333258e+03
1.521500000000000000e+03
1.598666666666666515e+03
1.605333333333333258e+03
1.463166666666666515e+03
1.475166666666666515e+03
1.549166666666666515e+03
1.662500000000000000e+03
1.624500000000000000e+03
1.649499999999999773e+03
1.583333333333333258e+03
1.595500000000000000e+03
1.495666666666666515e+03
1.553166666666666515e+03
1.558500000000000000e+03
1.585166666666666515e+03
1.503333333333333030e+03
1.547666666666666515e+03
1.534166666666666515e+03
1.559166666666666515e+03
1.440000000000000000e+03
1.475666666666666515e+03
1.497666666666666515e+03
1.582833333333333258e+03
1.522166666666666515e+03
1.529333333333333030e+03
1.505500000000000000e+03
1.502500000000000000e+03
1.456000000000000000e+03
1.536333333333333258e+03
1.584333333333333030e+03
1.581666666666666515e+03
1.467333333333333258e+03
1.494666666666666515e+03
1.519833333333333258e+03
1.553166666666666515e+03
1.491333333333333258e+03
1.544666666666666515e+03
1.597666666666666515e+03
1.649666666666666515e+03
1.547500000000000000e+03
1.568500000000000000e+03
1.555833333333333258e+03
1.575500000000000000e+03
1.479500000000000000e+03
1.551166666666666515e+03
1.597333333333333258e+03
1.600666666666666515e+03
1.482666666666666515e+03
1.538833333333333258e+03
1.557499999999999773e+03
1.540666666666666515e+03
1.459500000000000000e+03
1.507166666666666515e+03
1.541500000000000000e+03
1.510666666666666515e+03
1.451000000000000000e+03
1.533000000000000000e+03
1.573833333333333258e+03
1.569166666666666515e+03
1.475166666666666515e+03
1.505166666666666515e+03
1.527000000000000000e+03
1.485833333333333258e+03
1.392166666666666515e+03
1.411166666666666515e+03
1.491166666666666515e+03
1.548166666666666515e+03
1.503333333333333258e+03
1.518000000000000000e+03
1.498833333333333258e+03
1.498000000000000000e+03
1.435000000000000000e+03
1.536000000000000000e+03
1.577833333333333030e+03
1.585333333333333030e+03
1.492333333333333258e+03
1.520333333333333258e+03
1.523999999999999773e+03
1.479666666666666515e+03
1.390666666666666515e+03
1.466833333333333258e+03
1.530166666666666515e+03
1.556666666666666515e+03
1.476500000000000000e+03
1.525666666666666515e+03
1.524166666666666515e+03
1.510333333333333258e+03
1.416166666666666515e+03
1.478500000000000000e+03
1.501333333333333258e+03
1.523500000000000000e+03
1.428666666666666515e+03
1.469000000000000000e+03
1.497000000000000000e+03
1.540000000000000000e+03
1.496000000000000000e+03
1.587000000000000000e+03
1.590333333333333258e+03
1.564999999999999773e+03
1.416166666666666515e+03
1.460333333333333258e+03
1.507000000000000000e+03
1.502333333333333030e+03
1.436666666666666515e+03
1.475666666666666515e+03
1.491833333333333258e+03
1.459833333333333258e+03
1.354000000000000000e+03
1.436666666666666515e+03
1.499666666666666515e+03
1.551333333333333258e+03
1.445333333333333258e+03
1.501500000000000000e+03
1.494666666666666515e+03
1.540666666666666515e+03
1.467166666666666515e+03
1.533333333333333258e+03
1.532166666666666515e+03
1.517333333333333258e+03
1.430666666666666515e+03
1.481000000000000000e+03
1.459000000000000000e+03
1.483000000000000000e+03
1.403500000000000000e+03
1.483666666666666515e+03
1.542833333333333258e+03
1.591999999999999773e+03
1.528166666666666515e+03
1.536666666666666515e+03
1.515333333333333258e+03
1.583333333333333030e+03
1.510333333333333030e+03
1.563166666666666515e+03
1.556666666666666515e+03
1.586833333333333258e+03
1.529833333333333258e+03
1.568499999999999773e+03
1.579166666666666515e+03
1.552500000000000000e+03
1.449666666666666515e+03
1.486333333333333258e+03
1.552833333333333030e+03
1.573333333333333258e+03
1.497333333333333258e+03
1.540166666666666515e+03
1.539833333333333030e+03
1.525999999999999773e+03
1.437333333333333258e+03
1.513166666666666515e+03
1.541166666666666515e+03
1.547666666666666515e+03
1.470500000000000000e+03
1.546000000000000000e+03
1.574166666666666515e+03
1.586666666666666515e+03
1.466500000000000000e+03
1.503333333333333258e+03
1.490666666666666515e+03
1.486833333333333258e+03
1.418666666666666515e+03
1.494333333333333258e+03
1.552833333333333258e+03
1.569166666666666515e+03
1.507666666666666515e+03
1.565000000000000000e+03
1.578166666666666515e+03
1.569333333333333258e+03
1.513500000000000000e+03
1.586166666666666515e+03
1.631499999999999773e+03
1.592499999999999773e+03
1.481999999999999773e+03
1.505500000000000000e+03
1.540499999999999773e+03
1.579666666666666515e+03
1.483833333333333258e+03
1.544833333333333258e+03
1.518666666666666515e+03
1.502666666666666515e+03
1.435833333333333258e+03
1.544333333333333258e+03
1.607666666666666515e+03
1.589666666666666515e+03
1.471000000000000000e+03
1.498500000000000000e+03
1.511166666666666515e+03
1.499000000000000000e+03
1.411500000000000000e+03
1.456333333333333258e+03
1.496000000000000000e+03
1.551166666666666515e+03
1.528500000000000000e+03
1.591833333333333258e+03
1.582666666666666515e+03
1.554166666666666515e+03
1.507500000000000000e+03
1.570499999999999773e+03
1.599999999999999773e+03
1.593333333333333030e+03
1.528500000000000000e+03
1.593000000000000000e+03
1.592666666666666515e+03
1.588333333333333030e+03
1.477000000000000000e+03
1.530833333333333258e+03
1.536833333333333030e+03
1.534000000000000000e+03
1.418000000000000000e+03
1.459500000000000000e+03
1.468000000000000000e+03
1.476166666666666515e+03
1.415000000000000000e+03
1.496000000000000000e+03
1.511666666666666515e+03
1.508833333333333030e+03
1.436333333333333258e+03
1.561000000000000000e+03
1.597166666666666515e+03
1.603833333333333258e+03
1.461666666666666515e+03
1.474833333333333258e+03
1.472166666666666515e+03
1.498500000000000000e+03
1.470166666666666515e+03
1.517833333333333258e+03
1.515166666666666515e+03
1.485333333333333258e+03
1.404500000000000000e+03
1.457166666666666515e+03
1.494666666666666515e+03
1.514333333333333030e+03
1.438333333333333258e+03
1.496166666666666515e+03
1.554666666666666515e+03
1.566000000000000000e+03
1.447000000000000000e+03
1.448000000000000000e+03
1.465666666666666515e+03
1.497166666666666515e+03
1.456333333333333258e+03
1.555333333333333258e+03
1.570833333333333030e+03
1.547500000000000000e+03
1.390000000000000000e+03
1.433166666666666515e+03
1.447499999999999773e+03
1.481333333333333030e+03
1.398666666666666515e+03
1.473833333333333258e+03
1.551500000000000000e+03
1.573333333333333258e+03
1.465833333333333258e+03
1.482666666666666515e+03
1.489500000000000000e+03
1.470166666666666515e+03
1.367333333333333258e+03
1.442000000000000000e+03
1.489333333333333258e+03
1.522000000000000000e+03
1.425500000000000000e+03
1.488500000000000000e+03
1.516333333333333258e+03
1.543166666666666515e+03
1.471333333333333258e+03
1.501500000000000000e+03
1.527166666666666515e+03
1.575333333333333258e+03
1.488333333333333258e+03
1.505166666666666515e+03
1.463000000000000000e+03
1.483500000000000000e+03
1.420666666666666515e+03
1.492333333333333258e+03
1.522833333333333258e+03
1.551000000000000000e+03
1.471833333333333258e+03
1.505500000000000000e+03
1.502000000000000000e+03
1.475666666666666515e+03
1.395666666666666515e+03
1.512333333333333258e+03
1.571333333333333258e+03
1.597499999999999773e+03
1.504166666666666515e+03
1.543666666666666515e+03
1.589500000000000000e+03
1.584666666666666515e+03
1.478166666666666515e+03
1.487333333333333258e+03
1.494333333333333030e+03
1.541666666666666515e+03
1.478666666666666515e+03
1.512333333333333258e+03
1.510833333333333030e+03
1.554833333333333258e+03
1.463333333333333258e+03
1.499666666666666515e+03
1.487333333333333258e+03
1.505666666666666515e+03
1.461333333333333258e+03
1.494166666666666515e+03
1.542333333333333030e+03
1.565833333333333030e+03
1.522333333333333258e+03
1.579333333333333258e+03
1.598833333333333030e+03
1.582000000000000000e+03
1.466833333333333258e+03
1.506500000000000000e+03
1.502833333333333258e+03
1.510333333333333030e+03
1.440333333333333258e+03
1.519000000000000000e+03
1.535000000000000000e+03
1.520666666666666515e+03
1.403166666666666515e+03
1.449166666666666515e+03
1.445666666666666515e+03
1.493666666666666515e+03
1.440000000000000000e+03
1.549833333333333258e+03
1.540500000000000000e+03
1.505000000000000000e+03
1.387333333333333258e+03
1.469833333333333258e+03
1.538666666666666515e+03
1.593333333333333258e+03
1.565999999999999773e+03
1.607333333333333030e+03
1.571500000000000000e+03
1.509499999999999773e+03
1.396833333333333258e+03
1.456166666666666515e+03
1.492666666666666515e+03
1.510333333333333030e+03
1.435166666666666515e+03
1.496666666666666515e+03
1.563000000000000000e+03
1.620333333333333258e+03
1.504833333333333258e+03
1.486333333333333258e+03
1.469000000000000000e+03
1.524833333333333258e+03
1.488500000000000000e+03
1.546166666666666515e+03
1.517333333333333258e+03
1.524499999999999773e+03
1.404500000000000000e+03
1.409000000000000000e+03
1.404166666666666515e+03
1.467833333333333258e+03
1.465000000000000000e+03
1.584666666666666515e+03
1.582666666666666515e+03
1.589833333333333030e+03
1.467666666666666515e+03
1.518500000000000000e+03
1.543333333333333258e+03
1.565000000000000000e+03
1.541000000000000000e+03
1.627166666666666515e+03
1.630500000000000000e+03
1.622833333333333030e+03
1.513833333333333258e+03
1.549833333333333258e+03
1.517833333333333030e+03
1.505166666666666515e+03
1.451666666666666515e+03
1.584500000000000000e+03
1.640000000000000000e+03
1.681666666666666515e+03
1.534999999999999773e+03
1.515333333333333258e+03
1.474833333333333030e+03
1.479166666666666515e+03
1.440833333333333258e+03
1.503666666666666515e+03
1.499000000000000000e+03
1.529833333333333258e+03
1.459000000000000000e+03
1.549000000000000000e+03
1.564999999999999773e+03
1.640500000000000000e+03
1.588833333333333258e+03
1.612333333333333258e+03
1.558999999999999773e+03
1.551833333333333030e+03
1.468000000000000000e+03
1.530833333333333258e+03
1.577166666666666515e+03
1.650999999999999773e+03
1.553666666666666515e+03
1.538666666666666515e+03
1.530666666666666515e+03
1.579166666666666515e+03
1.538166666666666515e+03
1.603166666666666515e+03
1.591166666666666515e+03
1.609333333333333030e+03
1.526333333333333258e+03
1.572000000000000000e+03
1.576833333333333258e+03
1.581166666666666515e+03
1.559666666666666515e+03
1.603166666666666515e+03
1.609833333333333258e+03
1.591166666666666515e+03
1.513666666666666515e+03
1.560666666666666515e+03
1.539333333333333258e+03
1.569000000000000000e+03
1.511833333333333258e+03
1.608666666666666515e+03
1.609666666666666515e+03
1.598166666666666515e+03
1.511000000000000000e+03
1.621333333333333258e+03
1.640499999999999773e+03
1.646333333333333258e+03
1.498666666666666515e+03
1.565500000000000000e+03
1.612833333333333258e+03
1.658000000000000000e+03
1.626333333333333258e+03
1.714500000000000000e+03
1.732333333333333258e+03
1.678166666666666515e+03
1.559999999999999773e+03
1.602166666666666515e+03
1.625500000000000000e+03
1.639833333333333030e+03
1.552666666666666515e+03
1.582833333333333258e+03
1.583666666666666515e+03
1.644500000000000000e+03
1.621666666666666515e+03
1.654333333333333030e+03
1.615333333333333030e+03
1.607833333333333258e+03
1.533999999999999773e+03
1.592333333333333258e+03
1.610333333333333258e+03
1.650833333333333258e+03
1.586666666666666515e+03
1.644166666666666515e+03
1.673666666666666515e+03
1.728666666666666515e+03
1.688333333333333030e+03
1.738333333333333258e+03
1.726666666666666515e+03
1.712666666666666515e+03
1.627500000000000000e+03
1.686166666666666515e+03
1.688500000000000000e+03
1.704333333333333258e+03
1.611333333333333258e+03
1.677500000000000000e+03
1.719333333333333258e+03
1.784166666666666515e+03
1.710500000000000000e+03
1.732166666666666515e+03
1.746833333333333258e+03
1.801333333333333258e+03
1.774500000000000000e+03
1.797999999999999773e+03
1.797833333333333258e+03
1.808999999999999773e+03
1.704999999999999773e+03
1.718499999999999773e+03
1.702166666666666515e+03
1.717833333333333258e+03
1.634333333333333258e+03
1.678000000000000000e+03
1.717833333333333258e+03
1.747500000000000000e+03
1.668500000000000000e+03
1.742999999999999773e+03
1.810333333333333258e+03
1.872499999999999773e+03
1.799499999999999773e+03
1.805499999999999773e+03
1.798499999999999773e+03
1.797499999999999773e+03
1.741166666666666515e+03
1.792833333333333258e+03
1.813166666666666515e+03
1.872833333333333030e+03
1.807833333333333258e+03
1.869499999999999773e+03
1.850333333333333258e+03
1.865166666666666515e+03
1.761666666666666515e+03
1.781833333333333030e+03
1.755333333333333258e+03
1.766500000000000000e+03
1.704666666666666515e+03
1.809333333333333258e+03
1.840166666666666515e+03
1.881666666666666515e+03
1.806499999999999773e+03
1.865333333333333030e+03
1.899666666666666515e+03
1.925000000000000000e+03
1.887833333333333258e+03
1.911833333333333030e+03
1.888333333333333030e+03
1.829000000000000000e+03
1.745500000000000000e+03
1.827000000000000000e+03
1.912666666666666515e+03
1.965000000000000000e+03
1.890666666666666515e+03
1.915000000000000000e+03
1.922000000000000000e+03
1.943999999999999773e+03
1.883833333333333258e+03
1.911666666666666515e+03
1.904333333333333258e+03
1.898833333333333258e+03
1.819333333333333258e+03
1.878833333333333258e+03
1.892833333333333258e+03
1.914333333333333258e+03
1.838500000000000000e+03
1.897166666666666515e+03
1.911333333333333258e+03
1.931833333333333030e+03
1.863666666666666515e+03
1.954833333333333030e+03
2.013499999999999773e+03
2.064833333333333030e+03
1.997499999999999773e+03
2.037666666666666515e+03
2.042166666666666515e+03
2.043500000000000000e+03
1.960666666666666515e+03
2.011166666666666515e+03
2.079333333333333030e+03
2.139166666666666515e+03
2.036333333333333258e+03
2.001000000000000000e+03
1.968500000000000000e+03
2.063833333333333030e+03
2.087000000000000000e+03
2.170500000000000000e+03
2.141833333333333030e+03
2.129666666666666515e+03
2.020166666666666515e+03
2.035500000000000000e+03
2.041833333333333258e+03
2.120166666666666515e+03
2.082500000000000000e+03
2.086166666666666515e+03
2.048833333333333030e+03
2.066166666666666515e+03
2.020999999999999773e+03
2.077500000000000000e+03
2.086666666666666515e+03
2.095500000000000000e+03
2.031666666666666515e+03
2.114833333333333030e+03
2.135166666666666515e+03
2.110333333333333030e+03
1.981166666666666515e+03
2.061833333333333030e+03
2.149333333333333030e+03
2.258333333333333030e+03
2.162833333333333030e+03
2.174666666666666515e+03
2.139666666666666515e+03
2.181333333333333030e+03
2.126833333333333030e+03
2.166166666666666515e+03
2.163500000000000000e+03
2.153500000000000000e+03
2.065166666666666515e+03
2.095166666666666515e+03
2.150833333333333030e+03
2.200500000000000000e+03
2.114500000000000000e+03
2.144666666666666515e+03
2.166833333333333030e+03
2.248500000000000000e+03
2.176000000000000000e+03
2.186333333333333030e+03
2.162166666666666515e+03
2.206333333333333030e+03
2.177500000000000000e+03
2.218666666666666515e+03
2.227333333333333030e+03
2.224500000000000000e+03
2.176666666666666515e+03
2.234333333333333030e+03
2.300666666666666515e+03
2.351000000000000000e+03
2.252000000000000000e+03
2.262333333333333030e+03
2.254500000000000000e+03
2.296333333333333030e+03
2.260166666666666515e+03
2.309666666666666515e+03
2.340000000000000000e+03
2.353833333333333030e+03
2.282500000000000000e+03
2.307666666666666515e+03
2.335000000000000000e+03
2.375000000000000000e+03
2.359333333333333030e+03
2.430666666666666515e+03
2.474666666666666515e+03
2.443666666666666515e+03
2.288500000000000000e+03
2.303833333333333030e+03
2.365666666666666515e+03
2.445500000000000000e+03
2.394666666666666515e+03
2.389166666666666515e+03
2.344166666666666515e+03
2.312000000000000000e+03
2.221500000000000000e+03
2.278666666666666515e+03
2.311000000000000000e+03
2.383000000000000000e+03
2.351500000000000000e+03
2.397166666666666515e+03
2.370166666666666515e+03
2.371333333333333030e+03
2.273500000000000000e+03
2.291000000000000000e+03
2.261666666666666515e+03
2.265833333333333030e+03
2.225833333333333030e+03
2.350000000000000000e+03
2.453333333333333030e+03
2.517166666666666515e+03
2.442333333333333030e+03
2.460000000000000000e+03
2.434500000000000000e+03
2.399000000000000000e+03
2.317500000000000000e+03
2.390500000000000000e+03
2.442666666666666515e+03
2.444333333333333030e+03
2.318833333333333030e+03
2.314333333333333030e+03
2.316833333333333030e+03
2.306333333333333030e+03
2.217000000000000000e+03
2.285500000000000000e+03
2.362166666666666515e+03
2.430500000000000000e+03
2.341500000000000000e+03
2.398500000000000000e+03
2.391833333333333030e+03
2.367333333333333030e+03
2.292000000000000000e+03
2.384666666666666515e+03
2.467000000000000000e+03
2.477333333333333030e+03
2.395500000000000000e+03
2.410333333333333030e+03
2.416333333333333030e+03
2.383666666666666515e+03
2.354000000000000000e+03
2.396666666666666515e+03
2.427833333333333030e+03
2.405166666666666515e+03
2.310000000000000000e+03
2.333000000000000000e+03
2.330166666666666515e+03
2.354833333333333030e+03
2.299000000000000000e+03
2.329000000000000000e+03
2.329666666666666515e+03
2.365666666666666515e+03
2.314000000000000000e+03
2.367166666666666515e+03
2.309333333333333030e+03
2.286000000000000000e+03
2.218166666666666515e+03
2.302000000000000000e+03
2.347333333333333030e+03
2.367500000000000000e+03
2.290833333333333030e+03
2.333500000000000000e+03
2.301666666666666515e+03
2.288500000000000000e+03
2.204333333333333030e+03
2.241166666666666515e+03
2.233166666666666515e+03
2.197833333333333030e+03
2.128500000000000000e+03
2.185833333333333030e+03
2.225666666666666515e+03
2.249166666666666515e+03
2.177666666666666515e+03
2.207333333333333030e+03
2.241500000000000000e+03
2.309333333333333030e+03
2.242500000000000000e+03
2.236166666666666515e+03
2.199666666666666515e+03
2.196000000000000000e+03
2.111500000000000000e+03
2.114166666666666515e+03
2.125333333333333030e+03
2.140500000000000000e+03
2.101666666666666515e+03
2.181500000000000000e+03
2.224666666666666515e+03
2.230000000000000000e+03
2.156833333333333030e+03
2.188166666666666515e+03
2.178333333333333030e+03
2.122500000000000000e+03
1.984666666666666515e+03
2.029499999999999773e+03
2.080666666666666515e+03
2.123500000000000000e+03
2.056666666666666515e+03
2.077833333333333030e+03
2.051166666666666515e+03
2.051666666666666515e+03
1.949500000000000000e+03
1.976333333333333030e+03
1.949000000000000000e+03
1.945000000000000000e+03
1.885500000000000000e+03
1.945166666666666515e+03
1.953333333333333258e+03
1.940999999999999773e+03
1.858666666666666515e+03
1.944833333333333258e+03
2.017333333333333258e+03
2.027833333333333258e+03
1.958833333333333258e+03
2.022666666666666515e+03
2.086000000000000000e+03
2.104833333333333030e+03
1.968833333333333030e+03
1.992500000000000000e+03
2.015833333333333030e+03
2.041333333333333030e+03
1.923000000000000000e+03
1.890500000000000000e+03
1.859333333333333258e+03
1.859833333333333030e+03
1.789833333333333030e+03
1.831166666666666515e+03
1.821000000000000000e+03
1.830833333333333258e+03
1.787166666666666515e+03
1.874999999999999773e+03
1.912833333333333258e+03
1.945166666666666515e+03
1.829833333333333258e+03
1.868166666666666515e+03
1.928833333333333030e+03
2.011000000000000000e+03
1.894833333333333258e+03
1.856666666666666515e+03
1.847666666666666515e+03
1.931166666666666515e+03
1.895666666666666515e+03
1.923666666666666515e+03
1.942833333333333030e+03
1.950000000000000000e+03
1.836666666666666515e+03
1.844833333333333258e+03
1.867666666666666515e+03
1.941833333333333258e+03
1.864833333333333258e+03
1.909166666666666515e+03
1.895166666666666515e+03
2.102833333333333030e+03
2.528666666666666515e+03
2.656166666666666515e+03
2.489666666666666515e+03
2.000166666666666515e+03
1.842666666666666515e+03
1.862999999999999773e+03
1.870833333333333258e+03
1.921500000000000000e+03
1.867833333333333030e+03
1.899500000000000000e+03
1.885166666666666515e+03
1.884833333333333258e+03
1.816833333333333030e+03
1.876333333333333258e+03
1.933833333333333258e+03
1.995333333333333030e+03
1.920500000000000000e+03
1.943833333333333030e+03
1.959666666666666515e+03
2.007333333333333030e+03
1.980999999999999773e+03
2.041000000000000000e+03
2.111166666666666515e+03
2.157333333333333030e+03
2.109166666666666515e+03
2.133500000000000000e+03
2.159333333333333030e+03
2.163666666666666515e+03
2.088500000000000000e+03
2.114166666666666515e+03
2.154500000000000000e+03
2.215000000000000000e+03
2.172333333333333030e+03
2.208000000000000000e+03
2.234333333333333030e+03
2.286000000000000000e+03
2.236500000000000000e+03
2.273166666666666515e+03
2.300500000000000000e+03
2.356666666666666515e+03
2.296833333333333030e+03
2.358833333333333030e+03
2.387000000000000000e+03
2.437500000000000000e+03
2.386833333333333030e+03
2.487166666666666515e+03
2.540500000000000000e+03
2.573000000000000000e+03
2.482166666666666515e+03
2.528000000000000000e+03
2.543166666666666515e+03
2.575666666666666515e+03
2.486666666666666515e+03
2.532500000000000000e+03
2.566500000000000000e+03
2.623166666666666515e+03
2.591833333333333030e+03
2.655500000000000000e+03
2.684666666666666515e+03
2.694666666666666515e+03
2.615500000000000000e+03
2.648000000000000000e+03
2.707500000000000000e+03
2.781666666666666515e+03
2.743333333333333030e+03
2.761333333333333030e+03
2.770166666666666515e+03
2.798000000000000000e+03
2.757333333333333030e+03
2.810833333333333030e+03
2.807500000000000000e+03
2.788166666666666515e+03
2.725166666666666515e+03
2.831833333333333030e+03
2.916833333333333030e+03
2.940666666666666515e+03
2.855666666666666515e+03
2.877666666666666515e+03
2.892333333333333030e+03
2.917666666666666515e+03
2.846500000000000000e+03
2.854166666666666515e+03
2.836166666666666515e+03
2.860166666666666515e+03
2.827166666666666515e+03
2.883166666666666515e+03
2.891333333333333030e+03
2.930000000000000000e+03
2.889000000000000000e+03
2.980666666666666515e+03
2.982833333333333030e+03
2.963500000000000000e+03
2.810666666666666515e+03
2.825500000000000000e+03
2.843500000000000000e+03
2.883500000000000000e+03
2.839000000000000000e+03
2.933500000000000000e+03
2.961500000000000000e+03
2.948833333333333030e+03
2.837833333333333030e+03
2.882000000000000000e+03
2.904500000000000000e+03
2.934166666666666515e+03
2.878666666666666515e+03
2.873833333333333030e+03
2.833833333333333030e+03
2.827666666666666515e+03
2.789333333333333030e+03
2.878500000000000000e+03
2.870000000000000000e+03
2.894333333333333030e+03
2.817000000000000000e+03
2.847500000000000000e+03
2.849000000000000000e+03
2.847833333333333030e+03
2.757500000000000000e+03
2.792833333333333030e+03
2.848666666666666515e+03
2.889000000000000000e+03
2.820333333333333030e+03
2.802333333333333030e+03
2.821166666666666515e+03
2.842833333333333030e+03
2.753500000000000000e+03
2.777000000000000000e+03
2.761333333333333030e+03
2.776333333333333030e+03
2.698000000000000000e+03
2.782833333333333030e+03
2.832166666666666515e+03
2.814166666666666515e+03
2.691333333333333030e+03
2.716000000000000000e+03
2.747000000000000000e+03
2.762666666666666515e+03
2.635833333333333030e+03
2.668833333333333030e+03
2.639666666666666515e+03
2.657833333333333030e+03
2.582166666666666515e+03
2.655333333333333030e+03
2.693333333333333030e+03
2.734166666666666515e+03
2.637833333333333030e+03
2.633833333333333030e+03
2.567000000000000000e+03
2.519500000000000000e+03
2.438333333333333030e+03
2.493500000000000000e+03
2.525166666666666515e+03
2.530666666666666515e+03
2.448333333333333030e+03
2.513333333333333030e+03
2.517666666666666515e+03
2.508333333333333030e+03
2.398000000000000000e+03
2.484000000000000000e+03
2.549000000000000000e+03
2.561833333333333030e+03
2.415500000000000000e+03
2.396500000000000000e+03
2.371333333333333030e+03
2.406000000000000000e+03
2.338333333333333030e+03
2.407000000000000000e+03
2.404833333333333030e+03
2.412666666666666515e+03
2.344500000000000000e+03
2.375166666666666515e+03
2.354166666666666515e+03
2.307333333333333030e+03
2.189166666666666515e+03
2.233166666666666515e+03
2.277500000000000000e+03
2.314333333333333030e+03
2.240333333333333030e+03
2.287166666666666515e+03
2.300000000000000000e+03
2.285000000000000000e+03
2.172833333333333030e+03
2.196000000000000000e+03
2.229500000000000000e+03
2.231000000000000000e+03
2.166166666666666515e+03
2.191333333333333030e+03
2.209000000000000000e+03
2.220666666666666515e+03
2.138000000000000000e+03
2.216333333333333030e+03
2.224333333333333030e+03
2.220500000000000000e+03
2.074666666666666515e+03
2.109166666666666515e+03
2.108333333333333030e+03
2.091500000000000000e+03
1.973333333333333258e+03
2.037000000000000000e+03
2.130000000000000000e+03
2.188666666666666515e+03
2.088833333333333030e+03
2.085000000000000000e+03
2.036833333333333258e+03
2.028166666666666515e+03
1.886833333333333030e+03
1.923333333333333258e+03
1.949999999999999773e+03
2.003000000000000000e+03
1.931166666666666515e+03
2.030500000000000000e+03
2.059500000000000000e+03
2.036333333333333258e+03
1.859999999999999773e+03
1.880000000000000000e+03
1.895500000000000000e+03
1.937999999999999773e+03
1.859500000000000000e+03
1.929333333333333258e+03
1.919500000000000000e+03
1.939500000000000000e+03
1.839333333333333030e+03
1.865166666666666515e+03
1.846333333333333258e+03
1.852833333333333030e+03
1.755833333333333258e+03
1.789333333333333258e+03
1.794499999999999773e+03
1.843166666666666515e+03
1.816666666666666515e+03
1.887666666666666515e+03
1.897499999999999773e+03
1.852333333333333030e+03
1.730000000000000000e+03
1.748166666666666515e+03
1.735666666666666515e+03
1.763999999999999773e+03
1.712500000000000000e+03
1.772000000000000000e+03
1.815833333333333030e+03
1.850500000000000000e+03
1.791166666666666515e+03
1.845166666666666515e+03
1.832333333333333258e+03
1.844500000000000000e+03
1.716000000000000000e+03
1.777999999999999773e+03
1.798666666666666515e+03
1.830000000000000000e+03
1.725999999999999773e+03
1.737166666666666515e+03
1.728333333333333030e+03
1.738000000000000000e+03
1.682666666666666515e+03
1.751000000000000000e+03
1.749666666666666515e+03
1.729166666666666515e+03
1.657499999999999773e+03
1.731333333333333258e+03
1.789166666666666515e+03
1.792333333333333258e+03
1.695833333333333258e+03
1.767166666666666515e+03
1.786833333333333030e+03
1.833666666666666515e+03
1.748833333333333258e+03
1.797166666666666515e+03
1.805666666666666515e+03
1.806500000000000000e+03
1.711000000000000000e+03
1.724499999999999773e+03
1.724333333333333258e+03
1.740500000000000000e+03
1.650499999999999773e+03
1.718000000000000000e+03
1.754666666666666515e+03
1.784000000000000000e+03
1.662666666666666515e+03
1.679000000000000000e+03
1.714166666666666515e+03
1.749166666666666515e+03
1.687500000000000000e+03
1.725166666666666515e+03
1.737000000000000000e+03
1.719166666666666515e+03
1.642999999999999773e+03
1.722000000000000000e+03
1.770666666666666515e+03
1.791500000000000000e+03
1.716000000000000000e+03
1.794333333333333030e+03
1.817499999999999773e+03
1.798500000000000000e+03
1.679166666666666515e+03
1.712666666666666515e+03
1.746166666666666515e+03
1.760166666666666515e+03
1.662500000000000000e+03
1.706166666666666515e+03
1.712666666666666515e+03
1.714500000000000000e+03
1.591666666666666515e+03
1.633833333333333258e+03
1.690333333333333258e+03
1.732500000000000000e+03
1.645166666666666515e+03
1.683499999999999773e+03
1.694666666666666515e+03
1.720666666666666515e+03
1.601833333333333258e+03
1.678333333333333030e+03
1.688166666666666515e+03
1.689166666666666515e+03
1.570833333333333258e+03
1.651333333333333258e+03
1.696500000000000000e+03
1.713499999999999773e+03
1.555166666666666515e+03
1.574166666666666515e+03
1.624666666666666515e+03
1.718166666666666515e+03
1.681666666666666515e+03
1.734500000000000000e+03
1.752500000000000000e+03
1.748000000000000000e+03
1.616500000000000000e+03
1.661333333333333258e+03
1.694499999999999773e+03
1.753666666666666515e+03
1.660333333333333030e+03
1.713833333333333258e+03
1.656166666666666515e+03
1.634000000000000000e+03
1.585166666666666515e+03
1.716500000000000000e+03
1.762333333333333258e+03
1.736500000000000000e+03
1.591166666666666515e+03
1.670666666666666515e+03
1.733166666666666515e+03
1.748333333333333258e+03
1.638333333333333258e+03
1.682833333333333030e+03
1.737000000000000000e+03
1.722166666666666515e+03
1.602666666666666515e+03
1.674999999999999773e+03
1.717666666666666515e+03
1.732000000000000000e+03
1.629166666666666515e+03
1.697833333333333258e+03
1.723833333333333258e+03
1.742000000000000000e+03
1.638666666666666515e+03
1.680833333333333030e+03
1.666166666666666515e+03
1.657999999999999773e+03
1.559166666666666515e+03
1.633000000000000000e+03
1.682499999999999773e+03
1.711499999999999773e+03
1.634499999999999773e+03
1.709833333333333030e+03
1.731333333333333258e+03
1.759500000000000000e+03
1.669333333333333258e+03
1.716166666666666515e+03
1.689666666666666515e+03
1.656166666666666515e+03
1.580333333333333258e+03
1.688500000000000000e+03
1.736333333333333258e+03
1.737833333333333258e+03
1.614499999999999773e+03
1.676499999999999773e+03
1.727833333333333030e+03
1.753000000000000000e+03
1.642666666666666515e+03
1.670500000000000000e+03
1.659666666666666515e+03
1.644499999999999773e+03
1.529333333333333258e+03
1.580666666666666515e+03
1.636000000000000000e+03
1.670166666666666515e+03
1.619166666666666515e+03
1.676166666666666515e+03
1.697666666666666515e+03
1.701999999999999773e+03
1.596666666666666515e+03
1.623833333333333030e+03
1.573000000000000000e+03
1.570999999999999773e+03
1.517500000000000000e+03
1.658666666666666515e+03
1.713166666666666515e+03
1.732000000000000000e+03
1.631000000000000000e+03
1.685666666666666515e+03
1.695166666666666515e+03
1.725500000000000000e+03
1.630333333333333258e+03
1.684166666666666515e+03
1.667833333333333030e+03
1.679500000000000000e+03
1.580666666666666515e+03
1.662166666666666515e+03
1.677499999999999773e+03
1.694666666666666515e+03
1.633833333333333258e+03
1.761500000000000000e+03
1.767166666666666515e+03
1.696166666666666515e+03
1.518333333333333030e+03
1.561500000000000000e+03
1.603999999999999773e+03
1.637666666666666515e+03
1.606999999999999773e+03
1.685999999999999773e+03
1.720999999999999773e+03
1.701166666666666515e+03
1.587666666666666515e+03
1.650333333333333258e+03
1.683166666666666515e+03
1.747166666666666515e+03
1.681499999999999773e+03
1.728999999999999773e+03
1.722499999999999773e+03
1.678166666666666515e+03
1.597166666666666515e+03
1.673166666666666515e+03
1.746666666666666515e+03
1.759500000000000000e+03
1.651666666666666515e+03
1.703333333333333030e+03
1.702999999999999773e+03
1.710333333333333258e+03
1.589666666666666515e+03
1.679833333333333258e+03
1.686166666666666515e+03
1.672999999999999773e+03
1.550666666666666515e+03
1.621833333333333258e+03
1.676833333333333258e+03
1.723166666666666515e+03
1.607166666666666515e+03
1.648333333333333258e+03
1.651166666666666515e+03
1.711666666666666515e+03
1.615333333333333030e+03
1.670000000000000000e+03
1.681333333333333030e+03
1.698833333333333030e+03
1.604833333333333258e+03
1.634333333333333030e+03
1.685166666666666515e+03
1.693666666666666515e+03
1.584000000000000000e+03
1.614666666666666515e+03
1.618166666666666515e+03
1.639833333333333030e+03
1.562833333333333030e+03
1.665666666666666515e+03
1.708333333333333258e+03
1.693833333333333030e+03
1.592000000000000000e+03
1.657166666666666515e+03
1.701666666666666515e+03
1.691666666666666515e+03
1.580833333333333030e+03
1.617333333333333030e+03
1.674333333333333258e+03
1.727833333333333030e+03
1.683666666666666515e+03
1.740499999999999773e+03
1.733333333333333258e+03
1.723000000000000000e+03
1.600333333333333030e+03
1.668000000000000000e+03
1.703333333333333258e+03
1.719166666666666515e+03
1.621500000000000000e+03
1.683166666666666515e+03
1.716833333333333030e+03
1.748666666666666515e+03
1.601333333333333258e+03
1.646499999999999773e+03
1.620999999999999773e+03
1.637666666666666515e+03
1.532833333333333258e+03
1.586666666666666515e+03
1.618666666666666515e+03
1.640999999999999773e+03
1.538333333333333258e+03
1.581666666666666515e+03
1.589666666666666515e+03
1.583999999999999773e+03
1.511666666666666515e+03
1.629333333333333258e+03
1.720666666666666515e+03
1.727333333333333030e+03
1.606666666666666515e+03
1.664333333333333258e+03
1.674666666666666515e+03
1.712500000000000000e+03
1.578499999999999773e+03
1.661000000000000000e+03
1.635333333333333258e+03
1.663000000000000000e+03
1.553333333333333258e+03
1.569166666666666515e+03
1.598166666666666515e+03
1.637166666666666515e+03
1.589500000000000000e+03
1.635000000000000000e+03
1.659166666666666515e+03
1.673500000000000000e+03
1.547333333333333258e+03
1.587000000000000000e+03
1.605666666666666515e+03
1.629333333333333258e+03
1.524166666666666515e+03
1.592833333333333258e+03
1.668666666666666515e+03
1.689333333333333030e+03
1.582500000000000000e+03
1.604000000000000000e+03
1.655833333333333258e+03
1.660333333333333258e+03
1.609166666666666515e+03
1.645999999999999773e+03
1.680166666666666515e+03
1.681333333333333258e+03
1.587000000000000000e+03
1.655000000000000000e+03
1.707499999999999773e+03
1.711500000000000000e+03
1.611833333333333258e+03
1.652666666666666515e+03
1.640499999999999773e+03
1.620666666666666515e+03
1.465500000000000000e+03
1.582500000000000000e+03
1.640000000000000000e+03
1.689833333333333258e+03
1.579333333333333258e+03
1.628166666666666515e+03
1.625666666666666515e+03
1.641666666666666515e+03
1.581666666666666515e+03
1.629333333333333258e+03
1.629000000000000000e+03
1.627833333333333258e+03
1.542500000000000000e+03
1.611666666666666515e+03
1.644833333333333258e+03
1.737999999999999773e+03
1.659500000000000000e+03
1.710500000000000000e+03
1.677333333333333030e+03
1.699499999999999773e+03
1.578000000000000000e+03
1.608666666666666515e+03
1.578000000000000000e+03
1.604666666666666515e+03
1.530166666666666515e+03
1.628166666666666515e+03
1.657666666666666515e+03
1.696000000000000000e+03
1.637500000000000000e+03
1.693000000000000000e+03
1.677333333333333258e+03
1.626666666666666515e+03
1.504000000000000000e+03
1.579000000000000000e+03
1.648833333333333258e+03
1.707500000000000000e+03
1.612833333333333258e+03
1.648333333333333258e+03
1.674333333333333030e+03
1.717666666666666515e+03
1.600500000000000000e+03
1.622500000000000000e+03
1.600500000000000000e+03
1.596333333333333258e+03
1.492666666666666515e+03
1.567333333333333258e+03
1.598333333333333258e+03
1.592500000000000000e+03
1.451333333333333258e+03
1.519333333333333258e+03
1.518666666666666515e+03
1.517333333333333258e+03
1.439500000000000000e+03
1.537500000000000000e+03
1.603333333333333030e+03
1.621333333333333030e+03
1.526500000000000000e+03
1.544166666666666515e+03
1.526000000000000000e+03
1.558166666666666515e+03
1.508333333333333258e+03
1.553166666666666515e+03
1.518833333333333258e+03
1.543333333333333258e+03
1.505166666666666515e+03
1.633833333333333258e+03
1.637666666666666515e+03
1.635000000000000000e+03
1.496000000000000000e+03
1.542833333333333258e+03
1.552666666666666515e+03
1.563333333333333258e+03
1.490166666666666515e+03
1.573333333333333258e+03
1.579166666666666515e+03
1.542499999999999773e+03
1.406666666666666515e+03
1.474666666666666515e+03
1.512666666666666515e+03
1.537500000000000000e+03
1.440000000000000000e+03
1.485166666666666515e+03
1.523333333333333258e+03
1.535666666666666515e+03
1.478666666666666515e+03
1.500666666666666515e+03
1.513166666666666515e+03
1.511666666666666515e+03
1.446333333333333258e+03
1.499166666666666515e+03
1.503166666666666515e+03
1.547166666666666515e+03
1.482333333333333258e+03
1.574666666666666515e+03
1.563666666666666515e+03
1.611499999999999773e+03
1.527999999999999773e+03
1.573333333333333030e+03
1.561666666666666515e+03
1.580333333333333258e+03
1.482500000000000000e+03
1.538333333333333258e+03
1.550333333333333258e+03
1.599500000000000000e+03
1.521500000000000000e+03
1.530500000000000000e+03
1.498500000000000000e+03
1.548333333333333258e+03
1.545000000000000000e+03
1.641333333333333258e+03
1.626333333333333258e+03
1.596999999999999773e+03
1.548499999999999773e+03
1.617999999999999773e+03
1.809833333333333030e+03
2.292500000000000000e+03
2.250166666666666515e+03
2.132666666666666515e+03
1.578666666666666515e+03
1.507333333333333030e+03
1.434333333333333258e+03
1.542000000000000000e+03
1.569500000000000000e+03
1.557833333333333258e+03
1.478000000000000000e+03
1.532500000000000000e+03
1.537000000000000000e+03
1.541833333333333030e+03
1.437500000000000000e+03
1.493000000000000000e+03
1.507500000000000000e+03
1.517999999999999773e+03
1.468500000000000000e+03
1.523833333333333258e+03
1.560333333333333258e+03
1.545333333333333258e+03
1.422166666666666515e+03
1.409333333333333258e+03
1.371833333333333258e+03
1.438500000000000000e+03
1.451833333333333258e+03
1.606000000000000000e+03
1.614333333333333258e+03
1.614833333333333258e+03
1.481666666666666515e+03
1.501666666666666515e+03
1.522000000000000000e+03
1.555166666666666515e+03
1.492333333333333258e+03
1.498000000000000000e+03
1.506000000000000000e+03
1.542666666666666515e+03
1.518166666666666515e+03
1.560500000000000000e+03
1.532833333333333258e+03
1.498500000000000000e+03
1.418166666666666515e+03
1.517000000000000000e+03
1.546666666666666515e+03
1.558000000000000000e+03
1.470500000000000000e+03
1.509833333333333258e+03
1.534333333333333258e+03
1.555333333333333258e+03
1.501000000000000000e+03
1.556166666666666515e+03
1.548166666666666515e+03
1.561000000000000000e+03
1.466000000000000000e+03
1.477000000000000000e+03
1.436333333333333258e+03
1.459000000000000000e+03
1.416500000000000000e+03
1.521500000000000000e+03
1.555499999999999773e+03
1.596999999999999773e+03
1.485833333333333030e+03
1.518833333333333258e+03
1.538833333333333030e+03
1.583999999999999773e+03
1.504499999999999773e+03
1.535500000000000000e+03
1.541999999999999773e+03
1.549666666666666515e+03
1.446166666666666515e+03
1.467166666666666515e+03
1.480833333333333030e+03
1.519333333333333258e+03
1.453333333333333258e+03
1.480833333333333258e+03
1.491666666666666515e+03
1.578666666666666515e+03
1.516333333333333258e+03
1.527333333333333030e+03
1.482000000000000000e+03
1.507166666666666515e+03
1.479000000000000000e+03
1.557166666666666515e+03
1.570499999999999773e+03
1.607666666666666515e+03
1.527000000000000000e+03
1.560166666666666515e+03
1.515333333333333258e+03
1.522166666666666515e+03
1.450833333333333258e+03
1.518500000000000000e+03
1.498166666666666515e+03
1.548833333333333258e+03
1.484666666666666515e+03
1.534999999999999773e+03
1.499333333333333030e+03
1.509333333333333258e+03
1.421666666666666515e+03
1.478500000000000000e+03
1.466500000000000000e+03
1.513333333333333258e+03
1.413166666666666515e+03
1.418833333333333258e+03
1.433000000000000000e+03
1.482333333333333258e+03
1.478833333333333258e+03
1.532500000000000000e+03
1.550333333333333258e+03
1.553166666666666515e+03
1.471000000000000000e+03
1.539166666666666515e+03
1.582000000000000000e+03
1.626333333333333258e+03
1.540333333333333030e+03
1.538666666666666515e+03
1.485333333333333258e+03
1.474666666666666515e+03
1.386000000000000000e+03
1.442166666666666515e+03
1.458499999999999773e+03
1.540166666666666515e+03
1.513666666666666515e+03
1.582166666666666515e+03
1.569166666666666515e+03
1.563833333333333258e+03
1.467833333333333258e+03
1.504333333333333258e+03
1.493666666666666515e+03
1.544000000000000000e+03
1.504666666666666515e+03
1.569000000000000000e+03
1.539833333333333258e+03
1.512499999999999773e+03
1.433666666666666515e+03
1.486166666666666515e+03
1.491166666666666515e+03
1.514500000000000000e+03
1.441666666666666515e+03
1.480000000000000000e+03
1.478500000000000000e+03
1.488000000000000000e+03
1.409833333333333258e+03
1.463500000000000000e+03
1.505833333333333258e+03
1.580666666666666515e+03
1.540666666666666515e+03
1.546499999999999773e+03
1.529833333333333030e+03
1.534000000000000000e+03
1.464833333333333258e+03
1.506166666666666515e+03
1.481500000000000000e+03
1.519333333333333258e+03
1.451666666666666515e+03
1.518000000000000000e+03
1.507000000000000000e+03
1.520999999999999773e+03
1.384833333333333258e+03
1.406666666666666515e+03
1.398666666666666515e+03
1.474500000000000000e+03
1.432166666666666515e+03
1.502500000000000000e+03
1.473000000000000000e+03
1.490333333333333258e+03
1.386166666666666515e+03
1.443166666666666515e+03
1.437833333333333258e+03
1.436833333333333258e+03
1.373500000000000000e+03
1.446333333333333258e+03
1.461833333333333258e+03
1.495333333333333258e+03
1.389833333333333258e+03
1.438833333333333258e+03
1.463833333333333258e+03
1.518000000000000000e+03
1.448166666666666515e+03
1.483500000000000000e+03
1.495500000000000000e+03
1.554666666666666515e+03
1.456500000000000000e+03
1.454333333333333258e+03
1.421666666666666515e+03
1.441666666666666515e+03
1.385666666666666515e+03
1.449833333333333258e+03
1.486666666666666515e+03
1.584500000000000000e+03
1.570999999999999773e+03
1.635833333333333258e+03
1.606999999999999773e+03
1.593833333333333030e+03
1.511833333333333258e+03
1.498833333333333258e+03
1.478833333333333258e+03
1.500666666666666515e+03
1.470833333333333258e+03
1.518000000000000000e+03
1.472666666666666515e+03
1.458333333333333030e+03
1.376500000000000000e+03
1.450500000000000000e+03
1.466333333333333258e+03
1.485333333333333258e+03
1.401666666666666515e+03
1.456166666666666515e+03
1.477833333333333258e+03
1.494500000000000000e+03
1.427666666666666515e+03
1.481000000000000000e+03
1.507333333333333258e+03
1.508833333333333030e+03
1.395500000000000000e+03
1.411500000000000000e+03
1.444000000000000000e+03
1.482666666666666515e+03
1.421000000000000000e+03
1.465333333333333258e+03
1.512333333333333258e+03
1.557500000000000000e+03
1.491666666666666515e+03
1.471666666666666515e+03
1.461833333333333258e+03
1.482833333333333258e+03
1.461666666666666515e+03
1.490000000000000000e+03
1.457666666666666515e+03
1.450333333333333258e+03
1.376833333333333258e+03
1.431500000000000000e+03
1.449166666666666515e+03
1.521333333333333258e+03
1.503000000000000000e+03
1.547666666666666515e+03
1.495166666666666515e+03
1.480500000000000000e+03
1.432000000000000000e+03
1.483500000000000000e+03
1.480833333333333258e+03
1.501333333333333030e+03
1.446333333333333258e+03
1.470666666666666515e+03
1.453333333333333258e+03
1.500000000000000000e+03
1.432500000000000000e+03
1.425166666666666515e+03
1.420166666666666515e+03
1.508833333333333258e+03
1.501500000000000000e+03
1.534833333333333030e+03
1.506333333333333258e+03
1.502833333333333030e+03
1.438500000000000000e+03
1.491166666666666515e+03
1.479833333333333258e+03
1.456666666666666515e+03
1.337000000000000000e+03
1.395000000000000000e+03
1.410166666666666515e+03
1.452666666666666515e+03
1.392833333333333258e+03
1.432833333333333258e+03
1.447500000000000000e+03
1.485666666666666515e+03
1.478500000000000000e+03
1.568500000000000000e+03
1.578500000000000000e+03
1.569333333333333030e+03
1.433000000000000000e+03
1.431833333333333258e+03
1.404833333333333258e+03
1.431666666666666515e+03
1.385500000000000000e+03
1.443166666666666515e+03
1.485666666666666515e+03
1.574500000000000000e+03
1.532999999999999773e+03
1.532166666666666515e+03
1.477000000000000000e+03
1.535166666666666515e+03
1.512000000000000000e+03
1.592500000000000000e+03
1.545000000000000000e+03
1.526500000000000000e+03
1.417166666666666515e+03
1.461333333333333258e+03
1.464166666666666515e+03
1.498166666666666515e+03
1.417166666666666515e+03
1.461000000000000000e+03
1.443833333333333258e+03
1.472000000000000000e+03
1.403833333333333258e+03
1.458000000000000000e+03
1.447500000000000000e+03
1.465666666666666515e+03
1.397500000000000000e+03
1.437500000000000000e+03
1.458333333333333258e+03
1.458333333333333258e+03
1.396333333333333258e+03
1.398500000000000000e+03
1.392333333333333258e+03
1.428000000000000000e+03
1.400500000000000000e+03
1.472833333333333258e+03
1.452666666666666515e+03
1.470333333333333258e+03
1.377333333333333258e+03
1.426166666666666515e+03
1.432500000000000000e+03
1.493000000000000000e+03
1.476333333333333258e+03
1.520166666666666515e+03
1.508833333333333258e+03
1.531500000000000000e+03
1.446333333333333258e+03
1.457833333333333258e+03
1.416166666666666515e+03
1.446166666666666515e+03
1.383833333333333258e+03
1.423500000000000000e+03
1.402666666666666515e+03
1.446000000000000000e+03
1.382500000000000000e+03
1.473833333333333258e+03
1.506000000000000000e+03
1.561500000000000000e+03
1.466000000000000000e+03
1.486500000000000000e+03
1.474666666666666515e+03
1.495666666666666515e+03
1.393166666666666515e+03
1.403833333333333258e+03
1.421166666666666515e+03
1.497833333333333258e+03
1.463000000000000000e+03
1.486833333333333258e+03
1.471000000000000000e+03
1.531666666666666515e+03
1.469166666666666515e+03
1.483000000000000000e+03
1.410333333333333258e+03
1.420833333333333258e+03
1.390500000000000000e+03
1.437833333333333258e+03
1.457833333333333258e+03
1.473166666666666515e+03
1.437500000000000000e+03
1.483500000000000000e+03
1.492000000000000000e+03
1.534833333333333030e+03
1.468833333333333258e+03
1.459000000000000000e+03
1.401500000000000000e+03
1.417333333333333258e+03
1.400500000000000000e+03
1.479166666666666515e+03
1.478666666666666515e+03
1.504333333333333030e+03
1.430166666666666515e+03
1.485500000000000000e+03
1.487500000000000000e+03
1.525000000000000000e+03
1.468500000000000000e+03
1.512833333333333258e+03
1.530500000000000000e+03
1.575833333333333258e+03
1.494333333333333258e+03
1.487500000000000000e+03
1.436666666666666515e+03
1.458000000000000000e+03
1.396500000000000000e+03
1.439833333333333258e+03
1.471833333333333258e+03
1.548000000000000000e+03
1.479833333333333258e+03
1.444666666666666515e+03
1.386500000000000000e+03
1.436500000000000000e+03
1.422166666666666515e+03
1.491166666666666515e+03
1.468500000000000000e+03
1.475333333333333258e+03
1.426000000000000000e+03
1.521166666666666515e+03
1.528333333333333258e+03
1.531833333333333030e+03
1.421000000000000000e+03
1.434833333333333258e+03
1.433333333333333258e+03
1.457666666666666515e+03
1.405500000000000000e+03
1.433000000000000000e+03
1.425166666666666515e+03
1.447000000000000000e+03
1.371500000000000000e+03
1.398166666666666515e+03
1.433000000000000000e+03
1.475833333333333258e+03
1.430166666666666515e+03
1.459166666666666515e+03
1.475666666666666515e+03
1.514000000000000000e+03
1.459833333333333258e+03
1.484166666666666515e+03
1.479666666666666515e+03
1.492166666666666515e+03
1.436333333333333258e+03
1.486833333333333258e+03
1.466166666666666515e+03
1.472666666666666515e+03
1.366000000000000000e+03
1.411666666666666515e+03
1.418333333333333258e+03
1.483833333333333258e+03
1.425166666666666515e+03
1.483833333333333258e+03
1.453666666666666515e+03
1.492500000000000000e+03
1.431500000000000000e+03
1.447666666666666515e+03
1.445666666666666515e+03
1.532833333333333258e+03
1.506999999999999773e+03
1.521166666666666515e+03
1.447000000000000000e+03
1.493333333333333258e+03
1.458833333333333258e+03
1.469833333333333258e+03
1.469333333333333258e+03
1.526666666666666515e+03
1.499666666666666515e+03
1.471333333333333258e+03
1.385166666666666515e+03
1.392666666666666515e+03
1.395833333333333258e+03
1.495333333333333258e+03
1.496000000000000000e+03
1.541333333333333258e+03
1.470666666666666515e+03
1.506999999999999773e+03
1.466999999999999773e+03
1.502333333333333030e+03
1.445500000000000000e+03
1.448666666666666515e+03
1.407333333333333258e+03
1.413500000000000000e+03
1.368166666666666515e+03
1.429833333333333258e+03
1.421500000000000000e+03
1.474666666666666515e+03
1.414166666666666515e+03
1.465333333333333258e+03
1.420333333333333258e+03
1.465000000000000000e+03
1.430833333333333258e+03
1.474333333333333258e+03
1.458000000000000000e+03
1.475000000000000000e+03
1.428000000000000000e+03
1.459666666666666515e+03
1.432833333333333258e+03
1.459000000000000000e+03
1.408833333333333258e+03
1.467500000000000000e+03
1.469833333333333258e+03
1.512333333333333258e+03
1.471999999999999773e+03
1.508833333333333030e+03
1.461166666666666515e+03
1.437666666666666515e+03
1.375000000000000000e+03
1.410500000000000000e+03
1.449166666666666515e+03
1.506833333333333258e+03
1.458833333333333258e+03
1.486500000000000000e+03
1.438500000000000000e+03
1.441666666666666515e+03
1.351500000000000000e+03
1.414833333333333258e+03
1.426333333333333258e+03
1.474333333333333258e+03
1.412166666666666515e+03
1.436333333333333258e+03
1.403833333333333258e+03
1.448333333333333258e+03
1.437333333333333258e+03
1.547500000000000000e+03
1.530333333333333030e+03
1.565333333333333258e+03
1.466833333333333258e+03
1.487833333333333258e+03
1.452666666666666515e+03
1.487333333333333258e+03
1.441333333333333258e+03
1.448166666666666515e+03
1.437833333333333258e+03
1.488000000000000000e+03
1.477333333333333258e+03
1.488000000000000000e+03
1.435000000000000000e+03
1.448333333333333258e+03
1.399833333333333258e+03
1.453333333333333258e+03
1.443166666666666515e+03
1.465000000000000000e+03
1.396833333333333258e+03
1.446833333333333258e+03
1.455500000000000000e+03
1.496333333333333258e+03
1.414166666666666515e+03
1.430666666666666515e+03
1.411666666666666515e+03
1.469833333333333258e+03
1.410833333333333258e+03
1.436000000000000000e+03
1.379500000000000000e+03
1.442000000000000000e+03
1.395333333333333258e+03
1.455333333333333258e+03
1.421500000000000000e+03
1.470333333333333258e+03
1.408500000000000000e+03
1.453500000000000000e+03
1.466166666666666515e+03
1.522666666666666515e+03
1.506500000000000000e+03
1.524500000000000000e+03
1.527666666666666515e+03
1.500166666666666515e+03
1.415666666666666515e+03
1.418833333333333258e+03
1.448500000000000000e+03
1.471833333333333258e+03
1.397166666666666515e+03
1.383166666666666515e+03
1.361333333333333258e+03
1.392833333333333258e+03
1.381500000000000000e+03
1.451500000000000000e+03
1.472500000000000000e+03
1.529000000000000000e+03
1.536666666666666515e+03
1.580999999999999773e+03
1.519833333333333258e+03
1.448833333333333030e+03
1.353000000000000000e+03
1.408500000000000000e+03
1.461000000000000000e+03
1.573666666666666515e+03
1.513166666666666515e+03
1.525833333333333258e+03
1.454999999999999773e+03
1.485833333333333030e+03
1.419166666666666515e+03
1.416000000000000000e+03
1.397166666666666515e+03
1.426500000000000000e+03
1.400500000000000000e+03
1.440166666666666515e+03
1.435833333333333258e+03
1.446166666666666515e+03
1.354333333333333258e+03
1.356500000000000000e+03
1.357333333333333258e+03
1.380000000000000000e+03
1.366166666666666515e+03
1.440000000000000000e+03
1.466166666666666515e+03
1.517000000000000000e+03
1.431500000000000000e+03
1.452666666666666515e+03
1.410166666666666515e+03
1.453166666666666515e+03
1.459166666666666515e+03
1.491833333333333258e+03
1.471000000000000000e+03
1.481333333333333258e+03
1.448000000000000000e+03
1.479333333333333258e+03
1.452833333333333258e+03
1.510166666666666515e+03
1.447833333333333258e+03
1.467333333333333258e+03
1.414500000000000000e+03
1.440000000000000000e+03
1.406666666666666515e+03
1.448500000000000000e+03
1.461000000000000000e+03
1.465666666666666515e+03
1.422333333333333258e+03
1.495166666666666515e+03
1.516000000000000000e+03
1.525166666666666515e+03
1.434166666666666515e+03
1.449666666666666515e+03
1.465500000000000000e+03
1.513833333333333258e+03
1.430500000000000000e+03
1.431833333333333258e+03
1.391500000000000000e+03
1.482333333333333258e+03
1.433166666666666515e+03
1.469333333333333258e+03
1.438666666666666515e+03
1.519666666666666515e+03
1.472333333333333258e+03
1.471666666666666515e+03
1.382833333333333258e+03
1.413500000000000000e+03
1.388666666666666515e+03
1.469666666666666515e+03
1.443166666666666515e+03
1.480666666666666515e+03
1.410833333333333258e+03
1.458166666666666515e+03
1.463166666666666515e+03
1.519000000000000000e+03
1.472500000000000000e+03
1.463833333333333258e+03
1.442000000000000000e+03
1.477333333333333258e+03
1.411666666666666515e+03
1.401500000000000000e+03
1.375500000000000000e+03
1.426000000000000000e+03
1.399666666666666515e+03
1.453000000000000000e+03
1.440500000000000000e+03
1.478833333333333258e+03
1.429500000000000000e+03
1.477833333333333258e+03
1.489666666666666515e+03
1.514333333333333258e+03
1.449333333333333258e+03
1.439500000000000000e+03
1.390500000000000000e+03
1.454166666666666515e+03
1.457333333333333258e+03
1.577000000000000000e+03
1.555833333333333258e+03
1.544833333333333030e+03
1.418166666666666515e+03
1.428666666666666515e+03
1.387666666666666515e+03
1.453333333333333258e+03
1.436500000000000000e+03
1.511500000000000000e+03
1.482666666666666515e+03
1.483333333333333258e+03
1.427000000000000000e+03
1.474500000000000000e+03
1.482999999999999773e+03
1.509999999999999773e+03
1.461000000000000000e+03
1.510166666666666515e+03
1.467500000000000000e+03
1.473833333333333258e+03
1.428666666666666515e+03
1.525333333333333258e+03
1.531499999999999773e+03
1.542999999999999773e+03
1.492833333333333258e+03
1.534666666666666515e+03
1.521666666666666515e+03
1.556833333333333258e+03
1.466999999999999773e+03
1.457166666666666515e+03
1.373666666666666515e+03
1.423333333333333258e+03
1.383833333333333258e+03
1.451333333333333258e+03
1.445666666666666515e+03
1.500833333333333258e+03
1.439333333333333258e+03
1.443166666666666515e+03
1.431666666666666515e+03
1.496833333333333258e+03
1.473000000000000000e+03
1.518333333333333258e+03
1.491666666666666515e+03
1.526666666666666515e+03
1.492833333333333258e+03
1.517500000000000000e+03
1.480166666666666515e+03
1.479166666666666515e+03
1.473833333333333258e+03
1.523333333333333258e+03
1.493833333333333258e+03
1.473166666666666515e+03
1.408000000000000000e+03
1.428666666666666515e+03
1.407166666666666515e+03
1.465333333333333258e+03
1.450833333333333258e+03
1.495500000000000000e+03
1.469000000000000000e+03
1.478666666666666515e+03
1.413666666666666515e+03
1.458166666666666515e+03
1.426500000000000000e+03
1.474666666666666515e+03
1.420166666666666515e+03
1.496500000000000000e+03
1.468166666666666515e+03
1.468333333333333258e+03
1.394166666666666515e+03
1.416166666666666515e+03
1.405166666666666515e+03
1.427666666666666515e+03
1.429500000000000000e+03
1.465666666666666515e+03
1.417833333333333258e+03
1.423333333333333258e+03
1.387166666666666515e+03
1.454166666666666515e+03
1.446333333333333258e+03
1.467166666666666515e+03
1.427000000000000000e+03
1.476166666666666515e+03
1.471166666666666515e+03
1.523000000000000000e+03
1.465000000000000000e+03
1.478333333333333258e+03
1.463166666666666515e+03
1.480166666666666515e+03
1.443666666666666515e+03
1.489333333333333258e+03
1.511666666666666515e+03
1.545000000000000000e+03
1.437000000000000000e+03
1.455166666666666515e+03
1.475666666666666515e+03
1.572333333333333258e+03
1.507166666666666515e+03
1.511333333333333258e+03
1.496166666666666515e+03
1.565499999999999773e+03
1.544333333333333030e+03
1.544333333333333258e+03
1.477000000000000000e+03
1.462000000000000000e+03
1.413666666666666515e+03
1.458000000000000000e+03
1.435166666666666515e+03
1.470499999999999773e+03
1.405166666666666515e+03
1.431000000000000000e+03
1.409166666666666515e+03
1.443666666666666515e+03
1.441500000000000000e+03
1.472500000000000000e+03
1.432500000000000000e+03
1.461833333333333258e+03
1.446000000000000000e+03
1.538500000000000000e+03
1.548499999999999773e+03
1.547166666666666515e+03
1.471666666666666515e+03
1.494166666666666515e+03
1.487000000000000000e+03
1.491666666666666515e+03
1.405500000000000000e+03
1.428500000000000000e+03
1.443500000000000000e+03
1.510000000000000000e+03
1.437500000000000000e+03
1.475500000000000000e+03
1.430166666666666515e+03
1.506166666666666515e+03
1.495500000000000000e+03
1.522333333333333258e+03
1.522500000000000000e+03
1.518166666666666515e+03
1.468333333333333258e+03
1.467666666666666515e+03
1.440500000000000000e+03
1.481833333333333258e+03
1.428666666666666515e+03
1.433166666666666515e+03
1.405666666666666515e+03
1.446666666666666515e+03
1.450000000000000000e+03
1.500666666666666515e+03
1.472666666666666515e+03
1.482666666666666515e+03
1.409500000000000000e+03
1.413000000000000000e+03
1.368500000000000000e+03
1.409833333333333258e+03
1.389333333333333258e+03
1.423000000000000000e+03
1.416666666666666515e+03
1.516833333333333258e+03
1.543666666666666515e+03
1.604833333333333258e+03
1.483833333333333030e+03
1.451666666666666515e+03
1.379833333333333258e+03
1.466833333333333258e+03
1.468333333333333258e+03
1.474333333333333258e+03
1.409500000000000000e+03
1.450833333333333258e+03
1.465833333333333258e+03
1.502500000000000000e+03
1.442500000000000000e+03
1.472000000000000000e+03
1.475333333333333258e+03
1.526833333333333258e+03
1.460000000000000000e+03
1.440333333333333258e+03
1.398000000000000000e+03
1.426666666666666515e+03
1.406500000000000000e+03
1.448000000000000000e+03
1.410666666666666515e+03
1.404000000000000000e+03
1.314666666666666515e+03
1.341166666666666515e+03
1.348166666666666515e+03
1.409833333333333258e+03
1.380666666666666515e+03
1.394500000000000000e+03
1.333833333333333258e+03
1.357333333333333258e+03
1.340666666666666515e+03
1.418833333333333258e+03
1.427833333333333258e+03
1.497666666666666515e+03
1.455333333333333030e+03
1.503666666666666515e+03
1.427666666666666515e+03
1.422500000000000000e+03
1.364333333333333258e+03
1.428000000000000000e+03
1.462000000000000000e+03
1.509833333333333258e+03
1.475166666666666515e+03
1.519666666666666515e+03
1.508166666666666515e+03
1.515666666666666515e+03
1.433000000000000000e+03
1.446333333333333258e+03
1.477000000000000000e+03
1.521999999999999773e+03
1.498833333333333258e+03
1.514666666666666515e+03
1.513500000000000000e+03
1.502000000000000000e+03
1.436666666666666515e+03
1.435333333333333258e+03
1.428166666666666515e+03
1.451000000000000000e+03
1.427000000000000000e+03
1.485166666666666515e+03
1.467666666666666515e+03
1.522833333333333258e+03
1.464333333333333258e+03
1.473166666666666515e+03
1.383000000000000000e+03
1.388500000000000000e+03
1.356500000000000000e+03
1.429500000000000000e+03
1.434833333333333258e+03
1.468166666666666515e+03
1.397166666666666515e+03
1.407833333333333258e+03
1.392833333333333258e+03
1.426166666666666515e+03
1.382666666666666515e+03
1.411666666666666515e+03
1.408833333333333258e+03
1.468166666666666515e+03
1.400833333333333258e+03
1.404500000000000000e+03
1.406833333333333258e+03
1.489000000000000000e+03
1.454333333333333258e+03
1.420833333333333258e+03
1.380166666666666515e+03
1.438500000000000000e+03
1.438333333333333258e+03
1.466166666666666515e+03
1.445666666666666515e+03
1.451333333333333258e+03
1.432333333333333258e+03
1.476500000000000000e+03
1.490000000000000000e+03
1.520500000000000000e+03
1.458166666666666515e+03
1.452333333333333258e+03
1.431666666666666515e+03
1.482500000000000000e+03
1.469833333333333258e+03
1.490333333333333258e+03
1.480333333333333258e+03
1.494166666666666515e+03
1.446666666666666515e+03
1.418500000000000000e+03
1.398500000000000000e+03
1.458333333333333258e+03
1.498000000000000000e+03
1.573500000000000000e+03
1.524833333333333258e+03
1.509000000000000000e+03
1.427333333333333258e+03
1.444333333333333258e+03
1.433833333333333258e+03
1.468833333333333258e+03
1.481666666666666515e+03
1.505833333333333258e+03
1.471833333333333258e+03
1.439666666666666515e+03
1.432833333333333258e+03
1.454166666666666515e+03
1.438666666666666515e+03
1.420166666666666515e+03
1.378166666666666515e+03
1.379000000000000000e+03
1.366166666666666515e+03
1.412333333333333258e+03
1.414833333333333258e+03
1.431000000000000000e+03
1.394666666666666515e+03
1.427333333333333258e+03
1.407666666666666515e+03
1.471500000000000000e+03
1.440166666666666515e+03
1.466666666666666515e+03
1.401333333333333258e+03
1.406500000000000000e+03
1.366666666666666515e+03
1.395500000000000000e+03
1.393500000000000000e+03
1.427000000000000000e+03
1.375000000000000000e+03
1.380000000000000000e+03
1.358833333333333258e+03
1.434000000000000000e+03
1.430500000000000000e+03
1.472500000000000000e+03
1.461166666666666515e+03
1.523000000000000000e+03
1.473500000000000000e+03
1.480333333333333258e+03
1.375666666666666515e+03
1.397000000000000000e+03
1.355333333333333258e+03
1.417000000000000000e+03
1.389833333333333258e+03
1.397000000000000000e+03
1.364666666666666515e+03
1.418166666666666515e+03
1.428500000000000000e+03
1.423666666666666515e+03
1.381666666666666515e+03
1.393666666666666515e+03
1.383000000000000000e+03
1.422333333333333258e+03
1.388000000000000000e+03
1.442666666666666515e+03
1.412833333333333258e+03
1.447000000000000000e+03
1.401000000000000000e+03
1.395000000000000000e+03
1.366333333333333258e+03
1.413333333333333258e+03
1.394666666666666515e+03
1.413333333333333258e+03
1.369000000000000000e+03
1.390666666666666515e+03
1.402000000000000000e+03
1.468833333333333258e+03
1.443000000000000000e+03
1.387166666666666515e+03
1.305500000000000000e+03
1.354500000000000000e+03
1.376000000000000000e+03
1.443166666666666515e+03
1.417500000000000000e+03
1.418500000000000000e+03
1.373500000000000000e+03
1.372166666666666515e+03
1.373833333333333258e+03
1.409166666666666515e+03
1.379333333333333258e+03
1.413500000000000000e+03
1.408000000000000000e+03
1.483333333333333258e+03
1.481833333333333258e+03
1.510166666666666515e+03
1.461833333333333258e+03
1.490666666666666515e+03
1.467333333333333258e+03
1.452833333333333258e+03
1.373500000000000000e+03
1.388500000000000000e+03
1.410000000000000000e+03
1.458333333333333258e+03
1.423666666666666515e+03
1.476333333333333258e+03
1.485333333333333258e+03
1.498500000000000000e+03
1.460000000000000000e+03
1.508000000000000000e+03
1.504833333333333258e+03
1.521333333333333030e+03
1.467333333333333258e+03
1.503500000000000000e+03
1.469833333333333258e+03
1.486000000000000000e+03
1.428666666666666515e+03
1.472166666666666515e+03
1.455000000000000000e+03
1.526666666666666515e+03
1.525166666666666515e+03
1.537666666666666515e+03
1.470000000000000000e+03
1.464500000000000000e+03
1.435666666666666515e+03
1.497833333333333258e+03
1.476166666666666515e+03
1.473499999999999773e+03
1.402333333333333258e+03
1.428333333333333258e+03
1.398333333333333258e+03
1.404000000000000000e+03
1.366333333333333258e+03
1.425000000000000000e+03
1.393333333333333258e+03
1.404666666666666515e+03
1.382000000000000000e+03
1.440000000000000000e+03
1.411000000000000000e+03
1.425833333333333258e+03
1.430000000000000000e+03
1.467666666666666515e+03
1.440000000000000000e+03
1.443500000000000000e+03
1.426333333333333258e+03
1.481333333333333258e+03
1.455000000000000000e+03
1.479500000000000000e+03
1.471666666666666515e+03
1.522500000000000000e+03
1.524833333333333258e+03
1.504333333333333030e+03
1.486333333333333258e+03
1.511166666666666515e+03
1.499833333333333258e+03
1.518500000000000000e+03
1.460333333333333258e+03
1.491000000000000000e+03
1.484666666666666515e+03
1.564833333333333258e+03
1.541333333333333258e+03
1.568166666666666515e+03
1.503500000000000000e+03
1.494833333333333258e+03
1.433666666666666515e+03
1.435333333333333258e+03
1.401833333333333258e+03
1.406666666666666515e+03
1.392166666666666515e+03
1.453333333333333258e+03
1.427166666666666515e+03
1.445500000000000000e+03
1.432166666666666515e+03
1.455833333333333258e+03
1.429333333333333258e+03
1.442666666666666515e+03
1.454000000000000000e+03
1.530500000000000000e+03
1.529333333333333258e+03
1.520500000000000000e+03
1.468666666666666515e+03
1.499166666666666515e+03
1.512000000000000000e+03
1.518666666666666515e+03
1.435166666666666515e+03
1.461666666666666515e+03
1.448333333333333258e+03
1.497166666666666515e+03
1.435000000000000000e+03
1.450000000000000000e+03
1.421666666666666515e+03
1.477333333333333258e+03
1.462000000000000000e+03
1.536666666666666515e+03
1.523833333333333258e+03
1.584333333333333030e+03
1.550500000000000000e+03
1.565333333333333258e+03
1.478333333333333030e+03
1.463000000000000000e+03
1.457333333333333258e+03
1.555333333333333258e+03
1.577000000000000000e+03
1.537333333333333030e+03
1.473333333333333258e+03
1.488333333333333258e+03
1.519500000000000000e+03
1.564166666666666515e+03
1.483166666666666515e+03
1.465000000000000000e+03
1.403333333333333258e+03
1.454833333333333258e+03
1.450666666666666515e+03
1.529000000000000000e+03
1.509500000000000000e+03
1.535666666666666515e+03
1.470500000000000000e+03
1.505666666666666515e+03
1.404000000000000000e+03
1.383000000000000000e+03
1.333833333333333258e+03
1.422166666666666515e+03
1.439000000000000000e+03
1.451166666666666515e+03
1.401000000000000000e+03
1.417000000000000000e+03
1.396166666666666515e+03
1.440000000000000000e+03
1.385500000000000000e+03
1.419666666666666515e+03
9.326666666666666288e+02
