3.813817905563349200e+02
5.307151238896681207e+02
1.820484572230016624e+02
3.080484572230016624e+02
7.908817905563348631e+02
1.165381790556334863e+03
1.322381790556334863e+03
1.127715123889668121e+03
1.216381790556334863e+03
1.290048457223001606e+03
1.275715123889668121e+03
1.092048457223001606e+03
1.202715123889668121e+03
1.327548457223001606e+03
1.330715123889668121e+03
1.145881790556334863e+03
1.219548457223001606e+03
1.329715123889668121e+03
1.388548457223001378e+03
1.230881790556334863e+03
1.408215123889668121e+03
1.524215123889668121e+03
1.543548457223001378e+03
1.305048457223001378e+03
1.387381790556334863e+03
1.442048457223001606e+03
1.439715123889668121e+03
1.247881790556334863e+03
1.349548457223001606e+03
1.434215123889668121e+03
1.441548457223001606e+03
1.286381790556334863e+03
1.427881790556334863e+03
1.478048457223001378e+03
1.476381790556334863e+03
1.260881790556334636e+03
1.373715123889668121e+03
1.445048457223001606e+03
1.414048457223001606e+03
1.238215123889668121e+03
1.343381790556334863e+03
1.456881790556334636e+03
1.452048457223001606e+03
1.269215123889668121e+03
1.356381790556334863e+03
1.458381790556334863e+03
1.490048457223001606e+03
1.379215123889668121e+03
1.502881790556334636e+03
1.546048457223001378e+03
1.460548457223001606e+03
1.236215123889668121e+03
1.366381790556334863e+03
1.476548457223001606e+03
1.509881790556334636e+03
1.335048457223001606e+03
1.406548457223001606e+03
1.414048457223001606e+03
1.384215123889668121e+03
1.219548457223001606e+03
1.358048457223001606e+03
1.469381790556334636e+03
1.477048457223001606e+03
1.279048457223001606e+03
1.369881790556334863e+03
1.468715123889668121e+03
1.453381790556334863e+03
1.285048457223001606e+03
1.417881790556334863e+03
1.545715123889668121e+03
1.556715123889668121e+03
1.359048457223001606e+03
1.467048457223001606e+03
1.538048457223001606e+03
1.524215123889668121e+03
1.349548457223001606e+03
1.429548457223001606e+03
1.488548457223001378e+03
1.435048457223001606e+03
1.275715123889668121e+03
1.381715123889668121e+03
1.454381790556334636e+03
1.413548457223001606e+03
1.229548457223001606e+03
1.338548457223001606e+03
1.441381790556334863e+03
1.451381790556334863e+03
1.307048457223001378e+03
1.396881790556334863e+03
1.445381790556334863e+03
1.448048457223001606e+03
1.272215123889668121e+03
1.384381790556334863e+03
1.461048457223001606e+03
1.453715123889668121e+03
1.355881790556334636e+03
1.477715123889668121e+03
1.560381790556334636e+03
1.477215123889668121e+03
1.257881790556334636e+03
1.363548457223001606e+03
1.463548457223001606e+03
1.457381790556334863e+03
1.254215123889668121e+03
1.324881790556334863e+03
1.369715123889668121e+03
1.366548457223001606e+03
1.213215123889668121e+03
1.362715123889668121e+03
1.453715123889668121e+03
1.454215123889668121e+03
1.264048457223001606e+03
1.422048457223001606e+03
1.542381790556334636e+03
1.565715123889668121e+03
1.341548457223001378e+03
1.401215123889668121e+03
1.434715123889668121e+03
1.417715123889668121e+03
1.236215123889668121e+03
1.378881790556334863e+03
1.466048457223001606e+03
1.471381790556334636e+03
1.260048457223001378e+03
1.349715123889668121e+03
1.382881790556334863e+03
1.358715123889668121e+03
1.200881790556334863e+03
1.372548457223001606e+03
1.482381790556334863e+03
1.428048457223001606e+03
1.175381790556334863e+03
1.282381790556334863e+03
1.415881790556334863e+03
1.444548457223001606e+03
1.267881790556334863e+03
1.345381790556334863e+03
1.422715123889668121e+03
1.394548457223001606e+03
1.229048457223001606e+03
1.362048457223001606e+03
1.511548457223001606e+03
1.559715123889668121e+03
1.345715123889668121e+03
1.357715123889668121e+03
1.399215123889668121e+03
1.436715123889668121e+03
1.299381790556334863e+03
1.358548457223001606e+03
1.404381790556334636e+03
1.414881790556334863e+03
1.290381790556334863e+03
1.413215123889668121e+03
1.482881790556334863e+03
1.463715123889668121e+03
1.280548457223001378e+03
1.383215123889668121e+03
1.459548457223001606e+03
1.465381790556334636e+03
1.299381790556334636e+03
1.372048457223001606e+03
1.419715123889668121e+03
1.393548457223001606e+03
1.252381790556334863e+03
1.346381790556334863e+03
1.406715123889668121e+03
1.412381790556334636e+03
1.272715123889668121e+03
1.388715123889668121e+03
1.462715123889668121e+03
1.433715123889668121e+03
1.244381790556334863e+03
1.288548457223001606e+03
1.388881790556334863e+03
1.461881790556334863e+03
1.316048457223001606e+03
1.373715123889668121e+03
1.430715123889668121e+03
1.470715123889668121e+03
1.312881790556334863e+03
1.376548457223001606e+03
1.404048457223001606e+03
1.391881790556334636e+03
1.243715123889668121e+03
1.367215123889668121e+03
1.441381790556334863e+03
1.433381790556334863e+03
1.242381790556334863e+03
1.394715123889668121e+03
1.480715123889668121e+03
1.455715123889668121e+03
1.263715123889668121e+03
1.350381790556334863e+03
1.458548457223001606e+03
1.484381790556334863e+03
1.321048457223001378e+03
1.420381790556334863e+03
1.453215123889668121e+03
1.436215123889668121e+03
1.286048457223001378e+03
1.406381790556334863e+03
1.463215123889668121e+03
1.461381790556334863e+03
1.288715123889668121e+03
1.373881790556334863e+03
1.413881790556334863e+03
1.406881790556334863e+03
1.278715123889668121e+03
1.404881790556334863e+03
1.463381790556334863e+03
1.431381790556334636e+03
1.250881790556334863e+03
1.351881790556334863e+03
1.423048457223001378e+03
1.345715123889668121e+03
1.142548457223001378e+03
1.278715123889668121e+03
1.479881790556334863e+03
1.546881790556334863e+03
1.341881790556334863e+03
1.357715123889668121e+03
1.391715123889668121e+03
1.414215123889668121e+03
1.259548457223001606e+03
1.361548457223001606e+03
1.437381790556334863e+03
1.477881790556334636e+03
1.317881790556334863e+03
1.404881790556334863e+03
1.445381790556334636e+03
1.460881790556334863e+03
1.306881790556334863e+03
1.368381790556334863e+03
1.364715123889668121e+03
1.361215123889668121e+03
1.243048457223001606e+03
1.402381790556334863e+03
1.431048457223001606e+03
1.421381790556334863e+03
1.243048457223001606e+03
1.364715123889668121e+03
1.403715123889668121e+03
1.359881790556334863e+03
1.184715123889668121e+03
1.288215123889668121e+03
1.384881790556334863e+03
1.363381790556334863e+03
1.186881790556334863e+03
1.287381790556334863e+03
1.393215123889668121e+03
1.431548457223001606e+03
1.286215123889668121e+03
1.409381790556334863e+03
1.453381790556334636e+03
1.446715123889668121e+03
1.274548457223001606e+03
1.372715123889668121e+03
1.415215123889668121e+03
1.390548457223001606e+03
1.211881790556334863e+03
1.299215123889668121e+03
1.378715123889668121e+03
1.427715123889668121e+03
1.312215123889668121e+03
1.416881790556334863e+03
1.454881790556334636e+03
1.434215123889668121e+03
1.230381790556334863e+03
1.311381790556334863e+03
1.361048457223001378e+03
1.386548457223001606e+03
1.246548457223001606e+03
1.373715123889668121e+03
1.394215123889668121e+03
1.371381790556334863e+03
1.179548457223001606e+03
1.285381790556334863e+03
1.342881790556334863e+03
1.336048457223001378e+03
1.189881790556334636e+03
1.353881790556334863e+03
1.460048457223001606e+03
1.475715123889668121e+03
1.252881790556334863e+03
1.308548457223001606e+03
1.394215123889668121e+03
1.478381790556334636e+03
1.350381790556334636e+03
1.421215123889668121e+03
1.399048457223001606e+03
1.407215123889668121e+03
1.263048457223001606e+03
1.357048457223001606e+03
1.377381790556334636e+03
1.361715123889668121e+03
1.250215123889668121e+03
1.397548457223001606e+03
1.485881790556334863e+03
1.488548457223001606e+03
1.288215123889668121e+03
1.349215123889668121e+03
1.385215123889668121e+03
1.355381790556334863e+03
1.209715123889668121e+03
1.312215123889668121e+03
1.417881790556334863e+03
1.409715123889668121e+03
1.283881790556334863e+03
1.390715123889668121e+03
1.472715123889668121e+03
1.475548457223001606e+03
1.358881790556334636e+03
1.434548457223001606e+03
1.422048457223001606e+03
1.346548457223001606e+03
1.210881790556334863e+03
1.354548457223001606e+03
1.413715123889668121e+03
1.402881790556334636e+03
1.189048457223001606e+03
1.238548457223001606e+03
1.246881790556334863e+03
1.251048457223001606e+03
1.145715123889668121e+03
1.239881790556334863e+03
1.326215123889668121e+03
1.338381790556334636e+03
1.216548457223001606e+03
1.283215123889668121e+03
1.331715123889668121e+03
1.341048457223001606e+03
1.216048457223001606e+03
1.300048457223001606e+03
1.392215123889668121e+03
1.403881790556334863e+03
1.297881790556334636e+03
1.332215123889668121e+03
1.389048457223001606e+03
1.412381790556334863e+03
1.308215123889668121e+03
1.368715123889668121e+03
1.371881790556334636e+03
1.365715123889668121e+03
1.260881790556334863e+03
1.363715123889668121e+03
1.387548457223001606e+03
1.343215123889668121e+03
1.193881790556334863e+03
1.328715123889668121e+03
1.443548457223001378e+03
1.433881790556334863e+03
1.255715123889668121e+03
1.327381790556334863e+03
1.383715123889668121e+03
1.391215123889668121e+03
1.184715123889668121e+03
1.246881790556334863e+03
1.299548457223001606e+03
1.371215123889668121e+03
1.264381790556334636e+03
1.305381790556334863e+03
1.331215123889668121e+03
1.328881790556334863e+03
1.225881790556334863e+03
1.305048457223001606e+03
1.356381790556334636e+03
1.403215123889668121e+03
1.294715123889668121e+03
1.404215123889668121e+03
1.410048457223001606e+03
1.390215123889668121e+03
1.202548457223001606e+03
1.253548457223001606e+03
1.324715123889668121e+03
1.424548457223001378e+03
1.349715123889668121e+03
1.406548457223001378e+03
1.354048457223001378e+03
1.333548457223001378e+03
1.228381790556334863e+03
1.339048457223001606e+03
1.373715123889668121e+03
1.343048457223001606e+03
1.195215123889668121e+03
1.290048457223001606e+03
1.353215123889668121e+03
1.386381790556334863e+03
1.268881790556334863e+03
1.328048457223001606e+03
1.351048457223001378e+03
1.316548457223001378e+03
1.166048457223001378e+03
1.247215123889668121e+03
1.306715123889668121e+03
1.326048457223001606e+03
1.197381790556334863e+03
1.268548457223001606e+03
1.309215123889668121e+03
1.323715123889668121e+03
1.220381790556334863e+03
1.357881790556334863e+03
1.381548457223001606e+03
1.339381790556334863e+03
1.168215123889668121e+03
1.248881790556334863e+03
1.314381790556334863e+03
1.329548457223001378e+03
1.237048457223001606e+03
1.334381790556334863e+03
1.340048457223001606e+03
1.334548457223001606e+03
1.225215123889668121e+03
1.348381790556334863e+03
1.401715123889668121e+03
1.432381790556334636e+03
1.345548457223001378e+03
1.401715123889668121e+03
1.391048457223001606e+03
1.336881790556334636e+03
1.195881790556334863e+03
1.257381790556334863e+03
1.284048457223001378e+03
1.318881790556334863e+03
1.242381790556334863e+03
1.348881790556334863e+03
1.359381790556334863e+03
1.335548457223001606e+03
1.226881790556334863e+03
1.345881790556334863e+03
1.418881790556334636e+03
1.447215123889668121e+03
1.265715123889668121e+03
1.315048457223001606e+03
1.313548457223001606e+03
1.356381790556334863e+03
1.233715123889668121e+03
1.292548457223001606e+03
1.276381790556334636e+03
1.285048457223001606e+03
1.225715123889668121e+03
1.349048457223001606e+03
1.373215123889668121e+03
1.332381790556334636e+03
1.196881790556334863e+03
1.253381790556334863e+03
1.282048457223001378e+03
1.341381790556334863e+03
1.298048457223001378e+03
1.370881790556334636e+03
1.362881790556334863e+03
1.350381790556334863e+03
1.257381790556334636e+03
1.340381790556334636e+03
1.386048457223001606e+03
1.374215123889668121e+03
1.275881790556334863e+03
1.289548457223001606e+03
1.358215123889668121e+03
1.433881790556334636e+03
1.356715123889668121e+03
1.401048457223001378e+03
1.363881790556334863e+03
1.373381790556334863e+03
1.262715123889668121e+03
1.326715123889668121e+03
1.351048457223001378e+03
1.346715123889668121e+03
1.237381790556334636e+03
1.307715123889668121e+03
1.365881790556334863e+03
1.393548457223001378e+03
1.270715123889668121e+03
1.309381790556334636e+03
1.320381790556334863e+03
1.323048457223001606e+03
1.199048457223001606e+03
1.262715123889668121e+03
1.314548457223001378e+03
1.359548457223001606e+03
1.262215123889668121e+03
1.342715123889668121e+03
1.378048457223001606e+03
1.397215123889668121e+03
1.255215123889668121e+03
1.277881790556334863e+03
1.277715123889668121e+03
1.317048457223001606e+03
1.221048457223001606e+03
1.254881790556334863e+03
1.212215123889668121e+03
1.228881790556334863e+03
1.159215123889668121e+03
1.261381790556334863e+03
1.324548457223001606e+03
1.361215123889668121e+03
1.287048457223001606e+03
1.327215123889668121e+03
1.307381790556334636e+03
1.312381790556334863e+03
1.195048457223001606e+03
1.275715123889668121e+03
1.314715123889668121e+03
1.348715123889668121e+03
1.235548457223001606e+03
1.272048457223001606e+03
1.279381790556334636e+03
1.303048457223001378e+03
1.248715123889668121e+03
1.380215123889668121e+03
1.412381790556334863e+03
1.365548457223001378e+03
1.213548457223001606e+03
1.318548457223001606e+03
1.390881790556334636e+03
1.458548457223001378e+03
1.319548457223001606e+03
1.318215123889668121e+03
1.276715123889668121e+03
1.296715123889668121e+03
1.233381790556334863e+03
1.302048457223001606e+03
1.334548457223001606e+03
1.397715123889668121e+03
1.308881790556334636e+03
1.339881790556334863e+03
1.297881790556334636e+03
1.291048457223001378e+03
1.195715123889668121e+03
1.265048457223001606e+03
1.265381790556334636e+03
1.276548457223001378e+03
1.186715123889668121e+03
1.313048457223001606e+03
1.387881790556334636e+03
1.428881790556334636e+03
1.316215123889668121e+03
1.317715123889668121e+03
1.297715123889668121e+03
1.305715123889668121e+03
1.245381790556334863e+03
1.319548457223001606e+03
1.323881790556334636e+03
1.331548457223001606e+03
1.239548457223001606e+03
1.318548457223001606e+03
1.340048457223001606e+03
1.387215123889668121e+03
1.307548457223001606e+03
1.363715123889668121e+03
1.357715123889668121e+03
1.399715123889668121e+03
1.299715123889668121e+03
1.353381790556334636e+03
1.307715123889668121e+03
1.312715123889668121e+03
1.169048457223001606e+03
1.241881790556334863e+03
1.276048457223001606e+03
1.356215123889668121e+03
1.276048457223001606e+03
1.366715123889668121e+03
1.371715123889668121e+03
1.362381790556334636e+03
1.247381790556334863e+03
1.319881790556334863e+03
1.354881790556334636e+03
1.368381790556334863e+03
1.269381790556334636e+03
1.345215123889668121e+03
1.330048457223001378e+03
1.328048457223001606e+03
1.181548457223001606e+03
1.281048457223001606e+03
1.344381790556334863e+03
1.457548457223001606e+03
1.390048457223001378e+03
1.417715123889668121e+03
1.361715123889668121e+03
1.324048457223001606e+03
1.196215123889668121e+03
1.255048457223001606e+03
1.282715123889668121e+03
1.322048457223001606e+03
1.225381790556334863e+03
1.248881790556334863e+03
1.259215123889668121e+03
1.298715123889668121e+03
1.231381790556334863e+03
1.271381790556334863e+03
1.223381790556334863e+03
1.236881790556334863e+03
1.183881790556334863e+03
1.278048457223001606e+03
1.287548457223001606e+03
1.339381790556334863e+03
1.288215123889668121e+03
1.398381790556334636e+03
1.406381790556334863e+03
1.439715123889668121e+03
1.331048457223001606e+03
1.342215123889668121e+03
1.327881790556334863e+03
1.348381790556334863e+03
1.286548457223001606e+03
1.320381790556334863e+03
1.293881790556334863e+03
1.326715123889668121e+03
1.305048457223001606e+03
1.415048457223001606e+03
1.384881790556334863e+03
1.367715123889668121e+03
1.277381790556334636e+03
1.368881790556334863e+03
1.365381790556334863e+03
1.308548457223001378e+03
1.178215123889668121e+03
1.228048457223001606e+03
1.270215123889668121e+03
1.288881790556334636e+03
1.202881790556334863e+03
1.235381790556334863e+03
1.220548457223001606e+03
1.229715123889668121e+03
1.156548457223001606e+03
1.222715123889668121e+03
1.247548457223001606e+03
1.304548457223001378e+03
1.227048457223001606e+03
1.283215123889668121e+03
1.302715123889668121e+03
1.364048457223001378e+03
1.281048457223001378e+03
1.308381790556334636e+03
1.299381790556334863e+03
1.341548457223001606e+03
1.283048457223001606e+03
1.335381790556334636e+03
1.316715123889668121e+03
1.336715123889668121e+03
1.286715123889668121e+03
1.377548457223001606e+03
1.357215123889668121e+03
1.329215123889668121e+03
1.201548457223001606e+03
1.266881790556334863e+03
1.342215123889668121e+03
1.446881790556334636e+03
1.400548457223001378e+03
1.414215123889668121e+03
1.326548457223001606e+03
1.332215123889668121e+03
1.233715123889668121e+03
1.282715123889668121e+03
1.261381790556334863e+03
1.313881790556334636e+03
1.276715123889668121e+03
1.352048457223001606e+03
1.340881790556334863e+03
1.363048457223001606e+03
1.221381790556334863e+03
1.212215123889668121e+03
1.214381790556334863e+03
1.319881790556334863e+03
1.328548457223001606e+03
1.389048457223001606e+03
1.350715123889668121e+03
1.389381790556334636e+03
1.303881790556334636e+03
1.363715123889668121e+03
1.304548457223001606e+03
1.334381790556334863e+03
1.242215123889668121e+03
1.312548457223001606e+03
1.282048457223001606e+03
1.354548457223001606e+03
1.317215123889668121e+03
1.386215123889668121e+03
1.344381790556334863e+03
1.331881790556334863e+03
1.238881790556334863e+03
1.315215123889668121e+03
1.325048457223001378e+03
1.392715123889668121e+03
1.288215123889668121e+03
1.331048457223001606e+03
1.338548457223001606e+03
1.454048457223001606e+03
1.413881790556334863e+03
1.450881790556334636e+03
1.381381790556334636e+03
1.386381790556334863e+03
1.274215123889668121e+03
1.267881790556334863e+03
1.221715123889668121e+03
1.216715123889668121e+03
1.216548457223001606e+03
1.308548457223001606e+03
1.331048457223001606e+03
1.325381790556334863e+03
1.202048457223001606e+03
1.233715123889668121e+03
1.228048457223001606e+03
1.308548457223001606e+03
1.258381790556334863e+03
1.336715123889668121e+03
1.292548457223001378e+03
1.296048457223001606e+03
1.200715123889668121e+03
1.296881790556334863e+03
1.357048457223001606e+03
1.356048457223001378e+03
1.245548457223001606e+03
1.261881790556334863e+03
1.320048457223001606e+03
1.337715123889668121e+03
1.246715123889668121e+03
1.278215123889668121e+03
1.290715123889668121e+03
1.351215123889668121e+03
1.243715123889668121e+03
1.293715123889668121e+03
1.295548457223001378e+03
1.341715123889668121e+03
1.294215123889668121e+03
1.323715123889668121e+03
1.336548457223001606e+03
1.357881790556334863e+03
1.264715123889668121e+03
1.250881790556334863e+03
1.214881790556334863e+03
1.255548457223001606e+03
1.222381790556334863e+03
1.241715123889668121e+03
1.254048457223001606e+03
1.313715123889668121e+03
1.274215123889668121e+03
1.347548457223001606e+03
1.367715123889668121e+03
1.421548457223001606e+03
1.297048457223001606e+03
1.272548457223001606e+03
1.218548457223001606e+03
1.239215123889668121e+03
1.144715123889668121e+03
1.230381790556334863e+03
1.311215123889668121e+03
1.366715123889668121e+03
1.224881790556334863e+03
1.152715123889668121e+03
1.140881790556334863e+03
1.229048457223001606e+03
1.211215123889668121e+03
1.261548457223001606e+03
1.246048457223001606e+03
1.300548457223001606e+03
1.290715123889668121e+03
1.355881790556334863e+03
1.331715123889668121e+03
1.358548457223001378e+03
1.299881790556334636e+03
1.363381790556334863e+03
1.322548457223001606e+03
1.313548457223001606e+03
1.230381790556334863e+03
1.281048457223001606e+03
1.335715123889668121e+03
1.333215123889668121e+03
1.230381790556334863e+03
1.225548457223001606e+03
1.257715123889668121e+03
1.321881790556334863e+03
1.257881790556334863e+03
1.308715123889668121e+03
1.323715123889668121e+03
1.411215123889668121e+03
1.326548457223001606e+03
1.338215123889668121e+03
1.288048457223001378e+03
1.291881790556334863e+03
1.228548457223001378e+03
1.296548457223001606e+03
1.313715123889668121e+03
1.327881790556334863e+03
1.213881790556334863e+03
1.245048457223001606e+03
1.227881790556334863e+03
1.261215123889668121e+03
1.180048457223001606e+03
1.242048457223001606e+03
1.253548457223001606e+03
1.323881790556334863e+03
1.274048457223001606e+03
1.303881790556334863e+03
1.277048457223001606e+03
1.299548457223001606e+03
1.240215123889668121e+03
1.332548457223001606e+03
1.362548457223001606e+03
1.413715123889668121e+03
1.322548457223001606e+03
1.327215123889668121e+03
1.310381790556334863e+03
1.318881790556334636e+03
1.265715123889668121e+03
1.297881790556334863e+03
1.287215123889668121e+03
1.289548457223001378e+03
1.208881790556334863e+03
1.299381790556334863e+03
1.296548457223001606e+03
1.330881790556334863e+03
1.233048457223001606e+03
1.308381790556334863e+03
1.297548457223001606e+03
1.304048457223001606e+03
1.203381790556334863e+03
1.272048457223001606e+03
1.285215123889668121e+03
1.316715123889668121e+03
1.227548457223001606e+03
1.305881790556334863e+03
1.326881790556334636e+03
1.390048457223001606e+03
1.280881790556334863e+03
1.335048457223001606e+03
1.298048457223001606e+03
1.269715123889668121e+03
1.132548457223001606e+03
1.194381790556334863e+03
1.243048457223001606e+03
1.253215123889668121e+03
1.171715123889668121e+03
1.252048457223001606e+03
1.327048457223001378e+03
1.377881790556334863e+03
1.315381790556334636e+03
1.377215123889668121e+03
1.375048457223001606e+03
1.367548457223001606e+03
1.224715123889668121e+03
1.216548457223001606e+03
1.211048457223001606e+03
1.256215123889668121e+03
1.189548457223001606e+03
1.238715123889668121e+03
1.246048457223001378e+03
1.289381790556334636e+03
1.228048457223001606e+03
1.295548457223001606e+03
1.345548457223001606e+03
1.361381790556334863e+03
1.247048457223001606e+03
1.243215123889668121e+03
1.238548457223001606e+03
1.299715123889668121e+03
1.228548457223001606e+03
1.294548457223001606e+03
1.285048457223001606e+03
1.322381790556334863e+03
1.251715123889668121e+03
1.317715123889668121e+03
1.307548457223001378e+03
1.319548457223001606e+03
1.233381790556334863e+03
1.345548457223001606e+03
1.352048457223001606e+03
1.352215123889668121e+03
1.230548457223001606e+03
1.314048457223001606e+03
1.318548457223001606e+03
1.339881790556334636e+03
1.216048457223001606e+03
1.282548457223001606e+03
1.284215123889668121e+03
1.325548457223001606e+03
1.234215123889668121e+03
1.299215123889668121e+03
1.297215123889668121e+03
1.341715123889668121e+03
1.251215123889668121e+03
1.300548457223001606e+03
1.295215123889668121e+03
1.322548457223001606e+03
1.272548457223001606e+03
1.342215123889668121e+03
1.323381790556334863e+03
1.337381790556334863e+03
1.284381790556334636e+03
1.353548457223001606e+03
1.314215123889668121e+03
1.277215123889668121e+03
1.186048457223001606e+03
1.271215123889668121e+03
1.281548457223001606e+03
1.266548457223001378e+03
1.165381790556334863e+03
1.255215123889668121e+03
1.313881790556334863e+03
1.359715123889668121e+03
1.272215123889668121e+03
1.352715123889668121e+03
1.373381790556334863e+03
1.383715123889668121e+03
1.272715123889668121e+03
1.318548457223001606e+03
1.310048457223001606e+03
1.332881790556334863e+03
1.221548457223001606e+03
1.275048457223001606e+03
1.287381790556334636e+03
1.291715123889668121e+03
1.179548457223001606e+03
1.160048457223001606e+03
1.195215123889668121e+03
1.296215123889668121e+03
1.244215123889668121e+03
1.285548457223001606e+03
1.238215123889668121e+03
1.248881790556334863e+03
1.132881790556334863e+03
1.198215123889668121e+03
1.244881790556334863e+03
1.291215123889668121e+03
1.171881790556334863e+03
1.190048457223001606e+03
1.186215123889668121e+03
1.218715123889668121e+03
1.162381790556334863e+03
1.268215123889668121e+03
1.310048457223001606e+03
1.340881790556334636e+03
1.214048457223001606e+03
1.230715123889668121e+03
1.241215123889668121e+03
1.283381790556334863e+03
1.241881790556334863e+03
1.304715123889668121e+03
1.321381790556334636e+03
1.328381790556334636e+03
1.210881790556334863e+03
1.239048457223001606e+03
1.240881790556334863e+03
1.264881790556334863e+03
1.182048457223001606e+03
1.214548457223001606e+03
1.213381790556334863e+03
1.223215123889668121e+03
1.172381790556334863e+03
1.253715123889668121e+03
1.316381790556334863e+03
1.379715123889668121e+03
1.326548457223001606e+03
1.314715123889668121e+03
1.234881790556334636e+03
1.196048457223001606e+03
1.132381790556334863e+03
1.237215123889668121e+03
1.315548457223001606e+03
1.356048457223001606e+03
1.278215123889668121e+03
1.320548457223001606e+03
1.338381790556334863e+03
1.329881790556334636e+03
1.192215123889668121e+03
1.198548457223001606e+03
1.253881790556334863e+03
1.294048457223001378e+03
1.253048457223001606e+03
1.292215123889668121e+03
1.323381790556334863e+03
1.299715123889668121e+03
1.179381790556334863e+03
1.228548457223001606e+03
1.299881790556334863e+03
1.349881790556334863e+03
1.276381790556334636e+03
1.308548457223001606e+03
1.272715123889668121e+03
1.232715123889668121e+03
1.141381790556334863e+03
1.252548457223001606e+03
1.270881790556334863e+03
1.274548457223001378e+03
1.145881790556334863e+03
1.214048457223001606e+03
1.214215123889668121e+03
1.223715123889668121e+03
1.119215123889668121e+03
1.184548457223001606e+03
1.214215123889668121e+03
1.264048457223001606e+03
1.202881790556334863e+03
1.309881790556334863e+03
1.338881790556334863e+03
1.369381790556334636e+03
1.220215123889668121e+03
1.228381790556334863e+03
1.203548457223001606e+03
1.270715123889668121e+03
1.235381790556334863e+03
1.323381790556334863e+03
1.291881790556334636e+03
1.261881790556334863e+03
1.105715123889668121e+03
1.146715123889668121e+03
1.193548457223001606e+03
1.251548457223001606e+03
1.204048457223001606e+03
1.272548457223001606e+03
1.308548457223001606e+03
1.302548457223001606e+03
1.192548457223001606e+03
1.217881790556334863e+03
1.203215123889668121e+03
1.212548457223001606e+03
1.145881790556334863e+03
1.261215123889668121e+03
1.343881790556334636e+03
1.386048457223001606e+03
1.278215123889668121e+03
1.267881790556334863e+03
1.255381790556334863e+03
1.276381790556334863e+03
1.230548457223001606e+03
1.323881790556334863e+03
1.358881790556334863e+03
1.301715123889668121e+03
1.155715123889668121e+03
1.196048457223001606e+03
1.275048457223001378e+03
1.314215123889668121e+03
1.234048457223001606e+03
1.226548457223001606e+03
1.226048457223001606e+03
1.262881790556334863e+03
1.219548457223001606e+03
1.270548457223001606e+03
1.271548457223001606e+03
1.336881790556334863e+03
1.336548457223001606e+03
1.359048457223001606e+03
1.300215123889668121e+03
1.254548457223001606e+03
1.158715123889668121e+03
1.205881790556334863e+03
1.179048457223001606e+03
1.215048457223001606e+03
1.138048457223001606e+03
1.232881790556334863e+03
1.262715123889668121e+03
1.287048457223001606e+03
1.178881790556334863e+03
1.201715123889668121e+03
1.189715123889668121e+03
1.178381790556334863e+03
1.094548457223001606e+03
1.205048457223001606e+03
1.290881790556334863e+03
1.343548457223001606e+03
1.260881790556334863e+03
1.294215123889668121e+03
1.302048457223001606e+03
1.280048457223001378e+03
1.210048457223001606e+03
1.265381790556334863e+03
1.286548457223001606e+03
1.249381790556334863e+03
1.138881790556334863e+03
1.186715123889668121e+03
1.228548457223001378e+03
1.246715123889668121e+03
1.205381790556334863e+03
1.282381790556334863e+03
1.304381790556334863e+03
1.291215123889668121e+03
1.170881790556334863e+03
1.236548457223001606e+03
1.277881790556334863e+03
1.305215123889668121e+03
1.223548457223001606e+03
1.232548457223001606e+03
1.282215123889668121e+03
1.304881790556334636e+03
1.214715123889668121e+03
1.175215123889668121e+03
1.122548457223001606e+03
1.128381790556334863e+03
1.116715123889668121e+03
1.257715123889668121e+03
1.337048457223001606e+03
1.349048457223001378e+03
1.214881790556334863e+03
1.227548457223001606e+03
1.293215123889668121e+03
1.401881790556334863e+03
1.362215123889668121e+03
1.397881790556334636e+03
1.326715123889668121e+03
1.328048457223001606e+03
1.222048457223001606e+03
1.285548457223001606e+03
1.301381790556334863e+03
1.323381790556334636e+03
1.234881790556334863e+03
1.280881790556334863e+03
1.280215123889668121e+03
1.314048457223001606e+03
1.195548457223001606e+03
1.224381790556334863e+03
1.241215123889668121e+03
1.317548457223001606e+03
1.260048457223001378e+03
1.269381790556334863e+03
1.251715123889668121e+03
1.246215123889668121e+03
1.197215123889668121e+03
1.276048457223001606e+03
1.323715123889668121e+03
1.324215123889668121e+03
1.215381790556334863e+03
1.245381790556334863e+03
1.268215123889668121e+03
1.296381790556334636e+03
1.234215123889668121e+03
1.283048457223001606e+03
1.337381790556334863e+03
1.393881790556334863e+03
1.295548457223001606e+03
1.316715123889668121e+03
1.301048457223001606e+03
1.325215123889668121e+03
1.228715123889668121e+03
1.295048457223001606e+03
1.336381790556334636e+03
1.340215123889668121e+03
1.219881790556334863e+03
1.271048457223001606e+03
1.279548457223001606e+03
1.264215123889668121e+03
1.187881790556334863e+03
1.244881790556334863e+03
1.275881790556334863e+03
1.244881790556334863e+03
1.182215123889668121e+03
1.273048457223001606e+03
1.314715123889668121e+03
1.313715123889668121e+03
1.221215123889668121e+03
1.252715123889668121e+03
1.276381790556334863e+03
1.237381790556334636e+03
1.147215123889668121e+03
1.170548457223001606e+03
1.244715123889668121e+03
1.295381790556334636e+03
1.242048457223001606e+03
1.255881790556334863e+03
1.241215123889668121e+03
1.242381790556334863e+03
1.181381790556334863e+03
1.276881790556334863e+03
1.319715123889668121e+03
1.320548457223001606e+03
1.226548457223001606e+03
1.253381790556334863e+03
1.259048457223001606e+03
1.217881790556334863e+03
1.123215123889668121e+03
1.198548457223001606e+03
1.260715123889668121e+03
1.289548457223001606e+03
1.211381790556334863e+03
1.266048457223001606e+03
1.271048457223001606e+03
1.261881790556334636e+03
1.168048457223001606e+03
1.230048457223001606e+03
1.253548457223001606e+03
1.267715123889668121e+03
1.173381790556334863e+03
1.213048457223001606e+03
1.242048457223001606e+03
1.277548457223001606e+03
1.229215123889668121e+03
1.331215123889668121e+03
1.345881790556334863e+03
1.321881790556334863e+03
1.171215123889668121e+03
1.213881790556334863e+03
1.262548457223001606e+03
1.250381790556334636e+03
1.176215123889668121e+03
1.215715123889668121e+03
1.234715123889668121e+03
1.208215123889668121e+03
1.105048457223001606e+03
1.188881790556334863e+03
1.252048457223001606e+03
1.308215123889668121e+03
1.204381790556334863e+03
1.254715123889668121e+03
1.240715123889668121e+03
1.287215123889668121e+03
1.222048457223001606e+03
1.287215123889668121e+03
1.284215123889668121e+03
1.268548457223001606e+03
1.188381790556334863e+03
1.241715123889668121e+03
1.213381790556334863e+03
1.233381790556334863e+03
1.149548457223001606e+03
1.234548457223001606e+03
1.293381790556334863e+03
1.340881790556334636e+03
1.279548457223001378e+03
1.291881790556334863e+03
1.272715123889668121e+03
1.341548457223001606e+03
1.271881790556334636e+03
1.329715123889668121e+03
1.322215123889668121e+03
1.350881790556334863e+03
1.294548457223001606e+03
1.335215123889668121e+03
1.341881790556334863e+03
1.315548457223001606e+03
1.212215123889668121e+03
1.249048457223001606e+03
1.313215123889668121e+03
1.332715123889668121e+03
1.262715123889668121e+03
1.308881790556334863e+03
1.315381790556334863e+03
1.303381790556334863e+03
1.217548457223001606e+03
1.292048457223001606e+03
1.320048457223001378e+03
1.322048457223001606e+03
1.243215123889668121e+03
1.320215123889668121e+03
1.358215123889668121e+03
1.379881790556334863e+03
1.261215123889668121e+03
1.296548457223001606e+03
1.276381790556334636e+03
1.269048457223001378e+03
1.197381790556334863e+03
1.279881790556334863e+03
1.338881790556334863e+03
1.355048457223001606e+03
1.290548457223001606e+03
1.351048457223001378e+03
1.370215123889668121e+03
1.364881790556334863e+03
1.310715123889668121e+03
1.379215123889668121e+03
1.423715123889668121e+03
1.389715123889668121e+03
1.289048457223001606e+03
1.317215123889668121e+03
1.348215123889668121e+03
1.391715123889668121e+03
1.302215123889668121e+03
1.373381790556334863e+03
1.343881790556334863e+03
1.323715123889668121e+03
1.255881790556334863e+03
1.369881790556334863e+03
1.445548457223001606e+03
1.434881790556334863e+03
1.321715123889668121e+03
1.348048457223001378e+03
1.362215123889668121e+03
1.354881790556334863e+03
1.270381790556334863e+03
1.319215123889668121e+03
1.356881790556334636e+03
1.412548457223001606e+03
1.388048457223001378e+03
1.454548457223001606e+03
1.453548457223001606e+03
1.433548457223001378e+03
1.388215123889668121e+03
1.446881790556334636e+03
1.481381790556334863e+03
1.480215123889668121e+03
1.414548457223001606e+03
1.473381790556334636e+03
1.475048457223001378e+03
1.484715123889668121e+03
1.383381790556334863e+03
1.445715123889668121e+03
1.448048457223001606e+03
1.440048457223001378e+03
1.317048457223001606e+03
1.368715123889668121e+03
1.390548457223001606e+03
1.409048457223001606e+03
1.347215123889668121e+03
1.426048457223001606e+03
1.451048457223001606e+03
1.450548457223001378e+03
1.374048457223001606e+03
1.493881790556334863e+03
1.541881790556334863e+03
1.562715123889668121e+03
1.430881790556334636e+03
1.443048457223001606e+03
1.442881790556334636e+03
1.470048457223001378e+03
1.443048457223001606e+03
1.495048457223001606e+03
1.504215123889668121e+03
1.489048457223001378e+03
1.411381790556334863e+03
1.458215123889668121e+03
1.489715123889668121e+03
1.521215123889668121e+03
1.458715123889668121e+03
1.530215123889668121e+03
1.590548457223001378e+03
1.598048457223001378e+03
1.480548457223001378e+03
1.481881790556334636e+03
1.498881790556334863e+03
1.528881790556334863e+03
1.492215123889668121e+03
1.599215123889668121e+03
1.615381790556334863e+03
1.592548457223001606e+03
1.442381790556334636e+03
1.487715123889668121e+03
1.506881790556334863e+03
1.535048457223001378e+03
1.460381790556334636e+03
1.543715123889668121e+03
1.636715123889668121e+03
1.662048457223001606e+03
1.555048457223001606e+03
1.562548457223001378e+03
1.564548457223001606e+03
1.542215123889668121e+03
1.449881790556334863e+03
1.530048457223001606e+03
1.583381790556334636e+03
1.616048457223001606e+03
1.528881790556334863e+03
1.601048457223001378e+03
1.633048457223001606e+03
1.661548457223001606e+03
1.587881790556334636e+03
1.618881790556334636e+03
1.648381790556334863e+03
1.696715123889668121e+03
1.612881790556334863e+03
1.633048457223001606e+03
1.597215123889668121e+03
1.623548457223001606e+03
1.565381790556334863e+03
1.635881790556334636e+03
1.658715123889668121e+03
1.681215123889668121e+03
1.606215123889668121e+03
1.651381790556334636e+03
1.653881790556334863e+03
1.629381790556334636e+03
1.543881790556334636e+03
1.657215123889668121e+03
1.712048457223001606e+03
1.743881790556334863e+03
1.657048457223001606e+03
1.708715123889668121e+03
1.757548457223001378e+03
1.750881790556334863e+03
1.636215123889668121e+03
1.641215123889668121e+03
1.648881790556334863e+03
1.706881790556334863e+03
1.648048457223001606e+03
1.693048457223001606e+03
1.697715123889668121e+03
1.750715123889668121e+03
1.662881790556334636e+03
1.699715123889668121e+03
1.689048457223001378e+03
1.716215123889668121e+03
1.670881790556334636e+03
1.699881790556334863e+03
1.737381790556334863e+03
1.765215123889668121e+03
1.723881790556334863e+03
1.784881790556334863e+03
1.807715123889668121e+03
1.797215123889668121e+03
1.683048457223001606e+03
1.717048457223001378e+03
1.722715123889668121e+03
1.741381790556334863e+03
1.680881790556334863e+03
1.763381790556334636e+03
1.779381790556334863e+03
1.779215123889668121e+03
1.671215123889668121e+03
1.730381790556334863e+03
1.726381790556334636e+03
1.773215123889668121e+03
1.726215123889668121e+03
1.848048457223001606e+03
1.857381790556334636e+03
1.826548457223001606e+03
1.719881790556334863e+03
1.810548457223001606e+03
1.890048457223001606e+03
1.947048457223001606e+03
1.916381790556334636e+03
1.961715123889668121e+03
1.930715123889668121e+03
1.879548457223001606e+03
1.782048457223001606e+03
1.857548457223001606e+03
1.906381790556334636e+03
1.928715123889668121e+03
1.866548457223001606e+03
1.935881790556334636e+03
2.005048457223001606e+03
2.060881790556334636e+03
1.941548457223001606e+03
1.921381790556334636e+03
1.903215123889668121e+03
1.970381790556334636e+03
1.958048457223001606e+03
2.026715123889668121e+03
2.011215123889668121e+03
2.015048457223001606e+03
1.892381790556334636e+03
1.893548457223001606e+03
1.892548457223001606e+03
1.964548457223001606e+03
1.969215123889668121e+03
2.101381790556334636e+03
2.106715123889668121e+03
2.113715123889668121e+03
1.985548457223001606e+03
2.042048457223001606e+03
2.076381790556334636e+03
2.103048457223001606e+03
2.083048457223001606e+03
2.170048457223001606e+03
2.183715123889668121e+03
2.180215123889668121e+03
2.075215123889668121e+03
2.109215123889668121e+03
2.078381790556334636e+03
2.075048457223001606e+03
2.032381790556334636e+03
2.167715123889668121e+03
2.222048457223001606e+03
2.264548457223001606e+03
2.121715123889668121e+03
2.103715123889668121e+03
2.057715123889668121e+03
2.064215123889668121e+03
2.036881790556334636e+03
2.105881790556334636e+03
2.108715123889668121e+03
2.131215123889668121e+03
2.065715123889668121e+03
2.167215123889668121e+03
2.188381790556334636e+03
2.261881790556334636e+03
2.200881790556334636e+03
2.228381790556334636e+03
2.177881790556334636e+03
2.172548457223001606e+03
2.097215123889668121e+03
2.164215123889668121e+03
2.208881790556334636e+03
2.277715123889668121e+03
2.186381790556334636e+03
2.174048457223001606e+03
2.164215123889668121e+03
2.208381790556334636e+03
2.172548457223001606e+03
2.241715123889668121e+03
2.232548457223001606e+03
2.256381790556334636e+03
2.176715123889668121e+03
2.227215123889668121e+03
2.234048457223001606e+03
2.243881790556334636e+03
2.230048457223001606e+03
2.271881790556334636e+03
2.281548457223001606e+03
2.261048457223001606e+03
2.188215123889668121e+03
2.240381790556334636e+03
2.218048457223001606e+03
2.238548457223001606e+03
2.173381790556334636e+03
2.267715123889668121e+03
2.285381790556334636e+03
2.283548457223001606e+03
2.214048457223001606e+03
2.324548457223001606e+03
2.346215123889668121e+03
2.355715123889668121e+03
2.217381790556334636e+03
2.287381790556334636e+03
2.328881790556334636e+03
2.365548457223001606e+03
2.329215123889668121e+03
2.413715123889668121e+03
2.437881790556334636e+03
2.390048457223001606e+03
2.280048457223001606e+03
2.316048457223001606e+03
2.341715123889668121e+03
2.351881790556334636e+03
2.266048457223001606e+03
2.292048457223001606e+03
2.296381790556334636e+03
2.369381790556334636e+03
2.347048457223001606e+03
2.376048457223001606e+03
2.332548457223001606e+03
2.333548457223001606e+03
2.263215123889668121e+03
2.319715123889668121e+03
2.327215123889668121e+03
2.376381790556334636e+03
2.325048457223001606e+03
2.392715123889668121e+03
2.418548457223001606e+03
2.469548457223001606e+03
2.433381790556334636e+03
2.482715123889668121e+03
2.467381790556334636e+03
2.449215123889668121e+03
2.366715123889668121e+03
2.424381790556334636e+03
2.439381790556334636e+03
2.465215123889668121e+03
2.383048457223001606e+03
2.447715123889668121e+03
2.483881790556334636e+03
2.538548457223001606e+03
2.457381790556334636e+03
2.474215123889668121e+03
2.491715123889668121e+03
2.549048457223001606e+03
2.536881790556334636e+03
2.571715123889668121e+03
2.570881790556334636e+03
2.573715123889668121e+03
2.473215123889668121e+03
2.493381790556334636e+03
2.474881790556334636e+03
2.480215123889668121e+03
2.387381790556334636e+03
2.429881790556334636e+03
2.466381790556334636e+03
2.495548457223001606e+03
2.418048457223001606e+03
2.490881790556334636e+03
2.563048457223001606e+03
2.627548457223001606e+03
2.556048457223001606e+03
2.553048457223001606e+03
2.538548457223001606e+03
2.540881790556334636e+03
2.493715123889668121e+03
2.548215123889668121e+03
2.560215123889668121e+03
2.610715123889668121e+03
2.541048457223001606e+03
2.607548457223001606e+03
2.595715123889668121e+03
2.611881790556334636e+03
2.499381790556334636e+03
2.503715123889668121e+03
2.470215123889668121e+03
2.479048457223001606e+03
2.420381790556334636e+03
2.526881790556334636e+03
2.556381790556334636e+03
2.594048457223001606e+03
2.512881790556334636e+03
2.569215123889668121e+03
2.592381790556334636e+03
2.608215123889668121e+03
2.572881790556334636e+03
2.598548457223001606e+03
2.578881790556334636e+03
2.517215123889668121e+03
2.428881790556334636e+03
2.490715123889668121e+03
2.554215123889668121e+03
2.595048457223001606e+03
2.524715123889668121e+03
2.550548457223001606e+03
2.545381790556334636e+03
2.565215123889668121e+03
2.500881790556334636e+03
2.543381790556334636e+03
2.533215123889668121e+03
2.517881790556334636e+03
2.421048457223001606e+03
2.464215123889668121e+03
2.475048457223001606e+03
2.505715123889668121e+03
2.429381790556334636e+03
2.484548457223001606e+03
2.489548457223001606e+03
2.511715123889668121e+03
2.436381790556334636e+03
2.511215123889668121e+03
2.557881790556334636e+03
2.600048457223001606e+03
2.527381790556334636e+03
2.559381790556334636e+03
2.556215123889668121e+03
2.555048457223001606e+03
2.465381790556334636e+03
2.505715123889668121e+03
2.561715123889668121e+03
2.616715123889668121e+03
2.512048457223001606e+03
2.475048457223001606e+03
2.437048457223001606e+03
2.520215123889668121e+03
2.536048457223001606e+03
2.610215123889668121e+03
2.585215123889668121e+03
2.568215123889668121e+03
2.448548457223001606e+03
2.455881790556334636e+03
2.452715123889668121e+03
2.526381790556334636e+03
2.478715123889668121e+03
2.481548457223001606e+03
2.447381790556334636e+03
2.454381790556334636e+03
2.399881790556334636e+03
2.441715123889668121e+03
2.455215123889668121e+03
2.460548457223001606e+03
2.391215123889668121e+03
2.465215123889668121e+03
2.474215123889668121e+03
2.456881790556334636e+03
2.336215123889668121e+03
2.420548457223001606e+03
2.504715123889668121e+03
2.602048457223001606e+03
2.500048457223001606e+03
2.499215123889668121e+03
2.462381790556334636e+03
2.509381790556334636e+03
2.457381790556334636e+03
2.499048457223001606e+03
2.496048457223001606e+03
2.482048457223001606e+03
2.384548457223001606e+03
2.404715123889668121e+03
2.446381790556334636e+03
2.479881790556334636e+03
2.381048457223001606e+03
2.416881790556334636e+03
2.439548457223001606e+03
2.517548457223001606e+03
2.438715123889668121e+03
2.448215123889668121e+03
2.420548457223001606e+03
2.461715123889668121e+03
2.422215123889668121e+03
2.458548457223001606e+03
2.452048457223001606e+03
2.456548457223001606e+03
2.415381790556334636e+03
2.473048457223001606e+03
2.519881790556334636e+03
2.555715123889668121e+03
2.454548457223001606e+03
2.463548457223001606e+03
2.450215123889668121e+03
2.482048457223001606e+03
2.438715123889668121e+03
2.479548457223001606e+03
2.499381790556334636e+03
2.499215123889668121e+03
2.413381790556334636e+03
2.431381790556334636e+03
2.457881790556334636e+03
2.492381790556334636e+03
2.466048457223001606e+03
2.519881790556334636e+03
2.553881790556334636e+03
2.503548457223001606e+03
2.341548457223001606e+03
2.348215123889668121e+03
2.407048457223001606e+03
2.473548457223001606e+03
2.409048457223001606e+03
2.396048457223001606e+03
2.342548457223001606e+03
2.291715123889668121e+03
2.177548457223001606e+03
2.223881790556334636e+03
2.253381790556334636e+03
2.314381790556334636e+03
2.262548457223001606e+03
2.294881790556334636e+03
2.267048457223001606e+03
2.264381790556334636e+03
2.151881790556334636e+03
2.154881790556334636e+03
2.110881790556334636e+03
2.104548457223001606e+03
2.048881790556334636e+03
2.160881790556334636e+03
2.248548457223001606e+03
2.297048457223001606e+03
2.209215123889668121e+03
2.216381790556334636e+03
2.184048457223001606e+03
2.143381790556334636e+03
2.048715123889668121e+03
2.098715123889668121e+03
2.136881790556334636e+03
2.133048457223001606e+03
2.016048457223001606e+03
2.001715123889668121e+03
1.996381790556334636e+03
1.981548457223001606e+03
1.886881790556334636e+03
1.942048457223001606e+03
1.992215123889668121e+03
2.043548457223001606e+03
1.953881790556334636e+03
2.013548457223001606e+03
2.011381790556334636e+03
1.981715123889668121e+03
1.900548457223001606e+03
1.986381790556334636e+03
2.057215123889668121e+03
2.060048457223001606e+03
1.965881790556334636e+03
1.975548457223001606e+03
1.975548457223001606e+03
1.946881790556334636e+03
1.918215123889668121e+03
1.961215123889668121e+03
1.980215123889668121e+03
1.951715123889668121e+03
1.860215123889668121e+03
1.886881790556334636e+03
1.881548457223001606e+03
1.899715123889668121e+03
1.841881790556334636e+03
1.865048457223001606e+03
1.856548457223001606e+03
1.894715123889668121e+03
1.842381790556334636e+03
1.893715123889668121e+03
1.831715123889668121e+03
1.805215123889668121e+03
1.730548457223001606e+03
1.813548457223001606e+03
1.863381790556334636e+03
1.895048457223001606e+03
1.808215123889668121e+03
1.840381790556334636e+03
1.801048457223001606e+03
1.787881790556334636e+03
1.702548457223001378e+03
1.734548457223001606e+03
1.718881790556334863e+03
1.684715123889668121e+03
1.612215123889668121e+03
1.680715123889668121e+03
1.722215123889668121e+03
1.743048457223001378e+03
1.660215123889668121e+03
1.683381790556334863e+03
1.714715123889668121e+03
1.776715123889668121e+03
1.710381790556334863e+03
1.707215123889668121e+03
1.670548457223001606e+03
1.668548457223001606e+03
1.587881790556334863e+03
1.599548457223001606e+03
1.607381790556334863e+03
1.615548457223001606e+03
1.565215123889668121e+03
1.646381790556334863e+03
1.690215123889668121e+03
1.693548457223001606e+03
1.609715123889668121e+03
1.641715123889668121e+03
1.640381790556334863e+03
1.597048457223001378e+03
1.456048457223001378e+03
1.502715123889668121e+03
1.552548457223001606e+03
1.597381790556334636e+03
1.528715123889668121e+03
1.550215123889668121e+03
1.529215123889668121e+03
1.535048457223001606e+03
1.431881790556334863e+03
1.462381790556334636e+03
1.436881790556334636e+03
1.437048457223001606e+03
1.375381790556334863e+03
1.431548457223001378e+03
1.443548457223001606e+03
1.429048457223001606e+03
1.344381790556334636e+03
1.426381790556334636e+03
1.504048457223001606e+03
1.521381790556334863e+03
1.455715123889668121e+03
1.516381790556334863e+03
1.576381790556334863e+03
1.592215123889668121e+03
1.457048457223001606e+03
1.479381790556334863e+03
1.503881790556334863e+03
1.532548457223001378e+03
1.423215123889668121e+03
1.394715123889668121e+03
1.368715123889668121e+03
1.365715123889668121e+03
1.297381790556334863e+03
1.344715123889668121e+03
1.342215123889668121e+03
1.353048457223001378e+03
1.308215123889668121e+03
1.400381790556334636e+03
1.444381790556334863e+03
1.473381790556334863e+03
1.360548457223001378e+03
1.401715123889668121e+03
1.467381790556334863e+03
1.538548457223001606e+03
1.419048457223001606e+03
1.376215123889668121e+03
1.374381790556334636e+03
1.461548457223001606e+03
1.431548457223001606e+03
1.461048457223001606e+03
1.477715123889668121e+03
1.493215123889668121e+03
1.378048457223001606e+03
1.383048457223001378e+03
1.393715123889668121e+03
1.469548457223001378e+03
1.398881790556334636e+03
1.446881790556334863e+03
1.432381790556334863e+03
1.642548457223001378e+03
2.070548457223001606e+03
2.205381790556334636e+03
2.040715123889668121e+03
1.551548457223001606e+03
1.398548457223001606e+03
1.420381790556334863e+03
1.423381790556334636e+03
1.467548457223001378e+03
1.412881790556334863e+03
1.456548457223001378e+03
1.444048457223001378e+03
1.445381790556334636e+03
1.374715123889668121e+03
1.435048457223001606e+03
1.491548457223001606e+03
1.550215123889668121e+03
1.483548457223001606e+03
1.509881790556334863e+03
1.528715123889668121e+03
1.565381790556334636e+03
1.531548457223001606e+03
1.585881790556334863e+03
1.654881790556334636e+03
1.708715123889668121e+03
1.662048457223001378e+03
1.690881790556334863e+03
1.722715123889668121e+03
1.736215123889668121e+03
1.668048457223001378e+03
1.702381790556334636e+03
1.755381790556334863e+03
1.818881790556334636e+03
1.772548457223001378e+03
1.810048457223001606e+03
1.850881790556334636e+03
1.918048457223001606e+03
1.886881790556334636e+03
1.938881790556334636e+03
1.978048457223001606e+03
2.042381790556334636e+03
1.996381790556334636e+03
2.073381790556334636e+03
2.114048457223001606e+03
2.182715123889668121e+03
2.158215123889668121e+03
2.288881790556334636e+03
2.363381790556334636e+03
2.407381790556334636e+03
2.341381790556334636e+03
2.415881790556334636e+03
2.464048457223001606e+03
2.516715123889668121e+03
2.443048457223001606e+03
2.503715123889668121e+03
2.563548457223001606e+03
2.652215123889668121e+03
2.652048457223001606e+03
2.740048457223001606e+03
2.787381790556334636e+03
2.820381790556334636e+03
2.764548457223001606e+03
2.831715123889668121e+03
2.923548457223001151e+03
3.024715123889668121e+03
3.010548457223001151e+03
3.048215123889667666e+03
3.086548457223001606e+03
3.142048457223001151e+03
3.127881790556334636e+03
3.192215123889667666e+03
3.219048457223001606e+03
3.240548457223001151e+03
3.209715123889668121e+03
3.325048457223001606e+03
3.430548457223001151e+03
3.491881790556334636e+03
3.432715123889668121e+03
3.461048457223001606e+03
3.485048457223001606e+03
3.532881790556334636e+03
3.489215123889667666e+03
3.510715123889667666e+03
3.509381790556334636e+03
3.539048457223001606e+03
3.521048457223001606e+03
3.582215123889667666e+03
3.603381790556334636e+03
3.652381790556334636e+03
3.625215123889668121e+03
3.736715123889668121e+03
3.752215123889667666e+03
3.745381790556334636e+03
3.612548457223001606e+03
3.650381790556334636e+03
3.689048457223001606e+03
3.725381790556334636e+03
3.688048457223001606e+03
3.783048457223001606e+03
3.819381790556334636e+03
3.811381790556334636e+03
3.714215123889667666e+03
3.757715123889668121e+03
3.779548457223001151e+03
3.811048457223001606e+03
3.766548457223001606e+03
3.761548457223001151e+03
3.712381790556334636e+03
3.710381790556334636e+03
3.686381790556334636e+03
3.782881790556334636e+03
3.774881790556334636e+03
3.789881790556334636e+03
3.711881790556334636e+03
3.741548457223001151e+03
3.755215123889667666e+03
3.759715123889668121e+03
3.667381790556334636e+03
3.698881790556334636e+03
3.754048457223001606e+03
3.798215123889668121e+03
3.731881790556334636e+03
3.722548457223001606e+03
3.750381790556334636e+03
3.761548457223001151e+03
3.674715123889668121e+03
3.698215123889667666e+03
3.688215123889668121e+03
3.690548457223001606e+03
3.611215123889668121e+03
3.700048457223001606e+03
3.738048457223001606e+03
3.697048457223001606e+03
3.563548457223001606e+03
3.596048457223001606e+03
3.631881790556334636e+03
3.647381790556334636e+03
3.511715123889667666e+03
3.537715123889667666e+03
3.500548457223001606e+03
3.520715123889668121e+03
3.446215123889667666e+03
3.510715123889667666e+03
3.537048457223001606e+03
3.565215123889668121e+03
3.460715123889667666e+03
3.451381790556334636e+03
3.374881790556334636e+03
3.313548457223001606e+03
3.218548457223001606e+03
3.273548457223001606e+03
3.304881790556334636e+03
3.301715123889667666e+03
3.201215123889668121e+03
3.252715123889667666e+03
3.257715123889667666e+03
3.255048457223001606e+03
3.149715123889668121e+03
3.233715123889667666e+03
3.283881790556334636e+03
3.285881790556334636e+03
3.137715123889668121e+03
3.109381790556334636e+03
3.082048457223001151e+03
3.084548457223001151e+03
3.021048457223001151e+03
3.085548457223001151e+03
3.088881790556334636e+03
3.083048457223001606e+03
3.000715123889667666e+03
3.023715123889668121e+03
2.995548457223001151e+03
2.938548457223001606e+03
2.806381790556334636e+03
2.826715123889668121e+03
2.859048457223001151e+03
2.891881790556334636e+03
2.822215123889667666e+03
2.869215123889668121e+03
2.877548457223001606e+03
2.853881790556334636e+03
2.731048457223001606e+03
2.753715123889668121e+03
2.779215123889668121e+03
2.766048457223001151e+03
2.671048457223001606e+03
2.692048457223001606e+03
2.708715123889667666e+03
2.723715123889668121e+03
2.626215123889668121e+03
2.699715123889668121e+03
2.700048457223001606e+03
2.683215123889668121e+03
2.521548457223001606e+03
2.534048457223001606e+03
2.521548457223001606e+03
2.500881790556334636e+03
2.390381790556334636e+03
2.459048457223001606e+03
2.534715123889668121e+03
2.574548457223001606e+03
2.461715123889668121e+03
2.453048457223001606e+03
2.398381790556334636e+03
2.374548457223001606e+03
2.214881790556334636e+03
2.231881790556334636e+03
2.244881790556334636e+03
2.295048457223001606e+03
2.219381790556334636e+03
2.315048457223001606e+03
2.327048457223001606e+03
2.289048457223001606e+03
2.102215123889668121e+03
2.117381790556334636e+03
2.137048457223001606e+03
2.175715123889668121e+03
2.099715123889668121e+03
2.167381790556334636e+03
2.154381790556334636e+03
2.145215123889668121e+03
2.034381790556334636e+03
2.061048457223001606e+03
2.056715123889668121e+03
2.062548457223001606e+03
1.958215123889668121e+03
1.970215123889668121e+03
1.954881790556334636e+03
1.978381790556334636e+03
1.952381790556334636e+03
2.022381790556334636e+03
2.037715123889668121e+03
1.989548457223001606e+03
1.857715123889668121e+03
1.872215123889668121e+03
1.853548457223001606e+03
1.872048457223001606e+03
1.804215123889668121e+03
1.867381790556334636e+03
1.920048457223001606e+03
1.965881790556334636e+03
1.904048457223001606e+03
1.956881790556334636e+03
1.935381790556334636e+03
1.938548457223001606e+03
1.805715123889668121e+03
1.866548457223001606e+03
1.871715123889668121e+03
1.892881790556334636e+03
1.781381790556334863e+03
1.803215123889668121e+03
1.797548457223001606e+03
1.806215123889668121e+03
1.749048457223001606e+03
1.809881790556334636e+03
1.812715123889668121e+03
1.794715123889668121e+03
1.734215123889668121e+03
1.801381790556334636e+03
1.847548457223001606e+03
1.844048457223001606e+03
1.744048457223001606e+03
1.811881790556334636e+03
1.823048457223001606e+03
1.862381790556334636e+03
1.772215123889668121e+03
1.818048457223001606e+03
1.824048457223001606e+03
1.824381790556334636e+03
1.726881790556334636e+03
1.740548457223001606e+03
1.746548457223001378e+03
1.765548457223001606e+03
1.678548457223001606e+03
1.745215123889668121e+03
1.772048457223001606e+03
1.793215123889668121e+03
1.663548457223001378e+03
1.679715123889668121e+03
1.714381790556334863e+03
1.746215123889668121e+03
1.681381790556334863e+03
1.714048457223001606e+03
1.724048457223001606e+03
1.708715123889668121e+03
1.639381790556334636e+03
1.722215123889668121e+03
1.770548457223001378e+03
1.788715123889668121e+03
1.714048457223001378e+03
1.787215123889668121e+03
1.797048457223001606e+03
1.767048457223001378e+03
1.647381790556334863e+03
1.689715123889668121e+03
1.719215123889668121e+03
1.729381790556334863e+03
1.630715123889668121e+03
1.675381790556334863e+03
1.674381790556334863e+03
1.673215123889668121e+03
1.540548457223001378e+03
1.578381790556334863e+03
1.636715123889668121e+03
1.689048457223001606e+03
1.602215123889668121e+03
1.632715123889668121e+03
1.644881790556334863e+03
1.677881790556334863e+03
1.560381790556334863e+03
1.634048457223001606e+03
1.638048457223001606e+03
1.647548457223001606e+03
1.535548457223001606e+03
1.620548457223001606e+03
1.654881790556334863e+03
1.663548457223001606e+03
1.496715123889668121e+03
1.513881790556334863e+03
1.560548457223001378e+03
1.661215123889668121e+03
1.623715123889668121e+03
1.673881790556334863e+03
1.685381790556334863e+03
1.687048457223001606e+03
1.561048457223001606e+03
1.617048457223001378e+03
1.650215123889668121e+03
1.705881790556334636e+03
1.605548457223001606e+03
1.649048457223001378e+03
1.586715123889668121e+03
1.565715123889668121e+03
1.521715123889668121e+03
1.655381790556334863e+03
1.693048457223001606e+03
1.666548457223001378e+03
1.514048457223001606e+03
1.592381790556334863e+03
1.652715123889668121e+03
1.676381790556334636e+03
1.563715123889668121e+03
1.600215123889668121e+03
1.648715123889668121e+03
1.642381790556334863e+03
1.534048457223001378e+03
1.613048457223001606e+03
1.655215123889668121e+03
1.665048457223001606e+03
1.560048457223001606e+03
1.619548457223001606e+03
1.637048457223001606e+03
1.648548457223001606e+03
1.552215123889668121e+03
1.605881790556334863e+03
1.591215123889668121e+03
1.576215123889668121e+03
1.462215123889668121e+03
1.538048457223001378e+03
1.593215123889668121e+03
1.637881790556334863e+03
1.565381790556334863e+03
1.638548457223001606e+03
1.651215123889668121e+03
1.672048457223001606e+03
1.577048457223001606e+03
1.623548457223001606e+03
1.599881790556334863e+03
1.562715123889668121e+03
1.484048457223001606e+03
1.589548457223001606e+03
1.646048457223001606e+03
1.650881790556334863e+03
1.532215123889668121e+03
1.593881790556334636e+03
1.643715123889668121e+03
1.662048457223001606e+03
1.547381790556334863e+03
1.573715123889668121e+03
1.559048457223001606e+03
1.539381790556334863e+03
1.413715123889668121e+03
1.464048457223001378e+03
1.518715123889668121e+03
1.552881790556334863e+03
1.501881790556334863e+03
1.565881790556334863e+03
1.592381790556334863e+03
1.599381790556334863e+03
1.493715123889668121e+03
1.526715123889668121e+03
1.481715123889668121e+03
1.483548457223001606e+03
1.427048457223001606e+03
1.564548457223001378e+03
1.609548457223001606e+03
1.628048457223001606e+03
1.522548457223001378e+03
1.577881790556334863e+03
1.589548457223001606e+03
1.617715123889668121e+03
1.519215123889668121e+03
1.572215123889668121e+03
1.562548457223001378e+03
1.581215123889668121e+03
1.482548457223001606e+03
1.557715123889668121e+03
1.566048457223001606e+03
1.575215123889668121e+03
1.512048457223001378e+03
1.641881790556334863e+03
1.649881790556334636e+03
1.585048457223001606e+03
1.402881790556334636e+03
1.444548457223001378e+03
1.484048457223001606e+03
1.527048457223001606e+03
1.497715123889668121e+03
1.575881790556334636e+03
1.602381790556334636e+03
1.588881790556334863e+03
1.480881790556334636e+03
1.543048457223001378e+03
1.565715123889668121e+03
1.624215123889668121e+03
1.572048457223001606e+03
1.631715123889668121e+03
1.629381790556334863e+03
1.580215123889668121e+03
1.496048457223001606e+03
1.562881790556334636e+03
1.624215123889668121e+03
1.628548457223001606e+03
1.528048457223001606e+03
1.586381790556334636e+03
1.585215123889668121e+03
1.580048457223001606e+03
1.460715123889668121e+03
1.563215123889668121e+03
1.583715123889668121e+03
1.565548457223001606e+03
1.434381790556334636e+03
1.502381790556334863e+03
1.569548457223001378e+03
1.627881790556334863e+03
1.520215123889668121e+03
1.552381790556334863e+03
1.549048457223001606e+03
1.601715123889668121e+03
1.500548457223001378e+03
1.552881790556334863e+03
1.554381790556334863e+03
1.578215123889668121e+03
1.479048457223001378e+03
1.513715123889668121e+03
1.552381790556334863e+03
1.553715123889668121e+03
1.444215123889668121e+03
1.486548457223001606e+03
1.500715123889668121e+03
1.521715123889668121e+03
1.440715123889668121e+03
1.536548457223001606e+03
1.578548457223001606e+03
1.558381790556334863e+03
1.455381790556334636e+03
1.522715123889668121e+03
1.576381790556334636e+03
1.577548457223001378e+03
1.467381790556334863e+03
1.502881790556334636e+03
1.552715123889668121e+03
1.598881790556334863e+03
1.550381790556334636e+03
1.610548457223001378e+03
1.613548457223001606e+03
1.598715123889668121e+03
1.468381790556334863e+03
1.534381790556334863e+03
1.574048457223001606e+03
1.594715123889668121e+03
1.495548457223001378e+03
1.560548457223001606e+03
1.595548457223001606e+03
1.623048457223001378e+03
1.473548457223001606e+03
1.517881790556334863e+03
1.496881790556334863e+03
1.515381790556334863e+03
1.412881790556334863e+03
1.469881790556334863e+03
1.503881790556334863e+03
1.523548457223001606e+03
1.413048457223001378e+03
1.453381790556334863e+03
1.464548457223001378e+03
1.465381790556334636e+03
1.387215123889668121e+03
1.498048457223001606e+03
1.580215123889668121e+03
1.595548457223001606e+03
1.487548457223001606e+03
1.549048457223001378e+03
1.552381790556334863e+03
1.580048457223001378e+03
1.452381790556334636e+03
1.533548457223001606e+03
1.509215123889668121e+03
1.530048457223001606e+03
1.421715123889668121e+03
1.432881790556334636e+03
1.458548457223001606e+03
1.500715123889668121e+03
1.459381790556334863e+03
1.512215123889668121e+03
1.539048457223001606e+03
1.550381790556334636e+03
1.422715123889668121e+03
1.454215123889668121e+03
1.467215123889668121e+03
1.483715123889668121e+03
1.378715123889668121e+03
1.448048457223001606e+03
1.525881790556334636e+03
1.547381790556334636e+03
1.443881790556334863e+03
1.468715123889668121e+03
1.525715123889668121e+03
1.525381790556334636e+03
1.473215123889668121e+03
1.504381790556334863e+03
1.544715123889668121e+03
1.543381790556334863e+03
1.438215123889668121e+03
1.500548457223001378e+03
1.552048457223001606e+03
1.568048457223001606e+03
1.469715123889668121e+03
1.516548457223001378e+03
1.505048457223001606e+03
1.486381790556334863e+03
1.327381790556334863e+03
1.443715123889668121e+03
1.500881790556334863e+03
1.549548457223001606e+03
1.436715123889668121e+03
1.487215123889668121e+03
1.478548457223001378e+03
1.492548457223001606e+03
1.424548457223001606e+03
1.477215123889668121e+03
1.477048457223001606e+03
1.487048457223001606e+03
1.402048457223001606e+03
1.468048457223001606e+03
1.492881790556334863e+03
1.592215123889668121e+03
1.517215123889668121e+03
1.573048457223001606e+03
1.528715123889668121e+03
1.548548457223001378e+03
1.426715123889668121e+03
1.459048457223001378e+03
1.426881790556334636e+03
1.446715123889668121e+03
1.374881790556334863e+03
1.466048457223001378e+03
1.488048457223001606e+03
1.519715123889668121e+03
1.472381790556334863e+03
1.530048457223001378e+03
1.511715123889668121e+03
1.458215123889668121e+03
1.341048457223001606e+03
1.424215123889668121e+03
1.497048457223001378e+03
1.555381790556334863e+03
1.453215123889668121e+03
1.479881790556334863e+03
1.505215123889668121e+03
1.550048457223001606e+03
1.433548457223001606e+03
1.445715123889668121e+03
1.417548457223001606e+03
1.405548457223001606e+03
1.308215123889668121e+03
1.386548457223001606e+03
1.423381790556334863e+03
1.423215123889668121e+03
1.289715123889668121e+03
1.360048457223001606e+03
1.347215123889668121e+03
1.333881790556334863e+03
1.253548457223001606e+03
1.354715123889668121e+03
1.422381790556334636e+03
1.435715123889668121e+03
1.343215123889668121e+03
1.362048457223001606e+03
1.343048457223001606e+03
1.367715123889668121e+03
1.319881790556334636e+03
1.366215123889668121e+03
1.335881790556334636e+03
1.351715123889668121e+03
1.317048457223001378e+03
1.446048457223001606e+03
1.455715123889668121e+03
1.451048457223001606e+03
1.304215123889668121e+03
1.347215123889668121e+03
1.352048457223001606e+03
1.363881790556334636e+03
1.286381790556334636e+03
1.365381790556334863e+03
1.372881790556334636e+03
1.339048457223001378e+03
1.205048457223001606e+03
1.261215123889668121e+03
1.293215123889668121e+03
1.314381790556334636e+03
1.224548457223001606e+03
1.272215123889668121e+03
1.308548457223001606e+03
1.318548457223001606e+03
1.259548457223001606e+03
1.283881790556334863e+03
1.299715123889668121e+03
1.300048457223001378e+03
1.241381790556334863e+03
1.293881790556334863e+03
1.300548457223001606e+03
1.338881790556334863e+03
1.273881790556334863e+03
1.366881790556334863e+03
1.366048457223001606e+03
1.413881790556334636e+03
1.327215123889668121e+03
1.372881790556334863e+03
1.357048457223001378e+03
1.373881790556334636e+03
1.266548457223001606e+03
1.326215123889668121e+03
1.336548457223001606e+03
1.384215123889668121e+03
1.307715123889668121e+03
1.313048457223001378e+03
1.279715123889668121e+03
1.321715123889668121e+03
1.321548457223001606e+03
1.420381790556334636e+03
1.406048457223001606e+03
1.369715123889668121e+03
1.316381790556334863e+03
1.391715123889668121e+03
1.592715123889668121e+03
2.085381790556334636e+03
2.036215123889668121e+03
1.914881790556334636e+03
1.349381790556334863e+03
1.277548457223001606e+03
1.210381790556334863e+03
1.321715123889668121e+03
1.345048457223001378e+03
1.328048457223001378e+03
1.243548457223001606e+03
1.299215123889668121e+03
1.296881790556334863e+03
1.306881790556334863e+03
1.216715123889668121e+03
1.275048457223001606e+03
1.282881790556334636e+03
1.281381790556334863e+03
1.232215123889668121e+03
1.290381790556334863e+03
1.329548457223001606e+03
1.314881790556334863e+03
1.197715123889668121e+03
1.185715123889668121e+03
1.152715123889668121e+03
1.216215123889668121e+03
1.227215123889668121e+03
1.372381790556334863e+03
1.376048457223001378e+03
1.373215123889668121e+03
1.245881790556334863e+03
1.267881790556334863e+03
1.289048457223001378e+03
1.316215123889668121e+03
1.254548457223001606e+03
1.264381790556334863e+03
1.273215123889668121e+03
1.303881790556334863e+03
1.272215123889668121e+03
1.319881790556334863e+03
1.300215123889668121e+03
1.274048457223001378e+03
1.196215123889668121e+03
1.291548457223001606e+03
1.318548457223001378e+03
1.329381790556334863e+03
1.247881790556334863e+03
1.292715123889668121e+03
1.319548457223001378e+03
1.332715123889668121e+03
1.271215123889668121e+03
1.322215123889668121e+03
1.318548457223001606e+03
1.331715123889668121e+03
1.237215123889668121e+03
1.249048457223001606e+03
1.215381790556334636e+03
1.234381790556334863e+03
1.184548457223001606e+03
1.275548457223001606e+03
1.312881790556334636e+03
1.359881790556334863e+03
1.251215123889668121e+03
1.284048457223001606e+03
1.306715123889668121e+03
1.360048457223001378e+03
1.279548457223001606e+03
1.305381790556334863e+03
1.301215123889668121e+03
1.299381790556334636e+03
1.197215123889668121e+03
1.228048457223001606e+03
1.255881790556334863e+03
1.292881790556334863e+03
1.228048457223001606e+03
1.256881790556334863e+03
1.265048457223001606e+03
1.345881790556334863e+03
1.272381790556334863e+03
1.283381790556334863e+03
1.240048457223001606e+03
1.269715123889668121e+03
1.245881790556334863e+03
1.325215123889668121e+03
1.335048457223001378e+03
1.368381790556334863e+03
1.274048457223001606e+03
1.301215123889668121e+03
1.254215123889668121e+03
1.271381790556334863e+03
1.206048457223001606e+03
1.273881790556334863e+03
1.255881790556334863e+03
1.303548457223001378e+03
1.244048457223001378e+03
1.287215123889668121e+03
1.256548457223001606e+03
1.264048457223001606e+03
1.180215123889668121e+03
1.241048457223001606e+03
1.230381790556334863e+03
1.286715123889668121e+03
1.183381790556334863e+03
1.183548457223001606e+03
1.185548457223001606e+03
1.238048457223001606e+03
1.239048457223001606e+03
1.299715123889668121e+03
1.314048457223001606e+03
1.312881790556334636e+03
1.226215123889668121e+03
1.290381790556334863e+03
1.336381790556334636e+03
1.377715123889668121e+03
1.297048457223001606e+03
1.300881790556334863e+03
1.254048457223001606e+03
1.245215123889668121e+03
1.145048457223001606e+03
1.194381790556334863e+03
1.201548457223001378e+03
1.285048457223001378e+03
1.260881790556334636e+03
1.325381790556334863e+03
1.315715123889668121e+03
1.313048457223001606e+03
1.224215123889668121e+03
1.268715123889668121e+03
1.256381790556334636e+03
1.309381790556334863e+03
1.258881790556334863e+03
1.317215123889668121e+03
1.285715123889668121e+03
1.265215123889668121e+03
1.200215123889668121e+03
1.261548457223001606e+03
1.259048457223001606e+03
1.272548457223001606e+03
1.193215123889668121e+03
1.235715123889668121e+03
1.240215123889668121e+03
1.248381790556334636e+03
1.176048457223001606e+03
1.221548457223001606e+03
1.258548457223001606e+03
1.323215123889668121e+03
1.283215123889668121e+03
1.291381790556334863e+03
1.277715123889668121e+03
1.294215123889668121e+03
1.230548457223001606e+03
1.272548457223001606e+03
1.233048457223001606e+03
1.264881790556334863e+03
1.191881790556334863e+03
1.267548457223001606e+03
1.253048457223001606e+03
1.273381790556334636e+03
1.135715123889668121e+03
1.161715123889668121e+03
1.149048457223001606e+03
1.223215123889668121e+03
1.180215123889668121e+03
1.254881790556334863e+03
1.226715123889668121e+03
1.241548457223001606e+03
1.135881790556334863e+03
1.190048457223001606e+03
1.186548457223001606e+03
1.189381790556334863e+03
1.129215123889668121e+03
1.200715123889668121e+03
1.208215123889668121e+03
1.238548457223001378e+03
1.135715123889668121e+03
1.181215123889668121e+03
1.200381790556334863e+03
1.258548457223001606e+03
1.208548457223001606e+03
1.253548457223001606e+03
1.267048457223001606e+03
1.321381790556334636e+03
1.226048457223001606e+03
1.216715123889668121e+03
1.176048457223001606e+03
1.190048457223001606e+03
1.134215123889668121e+03
1.202548457223001606e+03
1.238548457223001606e+03
1.337715123889668121e+03
1.318881790556334863e+03
1.386048457223001378e+03
1.359215123889668121e+03
1.345215123889668121e+03
1.259715123889668121e+03
1.243048457223001606e+03
1.226215123889668121e+03
1.247215123889668121e+03
1.220215123889668121e+03
1.258715123889668121e+03
1.210548457223001606e+03
1.198548457223001606e+03
1.118715123889668121e+03
1.200215123889668121e+03
1.217048457223001606e+03
1.245215123889668121e+03
1.165881790556334863e+03
1.214715123889668121e+03
1.227215123889668121e+03
1.235548457223001606e+03
1.172381790556334863e+03
1.237215123889668121e+03
1.272048457223001606e+03
1.271715123889668121e+03
1.151548457223001606e+03
1.156881790556334863e+03
1.188048457223001606e+03
1.227715123889668121e+03
1.166715123889668121e+03
1.213548457223001606e+03
1.260715123889668121e+03
1.308048457223001606e+03
1.241881790556334863e+03
1.218381790556334863e+03
1.202881790556334863e+03
1.223715123889668121e+03
1.208048457223001606e+03
1.247048457223001606e+03
1.215881790556334863e+03
1.212381790556334863e+03
1.137715123889668121e+03
1.186881790556334863e+03
1.203048457223001606e+03
1.266381790556334863e+03
1.250548457223001606e+03
1.290715123889668121e+03
1.245881790556334863e+03
1.230881790556334863e+03
1.182548457223001606e+03
1.228048457223001606e+03
1.226215123889668121e+03
1.238715123889668121e+03
1.176548457223001606e+03
1.204548457223001606e+03
1.199381790556334636e+03
1.256881790556334863e+03
1.191881790556334863e+03
1.186048457223001606e+03
1.181715123889668121e+03
1.258048457223001606e+03
1.235715123889668121e+03
1.263715123889668121e+03
1.242215123889668121e+03
1.251381790556334636e+03
1.188048457223001606e+03
1.242381790556334863e+03
1.226548457223001378e+03
1.200548457223001606e+03
1.074048457223001606e+03
1.128215123889668121e+03
1.143715123889668121e+03
1.180381790556334863e+03
1.119381790556334863e+03
1.169548457223001606e+03
1.198215123889668121e+03
1.249048457223001606e+03
1.236881790556334863e+03
1.316548457223001606e+03
1.323048457223001378e+03
1.315715123889668121e+03
1.183881790556334863e+03
1.181381790556334863e+03
1.154215123889668121e+03
1.180548457223001606e+03
1.131048457223001606e+03
1.184548457223001606e+03
1.229548457223001606e+03
1.324381790556334636e+03
1.297715123889668121e+03
1.298215123889668121e+03
1.235548457223001606e+03
1.277881790556334863e+03
1.249381790556334863e+03
1.328381790556334863e+03
1.286881790556334863e+03
1.271215123889668121e+03
1.165715123889668121e+03
1.207215123889668121e+03
1.209048457223001606e+03
1.242881790556334863e+03
1.165715123889668121e+03
1.211548457223001606e+03
1.191881790556334863e+03
1.217715123889668121e+03
1.152881790556334863e+03
1.220048457223001606e+03
1.212381790556334863e+03
1.230548457223001378e+03
1.155881790556334863e+03
1.196881790556334863e+03
1.214048457223001606e+03
1.212881790556334863e+03
1.148548457223001606e+03
1.148381790556334863e+03
1.142215123889668121e+03
1.182381790556334863e+03
1.158048457223001606e+03
1.225381790556334863e+03
1.200715123889668121e+03
1.218215123889668121e+03
1.124881790556334863e+03
1.177381790556334863e+03
1.183381790556334863e+03
1.246215123889668121e+03
1.224215123889668121e+03
1.271048457223001606e+03
1.261881790556334863e+03
1.286548457223001606e+03
1.202048457223001606e+03
1.217048457223001606e+03
1.179048457223001606e+03
1.206715123889668121e+03
1.135548457223001606e+03
1.164215123889668121e+03
1.142215123889668121e+03
1.192548457223001606e+03
1.136048457223001606e+03
1.226715123889668121e+03
1.254715123889668121e+03
1.303215123889668121e+03
1.205215123889668121e+03
1.226381790556334863e+03
1.214548457223001606e+03
1.238381790556334863e+03
1.134548457223001606e+03
1.147381790556334863e+03
1.164881790556334863e+03
1.243715123889668121e+03
1.206381790556334863e+03
1.225715123889668121e+03
1.207548457223001606e+03
1.276715123889668121e+03
1.215881790556334863e+03
1.229215123889668121e+03
1.148715123889668121e+03
1.161715123889668121e+03
1.132881790556334863e+03
1.182881790556334863e+03
1.198881790556334863e+03
1.210381790556334863e+03
1.170715123889668121e+03
1.211381790556334863e+03
1.224381790556334863e+03
1.262381790556334863e+03
1.197715123889668121e+03
1.192048457223001606e+03
1.147048457223001606e+03
1.167881790556334863e+03
1.143381790556334863e+03
1.221548457223001606e+03
1.217215123889668121e+03
1.240715123889668121e+03
1.160048457223001606e+03
1.213548457223001606e+03
1.212215123889668121e+03
1.249548457223001606e+03
1.199381790556334863e+03
1.243548457223001606e+03
1.257048457223001378e+03
1.301381790556334636e+03
1.231215123889668121e+03
1.230381790556334863e+03
1.181548457223001606e+03
1.194215123889668121e+03
1.132048457223001606e+03
1.175881790556334863e+03
1.209381790556334863e+03
1.286881790556334863e+03
1.217048457223001378e+03
1.187381790556334636e+03
1.138381790556334863e+03
1.193881790556334863e+03
1.178881790556334863e+03
1.242715123889668121e+03
1.209215123889668121e+03
1.214881790556334863e+03
1.168048457223001606e+03
1.273381790556334863e+03
1.280048457223001606e+03
1.275548457223001378e+03
1.156715123889668121e+03
1.166548457223001606e+03
1.165548457223001606e+03
1.188715123889668121e+03
1.135381790556334863e+03
1.161215123889668121e+03
1.155881790556334863e+03
1.177048457223001606e+03
1.101381790556334863e+03
1.132215123889668121e+03
1.182048457223001606e+03
1.236048457223001606e+03
1.192548457223001606e+03
1.212381790556334863e+03
1.217381790556334863e+03
1.250048457223001606e+03
1.198048457223001606e+03
1.234048457223001606e+03
1.232048457223001606e+03
1.246048457223001606e+03
1.185881790556334863e+03
1.231715123889668121e+03
1.201215123889668121e+03
1.206215123889668121e+03
1.105215123889668121e+03
1.157215123889668121e+03
1.166215123889668121e+03
1.235215123889668121e+03
1.175715123889668121e+03
1.231715123889668121e+03
1.200881790556334636e+03
1.236215123889668121e+03
1.173381790556334863e+03
1.179715123889668121e+03
1.175881790556334863e+03
1.262715123889668121e+03
1.244715123889668121e+03
1.266715123889668121e+03
1.189715123889668121e+03
1.227048457223001606e+03
1.194048457223001606e+03
1.219215123889668121e+03
1.232048457223001606e+03
1.289881790556334863e+03
1.247881790556334863e+03
1.207881790556334863e+03
1.112715123889668121e+03
1.124548457223001606e+03
1.131881790556334863e+03
1.241381790556334863e+03
1.242048457223001606e+03
1.290381790556334863e+03
1.217715123889668121e+03
1.253881790556334636e+03
1.213215123889668121e+03
1.243381790556334863e+03
1.182715123889668121e+03
1.181881790556334863e+03
1.139881790556334863e+03
1.151048457223001606e+03
1.108715123889668121e+03
1.171881790556334863e+03
1.163715123889668121e+03
1.218381790556334863e+03
1.154715123889668121e+03
1.206715123889668121e+03
1.165715123889668121e+03
1.211381790556334863e+03
1.176881790556334863e+03
1.219715123889668121e+03
1.215048457223001606e+03
1.228048457223001606e+03
1.176381790556334863e+03
1.193881790556334863e+03
1.163548457223001606e+03
1.187881790556334863e+03
1.139381790556334863e+03
1.207548457223001606e+03
1.209715123889668121e+03
1.255048457223001378e+03
1.214048457223001378e+03
1.256881790556334636e+03
1.212548457223001606e+03
1.191381790556334863e+03
1.124215123889668121e+03
1.162215123889668121e+03
1.187048457223001606e+03
1.241381790556334863e+03
1.183048457223001606e+03
1.222215123889668121e+03
1.181381790556334863e+03
1.190381790556334863e+03
1.093215123889668121e+03
1.152548457223001606e+03
1.165048457223001606e+03
1.217715123889668121e+03
1.151215123889668121e+03
1.177048457223001606e+03
1.152048457223001606e+03
1.202881790556334863e+03
1.189548457223001606e+03
1.294715123889668121e+03
1.275215123889668121e+03
1.304715123889668121e+03
1.199548457223001606e+03
1.219715123889668121e+03
1.192881790556334863e+03
1.232548457223001606e+03
1.192881790556334863e+03
1.197048457223001606e+03
1.191548457223001606e+03
1.238715123889668121e+03
1.217381790556334636e+03
1.216215123889668121e+03
1.158881790556334863e+03
1.178881790556334863e+03
1.128548457223001606e+03
1.181548457223001606e+03
1.176381790556334863e+03
1.201215123889668121e+03
1.133381790556334863e+03
1.190381790556334863e+03
1.207715123889668121e+03
1.252381790556334863e+03
1.163881790556334863e+03
1.170048457223001606e+03
1.141715123889668121e+03
1.194715123889668121e+03
1.138048457223001606e+03
1.171048457223001606e+03
1.122048457223001606e+03
1.190548457223001606e+03
1.146048457223001606e+03
1.200715123889668121e+03
1.161381790556334863e+03
1.197215123889668121e+03
1.133381790556334863e+03
1.183048457223001606e+03
1.207048457223001606e+03
1.268048457223001606e+03
1.248381790556334863e+03
1.267715123889668121e+03
1.264548457223001606e+03
1.235715123889668121e+03
1.149381790556334863e+03
1.154881790556334863e+03
1.185381790556334863e+03
1.212048457223001606e+03
1.136715123889668121e+03
1.119715123889668121e+03
1.091548457223001606e+03
1.118548457223001606e+03
1.111881790556334863e+03
1.193881790556334863e+03
1.226048457223001606e+03
1.289381790556334863e+03
1.289715123889668121e+03
1.329381790556334636e+03
1.256048457223001606e+03
1.178881790556334863e+03
1.084215123889668121e+03
1.153381790556334863e+03
1.210548457223001606e+03
1.324715123889668121e+03
1.259381790556334863e+03
1.278548457223001606e+03
1.209881790556334863e+03
1.238048457223001606e+03
1.165381790556334863e+03
1.162215123889668121e+03
1.151548457223001606e+03
1.183381790556334863e+03
1.149881790556334863e+03
1.180048457223001606e+03
1.171381790556334863e+03
1.185715123889668121e+03
1.095215123889668121e+03
1.101548457223001606e+03
1.103215123889668121e+03
1.124048457223001606e+03
1.114048457223001606e+03
1.197215123889668121e+03
1.233215123889668121e+03
1.275881790556334863e+03
1.180381790556334863e+03
1.238881790556334863e+03
1.324715123889668121e+03
1.381548457223001378e+03
1.344548457223001606e+03
1.254381790556334863e+03
1.224381790556334863e+03
1.238715123889668121e+03
1.199881790556334636e+03
1.223548457223001606e+03
1.188381790556334863e+03
1.249548457223001606e+03
1.189881790556334863e+03
1.209881790556334636e+03
1.147715123889668121e+03
1.171715123889668121e+03
1.144881790556334863e+03
1.200381790556334863e+03
1.214715123889668121e+03
1.215715123889668121e+03
1.169381790556334863e+03
1.239881790556334863e+03
1.260048457223001606e+03
1.264881790556334636e+03
1.180881790556334863e+03
1.198048457223001606e+03
1.216881790556334863e+03
1.259381790556334863e+03
1.178215123889668121e+03
1.172548457223001606e+03
1.134715123889668121e+03
1.219715123889668121e+03
1.172548457223001606e+03
1.205048457223001606e+03
1.173715123889668121e+03
1.259381790556334863e+03
1.212548457223001606e+03
1.212715123889668121e+03
1.119048457223001606e+03
1.153715123889668121e+03
1.131548457223001606e+03
1.217881790556334863e+03
1.186715123889668121e+03
1.221715123889668121e+03
1.149548457223001606e+03
1.198548457223001606e+03
1.204881790556334863e+03
1.256715123889668121e+03
1.214215123889668121e+03
1.202881790556334863e+03
1.183048457223001606e+03
1.216048457223001606e+03
1.148048457223001606e+03
1.132048457223001606e+03
1.102548457223001606e+03
1.156048457223001606e+03
1.128381790556334863e+03
1.180881790556334863e+03
1.175548457223001606e+03
1.223881790556334863e+03
1.178215123889668121e+03
1.229715123889668121e+03
1.234715123889668121e+03
1.255215123889668121e+03
1.186548457223001606e+03
1.180548457223001606e+03
1.135048457223001606e+03
1.193548457223001606e+03
1.201048457223001606e+03
1.321881790556334863e+03
1.307381790556334636e+03
1.292548457223001606e+03
1.160381790556334863e+03
1.161715123889668121e+03
1.122048457223001606e+03
1.191548457223001606e+03
1.186715123889668121e+03
1.268381790556334863e+03
1.240881790556334863e+03
1.232381790556334863e+03
1.166048457223001606e+03
1.212048457223001606e+03
1.224881790556334863e+03
1.257048457223001606e+03
1.209381790556334863e+03
1.247048457223001606e+03
1.204548457223001606e+03
1.212048457223001606e+03
1.177715123889668121e+03
1.275215123889668121e+03
1.280548457223001606e+03
1.290381790556334636e+03
1.237215123889668121e+03
1.282215123889668121e+03
1.272548457223001606e+03
1.314548457223001378e+03
1.224381790556334863e+03
1.208881790556334863e+03
1.121881790556334863e+03
1.168215123889668121e+03
1.131048457223001606e+03
1.196548457223001606e+03
1.187048457223001606e+03
1.240381790556334863e+03
1.178881790556334863e+03
1.179715123889668121e+03
1.164381790556334863e+03
1.227381790556334863e+03
1.210881790556334863e+03
1.261881790556334863e+03
1.239715123889668121e+03
1.273381790556334863e+03
1.235715123889668121e+03
1.256881790556334863e+03
1.224881790556334863e+03
1.226881790556334863e+03
1.219381790556334863e+03
1.264881790556334863e+03
1.233715123889668121e+03
1.213381790556334863e+03
1.145715123889668121e+03
1.170881790556334863e+03
1.159715123889668121e+03
1.217548457223001606e+03
1.194048457223001606e+03
1.225048457223001606e+03
1.197881790556334863e+03
1.215215123889668121e+03
1.156381790556334863e+03
1.205881790556334863e+03
1.174548457223001606e+03
1.219548457223001606e+03
1.165715123889668121e+03
1.237381790556334863e+03
1.211548457223001606e+03
1.211881790556334863e+03
1.137381790556334863e+03
1.157548457223001606e+03
1.145548457223001606e+03
1.173048457223001606e+03
1.181215123889668121e+03
1.225381790556334863e+03
1.174548457223001606e+03
1.171381790556334863e+03
1.126715123889668121e+03
1.199048457223001606e+03
1.198548457223001606e+03
1.215715123889668121e+03
1.172215123889668121e+03
1.222881790556334863e+03
1.227548457223001606e+03
1.285381790556334636e+03
1.224548457223001606e+03
1.230215123889668121e+03
1.204381790556334863e+03
1.226381790556334863e+03
1.196715123889668121e+03
1.247215123889668121e+03
1.258048457223001606e+03
1.286715123889668121e+03
1.177715123889668121e+03
1.195881790556334863e+03
1.211881790556334863e+03
1.302048457223001606e+03
1.239048457223001606e+03
1.244381790556334863e+03
1.231881790556334863e+03
1.291715123889668121e+03
1.263715123889668121e+03
1.265548457223001606e+03
1.208048457223001606e+03
1.197715123889668121e+03
1.155215123889668121e+03
1.206048457223001606e+03
1.185215123889668121e+03
1.219881790556334863e+03
1.156715123889668121e+03
1.191881790556334863e+03
1.172215123889668121e+03
1.203215123889668121e+03
1.186881790556334863e+03
1.203548457223001606e+03
1.153548457223001606e+03
1.189548457223001606e+03
1.185215123889668121e+03
1.285048457223001606e+03
1.296048457223001378e+03
1.293715123889668121e+03
1.218381790556334636e+03
1.234548457223001606e+03
1.225881790556334863e+03
1.233048457223001606e+03
1.153881790556334863e+03
1.180715123889668121e+03
1.194548457223001606e+03
1.256381790556334863e+03
1.174548457223001606e+03
1.209048457223001606e+03
1.170381790556334863e+03
1.254048457223001606e+03
1.249215123889668121e+03
1.269548457223001378e+03
1.268215123889668121e+03
1.258715123889668121e+03
1.208715123889668121e+03
1.206881790556334863e+03
1.183548457223001606e+03
1.230548457223001606e+03
1.178881790556334863e+03
1.181548457223001606e+03
1.151881790556334863e+03
1.193381790556334863e+03
1.203048457223001606e+03
1.255381790556334863e+03
1.226881790556334863e+03
1.229881790556334863e+03
1.148548457223001606e+03
1.154881790556334863e+03
1.113881790556334863e+03
1.157215123889668121e+03
1.129881790556334863e+03
1.158381790556334863e+03
1.156881790556334863e+03
1.253881790556334863e+03
1.277381790556334863e+03
1.334881790556334863e+03
1.221048457223001606e+03
1.196048457223001606e+03
1.128548457223001606e+03
1.215215123889668121e+03
1.215215123889668121e+03
1.222048457223001378e+03
1.156215123889668121e+03
1.195881790556334863e+03
1.202381790556334863e+03
1.237881790556334863e+03
1.177381790556334863e+03
1.209715123889668121e+03
1.222215123889668121e+03
1.278881790556334863e+03
1.217048457223001606e+03
1.185048457223001606e+03
1.133715123889668121e+03
1.151715123889668121e+03
1.137715123889668121e+03
1.186548457223001606e+03
1.156881790556334863e+03
1.147715123889668121e+03
1.057381790556334863e+03
1.085048457223001606e+03
1.095881790556334863e+03
1.161215123889668121e+03
1.132215123889668121e+03
1.146215123889668121e+03
1.079048457223001606e+03
1.105381790556334863e+03
1.084715123889668121e+03
1.169048457223001606e+03
1.179548457223001606e+03
1.245381790556334863e+03
1.193881790556334863e+03
1.235381790556334636e+03
1.163715123889668121e+03
1.169715123889668121e+03
1.119548457223001606e+03
1.181715123889668121e+03
1.201381790556334863e+03
1.241048457223001606e+03
1.208881790556334863e+03
1.260048457223001606e+03
1.249215123889668121e+03
1.259881790556334863e+03
1.180215123889668121e+03
1.199381790556334863e+03
1.223215123889668121e+03
1.271048457223001378e+03
1.248548457223001606e+03
1.270215123889668121e+03
1.265048457223001606e+03
1.249381790556334863e+03
1.185381790556334863e+03
1.182381790556334863e+03
1.179048457223001606e+03
1.200381790556334863e+03
1.178715123889668121e+03
1.231048457223001606e+03
1.208548457223001606e+03
1.257381790556334636e+03
1.201715123889668121e+03
1.214381790556334863e+03
1.134381790556334863e+03
1.138215123889668121e+03
1.106048457223001606e+03
1.172048457223001606e+03
1.172215123889668121e+03
1.209715123889668121e+03
1.150381790556334863e+03
1.170548457223001606e+03
1.151881790556334863e+03
1.181048457223001606e+03
1.132548457223001606e+03
1.158381790556334863e+03
1.151715123889668121e+03
1.210715123889668121e+03
1.140215123889668121e+03
1.141548457223001606e+03
1.150715123889668121e+03
1.238048457223001606e+03
1.192381790556334636e+03
1.151381790556334863e+03
1.110048457223001606e+03
1.178215123889668121e+03
1.177048457223001606e+03
1.201881790556334863e+03
1.181548457223001606e+03
1.191048457223001606e+03
1.180381790556334863e+03
1.226215123889668121e+03
1.240215123889668121e+03
1.266548457223001378e+03
1.204215123889668121e+03
1.194215123889668121e+03
1.168715123889668121e+03
1.221381790556334863e+03
1.210548457223001606e+03
1.232048457223001606e+03
1.217381790556334863e+03
1.233548457223001606e+03
1.195715123889668121e+03
1.171715123889668121e+03
1.152548457223001606e+03
1.207548457223001606e+03
1.246381790556334863e+03
1.322715123889668121e+03
1.275048457223001378e+03
1.258548457223001378e+03
1.172048457223001606e+03
1.190715123889668121e+03
1.180215123889668121e+03
1.219548457223001606e+03
1.225381790556334863e+03
1.246048457223001606e+03
1.206548457223001606e+03
1.177715123889668121e+03
1.171715123889668121e+03
1.197215123889668121e+03
1.183381790556334863e+03
1.167215123889668121e+03
1.129548457223001606e+03
1.127881790556334863e+03
1.116715123889668121e+03
1.158215123889668121e+03
1.160881790556334863e+03
1.175215123889668121e+03
1.138548457223001606e+03
1.176215123889668121e+03
1.159048457223001606e+03
1.220548457223001606e+03
1.184215123889668121e+03
1.206548457223001606e+03
1.140215123889668121e+03
1.144048457223001606e+03
1.106048457223001606e+03
1.138548457223001606e+03
1.139381790556334863e+03
1.174715123889668121e+03
1.124215123889668121e+03
1.128381790556334863e+03
1.100881790556334863e+03
1.171715123889668121e+03
1.165881790556334863e+03
1.209715123889668121e+03
1.199381790556334863e+03
1.259048457223001606e+03
1.208548457223001606e+03
1.216715123889668121e+03
1.115548457223001606e+03
1.136548457223001606e+03
1.098881790556334863e+03
1.164881790556334863e+03
1.140548457223001606e+03
1.143548457223001606e+03
1.105548457223001606e+03
1.159548457223001606e+03
1.168215123889668121e+03
1.162381790556334863e+03
1.118048457223001606e+03
1.132381790556334863e+03
1.127215123889668121e+03
1.175048457223001606e+03
1.143381790556334863e+03
1.191215123889668121e+03
1.156048457223001606e+03
1.192881790556334863e+03
1.149381790556334863e+03
1.139548457223001606e+03
1.098381790556334863e+03
1.142048457223001606e+03
1.127881790556334863e+03
1.151048457223001606e+03
1.111548457223001606e+03
1.129881790556334863e+03
1.137215123889668121e+03
1.200381790556334863e+03
1.179048457223001606e+03
1.131715123889668121e+03
1.060715123889668121e+03
1.110548457223001606e+03
1.130715123889668121e+03
1.187215123889668121e+03
1.162715123889668121e+03
1.159215123889668121e+03
1.116715123889668121e+03
1.120048457223001606e+03
1.127215123889668121e+03
1.167215123889668121e+03
1.125715123889668121e+03
1.148715123889668121e+03
1.143715123889668121e+03
1.225048457223001606e+03
1.231715123889668121e+03
1.252381790556334863e+03
1.199215123889668121e+03
1.231381790556334863e+03
1.212048457223001606e+03
1.202215123889668121e+03
1.123215123889668121e+03
1.142215123889668121e+03
1.163048457223001606e+03
1.210381790556334863e+03
1.170381790556334863e+03
1.222215123889668121e+03
1.228715123889668121e+03
1.244881790556334863e+03
1.203048457223001606e+03
1.246548457223001606e+03
1.236381790556334863e+03
1.252048457223001606e+03
1.206548457223001606e+03
1.249215123889668121e+03
1.218715123889668121e+03
1.228048457223001606e+03
1.171381790556334863e+03
1.216881790556334863e+03
1.198881790556334863e+03
1.265381790556334863e+03
1.265381790556334863e+03
1.285715123889668121e+03
1.218048457223001606e+03
1.206715123889668121e+03
1.165548457223001606e+03
1.225548457223001606e+03
1.207548457223001606e+03
1.216881790556334863e+03
1.145548457223001606e+03
1.169048457223001606e+03
1.137048457223001606e+03
1.144548457223001606e+03
1.111381790556334863e+03
1.174215123889668121e+03
1.143048457223001606e+03
1.147381790556334863e+03
1.116215123889668121e+03
1.174048457223001606e+03
1.144215123889668121e+03
1.160881790556334863e+03
1.173381790556334863e+03
1.219715123889668121e+03
1.196048457223001606e+03
1.193881790556334863e+03
1.175048457223001606e+03
1.227548457223001606e+03
1.203881790556334863e+03
1.225381790556334863e+03
1.214715123889668121e+03
1.257881790556334863e+03
1.259548457223001606e+03
1.241215123889668121e+03
1.220381790556334863e+03
1.240548457223001606e+03
1.225548457223001606e+03
1.252381790556334863e+03
1.206048457223001606e+03
1.243548457223001606e+03
1.240715123889668121e+03
1.316215123889668121e+03
1.288548457223001606e+03
1.312715123889668121e+03
1.248881790556334863e+03
1.242715123889668121e+03
1.175048457223001606e+03
1.171381790556334863e+03
1.133548457223001606e+03
1.141548457223001606e+03
1.133548457223001606e+03
1.199881790556334863e+03
1.172048457223001606e+03
1.182881790556334863e+03
1.163715123889668121e+03
1.191381790556334863e+03
1.166548457223001606e+03
1.186215123889668121e+03
1.196215123889668121e+03
1.270381790556334863e+03
1.262048457223001606e+03
1.251715123889668121e+03
1.199715123889668121e+03
1.230548457223001606e+03
1.242548457223001606e+03
1.255381790556334863e+03
1.178548457223001606e+03
1.209215123889668121e+03
1.194215123889668121e+03
1.239881790556334636e+03
1.176548457223001606e+03
1.195215123889668121e+03
1.166881790556334863e+03
1.227048457223001606e+03
1.208381790556334863e+03
1.286048457223001606e+03
1.270381790556334863e+03
1.335215123889668121e+03
1.303881790556334636e+03
1.320881790556334863e+03
1.229881790556334636e+03
1.205215123889668121e+03
1.191715123889668121e+03
1.287715123889668121e+03
1.307881790556334636e+03
1.272715123889668121e+03
1.210215123889668121e+03
1.226215123889668121e+03
1.256381790556334863e+03
1.303548457223001378e+03
1.225215123889668121e+03
1.210881790556334636e+03
1.143048457223001606e+03
1.191215123889668121e+03
1.178048457223001606e+03
1.257048457223001606e+03
1.239881790556334863e+03
1.272548457223001606e+03
1.206715123889668121e+03
1.243881790556334863e+03
1.141381790556334863e+03
1.122381790556334863e+03
1.077381790556334863e+03
1.167048457223001606e+03
1.187048457223001606e+03
1.199048457223001606e+03
1.145215123889668121e+03
1.162548457223001606e+03
1.143715123889668121e+03
1.190881790556334863e+03
1.138548457223001606e+03
1.162881790556334863e+03
6.752151238896683481e+02
