6.415000000000000000e+02
7.935000000000000000e+02
4.425000000000000000e+02
5.696666666666666288e+02
1.056333333333333258e+03
1.433666666666666515e+03
1.587166666666666515e+03
1.384166666666666515e+03
1.465166666666666515e+03
1.535333333333333258e+03
1.517499999999999773e+03
1.336833333333333258e+03
1.452500000000000000e+03
1.588333333333333030e+03
1.600166666666666515e+03
1.420500000000000000e+03
1.488833333333333258e+03
1.592666666666666515e+03
1.649000000000000000e+03
1.493000000000000000e+03
1.680666666666666515e+03
1.794000000000000000e+03
1.809666666666666515e+03
1.556833333333333030e+03
1.645833333333333258e+03
1.704666666666666515e+03
1.708666666666666515e+03
1.502333333333333258e+03
1.594500000000000000e+03
1.668500000000000000e+03
1.679833333333333258e+03
1.534666666666666515e+03
1.687500000000000000e+03
1.747000000000000000e+03
1.744666666666666515e+03
1.525999999999999773e+03
1.636333333333333258e+03
1.711999999999999773e+03
1.682833333333333030e+03
1.504833333333333258e+03
1.600500000000000000e+03
1.715833333333333258e+03
1.709333333333333258e+03
1.526166666666666515e+03
1.618500000000000000e+03
1.725499999999999773e+03
1.758666666666666515e+03
1.636500000000000000e+03
1.759666666666666515e+03
1.812333333333333030e+03
1.726999999999999773e+03
1.500333333333333258e+03
1.626166666666666515e+03
1.737000000000000000e+03
1.771499999999999773e+03
1.592833333333333258e+03
1.668999999999999773e+03
1.671499999999999773e+03
1.640333333333333030e+03
1.470833333333333258e+03
1.608000000000000000e+03
1.723500000000000000e+03
1.732499999999999773e+03
1.535666666666666515e+03
1.624666666666666515e+03
1.721166666666666515e+03
1.708000000000000000e+03
1.535833333333333258e+03
1.668666666666666515e+03
1.795833333333333030e+03
1.809333333333333258e+03
1.613833333333333030e+03
1.722666666666666515e+03
1.785999999999999773e+03
1.767500000000000000e+03
1.592000000000000000e+03
1.680166666666666515e+03
1.744500000000000000e+03
1.693333333333333258e+03
1.540666666666666515e+03
1.640999999999999773e+03
1.706666666666666515e+03
1.663166666666666515e+03
1.486500000000000000e+03
1.600500000000000000e+03
1.697499999999999773e+03
1.708000000000000000e+03
1.571666666666666515e+03
1.667333333333333258e+03
1.707833333333333030e+03
1.698166666666666515e+03
1.516666666666666515e+03
1.633333333333333258e+03
1.712666666666666515e+03
1.713499999999999773e+03
1.615999999999999773e+03
1.739999999999999773e+03
1.820166666666666515e+03
1.737166666666666515e+03
1.521333333333333258e+03
1.619666666666666515e+03
1.719500000000000000e+03
1.710166666666666515e+03
1.513500000000000000e+03
1.592000000000000000e+03
1.640333333333333258e+03
1.635333333333333030e+03
1.474000000000000000e+03
1.615833333333333258e+03
1.705666666666666515e+03
1.705833333333333258e+03
1.523666666666666515e+03
1.681166666666666515e+03
1.808499999999999773e+03
1.834500000000000000e+03
1.615333333333333258e+03
1.669500000000000000e+03
1.692833333333333258e+03
1.670000000000000000e+03
1.489500000000000000e+03
1.634833333333333258e+03
1.720833333333333258e+03
1.718000000000000000e+03
1.508666666666666515e+03
1.604166666666666515e+03
1.642500000000000000e+03
1.612000000000000000e+03
1.453500000000000000e+03
1.629500000000000000e+03
1.740333333333333258e+03
1.683000000000000000e+03
1.432166666666666515e+03
1.547833333333333258e+03
1.680499999999999773e+03
1.694666666666666515e+03
1.514833333333333030e+03
1.596166666666666515e+03
1.684333333333333258e+03
1.659833333333333030e+03
1.493833333333333258e+03
1.628000000000000000e+03
1.779666666666666515e+03
1.826833333333333258e+03
1.604666666666666515e+03
1.603500000000000000e+03
1.637833333333333030e+03
1.684000000000000000e+03
1.557166666666666515e+03
1.619500000000000000e+03
1.659500000000000000e+03
1.669166666666666515e+03
1.544499999999999773e+03
1.667666666666666515e+03
1.730666666666666515e+03
1.709500000000000000e+03
1.524999999999999773e+03
1.634000000000000000e+03
1.722666666666666515e+03
1.739333333333333258e+03
1.573000000000000000e+03
1.638166666666666515e+03
1.673833333333333030e+03
1.653333333333333030e+03
1.514333333333333258e+03
1.607500000000000000e+03
1.663833333333333258e+03
1.667333333333333258e+03
1.531333333333333258e+03
1.644000000000000000e+03
1.718833333333333258e+03
1.690500000000000000e+03
1.500000000000000000e+03
1.544833333333333258e+03
1.644333333333333258e+03
1.719999999999999773e+03
1.576666666666666515e+03
1.639499999999999773e+03
1.693833333333333030e+03
1.734833333333333258e+03
1.582666666666666515e+03
1.658500000000000000e+03
1.681499999999999773e+03
1.660833333333333258e+03
1.499833333333333258e+03
1.624833333333333258e+03
1.698166666666666515e+03
1.687333333333333030e+03
1.492333333333333258e+03
1.639500000000000000e+03
1.717166666666666515e+03
1.693833333333333258e+03
1.507000000000000000e+03
1.604333333333333258e+03
1.708666666666666515e+03
1.735500000000000000e+03
1.573500000000000000e+03
1.679500000000000000e+03
1.709166666666666515e+03
1.695166666666666515e+03
1.536666666666666515e+03
1.665166666666666515e+03
1.722666666666666515e+03
1.727333333333333258e+03
1.548666666666666515e+03
1.636000000000000000e+03
1.680000000000000000e+03
1.675833333333333258e+03
1.547500000000000000e+03
1.674166666666666515e+03
1.729500000000000000e+03
1.695500000000000000e+03
1.511166666666666515e+03
1.613000000000000000e+03
1.683333333333333258e+03
1.607166666666666515e+03
1.409000000000000000e+03
1.546000000000000000e+03
1.750333333333333258e+03
1.809500000000000000e+03
1.601000000000000000e+03
1.612166666666666515e+03
1.649333333333333030e+03
1.673833333333333258e+03
1.518166666666666515e+03
1.626666666666666515e+03
1.708666666666666515e+03
1.758166666666666515e+03
1.595166666666666515e+03
1.670833333333333258e+03
1.699333333333333258e+03
1.704999999999999773e+03
1.545166666666666515e+03
1.607166666666666515e+03
1.607000000000000000e+03
1.609999999999999773e+03
1.493333333333333258e+03
1.655166666666666515e+03
1.688166666666666515e+03
1.682000000000000000e+03
1.508000000000000000e+03
1.636166666666666515e+03
1.673333333333333258e+03
1.626833333333333258e+03
1.445666666666666515e+03
1.550833333333333258e+03
1.646166666666666515e+03
1.624666666666666515e+03
1.449833333333333030e+03
1.558166666666666515e+03
1.665333333333333258e+03
1.695666666666666515e+03
1.538333333333333258e+03
1.649666666666666515e+03
1.695499999999999773e+03
1.695166666666666515e+03
1.534000000000000000e+03
1.636166666666666515e+03
1.680333333333333030e+03
1.656666666666666515e+03
1.481500000000000000e+03
1.571000000000000000e+03
1.656166666666666515e+03
1.709000000000000000e+03
1.591833333333333258e+03
1.688000000000000000e+03
1.724333333333333258e+03
1.701333333333333258e+03
1.496166666666666515e+03
1.561333333333333258e+03
1.609666666666666515e+03
1.634500000000000000e+03
1.498333333333333258e+03
1.618333333333333258e+03
1.639833333333333258e+03
1.623833333333333258e+03
1.441000000000000000e+03
1.550666666666666515e+03
1.604999999999999773e+03
1.595666666666666515e+03
1.448333333333333258e+03
1.605833333333333258e+03
1.703333333333333030e+03
1.717000000000000000e+03
1.498666666666666515e+03
1.561833333333333258e+03
1.648500000000000000e+03
1.735666666666666515e+03
1.602500000000000000e+03
1.674166666666666515e+03
1.651833333333333258e+03
1.666499999999999773e+03
1.523333333333333030e+03
1.615166666666666515e+03
1.636666666666666515e+03
1.621000000000000000e+03
1.515166666666666515e+03
1.664833333333333258e+03
1.751500000000000000e+03
1.745999999999999773e+03
1.545500000000000000e+03
1.618666666666666515e+03
1.663500000000000000e+03
1.631833333333333258e+03
1.477333333333333258e+03
1.576666666666666515e+03
1.680166666666666515e+03
1.668500000000000000e+03
1.548666666666666515e+03
1.658500000000000000e+03
1.750000000000000000e+03
1.743833333333333258e+03
1.621833333333333030e+03
1.689333333333333030e+03
1.677333333333333258e+03
1.603499999999999773e+03
1.464500000000000000e+03
1.610000000000000000e+03
1.671166666666666515e+03
1.666333333333333258e+03
1.461000000000000000e+03
1.513000000000000000e+03
1.518166666666666515e+03
1.508166666666666515e+03
1.401166666666666515e+03
1.497500000000000000e+03
1.592000000000000000e+03
1.602000000000000000e+03
1.485000000000000000e+03
1.551333333333333258e+03
1.599333333333333258e+03
1.599666666666666515e+03
1.472833333333333258e+03
1.549833333333333258e+03
1.632166666666666515e+03
1.639833333333333258e+03
1.537333333333333258e+03
1.580666666666666515e+03
1.645666666666666515e+03
1.682499999999999773e+03
1.589499999999999773e+03
1.649166666666666515e+03
1.646833333333333258e+03
1.632500000000000000e+03
1.524833333333333258e+03
1.630166666666666515e+03
1.654833333333333030e+03
1.613166666666666515e+03
1.460333333333333258e+03
1.593000000000000000e+03
1.710500000000000000e+03
1.704333333333333258e+03
1.533666666666666515e+03
1.601166666666666515e+03
1.652000000000000000e+03
1.647666666666666515e+03
1.434166666666666515e+03
1.500333333333333258e+03
1.562833333333333030e+03
1.638333333333333030e+03
1.532000000000000000e+03
1.571000000000000000e+03
1.603000000000000000e+03
1.595666666666666515e+03
1.491000000000000000e+03
1.561166666666666515e+03
1.610000000000000000e+03
1.653666666666666515e+03
1.551333333333333258e+03
1.669500000000000000e+03
1.682166666666666515e+03
1.656999999999999773e+03
1.462166666666666515e+03
1.508833333333333258e+03
1.585500000000000000e+03
1.691999999999999773e+03
1.618500000000000000e+03
1.678500000000000000e+03
1.622666666666666515e+03
1.603000000000000000e+03
1.494333333333333258e+03
1.597833333333333258e+03
1.630166666666666515e+03
1.598500000000000000e+03
1.452333333333333258e+03
1.544000000000000000e+03
1.610500000000000000e+03
1.648833333333333030e+03
1.538333333333333258e+03
1.595666666666666515e+03
1.619166666666666515e+03
1.584333333333333030e+03
1.428166666666666515e+03
1.495500000000000000e+03
1.546000000000000000e+03
1.571666666666666515e+03
1.454833333333333258e+03
1.531166666666666515e+03
1.571833333333333030e+03
1.581666666666666515e+03
1.477166666666666515e+03
1.610333333333333258e+03
1.642166666666666515e+03
1.600833333333333030e+03
1.426666666666666515e+03
1.507833333333333258e+03
1.572333333333333030e+03
1.591833333333333030e+03
1.493833333333333258e+03
1.595833333333333258e+03
1.603333333333333030e+03
1.599666666666666515e+03
1.483833333333333258e+03
1.603166666666666515e+03
1.652666666666666515e+03
1.683333333333333258e+03
1.594000000000000000e+03
1.650833333333333030e+03
1.647333333333333258e+03
1.605166666666666515e+03
1.473666666666666515e+03
1.531666666666666515e+03
1.549666666666666515e+03
1.580666666666666515e+03
1.501000000000000000e+03
1.607333333333333258e+03
1.612166666666666515e+03
1.589833333333333258e+03
1.478833333333333258e+03
1.602333333333333258e+03
1.679000000000000000e+03
1.714166666666666515e+03
1.536333333333333030e+03
1.583166666666666515e+03
1.580166666666666515e+03
1.615833333333333258e+03
1.488166666666666515e+03
1.543500000000000000e+03
1.519333333333333030e+03
1.525166666666666515e+03
1.463333333333333258e+03
1.600666666666666515e+03
1.632000000000000000e+03
1.599000000000000000e+03
1.453833333333333258e+03
1.514333333333333258e+03
1.540166666666666515e+03
1.603333333333333258e+03
1.552166666666666515e+03
1.635333333333333258e+03
1.628833333333333258e+03
1.617166666666666515e+03
1.514833333333333258e+03
1.598166666666666515e+03
1.646666666666666515e+03
1.632333333333333258e+03
1.533500000000000000e+03
1.553500000000000000e+03
1.624499999999999773e+03
1.704333333333333258e+03
1.626833333333333030e+03
1.674666666666666515e+03
1.639000000000000000e+03
1.650333333333333258e+03
1.534833333333333030e+03
1.588500000000000000e+03
1.604833333333333258e+03
1.605666666666666515e+03
1.501833333333333258e+03
1.576833333333333258e+03
1.634166666666666515e+03
1.657833333333333030e+03
1.531666666666666515e+03
1.568166666666666515e+03
1.583833333333333258e+03
1.584333333333333030e+03
1.454166666666666515e+03
1.513500000000000000e+03
1.568833333333333258e+03
1.620499999999999773e+03
1.528666666666666515e+03
1.608500000000000000e+03
1.637833333333333030e+03
1.651666666666666515e+03
1.510166666666666515e+03
1.535333333333333258e+03
1.539999999999999773e+03
1.581166666666666515e+03
1.483333333333333258e+03
1.513666666666666515e+03
1.466666666666666515e+03
1.485666666666666515e+03
1.420333333333333258e+03
1.524000000000000000e+03
1.587333333333333258e+03
1.623000000000000000e+03
1.548166666666666515e+03
1.594500000000000000e+03
1.585166666666666515e+03
1.591666666666666515e+03
1.463666666666666515e+03
1.534000000000000000e+03
1.570499999999999773e+03
1.608000000000000000e+03
1.496833333333333258e+03
1.537666666666666515e+03
1.549333333333333258e+03
1.572666666666666515e+03
1.516333333333333258e+03
1.647000000000000000e+03
1.680000000000000000e+03
1.633833333333333030e+03
1.485500000000000000e+03
1.589000000000000000e+03
1.658833333333333258e+03
1.717999999999999773e+03
1.576166666666666515e+03
1.578999999999999773e+03
1.541333333333333030e+03
1.563000000000000000e+03
1.495333333333333258e+03
1.555666666666666515e+03
1.584499999999999773e+03
1.650666666666666515e+03
1.562999999999999773e+03
1.597666666666666515e+03
1.550500000000000000e+03
1.557499999999999773e+03
1.460666666666666515e+03
1.532166666666666515e+03
1.526500000000000000e+03
1.536000000000000000e+03
1.442500000000000000e+03
1.568000000000000000e+03
1.645166666666666515e+03
1.689500000000000000e+03
1.574166666666666515e+03
1.574666666666666515e+03
1.554166666666666515e+03
1.565000000000000000e+03
1.505166666666666515e+03
1.577833333333333258e+03
1.587166666666666515e+03
1.596499999999999773e+03
1.512666666666666515e+03
1.587000000000000000e+03
1.603499999999999773e+03
1.647333333333333030e+03
1.572166666666666515e+03
1.639500000000000000e+03
1.635000000000000000e+03
1.675000000000000000e+03
1.571166666666666515e+03
1.619833333333333258e+03
1.568333333333333030e+03
1.564666666666666515e+03
1.425833333333333258e+03
1.503000000000000000e+03
1.541833333333333258e+03
1.620333333333333258e+03
1.537833333333333258e+03
1.624166666666666515e+03
1.630999999999999773e+03
1.623499999999999773e+03
1.509999999999999773e+03
1.580000000000000000e+03
1.613333333333333030e+03
1.626500000000000000e+03
1.525999999999999773e+03
1.600000000000000000e+03
1.592000000000000000e+03
1.600833333333333030e+03
1.462833333333333258e+03
1.562166666666666515e+03
1.617666666666666515e+03
1.726666666666666515e+03
1.656000000000000000e+03
1.683666666666666515e+03
1.625666666666666515e+03
1.590333333333333258e+03
1.465333333333333258e+03
1.521500000000000000e+03
1.544499999999999773e+03
1.581166666666666515e+03
1.482333333333333258e+03
1.504666666666666515e+03
1.507333333333333258e+03
1.553333333333333258e+03
1.490666666666666515e+03
1.533000000000000000e+03
1.486166666666666515e+03
1.501333333333333258e+03
1.457000000000000000e+03
1.550833333333333258e+03
1.554499999999999773e+03
1.600500000000000000e+03
1.542833333333333258e+03
1.653833333333333258e+03
1.661666666666666515e+03
1.698166666666666515e+03
1.598000000000000000e+03
1.608666666666666515e+03
1.595000000000000000e+03
1.610666666666666515e+03
1.547666666666666515e+03
1.584500000000000000e+03
1.558166666666666515e+03
1.590500000000000000e+03
1.572500000000000000e+03
1.683333333333333258e+03
1.661166666666666515e+03
1.635499999999999773e+03
1.536166666666666515e+03
1.616666666666666515e+03
1.620333333333333258e+03
1.574500000000000000e+03
1.451333333333333258e+03
1.493000000000000000e+03
1.532166666666666515e+03
1.551333333333333258e+03
1.473666666666666515e+03
1.507166666666666515e+03
1.492000000000000000e+03
1.497666666666666515e+03
1.425000000000000000e+03
1.492500000000000000e+03
1.518666666666666515e+03
1.573333333333333258e+03
1.492499999999999773e+03
1.545999999999999773e+03
1.568999999999999773e+03
1.635666666666666515e+03
1.550500000000000000e+03
1.568833333333333258e+03
1.552500000000000000e+03
1.591166666666666515e+03
1.546333333333333258e+03
1.603499999999999773e+03
1.592833333333333030e+03
1.607000000000000000e+03
1.555499999999999773e+03
1.645333333333333258e+03
1.614000000000000000e+03
1.582999999999999773e+03
1.454000000000000000e+03
1.527833333333333258e+03
1.603333333333333258e+03
1.705833333333333258e+03
1.656833333333333258e+03
1.668666666666666515e+03
1.577999999999999773e+03
1.585166666666666515e+03
1.490000000000000000e+03
1.540666666666666515e+03
1.517333333333333258e+03
1.572666666666666515e+03
1.540333333333333030e+03
1.616666666666666515e+03
1.603333333333333258e+03
1.626166666666666515e+03
1.490166666666666515e+03
1.486833333333333258e+03
1.486166666666666515e+03
1.586333333333333258e+03
1.588499999999999773e+03
1.642333333333333030e+03
1.606833333333333258e+03
1.646333333333333258e+03
1.564666666666666515e+03
1.620333333333333258e+03
1.562000000000000000e+03
1.597666666666666515e+03
1.508833333333333030e+03
1.573333333333333258e+03
1.539833333333333030e+03
1.612666666666666515e+03
1.582499999999999773e+03
1.653166666666666515e+03
1.609833333333333030e+03
1.593500000000000000e+03
1.501000000000000000e+03
1.583333333333333258e+03
1.598833333333333258e+03
1.666166666666666515e+03
1.559666666666666515e+03
1.597999999999999773e+03
1.604000000000000000e+03
1.717833333333333258e+03
1.680500000000000000e+03
1.716000000000000000e+03
1.645999999999999773e+03
1.650000000000000000e+03
1.542166666666666515e+03
1.534333333333333258e+03
1.488833333333333258e+03
1.483500000000000000e+03
1.485166666666666515e+03
1.583666666666666515e+03
1.614166666666666515e+03
1.612833333333333258e+03
1.484166666666666515e+03
1.510666666666666515e+03
1.498833333333333258e+03
1.578666666666666515e+03
1.526333333333333030e+03
1.610333333333333258e+03
1.566499999999999773e+03
1.567000000000000000e+03
1.475500000000000000e+03
1.571833333333333258e+03
1.627833333333333030e+03
1.617166666666666515e+03
1.507500000000000000e+03
1.531333333333333258e+03
1.585166666666666515e+03
1.595833333333333030e+03
1.505833333333333258e+03
1.546666666666666515e+03
1.565166666666666515e+03
1.618833333333333030e+03
1.500833333333333258e+03
1.549833333333333258e+03
1.556333333333333030e+03
1.611500000000000000e+03
1.563833333333333258e+03
1.575999999999999773e+03
1.586000000000000000e+03
1.612833333333333258e+03
1.542333333333333258e+03
1.533999999999999773e+03
1.494999999999999773e+03
1.534666666666666515e+03
1.496333333333333258e+03
1.514666666666666515e+03
1.519333333333333258e+03
1.581666666666666515e+03
1.542000000000000000e+03
1.616000000000000000e+03
1.635999999999999773e+03
1.691666666666666515e+03
1.572833333333333258e+03
1.544333333333333258e+03
1.479833333333333030e+03
1.489833333333333258e+03
1.399500000000000000e+03
1.492833333333333258e+03
1.582000000000000000e+03
1.630666666666666515e+03
1.486499999999999773e+03
1.411333333333333258e+03
1.405666666666666515e+03
1.493500000000000000e+03
1.484166666666666515e+03
1.535666666666666515e+03
1.520833333333333258e+03
1.566666666666666515e+03
1.556833333333333030e+03
1.621833333333333258e+03
1.597333333333333258e+03
1.618666666666666515e+03
1.564166666666666515e+03
1.627500000000000000e+03
1.593166666666666515e+03
1.582666666666666515e+03
1.499500000000000000e+03
1.550833333333333258e+03
1.608000000000000000e+03
1.612666666666666515e+03
1.513499999999999773e+03
1.511166666666666515e+03
1.546166666666666515e+03
1.612000000000000000e+03
1.544500000000000000e+03
1.591166666666666515e+03
1.597833333333333258e+03
1.686333333333333030e+03
1.603666666666666515e+03
1.615000000000000000e+03
1.563833333333333258e+03
1.564499999999999773e+03
1.504833333333333258e+03
1.572500000000000000e+03
1.586333333333333030e+03
1.595333333333333258e+03
1.477333333333333258e+03
1.516000000000000000e+03
1.502666666666666515e+03
1.548166666666666515e+03
1.463333333333333258e+03
1.527833333333333258e+03
1.531333333333333258e+03
1.607166666666666515e+03
1.554333333333333258e+03
1.584999999999999773e+03
1.552166666666666515e+03
1.581666666666666515e+03
1.521666666666666515e+03
1.617333333333333030e+03
1.637833333333333258e+03
1.688333333333333258e+03
1.595666666666666515e+03
1.605166666666666515e+03
1.586833333333333258e+03
1.597666666666666515e+03
1.546666666666666515e+03
1.578166666666666515e+03
1.560500000000000000e+03
1.557499999999999773e+03
1.481166666666666515e+03
1.579833333333333258e+03
1.584500000000000000e+03
1.623166666666666515e+03
1.522666666666666515e+03
1.592999999999999773e+03
1.577999999999999773e+03
1.583166666666666515e+03
1.479333333333333258e+03
1.545333333333333258e+03
1.557166666666666515e+03
1.585333333333333030e+03
1.492666666666666515e+03
1.567000000000000000e+03
1.601000000000000000e+03
1.675500000000000000e+03
1.580666666666666515e+03
1.635166666666666515e+03
1.596500000000000000e+03
1.559999999999999773e+03
1.419166666666666515e+03
1.480333333333333258e+03
1.523166666666666515e+03
1.528500000000000000e+03
1.440000000000000000e+03
1.526000000000000000e+03
1.600333333333333258e+03
1.652833333333333030e+03
1.588499999999999773e+03
1.652500000000000000e+03
1.650166666666666515e+03
1.644000000000000000e+03
1.500500000000000000e+03
1.498666666666666515e+03
1.503333333333333258e+03
1.547833333333333258e+03
1.470833333333333258e+03
1.512666666666666515e+03
1.525500000000000000e+03
1.576500000000000000e+03
1.513833333333333258e+03
1.579333333333333258e+03
1.629000000000000000e+03
1.646333333333333258e+03
1.532166666666666515e+03
1.527500000000000000e+03
1.518000000000000000e+03
1.574500000000000000e+03
1.500000000000000000e+03
1.567333333333333258e+03
1.562333333333333030e+03
1.605833333333333258e+03
1.537166666666666515e+03
1.601500000000000000e+03
1.590500000000000000e+03
1.603500000000000000e+03
1.529666666666666515e+03
1.644166666666666515e+03
1.653333333333333030e+03
1.643333333333333030e+03
1.511333333333333258e+03
1.589500000000000000e+03
1.601833333333333258e+03
1.627166666666666515e+03
1.499833333333333258e+03
1.555166666666666515e+03
1.560000000000000000e+03
1.610833333333333258e+03
1.524833333333333258e+03
1.592499999999999773e+03
1.580166666666666515e+03
1.620666666666666515e+03
1.534833333333333258e+03
1.592333333333333258e+03
1.586833333333333258e+03
1.605166666666666515e+03
1.552333333333333030e+03
1.623833333333333258e+03
1.612500000000000000e+03
1.631166666666666515e+03
1.582333333333333258e+03
1.652500000000000000e+03
1.608166666666666515e+03
1.563833333333333030e+03
1.464166666666666515e+03
1.549666666666666515e+03
1.559166666666666515e+03
1.551499999999999773e+03
1.455000000000000000e+03
1.550833333333333258e+03
1.602333333333333258e+03
1.650333333333333258e+03
1.564500000000000000e+03
1.651499999999999773e+03
1.664000000000000000e+03
1.673333333333333258e+03
1.564333333333333258e+03
1.614000000000000000e+03
1.604833333333333258e+03
1.627166666666666515e+03
1.519666666666666515e+03
1.576166666666666515e+03
1.589666666666666515e+03
1.593666666666666515e+03
1.478000000000000000e+03
1.452666666666666515e+03
1.483500000000000000e+03
1.586833333333333258e+03
1.538166666666666515e+03
1.584666666666666515e+03
1.540666666666666515e+03
1.548500000000000000e+03
1.434833333333333258e+03
1.498666666666666515e+03
1.542833333333333030e+03
1.580833333333333258e+03
1.457666666666666515e+03
1.485166666666666515e+03
1.487000000000000000e+03
1.520666666666666515e+03
1.464000000000000000e+03
1.571500000000000000e+03
1.616166666666666515e+03
1.644833333333333030e+03
1.515833333333333030e+03
1.529833333333333258e+03
1.534000000000000000e+03
1.575833333333333258e+03
1.530666666666666515e+03
1.596833333333333258e+03
1.613833333333333258e+03
1.621666666666666515e+03
1.503499999999999773e+03
1.534333333333333258e+03
1.540833333333333030e+03
1.565333333333333258e+03
1.477666666666666515e+03
1.505833333333333258e+03
1.512833333333333258e+03
1.527499999999999773e+03
1.480833333333333258e+03
1.561666666666666515e+03
1.630666666666666515e+03
1.702833333333333258e+03
1.646833333333333030e+03
1.626500000000000000e+03
1.540333333333333030e+03
1.501500000000000000e+03
1.438333333333333258e+03
1.541833333333333258e+03
1.615500000000000000e+03
1.656833333333333030e+03
1.573166666666666515e+03
1.617666666666666515e+03
1.638166666666666515e+03
1.638333333333333030e+03
1.501333333333333258e+03
1.504166666666666515e+03
1.558500000000000000e+03
1.599333333333333258e+03
1.559000000000000000e+03
1.594333333333333258e+03
1.625500000000000000e+03
1.603833333333333258e+03
1.486166666666666515e+03
1.537166666666666515e+03
1.604833333333333030e+03
1.653999999999999773e+03
1.589666666666666515e+03
1.630833333333333258e+03
1.598500000000000000e+03
1.548000000000000000e+03
1.453833333333333258e+03
1.565666666666666515e+03
1.581166666666666515e+03
1.575000000000000000e+03
1.438666666666666515e+03
1.510333333333333258e+03
1.514500000000000000e+03
1.524833333333333258e+03
1.411833333333333258e+03
1.479666666666666515e+03
1.518166666666666515e+03
1.584666666666666515e+03
1.527666666666666515e+03
1.630166666666666515e+03
1.650166666666666515e+03
1.671499999999999773e+03
1.515166666666666515e+03
1.531500000000000000e+03
1.515000000000000000e+03
1.595000000000000000e+03
1.557000000000000000e+03
1.641333333333333030e+03
1.606666666666666515e+03
1.574500000000000000e+03
1.422333333333333258e+03
1.465833333333333258e+03
1.511333333333333258e+03
1.568833333333333258e+03
1.525333333333333258e+03
1.595166666666666515e+03
1.634499999999999773e+03
1.630499999999999773e+03
1.520999999999999773e+03
1.546500000000000000e+03
1.528499999999999773e+03
1.541666666666666515e+03
1.479666666666666515e+03
1.589000000000000000e+03
1.657500000000000000e+03
1.693166666666666515e+03
1.590666666666666515e+03
1.590999999999999773e+03
1.575833333333333258e+03
1.593999999999999773e+03
1.554833333333333030e+03
1.656833333333333258e+03
1.692333333333333258e+03
1.628333333333333030e+03
1.480666666666666515e+03
1.517833333333333258e+03
1.594499999999999773e+03
1.627666666666666515e+03
1.554999999999999773e+03
1.553833333333333258e+03
1.560000000000000000e+03
1.598166666666666515e+03
1.553500000000000000e+03
1.602000000000000000e+03
1.600833333333333258e+03
1.672000000000000000e+03
1.669666666666666515e+03
1.690166666666666515e+03
1.625833333333333258e+03
1.589833333333333030e+03
1.499666666666666515e+03
1.550333333333333258e+03
1.517333333333333030e+03
1.547833333333333030e+03
1.470166666666666515e+03
1.564500000000000000e+03
1.602666666666666515e+03
1.640000000000000000e+03
1.537166666666666515e+03
1.557166666666666515e+03
1.534333333333333258e+03
1.521333333333333030e+03
1.437000000000000000e+03
1.548333333333333258e+03
1.635166666666666515e+03
1.692666666666666515e+03
1.613500000000000000e+03
1.647500000000000000e+03
1.648833333333333258e+03
1.630500000000000000e+03
1.558000000000000000e+03
1.615333333333333258e+03
1.624666666666666515e+03
1.591833333333333030e+03
1.485833333333333258e+03
1.538833333333333258e+03
1.575499999999999773e+03
1.594500000000000000e+03
1.553666666666666515e+03
1.638333333333333258e+03
1.654833333333333030e+03
1.646666666666666515e+03
1.526833333333333030e+03
1.593833333333333258e+03
1.632666666666666515e+03
1.656166666666666515e+03
1.572333333333333258e+03
1.579666666666666515e+03
1.632000000000000000e+03
1.661666666666666515e+03
1.573833333333333258e+03
1.534666666666666515e+03
1.480166666666666515e+03
1.485833333333333258e+03
1.479333333333333258e+03
1.627166666666666515e+03
1.708499999999999773e+03
1.714999999999999773e+03
1.575999999999999773e+03
1.588999999999999773e+03
1.659333333333333030e+03
1.762833333333333258e+03
1.723666666666666515e+03
1.753333333333333258e+03
1.692500000000000000e+03
1.700500000000000000e+03
1.603499999999999773e+03
1.667833333333333258e+03
1.682166666666666515e+03
1.700833333333333258e+03
1.614500000000000000e+03
1.663333333333333258e+03
1.662333333333333258e+03
1.691000000000000000e+03
1.572833333333333030e+03
1.610000000000000000e+03
1.632166666666666515e+03
1.710500000000000000e+03
1.652500000000000000e+03
1.661333333333333030e+03
1.643833333333333258e+03
1.636499999999999773e+03
1.588500000000000000e+03
1.674000000000000000e+03
1.717499999999999773e+03
1.711000000000000000e+03
1.588833333333333258e+03
1.624833333333333258e+03
1.657333333333333030e+03
1.691500000000000000e+03
1.628833333333333030e+03
1.684666666666666515e+03
1.744999999999999773e+03
1.800333333333333258e+03
1.694500000000000000e+03
1.709333333333333030e+03
1.696333333333333258e+03
1.724833333333333030e+03
1.631166666666666515e+03
1.700666666666666515e+03
1.744666666666666515e+03
1.751833333333333030e+03
1.640333333333333258e+03
1.693166666666666515e+03
1.707833333333333258e+03
1.692333333333333258e+03
1.620666666666666515e+03
1.675500000000000000e+03
1.701500000000000000e+03
1.669666666666666515e+03
1.608833333333333258e+03
1.698333333333333258e+03
1.732666666666666515e+03
1.730000000000000000e+03
1.638333333333333258e+03
1.671500000000000000e+03
1.691500000000000000e+03
1.642499999999999773e+03
1.552500000000000000e+03
1.578833333333333258e+03
1.668833333333333258e+03
1.726166666666666515e+03
1.673333333333333030e+03
1.685833333333333258e+03
1.666833333333333258e+03
1.668999999999999773e+03
1.609666666666666515e+03
1.710833333333333258e+03
1.755000000000000000e+03
1.758333333333333258e+03
1.667333333333333258e+03
1.703833333333333258e+03
1.702500000000000000e+03
1.654666666666666515e+03
1.557166666666666515e+03
1.638166666666666515e+03
1.705333333333333258e+03
1.728333333333333258e+03
1.655166666666666515e+03
1.703166666666666515e+03
1.706833333333333030e+03
1.697000000000000000e+03
1.610166666666666515e+03
1.673666666666666515e+03
1.692999999999999773e+03
1.712333333333333258e+03
1.615833333333333030e+03
1.656000000000000000e+03
1.681499999999999773e+03
1.726166666666666515e+03
1.678999999999999773e+03
1.778333333333333030e+03
1.790333333333333258e+03
1.770833333333333258e+03
1.619666666666666515e+03
1.659166666666666515e+03
1.699333333333333258e+03
1.693500000000000000e+03
1.634166666666666515e+03
1.679999999999999773e+03
1.694666666666666515e+03
1.657166666666666515e+03
1.557666666666666515e+03
1.650166666666666515e+03
1.714833333333333030e+03
1.758500000000000000e+03
1.645833333333333030e+03
1.699499999999999773e+03
1.693333333333333258e+03
1.736499999999999773e+03
1.668166666666666515e+03
1.732166666666666515e+03
1.727833333333333258e+03
1.711833333333333258e+03
1.634833333333333258e+03
1.694166666666666515e+03
1.663333333333333030e+03
1.685833333333333258e+03
1.609166666666666515e+03
1.703166666666666515e+03
1.767666666666666515e+03
1.818500000000000000e+03
1.756833333333333258e+03
1.756166666666666515e+03
1.727999999999999773e+03
1.794166666666666515e+03
1.729833333333333258e+03
1.787000000000000000e+03
1.774833333333333258e+03
1.805500000000000000e+03
1.748833333333333258e+03
1.799833333333333258e+03
1.810000000000000000e+03
1.788999999999999773e+03
1.685666666666666515e+03
1.723000000000000000e+03
1.787833333333333030e+03
1.810499999999999773e+03
1.735666666666666515e+03
1.776166666666666515e+03
1.777833333333333258e+03
1.771333333333333030e+03
1.693499999999999773e+03
1.771333333333333258e+03
1.801499999999999773e+03
1.803999999999999773e+03
1.720333333333333030e+03
1.791000000000000000e+03
1.816999999999999773e+03
1.831500000000000000e+03
1.717333333333333258e+03
1.757333333333333258e+03
1.746499999999999773e+03
1.738166666666666515e+03
1.671833333333333258e+03
1.756333333333333258e+03
1.821333333333333258e+03
1.837666666666666515e+03
1.771000000000000000e+03
1.822500000000000000e+03
1.838499999999999773e+03
1.824500000000000000e+03
1.769333333333333258e+03
1.843166666666666515e+03
1.891666666666666515e+03
1.846000000000000000e+03
1.731000000000000000e+03
1.760000000000000000e+03
1.805000000000000000e+03
1.849666666666666515e+03
1.756166666666666515e+03
1.823166666666666515e+03
1.795000000000000000e+03
1.772500000000000000e+03
1.699333333333333258e+03
1.821833333333333030e+03
1.895166666666666515e+03
1.880666666666666515e+03
1.755500000000000000e+03
1.778166666666666515e+03
1.792999999999999773e+03
1.791000000000000000e+03
1.711500000000000000e+03
1.763999999999999773e+03
1.795833333333333258e+03
1.849999999999999773e+03
1.820499999999999773e+03
1.887166666666666515e+03
1.878833333333333258e+03
1.854166666666666515e+03
1.805833333333333030e+03
1.867000000000000000e+03
1.900000000000000000e+03
1.897833333333333258e+03
1.831499999999999773e+03
1.891500000000000000e+03
1.890000000000000000e+03
1.890166666666666515e+03
1.780500000000000000e+03
1.830666666666666515e+03
1.836999999999999773e+03
1.836333333333333258e+03
1.720833333333333030e+03
1.765666666666666515e+03
1.782666666666666515e+03
1.795833333333333258e+03
1.741333333333333030e+03
1.824833333333333258e+03
1.842000000000000000e+03
1.828333333333333258e+03
1.740833333333333258e+03
1.861500000000000000e+03
1.905000000000000000e+03
1.921166666666666515e+03
1.782500000000000000e+03
1.792833333333333258e+03
1.795000000000000000e+03
1.821833333333333258e+03
1.795666666666666515e+03
1.845833333333333258e+03
1.852833333333333258e+03
1.832833333333333030e+03
1.746666666666666515e+03
1.793500000000000000e+03
1.821666666666666515e+03
1.846333333333333258e+03
1.775666666666666515e+03
1.850166666666666515e+03
1.921000000000000000e+03
1.938000000000000000e+03
1.812333333333333030e+03
1.803666666666666515e+03
1.811666666666666515e+03
1.837666666666666515e+03
1.800833333333333030e+03
1.906666666666666515e+03
1.923333333333333258e+03
1.901333333333333030e+03
1.753833333333333258e+03
1.801666666666666515e+03
1.808333333333333258e+03
1.830166666666666515e+03
1.750166666666666515e+03
1.833833333333333258e+03
1.918166666666666515e+03
1.942500000000000000e+03
1.838333333333333258e+03
1.860166666666666515e+03
1.861499999999999773e+03
1.837499999999999773e+03
1.734166666666666515e+03
1.810666666666666515e+03
1.858000000000000000e+03
1.892500000000000000e+03
1.801999999999999773e+03
1.881500000000000000e+03
1.912333333333333258e+03
1.945500000000000000e+03
1.862333333333333258e+03
1.884333333333333258e+03
1.905833333333333258e+03
1.958666666666666515e+03
1.883500000000000000e+03
1.905833333333333258e+03
1.866000000000000000e+03
1.886333333333333258e+03
1.827666666666666515e+03
1.893333333333333030e+03
1.916666666666666515e+03
1.937333333333333258e+03
1.864499999999999773e+03
1.911833333333333030e+03
1.921166666666666515e+03
1.898666666666666515e+03
1.806833333333333258e+03
1.913166666666666515e+03
1.973166666666666515e+03
2.011166666666666515e+03
1.930333333333333030e+03
1.977833333333333258e+03
2.028166666666666515e+03
2.021000000000000000e+03
1.906499999999999773e+03
1.910500000000000000e+03
1.925000000000000000e+03
1.979999999999999773e+03
1.917833333333333258e+03
1.944166666666666515e+03
1.944333333333333258e+03
1.998166666666666515e+03
1.926666666666666515e+03
1.972666666666666515e+03
1.966333333333333258e+03
1.985500000000000000e+03
1.943666666666666515e+03
1.973499999999999773e+03
2.013666666666666515e+03
2.044666666666666515e+03
2.012000000000000000e+03
2.069666666666666515e+03
2.081500000000000000e+03
2.058000000000000000e+03
1.943999999999999773e+03
1.981333333333333258e+03
1.983499999999999773e+03
2.004666666666666515e+03
1.944833333333333258e+03
2.037333333333333258e+03
2.057333333333333030e+03
2.052333333333333030e+03
1.933500000000000000e+03
1.981000000000000000e+03
1.976500000000000000e+03
2.030833333333333258e+03
1.985000000000000000e+03
2.103000000000000000e+03
2.100833333333333030e+03
2.068833333333333030e+03
1.954666666666666515e+03
2.047333333333333258e+03
2.118000000000000000e+03
2.176333333333333030e+03
2.145500000000000000e+03
2.196500000000000000e+03
2.172000000000000000e+03
2.114500000000000000e+03
2.002833333333333030e+03
2.058166666666666515e+03
2.102333333333333030e+03
2.137000000000000000e+03
2.081833333333333030e+03
2.143333333333333030e+03
2.209166666666666515e+03
2.265666666666666515e+03
2.152666666666666515e+03
2.127166666666666515e+03
2.113666666666666515e+03
2.187666666666666515e+03
2.177500000000000000e+03
2.244000000000000000e+03
2.217166666666666515e+03
2.221833333333333030e+03
2.105833333333333030e+03
2.113000000000000000e+03
2.115166666666666515e+03
2.187500000000000000e+03
2.196500000000000000e+03
2.327333333333333030e+03
2.329666666666666515e+03
2.343500000000000000e+03
2.228333333333333030e+03
2.293333333333333030e+03
2.328333333333333030e+03
2.351500000000000000e+03
2.333833333333333030e+03
2.431500000000000000e+03
2.454166666666666515e+03
2.462666666666666515e+03
2.362166666666666515e+03
2.408000000000000000e+03
2.381000000000000000e+03
2.376833333333333030e+03
2.329000000000000000e+03
2.476666666666666515e+03
2.551500000000000000e+03
2.612500000000000000e+03
2.478333333333333030e+03
2.462000000000000000e+03
2.422333333333333030e+03
2.428166666666666515e+03
2.399333333333333030e+03
2.472166666666666515e+03
2.482833333333333030e+03
2.529833333333333030e+03
2.479333333333333030e+03
2.594333333333333030e+03
2.638166666666666515e+03
2.731166666666666515e+03
2.695000000000000000e+03
2.722833333333333030e+03
2.681833333333333030e+03
2.670333333333333030e+03
2.588500000000000000e+03
2.661833333333333030e+03
2.728833333333333030e+03
2.821166666666666515e+03
2.736166666666666515e+03
2.732666666666666515e+03
2.745833333333333030e+03
2.815166666666666515e+03
2.798000000000000000e+03
2.876166666666666515e+03
2.879333333333333030e+03
2.908500000000000000e+03
2.841333333333333030e+03
2.900500000000000000e+03
2.927666666666666515e+03
2.961666666666666515e+03
2.971000000000000000e+03
3.038000000000000000e+03
3.059166666666666515e+03
3.049666666666666060e+03
2.977500000000000000e+03
3.035333333333333030e+03
3.035000000000000000e+03
3.088499999999999545e+03
3.051666666666666515e+03
3.170000000000000000e+03
3.203333333333333030e+03
3.224166666666666060e+03
3.164166666666666060e+03
3.289166666666666515e+03
3.330999999999999545e+03
3.370500000000000000e+03
3.258333333333333030e+03
3.350166666666666515e+03
3.416999999999999545e+03
3.482833333333333030e+03
3.478999999999999545e+03
3.589333333333333030e+03
3.630166666666666515e+03
3.600500000000000000e+03
3.511166666666666515e+03
3.575666666666666515e+03
3.624166666666666515e+03
3.660833333333333030e+03
3.609166666666666060e+03
3.673833333333333030e+03
3.714500000000000000e+03
3.813666666666666515e+03
3.815833333333333030e+03
3.873333333333333030e+03
3.852999999999999545e+03
3.873833333333333030e+03
3.826499999999999545e+03
3.913333333333333030e+03
3.958500000000000000e+03
4.027999999999999545e+03
4.010833333333333030e+03
4.111333333333333030e+03
4.179666666666666060e+03
4.264333333333333030e+03
4.261000000000000000e+03
4.348166666666666060e+03
4.366333333333333030e+03
4.384166666666666060e+03
4.328500000000000000e+03
4.419333333333333030e+03
4.462500000000000000e+03
4.525666666666666060e+03
4.480500000000000000e+03
4.585500000000000000e+03
4.659333333333333030e+03
4.760000000000000000e+03
4.721500000000000000e+03
4.784833333333333030e+03
4.837333333333333030e+03
4.930000000000000000e+03
4.949666666666666060e+03
5.022500000000000000e+03
5.062666666666666060e+03
5.104166666666666060e+03
5.031833333333333030e+03
5.094000000000000000e+03
5.130833333333333030e+03
5.194500000000000000e+03
5.144166666666666060e+03
5.208333333333333030e+03
5.280333333333333030e+03
5.355666666666666060e+03
5.336833333333333030e+03
5.472166666666666060e+03
5.586333333333333030e+03
5.684000000000000000e+03
5.648666666666666060e+03
5.708500000000000000e+03
5.753333333333333030e+03
5.798166666666666060e+03
5.780500000000000000e+03
5.887666666666666060e+03
5.967000000000000000e+03
6.075500000000000000e+03
6.054500000000000000e+03
6.146166666666666060e+03
6.170500000000000000e+03
6.245166666666666060e+03
6.197166666666666060e+03
6.267333333333333030e+03
6.278833333333333030e+03
6.338500000000000000e+03
6.338499999999999091e+03
6.497333333333333030e+03
6.582999999999999091e+03
6.671333333333332121e+03
6.647833333333333030e+03
6.767666666666666060e+03
6.843000000000000000e+03
6.905166666666666060e+03
6.913666666666666060e+03
7.010166666666666060e+03
7.064999999999999091e+03
7.066833333333333030e+03
7.021666666666666060e+03
7.133333333333333030e+03
7.255166666666666060e+03
7.362500000000000000e+03
7.347000000000000000e+03
7.420999999999999091e+03
7.465000000000000000e+03
7.541500000000000000e+03
7.521999999999999091e+03
7.626833333333333030e+03
7.671666666666666060e+03
7.723833333333333030e+03
7.656166666666666060e+03
7.744833333333333030e+03
7.812666666666666060e+03
7.919833333333333030e+03
7.929666666666666060e+03
8.049833333333333030e+03
8.094000000000000000e+03
8.144499999999999091e+03
8.116833333333333030e+03
8.266166666666666060e+03
8.388500000000000000e+03
8.496333333333332121e+03
8.482166666666666060e+03
8.543833333333332121e+03
8.574333333333332121e+03
8.636000000000000000e+03
8.639166666666666060e+03
8.755833333333332121e+03
8.866666666666666060e+03
8.965666666666666060e+03
8.919666666666666060e+03
8.940166666666666060e+03
8.959500000000000000e+03
9.097000000000000000e+03
9.143333333333332121e+03
9.261833333333332121e+03
9.297833333333332121e+03
9.359166666666666060e+03
9.319333333333332121e+03
9.395333333333332121e+03
9.463000000000000000e+03
9.581666666666666060e+03
9.572666666666666060e+03
9.623166666666666060e+03
9.649333333333332121e+03
9.708333333333332121e+03
9.691166666666666060e+03
9.775166666666666060e+03
9.842500000000000000e+03
9.904500000000000000e+03
9.885166666666666060e+03
1.000633333333333212e+04
1.006483333333333212e+04
1.009083333333333212e+04
1.002933333333333212e+04
1.017966666666666606e+04
1.032516666666666606e+04
1.046883333333333212e+04
1.040800000000000000e+04
1.046850000000000000e+04
1.050666666666666606e+04
1.060350000000000000e+04
1.059166666666666606e+04
1.067250000000000000e+04
1.073600000000000000e+04
1.078833333333333212e+04
1.076683333333333212e+04
1.085083333333333212e+04
1.095733333333333212e+04
1.103366666666666606e+04
1.096633333333333212e+04
1.104700000000000000e+04
1.112183333333333212e+04
1.126033333333333212e+04
1.121983333333333212e+04
1.125933333333333212e+04
1.127933333333333212e+04
1.137383333333333212e+04
1.139750000000000000e+04
1.148966666666666606e+04
1.155033333333333212e+04
1.160816666666666606e+04
1.162750000000000000e+04
1.171633333333333212e+04
1.179916666666666606e+04
1.187116666666666606e+04
1.182766666666666606e+04
1.189516666666666606e+04
1.194633333333333212e+04
1.204566666666666606e+04
1.206700000000000000e+04
1.216450000000000000e+04
1.222083333333333212e+04
1.226566666666666606e+04
1.221683333333333212e+04
1.228933333333333212e+04
1.234116666666666606e+04
1.241183333333333212e+04
1.240750000000000000e+04
1.251266666666666606e+04
1.260383333333333212e+04
1.260799999999999818e+04
1.251766666666666424e+04
1.256466666666666606e+04
1.267133333333333212e+04
1.277800000000000000e+04
1.275399999999999818e+04
1.279316666666666606e+04
1.278333333333333212e+04
1.278466666666666606e+04
1.269066666666666606e+04
1.274683333333333212e+04
1.278399999999999818e+04
1.287983333333333212e+04
1.285283333333333212e+04
1.289733333333333212e+04
1.289133333333333212e+04
1.292133333333333212e+04
1.285983333333333212e+04
1.289866666666666606e+04
1.289133333333333212e+04
1.290033333333333212e+04
1.287666666666666606e+04
1.300516666666666606e+04
1.312233333333333212e+04
1.318833333333333212e+04
1.311849999999999818e+04
1.313550000000000000e+04
1.313150000000000000e+04
1.310616666666666424e+04
1.302466666666666424e+04
1.307400000000000000e+04
1.313933333333333212e+04
1.317566666666666606e+04
1.306966666666666424e+04
1.305466666666666606e+04
1.304150000000000000e+04
1.304066666666666606e+04
1.294783333333333212e+04
1.301633333333333212e+04
1.305683333333333212e+04
1.311316666666666606e+04
1.304483333333333212e+04
1.313949999999999818e+04
1.315449999999999818e+04
1.313533333333333212e+04
1.306566666666666606e+04
1.317416666666666606e+04
1.323783333333333212e+04
1.323049999999999818e+04
1.313016666666666424e+04
1.316183333333333212e+04
1.317550000000000000e+04
1.314716666666666606e+04
1.309399999999999818e+04
1.312250000000000000e+04
1.315316666666666606e+04
1.315400000000000000e+04
1.310550000000000000e+04
1.315349999999999818e+04
1.315333333333333212e+04
1.315266666666666606e+04
1.309866666666666606e+04
1.314499999999999818e+04
1.317883333333333212e+04
1.325750000000000000e+04
1.322666666666666424e+04
1.325816666666666606e+04
1.317483333333333212e+04
1.314116666666666606e+04
1.307300000000000000e+04
1.313900000000000000e+04
1.316599999999999818e+04
1.320233333333333212e+04
1.311299999999999818e+04
1.314133333333333212e+04
1.306883333333333212e+04
1.306066666666666606e+04
1.296450000000000000e+04
1.298016666666666424e+04
1.292316666666666606e+04
1.285766666666666424e+04
1.277916666666666424e+04
1.281950000000000000e+04
1.283383333333333212e+04
1.282100000000000000e+04
1.270900000000000000e+04
1.270433333333333212e+04
1.268916666666666424e+04
1.271316666666666424e+04
1.260150000000000000e+04
1.256200000000000000e+04
1.248483333333333212e+04
1.244516666666666606e+04
1.231016666666666424e+04
1.224466666666666606e+04
1.218516666666666606e+04
1.214666666666666606e+04
1.207366666666666606e+04
1.207033333333333212e+04
1.201933333333333212e+04
1.195650000000000000e+04
1.183150000000000000e+04
1.181683333333333212e+04
1.174716666666666606e+04
1.162533333333333212e+04
1.142066666666666606e+04
1.140050000000000000e+04
1.139833333333333212e+04
1.135350000000000000e+04
1.120266666666666606e+04
1.116883333333333212e+04
1.112550000000000000e+04
1.107450000000000000e+04
1.091433333333333212e+04
1.089700000000000000e+04
1.082466666666666606e+04
1.075633333333333212e+04
1.061366666666666606e+04
1.060883333333333212e+04
1.055283333333333212e+04
1.046400000000000000e+04
1.032133333333333212e+04
1.035583333333333212e+04
1.037216666666666606e+04
1.031350000000000000e+04
1.015866666666666606e+04
1.013850000000000000e+04
1.010266666666666606e+04
1.003983333333333212e+04
9.835666666666666060e+03
9.805000000000000000e+03
9.804166666666666060e+03
9.817833333333332121e+03
9.690000000000000000e+03
9.618000000000000000e+03
9.561833333333332121e+03
9.517500000000000000e+03
9.415833333333332121e+03
9.412833333333332121e+03
9.385500000000000000e+03
9.370500000000000000e+03
9.312666666666666060e+03
9.393500000000000000e+03
9.406833333333332121e+03
9.405833333333332121e+03
9.264833333333332121e+03
9.299000000000000000e+03
9.357500000000000000e+03
9.417166666666666060e+03
9.300833333333332121e+03
9.243166666666666060e+03
9.218000000000000000e+03
9.257166666666666060e+03
9.206500000000000000e+03
9.233166666666666060e+03
9.236166666666666060e+03
9.213166666666666060e+03
9.076833333333332121e+03
9.072666666666666060e+03
9.098833333333332121e+03
9.162000000000000000e+03
9.093833333333332121e+03
9.146166666666666060e+03
9.132000000000000000e+03
9.337500000000000000e+03
9.722666666666666060e+03
9.895666666666666060e+03
9.777000000000000000e+03
9.362833333333332121e+03
9.217500000000000000e+03
9.260166666666666060e+03
9.313833333333332121e+03
9.408000000000000000e+03
9.402333333333332121e+03
9.491166666666666060e+03
9.545666666666666060e+03
9.617666666666666060e+03
9.613833333333332121e+03
9.733333333333332121e+03
9.856166666666666060e+03
9.999666666666666060e+03
1.001700000000000000e+04
1.012816666666666606e+04
1.023066666666666606e+04
1.037433333333333212e+04
1.046700000000000000e+04
1.062050000000000000e+04
1.080400000000000000e+04
1.094533333333333212e+04
1.102583333333333212e+04
1.117433333333333212e+04
1.132466666666666606e+04
1.145500000000000000e+04
1.148983333333333212e+04
1.165700000000000000e+04
1.182833333333333212e+04
1.201533333333333212e+04
1.208683333333333212e+04
1.223083333333333212e+04
1.237866666666666424e+04
1.252533333333333212e+04
1.259933333333333212e+04
1.276600000000000000e+04
1.292233333333333212e+04
1.308616666666666606e+04
1.313966666666666606e+04
1.327733333333333212e+04
1.340149999999999818e+04
1.353983333333333212e+04
1.363616666666666606e+04
1.382700000000000000e+04
1.398600000000000000e+04
1.408566666666666424e+04
1.407816666666666606e+04
1.418166666666666424e+04
1.425849999999999818e+04
1.439600000000000000e+04
1.441716666666666606e+04
1.455766666666666606e+04
1.463083333333333212e+04
1.471016666666666424e+04
1.472316666666666606e+04
1.482783333333333212e+04
1.487816666666666606e+04
1.489766666666666606e+04
1.484916666666666424e+04
1.490933333333333212e+04
1.498633333333333212e+04
1.506983333333333212e+04
1.507950000000000000e+04
1.517033333333333212e+04
1.524633333333333212e+04
1.531933333333333212e+04
1.528716666666666424e+04
1.533199999999999818e+04
1.534633333333333212e+04
1.538016666666666606e+04
1.535766666666666606e+04
1.542166666666666424e+04
1.546683333333333212e+04
1.549866666666666606e+04
1.545449999999999818e+04
1.547633333333333212e+04
1.548449999999999818e+04
1.550999999999999818e+04
1.546733333333333212e+04
1.546950000000000000e+04
1.546249999999999818e+04
1.547133333333333212e+04
1.543000000000000000e+04
1.544583333333333212e+04
1.543600000000000000e+04
1.544833333333333212e+04
1.538816666666666424e+04
1.542250000000000000e+04
1.541516666666666606e+04
1.540299999999999818e+04
1.528100000000000000e+04
1.526500000000000000e+04
1.525383333333333212e+04
1.527066666666666606e+04
1.522433333333333212e+04
1.528066666666666424e+04
1.528033333333333212e+04
1.525033333333333212e+04
1.513566666666666606e+04
1.512483333333333212e+04
1.509083333333333212e+04
1.507583333333333212e+04
1.501699999999999818e+04
1.497799999999999818e+04
1.487933333333333212e+04
1.482000000000000000e+04
1.474049999999999818e+04
1.479166666666666606e+04
1.472633333333333212e+04
1.469766666666666606e+04
1.458000000000000000e+04
1.457616666666666606e+04
1.456233333333333212e+04
1.453483333333333212e+04
1.440966666666666606e+04
1.441266666666666606e+04
1.441783333333333212e+04
1.441599999999999818e+04
1.426783333333333212e+04
1.422250000000000000e+04
1.420216666666666424e+04
1.418750000000000000e+04
1.405483333333333212e+04
1.402716666666666606e+04
1.396583333333333212e+04
1.392900000000000000e+04
1.381666666666666424e+04
1.385616666666666606e+04
1.385516666666666424e+04
1.377683333333333212e+04
1.360999999999999818e+04
1.358650000000000000e+04
1.356316666666666606e+04
1.349500000000000000e+04
1.331116666666666606e+04
1.329600000000000000e+04
1.325266666666666606e+04
1.323616666666666606e+04
1.311050000000000000e+04
1.311316666666666424e+04
1.306700000000000000e+04
1.303300000000000000e+04
1.289783333333333212e+04
1.286000000000000000e+04
1.277216666666666606e+04
1.265683333333333212e+04
1.250183333333333212e+04
1.248499999999999818e+04
1.245950000000000000e+04
1.240983333333333212e+04
1.227233333333333212e+04
1.229266666666666606e+04
1.226183333333333212e+04
1.219533333333333212e+04
1.201433333333333212e+04
1.204383333333333212e+04
1.206700000000000000e+04
1.204650000000000000e+04
1.185500000000000000e+04
1.179166666666666606e+04
1.171983333333333212e+04
1.168200000000000000e+04
1.156033333333333212e+04
1.155133333333333212e+04
1.149233333333333212e+04
1.142150000000000000e+04
1.131733333333333212e+04
1.129350000000000000e+04
1.121050000000000000e+04
1.109116666666666606e+04
1.092000000000000000e+04
1.092350000000000000e+04
1.091683333333333212e+04
1.088333333333333212e+04
1.073983333333333212e+04
1.072850000000000000e+04
1.069033333333333212e+04
1.061766666666666606e+04
1.045016666666666606e+04
1.042783333333333212e+04
1.040366666666666606e+04
1.034166666666666606e+04
1.020800000000000000e+04
1.019766666666666606e+04
1.017050000000000000e+04
1.010383333333333212e+04
9.921666666666666060e+03
9.910000000000000000e+03
9.869500000000000000e+03
9.806833333333332121e+03
9.618000000000000000e+03
9.596333333333332121e+03
9.554500000000000000e+03
9.500333333333332121e+03
9.316500000000000000e+03
9.346833333333332121e+03
9.357333333333332121e+03
9.375666666666666060e+03
9.199000000000000000e+03
9.144500000000000000e+03
9.010333333333332121e+03
8.932500000000000000e+03
8.709500000000000000e+03
8.699000000000000000e+03
8.677166666666666060e+03
8.684500000000000000e+03
8.540000000000000000e+03
8.566166666666666060e+03
8.523166666666666060e+03
8.442333333333332121e+03
8.203500000000000000e+03
8.157166666666666060e+03
8.108833333333333030e+03
8.094333333333333030e+03
7.978500000000000000e+03
8.019833333333332121e+03
7.969666666666666060e+03
7.917000000000000000e+03
7.757166666666666060e+03
7.734166666666666060e+03
7.682499999999999091e+03
7.635333333333332121e+03
7.471666666666666060e+03
7.443000000000000000e+03
7.396000000000000000e+03
7.398500000000000000e+03
7.335333333333333030e+03
7.347833333333332121e+03
7.298499999999999091e+03
7.195333333333333030e+03
7.026666666666666060e+03
7.000666666666666060e+03
6.946500000000000000e+03
6.937500000000000000e+03
6.842999999999999091e+03
6.853833333333333030e+03
6.848000000000000000e+03
6.848333333333332121e+03
6.753500000000000000e+03
6.773333333333333030e+03
6.722999999999999091e+03
6.711333333333333030e+03
6.557000000000000000e+03
6.576666666666666060e+03
6.546833333333332121e+03
6.534999999999999091e+03
6.392000000000000000e+03
6.369833333333333030e+03
6.324833333333333030e+03
6.303500000000000000e+03
6.223666666666666060e+03
6.250500000000000000e+03
6.218500000000000000e+03
6.161000000000000000e+03
6.063833333333333030e+03
6.091500000000000000e+03
6.107166666666666060e+03
6.080833333333332121e+03
5.955000000000000000e+03
5.981333333333333030e+03
5.964833333333333030e+03
5.995500000000000000e+03
5.903166666666666060e+03
5.925000000000000000e+03
5.895166666666666060e+03
5.848500000000000000e+03
5.711166666666666060e+03
5.698166666666666060e+03
5.689833333333333030e+03
5.685166666666666060e+03
5.569833333333333030e+03
5.606666666666666060e+03
5.615166666666666060e+03
5.604000000000000000e+03
5.446166666666666060e+03
5.438333333333333030e+03
5.465833333333333030e+03
5.488666666666666060e+03
5.413500000000000000e+03
5.425500000000000000e+03
5.415500000000000000e+03
5.369333333333333030e+03
5.257166666666666060e+03
5.299166666666666060e+03
5.327166666666666060e+03
5.336500000000000000e+03
5.238000000000000000e+03
5.292666666666666060e+03
5.288333333333333030e+03
5.246500000000000000e+03
5.101833333333333030e+03
5.119666666666666060e+03
5.138333333333333030e+03
5.138166666666666060e+03
5.017500000000000000e+03
5.041333333333333030e+03
5.011833333333333030e+03
5.003333333333333030e+03
4.861833333333333030e+03
4.909833333333333030e+03
4.957500000000000000e+03
4.990500000000000000e+03
4.878333333333333030e+03
4.893666666666666060e+03
4.893833333333333030e+03
4.909333333333333030e+03
4.767000000000000000e+03
4.820666666666666060e+03
4.804000000000000000e+03
4.809166666666666060e+03
4.691166666666666060e+03
4.768500000000000000e+03
4.792500000000000000e+03
4.785166666666666060e+03
4.609833333333333030e+03
4.616166666666666060e+03
4.658166666666666060e+03
4.747500000000000000e+03
4.696500000000000000e+03
4.733166666666666060e+03
4.733000000000000000e+03
4.731833333333333030e+03
4.594333333333333030e+03
4.642166666666666060e+03
4.660500000000000000e+03
4.713000000000000000e+03
4.593500000000000000e+03
4.614833333333333030e+03
4.533166666666666060e+03
4.508666666666666060e+03
4.468166666666666060e+03
4.600000000000000000e+03
4.631333333333333030e+03
4.580000000000000000e+03
4.417666666666666060e+03
4.489333333333333030e+03
4.553333333333333030e+03
4.574500000000000000e+03
4.465333333333333030e+03
4.491166666666666060e+03
4.532333333333333030e+03
4.507833333333333030e+03
4.392500000000000000e+03
4.458500000000000000e+03
4.491666666666666060e+03
4.490333333333333030e+03
4.382500000000000000e+03
4.435333333333333030e+03
4.451666666666666060e+03
4.448333333333333030e+03
4.341333333333333030e+03
4.385833333333333030e+03
4.380333333333333030e+03
4.363333333333333030e+03
4.250500000000000000e+03
4.307333333333333030e+03
4.355666666666666060e+03
4.392166666666666060e+03
4.317166666666666060e+03
4.377000000000000000e+03
4.374666666666666060e+03
4.379500000000000000e+03
4.287500000000000000e+03
4.333500000000000000e+03
4.306833333333333030e+03
4.266000000000000000e+03
4.181833333333333030e+03
4.267833333333333030e+03
4.305166666666666060e+03
4.300000000000000000e+03
4.185666666666666060e+03
4.241666666666666060e+03
4.280833333333333030e+03
4.285833333333333030e+03
4.160333333333333030e+03
4.179333333333333030e+03
4.170166666666666060e+03
4.152166666666666060e+03
4.038666666666666060e+03
4.077833333333333030e+03
4.130833333333333030e+03
4.156500000000000000e+03
4.101500000000000000e+03
4.148833333333333030e+03
4.150833333333333030e+03
4.132666666666666060e+03
4.014166666666666515e+03
4.053000000000000000e+03
4.027000000000000000e+03
4.022999999999999545e+03
3.950500000000000000e+03
4.075166666666666515e+03
4.121166666666666060e+03
4.139666666666666060e+03
4.027833333333333030e+03
4.078666666666666515e+03
4.076999999999999545e+03
4.094333333333333030e+03
3.994499999999999545e+03
4.052666666666666060e+03
4.039833333333333030e+03
4.045000000000000000e+03
3.932833333333333030e+03
3.999000000000000000e+03
3.997833333333333030e+03
3.999833333333333030e+03
3.926999999999999545e+03
4.049166666666666060e+03
4.054500000000000000e+03
3.988999999999999545e+03
3.811166666666666515e+03
3.854500000000000000e+03
3.886499999999999545e+03
3.912500000000000000e+03
3.870666666666666515e+03
3.948166666666666515e+03
3.983500000000000000e+03
3.948000000000000000e+03
3.818333333333333030e+03
3.858333333333333030e+03
3.890166666666666060e+03
3.953500000000000000e+03
3.902833333333333030e+03
3.951833333333333030e+03
3.942666666666666515e+03
3.888000000000000000e+03
3.789833333333333030e+03
3.843666666666666515e+03
3.904833333333333030e+03
3.920333333333333030e+03
3.820166666666666060e+03
3.864833333333333030e+03
3.853000000000000000e+03
3.855333333333333030e+03
3.728000000000000000e+03
3.817000000000000000e+03
3.816166666666666060e+03
3.800666666666666515e+03
3.668333333333333030e+03
3.729833333333333030e+03
3.775166666666666060e+03
3.823000000000000000e+03
3.711000000000000000e+03
3.741166666666666515e+03
3.728666666666666060e+03
3.778499999999999545e+03
3.678333333333333030e+03
3.721833333333333030e+03
3.703666666666666515e+03
3.709833333333333030e+03
3.619000000000000000e+03
3.659333333333333030e+03
3.696666666666666060e+03
3.684500000000000000e+03
3.567333333333333030e+03
3.608500000000000000e+03
3.609166666666666515e+03
3.626166666666666515e+03
3.548166666666666515e+03
3.650000000000000000e+03
3.695166666666666060e+03
3.674000000000000000e+03
3.576333333333333030e+03
3.635500000000000000e+03
3.669833333333333030e+03
3.654166666666666515e+03
3.537666666666666515e+03
3.573000000000000000e+03
3.621833333333333030e+03
3.669833333333333030e+03
3.622666666666666060e+03
3.669999999999999545e+03
3.656166666666666515e+03
3.629666666666666060e+03
3.508166666666666515e+03
3.572500000000000000e+03
3.609000000000000000e+03
3.623166666666666060e+03
3.520333333333333030e+03
3.578500000000000000e+03
3.597833333333333030e+03
3.617833333333333030e+03
3.470166666666666060e+03
3.514666666666666515e+03
3.494500000000000000e+03
3.498333333333333030e+03
3.382500000000000000e+03
3.431833333333333030e+03
3.462500000000000000e+03
3.488833333333333030e+03
3.384000000000000000e+03
3.421500000000000000e+03
3.422166666666666060e+03
3.412333333333333030e+03
3.341166666666666515e+03
3.456666666666666060e+03
3.537333333333333030e+03
3.534500000000000000e+03
3.413833333333333030e+03
3.474833333333333030e+03
3.479500000000000000e+03
3.505666666666666060e+03
3.361333333333333030e+03
3.437333333333333030e+03
3.414166666666666515e+03
3.440333333333333030e+03
3.330999999999999545e+03
3.337999999999999545e+03
3.355833333333333030e+03
3.395666666666666515e+03
3.345333333333333030e+03
3.380499999999999545e+03
3.398166666666666515e+03
3.402166666666666060e+03
3.277333333333333030e+03
3.307833333333333030e+03
3.323833333333333030e+03
3.346500000000000000e+03
3.235833333333333030e+03
3.297000000000000000e+03
3.370000000000000000e+03
3.385333333333333030e+03
3.270666666666666060e+03
3.283666666666666515e+03
3.336999999999999545e+03
3.352333333333333030e+03
3.302333333333333030e+03
3.336166666666666515e+03
3.366833333333333030e+03
3.353999999999999545e+03
3.246833333333333030e+03
3.305666666666666515e+03
3.362666666666666515e+03
3.363999999999999545e+03
3.258499999999999545e+03
3.295999999999999545e+03
3.286666666666666060e+03
3.258000000000000000e+03
3.092999999999999545e+03
3.206166666666666515e+03
3.256333333333333030e+03
3.296333333333333030e+03
3.181166666666666060e+03
3.243166666666666515e+03
3.244166666666666515e+03
3.246999999999999545e+03
3.169333333333333030e+03
3.212666666666666515e+03
3.217000000000000000e+03
3.222166666666666515e+03
3.132500000000000000e+03
3.192333333333333030e+03
3.215500000000000000e+03
3.309166666666666515e+03
3.225333333333333030e+03
3.265500000000000000e+03
3.218666666666666515e+03
3.236166666666666515e+03
3.108666666666666515e+03
3.136500000000000000e+03
3.098333333333333030e+03
3.118666666666666060e+03
3.046833333333333030e+03
3.138333333333333030e+03
3.156833333333333030e+03
3.174666666666666515e+03
3.101333333333333030e+03
3.148500000000000000e+03
3.123666666666666515e+03
3.082333333333333030e+03
2.969833333333333030e+03
3.054000000000000000e+03
3.124833333333333030e+03
3.179833333333333030e+03
3.075500000000000000e+03
3.092666666666666515e+03
3.099500000000000000e+03
3.130500000000000000e+03
3.014166666666666060e+03
3.039333333333333030e+03
3.013333333333333030e+03
2.994666666666666515e+03
2.881500000000000000e+03
2.953500000000000000e+03
2.984333333333333030e+03
2.978166666666666515e+03
2.834833333333333030e+03
2.900833333333333030e+03
2.888333333333333030e+03
2.871000000000000000e+03
2.777166666666666515e+03
2.871000000000000000e+03
2.937333333333333030e+03
2.951833333333333030e+03
2.845666666666666515e+03
2.839000000000000000e+03
2.803666666666666515e+03
2.825500000000000000e+03
2.785833333333333030e+03
2.824166666666666515e+03
2.786333333333333030e+03
2.793833333333333030e+03
2.758500000000000000e+03
2.887833333333333030e+03
2.893000000000000000e+03
2.880333333333333030e+03
2.720666666666666515e+03
2.754166666666666515e+03
2.756333333333333030e+03
2.763833333333333030e+03
2.683500000000000000e+03
2.752500000000000000e+03
2.756666666666666515e+03
2.719000000000000000e+03
2.582000000000000000e+03
2.635500000000000000e+03
2.664333333333333030e+03
2.682000000000000000e+03
2.578000000000000000e+03
2.614666666666666515e+03
2.644666666666666515e+03
2.646833333333333030e+03
2.584166666666666515e+03
2.600333333333333030e+03
2.612666666666666515e+03
2.601833333333333030e+03
2.531500000000000000e+03
2.579333333333333030e+03
2.583666666666666515e+03
2.637500000000000000e+03
2.568666666666666515e+03
2.651166666666666515e+03
2.634666666666666515e+03
2.680333333333333030e+03
2.592500000000000000e+03
2.631666666666666515e+03
2.611166666666666515e+03
2.628333333333333030e+03
2.524333333333333030e+03
2.574833333333333030e+03
2.579166666666666515e+03
2.609166666666666515e+03
2.528333333333333030e+03
2.531333333333333030e+03
2.505833333333333030e+03
2.547000000000000000e+03
2.535666666666666515e+03
2.616333333333333030e+03
2.591000000000000000e+03
2.553666666666666515e+03
2.508833333333333030e+03
2.591833333333333030e+03
2.792833333333333030e+03
3.280500000000000000e+03
3.224833333333333030e+03
3.103333333333333030e+03
2.533000000000000000e+03
2.452166666666666515e+03
2.371666666666666515e+03
2.476833333333333030e+03
2.503333333333333030e+03
2.483500000000000000e+03
2.398500000000000000e+03
2.444666666666666515e+03
2.439000000000000000e+03
2.435166666666666515e+03
2.328500000000000000e+03
2.381333333333333030e+03
2.386000000000000000e+03
2.400333333333333030e+03
2.357500000000000000e+03
2.413500000000000000e+03
2.445666666666666515e+03
2.417000000000000000e+03
2.291500000000000000e+03
2.264166666666666515e+03
2.225166666666666515e+03
2.294000000000000000e+03
2.312833333333333030e+03
2.465000000000000000e+03
2.463500000000000000e+03
2.448666666666666515e+03
2.301333333333333030e+03
2.311166666666666515e+03
2.334500000000000000e+03
2.359833333333333030e+03
2.289500000000000000e+03
2.287000000000000000e+03
2.300166666666666515e+03
2.329333333333333030e+03
2.298833333333333030e+03
2.339833333333333030e+03
2.316333333333333030e+03
2.278833333333333030e+03
2.189000000000000000e+03
2.282333333333333030e+03
2.301166666666666515e+03
2.314833333333333030e+03
2.234833333333333030e+03
2.285166666666666515e+03
2.301333333333333030e+03
2.300333333333333030e+03
2.228500000000000000e+03
2.270166666666666515e+03
2.265833333333333030e+03
2.279666666666666515e+03
2.187666666666666515e+03
2.192166666666666515e+03
2.151500000000000000e+03
2.167833333333333030e+03
2.117000000000000000e+03
2.207500000000000000e+03
2.232500000000000000e+03
2.266166666666666515e+03
2.145166666666666515e+03
2.181333333333333030e+03
2.215666666666666515e+03
2.270333333333333030e+03
2.186166666666666515e+03
2.202000000000000000e+03
2.201500000000000000e+03
2.201333333333333030e+03
2.095166666666666515e+03
2.109000000000000000e+03
2.129666666666666515e+03
2.164666666666666515e+03
2.095833333333333030e+03
2.114166666666666515e+03
2.119666666666666515e+03
2.198833333333333030e+03
2.126333333333333030e+03
2.130500000000000000e+03
2.081833333333333030e+03
2.098000000000000000e+03
2.068666666666666515e+03
2.147833333333333030e+03
2.162833333333333030e+03
2.192833333333333030e+03
2.101166666666666515e+03
2.134166666666666515e+03
2.083833333333333030e+03
2.088000000000000000e+03
2.014666666666666515e+03
2.075666666666666515e+03
2.056666666666666515e+03
2.098833333333333030e+03
2.041333333333333258e+03
2.085166666666666515e+03
2.045333333333333258e+03
2.051000000000000000e+03
1.968166666666666515e+03
2.026499999999999773e+03
2.005666666666666515e+03
2.045000000000000000e+03
1.939999999999999773e+03
1.943500000000000000e+03
1.957333333333333258e+03
2.012666666666666515e+03
2.003833333333333258e+03
2.053666666666666515e+03
2.060000000000000000e+03
2.056666666666666515e+03
1.962333333333333258e+03
2.021000000000000000e+03
2.068000000000000000e+03
2.113500000000000000e+03
2.033666666666666515e+03
2.027499999999999773e+03
1.969499999999999773e+03
1.951166666666666515e+03
1.850000000000000000e+03
1.901499999999999773e+03
1.914500000000000000e+03
2.004833333333333258e+03
1.974833333333333258e+03
2.032000000000000000e+03
2.012833333333333258e+03
2.004500000000000000e+03
1.913166666666666515e+03
1.956166666666666515e+03
1.951833333333333030e+03
2.002000000000000000e+03
1.942166666666666515e+03
1.984666666666666515e+03
1.948999999999999773e+03
1.928666666666666515e+03
1.867000000000000000e+03
1.926499999999999773e+03
1.919833333333333258e+03
1.928166666666666515e+03
1.844333333333333258e+03
1.883666666666666515e+03
1.884000000000000000e+03
1.888666666666666515e+03
1.805833333333333258e+03
1.847333333333333030e+03
1.881333333333333030e+03
1.950500000000000000e+03
1.910000000000000000e+03
1.915000000000000000e+03
1.900666666666666515e+03
1.916500000000000000e+03
1.849833333333333258e+03
1.891500000000000000e+03
1.851666666666666515e+03
1.882833333333333030e+03
1.808833333333333258e+03
1.876499999999999773e+03
1.862166666666666515e+03
1.876499999999999773e+03
1.736499999999999773e+03
1.752499999999999773e+03
1.741833333333333030e+03
1.822666666666666515e+03
1.790666666666666515e+03
1.861000000000000000e+03
1.825000000000000000e+03
1.832999999999999773e+03
1.721333333333333258e+03
1.774833333333333030e+03
1.775166666666666515e+03
1.782666666666666515e+03
1.723500000000000000e+03
1.788166666666666515e+03
1.793500000000000000e+03
1.814666666666666515e+03
1.707333333333333258e+03
1.752999999999999773e+03
1.774833333333333258e+03
1.828333333333333258e+03
1.763333333333333258e+03
1.796000000000000000e+03
1.800500000000000000e+03
1.851166666666666515e+03
1.753000000000000000e+03
1.742000000000000000e+03
1.703833333333333258e+03
1.725166666666666515e+03
1.677499999999999773e+03
1.738999999999999773e+03
1.769166666666666515e+03
1.864333333333333258e+03
1.858833333333333258e+03
1.928166666666666515e+03
1.899333333333333030e+03
1.877333333333333258e+03
1.792333333333333258e+03
1.772999999999999773e+03
1.752333333333333030e+03
1.775500000000000000e+03
1.752666666666666515e+03
1.797333333333333258e+03
1.746166666666666515e+03
1.731499999999999773e+03
1.654333333333333030e+03
1.728666666666666515e+03
1.741500000000000000e+03
1.760000000000000000e+03
1.688500000000000000e+03
1.738500000000000000e+03
1.760000000000000000e+03
1.765000000000000000e+03
1.699666666666666515e+03
1.754333333333333258e+03
1.778333333333333030e+03
1.780166666666666515e+03
1.667333333333333258e+03
1.680499999999999773e+03
1.700000000000000000e+03
1.724166666666666515e+03
1.658500000000000000e+03
1.704000000000000000e+03
1.747833333333333258e+03
1.786499999999999773e+03
1.722666666666666515e+03
1.704166666666666515e+03
1.703666666666666515e+03
1.722000000000000000e+03
1.699166666666666515e+03
1.723833333333333258e+03
1.691833333333333030e+03
1.684166666666666515e+03
1.604499999999999773e+03
1.654500000000000000e+03
1.677333333333333258e+03
1.745166666666666515e+03
1.728166666666666515e+03
1.765833333333333258e+03
1.717999999999999773e+03
1.702833333333333258e+03
1.661000000000000000e+03
1.711666666666666515e+03
1.710833333333333030e+03
1.724833333333333030e+03
1.667500000000000000e+03
1.687833333333333258e+03
1.673499999999999773e+03
1.721833333333333258e+03
1.658833333333333258e+03
1.651333333333333258e+03
1.646666666666666515e+03
1.732666666666666515e+03
1.717666666666666515e+03
1.743500000000000000e+03
1.713666666666666515e+03
1.707000000000000000e+03
1.640666666666666515e+03
1.694666666666666515e+03
1.688500000000000000e+03
1.668833333333333030e+03
1.542333333333333030e+03
1.593833333333333258e+03
1.600499999999999773e+03
1.640666666666666515e+03
1.583333333333333030e+03
1.624833333333333258e+03
1.639666666666666515e+03
1.678000000000000000e+03
1.672166666666666515e+03
1.759500000000000000e+03
1.765166666666666515e+03
1.757999999999999773e+03
1.627166666666666515e+03
1.633166666666666515e+03
1.612000000000000000e+03
1.630500000000000000e+03
1.580500000000000000e+03
1.624666666666666515e+03
1.677000000000000000e+03
1.768500000000000000e+03
1.736999999999999773e+03
1.729166666666666515e+03
1.668000000000000000e+03
1.724166666666666515e+03
1.702500000000000000e+03
1.779166666666666515e+03
1.728499999999999773e+03
1.707333333333333258e+03
1.603166666666666515e+03
1.645666666666666515e+03
1.644666666666666515e+03
1.675666666666666515e+03
1.596166666666666515e+03
1.641000000000000000e+03
1.617500000000000000e+03
1.639666666666666515e+03
1.570166666666666515e+03
1.627499999999999773e+03
1.623333333333333258e+03
1.647333333333333030e+03
1.580000000000000000e+03
1.617333333333333030e+03
1.636666666666666515e+03
1.638999999999999773e+03
1.576166666666666515e+03
1.571666666666666515e+03
1.560666666666666515e+03
1.589666666666666515e+03
1.557833333333333030e+03
1.624666666666666515e+03
1.609333333333333258e+03
1.629999999999999773e+03
1.539500000000000000e+03
1.589666666666666515e+03
1.600500000000000000e+03
1.657833333333333258e+03
1.636499999999999773e+03
1.675666666666666515e+03
1.666666666666666515e+03
1.694833333333333258e+03
1.611833333333333258e+03
1.626500000000000000e+03
1.580666666666666515e+03
1.603833333333333258e+03
1.538666666666666515e+03
1.569500000000000000e+03
1.545000000000000000e+03
1.583666666666666515e+03
1.525999999999999773e+03
1.617333333333333258e+03
1.651166666666666515e+03
1.706500000000000000e+03
1.615166666666666515e+03
1.635666666666666515e+03
1.624166666666666515e+03
1.646833333333333030e+03
1.544000000000000000e+03
1.550666666666666515e+03
1.566666666666666515e+03
1.640500000000000000e+03
1.601999999999999773e+03
1.619166666666666515e+03
1.599499999999999773e+03
1.663999999999999773e+03
1.606833333333333030e+03
1.625000000000000000e+03
1.547499999999999773e+03
1.557666666666666515e+03
1.530166666666666515e+03
1.580833333333333258e+03
1.598500000000000000e+03
1.605500000000000000e+03
1.566666666666666515e+03
1.606999999999999773e+03
1.618666666666666515e+03
1.657666666666666515e+03
1.582000000000000000e+03
1.568500000000000000e+03
1.514500000000000000e+03
1.537000000000000000e+03
1.519000000000000000e+03
1.598500000000000000e+03
1.595166666666666515e+03
1.618333333333333258e+03
1.540999999999999773e+03
1.595333333333333030e+03
1.597333333333333258e+03
1.633166666666666515e+03
1.575833333333333258e+03
1.615666666666666515e+03
1.630000000000000000e+03
1.679999999999999773e+03
1.608833333333333258e+03
1.604833333333333258e+03
1.559000000000000000e+03
1.577833333333333258e+03
1.515166666666666515e+03
1.551166666666666515e+03
1.575500000000000000e+03
1.649999999999999773e+03
1.579666666666666515e+03
1.548166666666666515e+03
1.498000000000000000e+03
1.551500000000000000e+03
1.542500000000000000e+03
1.609833333333333258e+03
1.586166666666666515e+03
1.586333333333333258e+03
1.534333333333333258e+03
1.634666666666666515e+03
1.640666666666666515e+03
1.638499999999999773e+03
1.519833333333333030e+03
1.529333333333333030e+03
1.528500000000000000e+03
1.544666666666666515e+03
1.487666666666666515e+03
1.505500000000000000e+03
1.497666666666666515e+03
1.519666666666666515e+03
1.454000000000000000e+03
1.486333333333333258e+03
1.531666666666666515e+03
1.575166666666666515e+03
1.533000000000000000e+03
1.554333333333333258e+03
1.560666666666666515e+03
1.591333333333333258e+03
1.540666666666666515e+03
1.572166666666666515e+03
1.568166666666666515e+03
1.575166666666666515e+03
1.517833333333333030e+03
1.572833333333333258e+03
1.552500000000000000e+03
1.559500000000000000e+03
1.455333333333333258e+03
1.504166666666666515e+03
1.514666666666666515e+03
1.575333333333333258e+03
1.516166666666666515e+03
1.571500000000000000e+03
1.544499999999999773e+03
1.581500000000000000e+03
1.513500000000000000e+03
1.518500000000000000e+03
1.514000000000000000e+03
1.605166666666666515e+03
1.585000000000000000e+03
1.598333333333333258e+03
1.527333333333333258e+03
1.569499999999999773e+03
1.537500000000000000e+03
1.550333333333333258e+03
1.558166666666666515e+03
1.615833333333333030e+03
1.573000000000000000e+03
1.535166666666666515e+03
1.445666666666666515e+03
1.461000000000000000e+03
1.470500000000000000e+03
1.575500000000000000e+03
1.577500000000000000e+03
1.620333333333333030e+03
1.549499999999999773e+03
1.580500000000000000e+03
1.541333333333333258e+03
1.566666666666666515e+03
1.508333333333333030e+03
1.505666666666666515e+03
1.462333333333333258e+03
1.474000000000000000e+03
1.429500000000000000e+03
1.493333333333333258e+03
1.481833333333333258e+03
1.535500000000000000e+03
1.475500000000000000e+03
1.527833333333333258e+03
1.485500000000000000e+03
1.524000000000000000e+03
1.496333333333333258e+03
1.538000000000000000e+03
1.530500000000000000e+03
1.540166666666666515e+03
1.493500000000000000e+03
1.519833333333333258e+03
1.490166666666666515e+03
1.516166666666666515e+03
1.466833333333333258e+03
1.528500000000000000e+03
1.527666666666666515e+03
1.571000000000000000e+03
1.530666666666666515e+03
1.570666666666666515e+03
1.523333333333333030e+03
1.497166666666666515e+03
1.426166666666666515e+03
1.464000000000000000e+03
1.496333333333333258e+03
1.557166666666666515e+03
1.502999999999999773e+03
1.537666666666666515e+03
1.491166666666666515e+03
1.499833333333333258e+03
1.405166666666666515e+03
1.472333333333333258e+03
1.482500000000000000e+03
1.528833333333333258e+03
1.456666666666666515e+03
1.480000000000000000e+03
1.453666666666666515e+03
1.499333333333333258e+03
1.480000000000000000e+03
1.584166666666666515e+03
1.576166666666666515e+03
1.618000000000000000e+03
1.516500000000000000e+03
1.534166666666666515e+03
1.497666666666666515e+03
1.536333333333333258e+03
1.496000000000000000e+03
1.503000000000000000e+03
1.495333333333333258e+03
1.533000000000000000e+03
1.516000000000000000e+03
1.523666666666666515e+03
1.474500000000000000e+03
1.493166666666666515e+03
1.441333333333333258e+03
1.489000000000000000e+03
1.475666666666666515e+03
1.492833333333333030e+03
1.427666666666666515e+03
1.485666666666666515e+03
1.506666666666666515e+03
1.551666666666666515e+03
1.470166666666666515e+03
1.480833333333333258e+03
1.449833333333333258e+03
1.497000000000000000e+03
1.433166666666666515e+03
1.463500000000000000e+03
1.412333333333333258e+03
1.480833333333333258e+03
1.438833333333333258e+03
1.494166666666666515e+03
1.455166666666666515e+03
1.492666666666666515e+03
1.432666666666666515e+03
1.486333333333333258e+03
1.503666666666666515e+03
1.562166666666666515e+03
1.535500000000000000e+03
1.557833333333333258e+03
1.557499999999999773e+03
1.535000000000000000e+03
1.453500000000000000e+03
1.462333333333333258e+03
1.490000000000000000e+03
1.517000000000000000e+03
1.436333333333333258e+03
1.420500000000000000e+03
1.391666666666666515e+03
1.424000000000000000e+03
1.412833333333333258e+03
1.485000000000000000e+03
1.507333333333333258e+03
1.564499999999999773e+03
1.572000000000000000e+03
1.619500000000000000e+03
1.565999999999999773e+03
1.491666666666666515e+03
1.394166666666666515e+03
1.447666666666666515e+03
1.506500000000000000e+03
1.619333333333333258e+03
1.553833333333333258e+03
1.560166666666666515e+03
1.482999999999999773e+03
1.507666666666666515e+03
1.439500000000000000e+03
1.441000000000000000e+03
1.427000000000000000e+03
1.461666666666666515e+03
1.436500000000000000e+03
1.475500000000000000e+03
1.464666666666666515e+03
1.467833333333333258e+03
1.377333333333333258e+03
1.378500000000000000e+03
1.387166666666666515e+03
1.406166666666666515e+03
1.394166666666666515e+03
1.466166666666666515e+03
1.498666666666666515e+03
1.547833333333333258e+03
1.465166666666666515e+03
1.532499999999999773e+03
1.613999999999999773e+03
1.662499999999999773e+03
1.619333333333333030e+03
1.532666666666666515e+03
1.503833333333333258e+03
1.515666666666666515e+03
1.481333333333333258e+03
1.503333333333333258e+03
1.475833333333333258e+03
1.537333333333333258e+03
1.479666666666666515e+03
1.499999999999999773e+03
1.439333333333333258e+03
1.466000000000000000e+03
1.429000000000000000e+03
1.473333333333333258e+03
1.490000000000000000e+03
1.497000000000000000e+03
1.451500000000000000e+03
1.518000000000000000e+03
1.535166666666666515e+03
1.546999999999999773e+03
1.464333333333333258e+03
1.483666666666666515e+03
1.496000000000000000e+03
1.540166666666666515e+03
1.460166666666666515e+03
1.456500000000000000e+03
1.409333333333333258e+03
1.484000000000000000e+03
1.440333333333333258e+03
1.479333333333333258e+03
1.458000000000000000e+03
1.543000000000000000e+03
1.500666666666666515e+03
1.500666666666666515e+03
1.411500000000000000e+03
1.438000000000000000e+03
1.416666666666666515e+03
1.493333333333333258e+03
1.465999999999999773e+03
1.502166666666666515e+03
1.432833333333333258e+03
1.479666666666666515e+03
1.479000000000000000e+03
1.529000000000000000e+03
1.486000000000000000e+03
1.477166666666666515e+03
1.455833333333333258e+03
1.491833333333333258e+03
1.427833333333333258e+03
1.418333333333333258e+03
1.392500000000000000e+03
1.445333333333333258e+03
1.417833333333333258e+03
1.463166666666666515e+03
1.455000000000000000e+03
1.499000000000000000e+03
1.455333333333333258e+03
1.508166666666666515e+03
1.518166666666666515e+03
1.539666666666666515e+03
1.465833333333333258e+03
1.458833333333333258e+03
1.416500000000000000e+03
1.481000000000000000e+03
1.481833333333333258e+03
1.597000000000000000e+03
1.577666666666666515e+03
1.566499999999999773e+03
1.440000000000000000e+03
1.451333333333333258e+03
1.418166666666666515e+03
1.487833333333333258e+03
1.475166666666666515e+03
1.540166666666666515e+03
1.503166666666666515e+03
1.496833333333333258e+03
1.445333333333333258e+03
1.494000000000000000e+03
1.508500000000000000e+03
1.537166666666666515e+03
1.493500000000000000e+03
1.536333333333333258e+03
1.490666666666666515e+03
1.493166666666666515e+03
1.447000000000000000e+03
1.542666666666666515e+03
1.550666666666666515e+03
1.558333333333333258e+03
1.507500000000000000e+03
1.554000000000000000e+03
1.549833333333333258e+03
1.586833333333333258e+03
1.492166666666666515e+03
1.480666666666666515e+03
1.397500000000000000e+03
1.448166666666666515e+03
1.410333333333333258e+03
1.481333333333333258e+03
1.473333333333333258e+03
1.529500000000000000e+03
1.465333333333333258e+03
1.467000000000000000e+03
1.447333333333333258e+03
1.510333333333333258e+03
1.489166666666666515e+03
1.535666666666666515e+03
1.510166666666666515e+03
1.541666666666666515e+03
1.506000000000000000e+03
1.520000000000000000e+03
1.486666666666666515e+03
1.499000000000000000e+03
1.505833333333333258e+03
1.554666666666666515e+03
1.509666666666666515e+03
1.484500000000000000e+03
1.422166666666666515e+03
1.449666666666666515e+03
1.432500000000000000e+03
1.486333333333333258e+03
1.470000000000000000e+03
1.514666666666666515e+03
1.490499999999999773e+03
1.503833333333333030e+03
1.440166666666666515e+03
1.486333333333333258e+03
1.449666666666666515e+03
1.494000000000000000e+03
1.440666666666666515e+03
1.520500000000000000e+03
1.494333333333333258e+03
1.497166666666666515e+03
1.418000000000000000e+03
1.431333333333333258e+03
1.414833333333333258e+03
1.438333333333333258e+03
1.448833333333333258e+03
1.488333333333333258e+03
1.444500000000000000e+03
1.446333333333333258e+03
1.403666666666666515e+03
1.470000000000000000e+03
1.463500000000000000e+03
1.488666666666666515e+03
1.449666666666666515e+03
1.499166666666666515e+03
1.501833333333333258e+03
1.560333333333333030e+03
1.501666666666666515e+03
1.504833333333333258e+03
1.475833333333333258e+03
1.498000000000000000e+03
1.468833333333333258e+03
1.518500000000000000e+03
1.528500000000000000e+03
1.556666666666666515e+03
1.445000000000000000e+03
1.465500000000000000e+03
1.479000000000000000e+03
1.574666666666666515e+03
1.511666666666666515e+03
1.522833333333333258e+03
1.514166666666666515e+03
1.581499999999999773e+03
1.556000000000000000e+03
1.556166666666666515e+03
1.499333333333333258e+03
1.488333333333333258e+03
1.446833333333333258e+03
1.489833333333333258e+03
1.464333333333333258e+03
1.492166666666666515e+03
1.435666666666666515e+03
1.464166666666666515e+03
1.440500000000000000e+03
1.466833333333333258e+03
1.467666666666666515e+03
1.495833333333333258e+03
1.441833333333333258e+03
1.462833333333333258e+03
1.452000000000000000e+03
1.549166666666666515e+03
1.559833333333333258e+03
1.561166666666666515e+03
1.489500000000000000e+03
1.506500000000000000e+03
1.488666666666666515e+03
1.496666666666666515e+03
1.420666666666666515e+03
1.448500000000000000e+03
1.461166666666666515e+03
1.525166666666666515e+03
1.448833333333333258e+03
1.482333333333333258e+03
1.438833333333333258e+03
1.524666666666666515e+03
1.519833333333333258e+03
1.539500000000000000e+03
1.537333333333333258e+03
1.529833333333333258e+03
1.482166666666666515e+03
1.473000000000000000e+03
1.446500000000000000e+03
1.490000000000000000e+03
1.442000000000000000e+03
1.448833333333333258e+03
1.420166666666666515e+03
1.451333333333333258e+03
1.448833333333333258e+03
1.502166666666666515e+03
1.486500000000000000e+03
1.500666666666666515e+03
1.426333333333333258e+03
1.432333333333333258e+03
1.389833333333333258e+03
1.430333333333333258e+03
1.403500000000000000e+03
1.431000000000000000e+03
1.415333333333333258e+03
1.508500000000000000e+03
1.533833333333333258e+03
1.598166666666666515e+03
1.485500000000000000e+03
1.458333333333333258e+03
1.393333333333333258e+03
1.480666666666666515e+03
1.479333333333333258e+03
1.486833333333333258e+03
1.420333333333333258e+03
1.463833333333333258e+03
1.472833333333333258e+03
1.507666666666666515e+03
1.450333333333333258e+03
1.481333333333333258e+03
1.489666666666666515e+03
1.540666666666666515e+03
1.478666666666666515e+03
1.454666666666666515e+03
1.404666666666666515e+03
1.425833333333333258e+03
1.406333333333333258e+03
1.457500000000000000e+03
1.429000000000000000e+03
1.422000000000000000e+03
1.326666666666666515e+03
1.354166666666666515e+03
1.366000000000000000e+03
1.433500000000000000e+03
1.397666666666666515e+03
1.403666666666666515e+03
1.334666666666666515e+03
1.361000000000000000e+03
1.349500000000000000e+03
1.432000000000000000e+03
1.441666666666666515e+03
1.507166666666666515e+03
1.464999999999999773e+03
1.515833333333333030e+03
1.444833333333333258e+03
1.438500000000000000e+03
1.373166666666666515e+03
1.434000000000000000e+03
1.460500000000000000e+03
1.509333333333333258e+03
1.483000000000000000e+03
1.535833333333333258e+03
1.523666666666666515e+03
1.526500000000000000e+03
1.439166666666666515e+03
1.459166666666666515e+03
1.488000000000000000e+03
1.540000000000000000e+03
1.515333333333333258e+03
1.530000000000000000e+03
1.527666666666666515e+03
1.516333333333333258e+03
1.455333333333333258e+03
1.450000000000000000e+03
1.443333333333333258e+03
1.461333333333333258e+03
1.435833333333333258e+03
1.488000000000000000e+03
1.471666666666666515e+03
1.531833333333333258e+03
1.479500000000000000e+03
1.497166666666666515e+03
1.411666666666666515e+03
1.412000000000000000e+03
1.370500000000000000e+03
1.429000000000000000e+03
1.432000000000000000e+03
1.465666666666666515e+03
1.407333333333333258e+03
1.425000000000000000e+03
1.411166666666666515e+03
1.441500000000000000e+03
1.392500000000000000e+03
1.422833333333333258e+03
1.419500000000000000e+03
1.480333333333333258e+03
1.409666666666666515e+03
1.409000000000000000e+03
1.413000000000000000e+03
1.496000000000000000e+03
1.459000000000000000e+03
1.421166666666666515e+03
1.381333333333333258e+03
1.444833333333333258e+03
1.450666666666666515e+03
1.475000000000000000e+03
1.458000000000000000e+03
1.462166666666666515e+03
1.445333333333333258e+03
1.487333333333333258e+03
1.500500000000000000e+03
1.533000000000000000e+03
1.471666666666666515e+03
1.461666666666666515e+03
1.433666666666666515e+03
1.482833333333333258e+03
1.467000000000000000e+03
1.487666666666666515e+03
1.471333333333333258e+03
1.494500000000000000e+03
1.456500000000000000e+03
1.434666666666666515e+03
1.409000000000000000e+03
1.466166666666666515e+03
1.505166666666666515e+03
1.587499999999999773e+03
1.539000000000000000e+03
1.528333333333333258e+03
1.443166666666666515e+03
1.454166666666666515e+03
1.436000000000000000e+03
1.475500000000000000e+03
1.492833333333333258e+03
1.516333333333333258e+03
1.475666666666666515e+03
1.440666666666666515e+03
1.433500000000000000e+03
1.452333333333333258e+03
1.440166666666666515e+03
1.422166666666666515e+03
1.389166666666666515e+03
1.389833333333333258e+03
1.387000000000000000e+03
1.425500000000000000e+03
1.419000000000000000e+03
1.419833333333333258e+03
1.379500000000000000e+03
1.417500000000000000e+03
1.407166666666666515e+03
1.479333333333333258e+03
1.451333333333333258e+03
1.472666666666666515e+03
1.400833333333333258e+03
1.406333333333333258e+03
1.375333333333333258e+03
1.409500000000000000e+03
1.407000000000000000e+03
1.435666666666666515e+03
1.383833333333333258e+03
1.392666666666666515e+03
1.375166666666666515e+03
1.450833333333333258e+03
1.442833333333333258e+03
1.479000000000000000e+03
1.468833333333333258e+03
1.527666666666666515e+03
1.475666666666666515e+03
1.474833333333333258e+03
1.368333333333333258e+03
1.389000000000000000e+03
1.355333333333333258e+03
1.428000000000000000e+03
1.406500000000000000e+03
1.412333333333333258e+03
1.368833333333333258e+03
1.424833333333333258e+03
1.432000000000000000e+03
1.425000000000000000e+03
1.379000000000000000e+03
1.396500000000000000e+03
1.395500000000000000e+03
1.437000000000000000e+03
1.399666666666666515e+03
1.452500000000000000e+03
1.420833333333333258e+03
1.456833333333333258e+03
1.409333333333333258e+03
1.403333333333333258e+03
1.365166666666666515e+03
1.406333333333333258e+03
1.384333333333333258e+03
1.407000000000000000e+03
1.367333333333333258e+03
1.389500000000000000e+03
1.402833333333333258e+03
1.475333333333333258e+03
1.453166666666666515e+03
1.399000000000000000e+03
1.317666666666666515e+03
1.370166666666666515e+03
1.394166666666666515e+03
1.455000000000000000e+03
1.425333333333333258e+03
1.419166666666666515e+03
1.378833333333333258e+03
1.378166666666666515e+03
1.379833333333333258e+03
1.415166666666666515e+03
1.383833333333333258e+03
1.414166666666666515e+03
1.404833333333333258e+03
1.481000000000000000e+03
1.483500000000000000e+03
1.511333333333333258e+03
1.461000000000000000e+03
1.496166666666666515e+03
1.479666666666666515e+03
1.474833333333333258e+03
1.393666666666666515e+03
1.409666666666666515e+03
1.426166666666666515e+03
1.476166666666666515e+03
1.442000000000000000e+03
1.495333333333333258e+03
1.498000000000000000e+03
1.504833333333333258e+03
1.464166666666666515e+03
1.510166666666666515e+03
1.506000000000000000e+03
1.516500000000000000e+03
1.461833333333333258e+03
1.497666666666666515e+03
1.465666666666666515e+03
1.485333333333333258e+03
1.431666666666666515e+03
1.480166666666666515e+03
1.467333333333333258e+03
1.537500000000000000e+03
1.537166666666666515e+03
1.552333333333333258e+03
1.486500000000000000e+03
1.482166666666666515e+03
1.444500000000000000e+03
1.499000000000000000e+03
1.475000000000000000e+03
1.476000000000000000e+03
1.408500000000000000e+03
1.432500000000000000e+03
1.404833333333333258e+03
1.410666666666666515e+03
1.374666666666666515e+03
1.431166666666666515e+03
1.398333333333333258e+03
1.405333333333333258e+03
1.377333333333333258e+03
1.432333333333333258e+03
1.404833333333333258e+03
1.423333333333333258e+03
1.435333333333333258e+03
1.474666666666666515e+03
1.450333333333333258e+03
1.452000000000000000e+03
1.434666666666666515e+03
1.486333333333333258e+03
1.460833333333333030e+03
1.485333333333333258e+03
1.476666666666666515e+03
1.523500000000000000e+03
1.530999999999999773e+03
1.514666666666666515e+03
1.492666666666666515e+03
1.510500000000000000e+03
1.498666666666666515e+03
1.524166666666666515e+03
1.469166666666666515e+03
1.499833333333333258e+03
1.495000000000000000e+03
1.574333333333333258e+03
1.550833333333333030e+03
1.573999999999999773e+03
1.506000000000000000e+03
1.495833333333333258e+03
1.432166666666666515e+03
1.436166666666666515e+03
1.399166666666666515e+03
1.402000000000000000e+03
1.384000000000000000e+03
1.450166666666666515e+03
1.425833333333333258e+03
1.445833333333333258e+03
1.430000000000000000e+03
1.458833333333333258e+03
1.431333333333333258e+03
1.451500000000000000e+03
1.463333333333333258e+03
1.540500000000000000e+03
1.530833333333333258e+03
1.518833333333333258e+03
1.469833333333333258e+03
1.499333333333333258e+03
1.509666666666666515e+03
1.513166666666666515e+03
1.436000000000000000e+03
1.472000000000000000e+03
1.456500000000000000e+03
1.495000000000000000e+03
1.423166666666666515e+03
1.443833333333333258e+03
1.426833333333333258e+03
1.490833333333333258e+03
1.471333333333333258e+03
1.538999999999999773e+03
1.517499999999999773e+03
1.584499999999999773e+03
1.556333333333333030e+03
1.568666666666666515e+03
1.474333333333333258e+03
1.451833333333333258e+03
1.449333333333333258e+03
1.548333333333333258e+03
1.569333333333333030e+03
1.531166666666666515e+03
1.465833333333333258e+03
1.477000000000000000e+03
1.504666666666666515e+03
1.550666666666666515e+03
1.471833333333333258e+03
1.459166666666666515e+03
1.396500000000000000e+03
1.450000000000000000e+03
1.441666666666666515e+03
1.519333333333333258e+03
1.499666666666666515e+03
1.536000000000000000e+03
1.472666666666666515e+03
1.512000000000000000e+03
1.404166666666666515e+03
1.382666666666666515e+03
1.331833333333333258e+03
1.412166666666666515e+03
1.426833333333333258e+03
1.445500000000000000e+03
1.405333333333333258e+03
1.429833333333333258e+03
1.409000000000000000e+03
1.451666666666666515e+03
1.393833333333333258e+03
1.415833333333333258e+03
9.268333333333332575e+02
