6.483333333333332575e+02
7.949999999999998863e+02
4.375000000000000000e+02
5.606666666666666288e+02
1.047333333333333258e+03
1.416166666666666515e+03
1.571166666666666515e+03
1.373833333333333258e+03
1.463000000000000000e+03
1.535333333333333258e+03
1.521666666666666515e+03
1.345333333333333258e+03
1.461333333333333258e+03
1.588166666666666515e+03
1.589500000000000000e+03
1.406500000000000000e+03
1.477833333333333258e+03
1.584833333333333258e+03
1.644333333333333258e+03
1.486166666666666515e+03
1.673500000000000000e+03
1.781333333333333030e+03
1.795666666666666515e+03
1.542333333333333258e+03
1.629833333333333258e+03
1.693499999999999773e+03
1.705000000000000000e+03
1.513833333333333258e+03
1.614166666666666515e+03
1.687833333333333030e+03
1.687500000000000000e+03
1.527166666666666515e+03
1.675333333333333258e+03
1.738166666666666515e+03
1.743500000000000000e+03
1.525166666666666515e+03
1.634833333333333258e+03
1.708499999999999773e+03
1.682500000000000000e+03
1.504166666666666515e+03
1.600333333333333258e+03
1.709500000000000000e+03
1.696833333333333030e+03
1.518000000000000000e+03
1.611000000000000000e+03
1.721666666666666515e+03
1.751000000000000000e+03
1.637000000000000000e+03
1.759333333333333030e+03
1.806666666666666515e+03
1.716000000000000000e+03
1.492166666666666515e+03
1.623833333333333258e+03
1.739000000000000000e+03
1.773666666666666515e+03
1.593166666666666515e+03
1.667000000000000000e+03
1.674833333333333258e+03
1.651333333333333258e+03
1.481000000000000000e+03
1.616000000000000000e+03
1.730500000000000000e+03
1.737333333333333258e+03
1.541833333333333258e+03
1.624666666666666515e+03
1.724999999999999773e+03
1.713999999999999773e+03
1.548999999999999773e+03
1.680499999999999773e+03
1.805499999999999773e+03
1.819166666666666515e+03
1.622666666666666515e+03
1.725833333333333258e+03
1.779833333333333258e+03
1.760833333333333258e+03
1.586166666666666515e+03
1.671166666666666515e+03
1.729500000000000000e+03
1.675999999999999773e+03
1.527000000000000000e+03
1.638666666666666515e+03
1.710000000000000000e+03
1.665000000000000000e+03
1.484666666666666515e+03
1.593833333333333258e+03
1.698000000000000000e+03
1.710166666666666515e+03
1.572166666666666515e+03
1.666500000000000000e+03
1.708333333333333258e+03
1.706000000000000000e+03
1.523833333333333258e+03
1.630500000000000000e+03
1.705833333333333258e+03
1.697166666666666515e+03
1.601833333333333258e+03
1.734000000000000000e+03
1.825333333333333258e+03
1.749666666666666515e+03
1.522833333333333030e+03
1.614166666666666515e+03
1.706666666666666515e+03
1.704500000000000000e+03
1.509333333333333030e+03
1.586166666666666515e+03
1.631666666666666515e+03
1.631166666666666515e+03
1.475333333333333258e+03
1.618666666666666515e+03
1.706000000000000000e+03
1.703500000000000000e+03
1.520499999999999773e+03
1.672500000000000000e+03
1.788500000000000000e+03
1.808166666666666515e+03
1.585999999999999773e+03
1.654333333333333258e+03
1.691000000000000000e+03
1.683333333333333030e+03
1.499833333333333258e+03
1.639833333333333258e+03
1.722666666666666515e+03
1.722666666666666515e+03
1.511166666666666515e+03
1.609166666666666515e+03
1.649833333333333030e+03
1.621999999999999773e+03
1.457666666666666515e+03
1.629166666666666515e+03
1.739333333333333258e+03
1.685999999999999773e+03
1.433500000000000000e+03
1.549666666666666515e+03
1.683833333333333258e+03
1.710833333333333030e+03
1.527166666666666515e+03
1.600833333333333258e+03
1.676833333333333030e+03
1.651000000000000000e+03
1.484833333333333258e+03
1.624666666666666515e+03
1.775166666666666515e+03
1.824833333333333030e+03
1.608333333333333258e+03
1.617000000000000000e+03
1.662333333333333258e+03
1.705000000000000000e+03
1.563333333333333030e+03
1.615166666666666515e+03
1.656500000000000000e+03
1.676000000000000000e+03
1.556499999999999773e+03
1.675500000000000000e+03
1.733166666666666515e+03
1.704500000000000000e+03
1.520333333333333258e+03
1.632000000000000000e+03
1.719333333333333258e+03
1.730166666666666515e+03
1.565833333333333030e+03
1.640166666666666515e+03
1.681166666666666515e+03
1.653000000000000000e+03
1.503333333333333258e+03
1.597333333333333258e+03
1.655000000000000000e+03
1.661333333333333258e+03
1.528166666666666515e+03
1.652166666666666515e+03
1.731333333333333030e+03
1.698166666666666515e+03
1.500833333333333258e+03
1.543166666666666515e+03
1.637166666666666515e+03
1.707166666666666515e+03
1.557333333333333030e+03
1.627000000000000000e+03
1.688333333333333030e+03
1.730499999999999773e+03
1.566500000000000000e+03
1.632333333333333258e+03
1.666000000000000000e+03
1.658666666666666515e+03
1.507000000000000000e+03
1.627000000000000000e+03
1.697500000000000000e+03
1.682499999999999773e+03
1.484500000000000000e+03
1.633333333333333258e+03
1.722666666666666515e+03
1.704666666666666515e+03
1.520000000000000000e+03
1.612833333333333258e+03
1.719166666666666515e+03
1.741000000000000000e+03
1.570666666666666515e+03
1.664833333333333258e+03
1.686166666666666515e+03
1.670666666666666515e+03
1.526000000000000000e+03
1.664666666666666515e+03
1.730500000000000000e+03
1.731666666666666515e+03
1.550833333333333258e+03
1.630666666666666515e+03
1.667666666666666515e+03
1.672500000000000000e+03
1.548833333333333030e+03
1.677000000000000000e+03
1.729000000000000000e+03
1.694500000000000000e+03
1.509333333333333258e+03
1.606000000000000000e+03
1.675333333333333258e+03
1.602333333333333258e+03
1.403000000000000000e+03
1.537333333333333258e+03
1.738666666666666515e+03
1.801999999999999773e+03
1.594999999999999773e+03
1.604999999999999773e+03
1.643666666666666515e+03
1.669166666666666515e+03
1.511500000000000000e+03
1.606833333333333258e+03
1.689833333333333258e+03
1.742499999999999773e+03
1.587166666666666515e+03
1.668166666666666515e+03
1.695333333333333258e+03
1.706500000000000000e+03
1.546333333333333030e+03
1.615000000000000000e+03
1.610333333333333258e+03
1.605999999999999773e+03
1.483333333333333258e+03
1.636333333333333258e+03
1.670000000000000000e+03
1.658666666666666515e+03
1.493000000000000000e+03
1.625000000000000000e+03
1.674166666666666515e+03
1.627500000000000000e+03
1.443166666666666515e+03
1.543000000000000000e+03
1.638833333333333258e+03
1.618333333333333030e+03
1.443000000000000000e+03
1.546666666666666515e+03
1.649666666666666515e+03
1.682666666666666515e+03
1.527333333333333258e+03
1.641500000000000000e+03
1.689499999999999773e+03
1.693166666666666515e+03
1.532666666666666515e+03
1.627333333333333258e+03
1.671500000000000000e+03
1.655666666666666515e+03
1.484333333333333030e+03
1.566000000000000000e+03
1.640666666666666515e+03
1.689000000000000000e+03
1.578499999999999773e+03
1.677833333333333258e+03
1.713333333333333258e+03
1.684500000000000000e+03
1.481166666666666515e+03
1.554833333333333258e+03
1.609166666666666515e+03
1.633500000000000000e+03
1.496000000000000000e+03
1.617666666666666515e+03
1.638999999999999773e+03
1.618166666666666515e+03
1.431666666666666515e+03
1.536000000000000000e+03
1.596333333333333030e+03
1.588333333333333258e+03
1.445166666666666515e+03
1.610500000000000000e+03
1.714166666666666515e+03
1.734999999999999773e+03
1.511166666666666515e+03
1.573333333333333258e+03
1.657166666666666515e+03
1.738666666666666515e+03
1.606666666666666515e+03
1.670833333333333258e+03
1.649999999999999773e+03
1.657166666666666515e+03
1.519500000000000000e+03
1.615666666666666515e+03
1.645166666666666515e+03
1.631666666666666515e+03
1.519166666666666515e+03
1.663833333333333258e+03
1.746833333333333030e+03
1.750500000000000000e+03
1.551666666666666515e+03
1.612000000000000000e+03
1.649333333333333258e+03
1.612333333333333258e+03
1.466000000000000000e+03
1.563333333333333258e+03
1.667000000000000000e+03
1.656833333333333258e+03
1.533166666666666515e+03
1.640666666666666515e+03
1.728833333333333030e+03
1.727166666666666515e+03
1.604833333333333030e+03
1.675499999999999773e+03
1.668666666666666515e+03
1.595666666666666515e+03
1.458500000000000000e+03
1.601333333333333258e+03
1.670999999999999773e+03
1.663166666666666515e+03
1.452833333333333030e+03
1.501000000000000000e+03
1.515333333333333258e+03
1.515833333333333030e+03
1.403833333333333258e+03
1.491500000000000000e+03
1.577166666666666515e+03
1.585333333333333030e+03
1.468166666666666515e+03
1.534500000000000000e+03
1.591500000000000000e+03
1.594833333333333258e+03
1.465500000000000000e+03
1.546833333333333258e+03
1.642333333333333258e+03
1.663833333333333258e+03
1.555666666666666515e+03
1.588000000000000000e+03
1.648499999999999773e+03
1.686499999999999773e+03
1.592499999999999773e+03
1.642999999999999773e+03
1.635833333333333030e+03
1.619500000000000000e+03
1.514833333333333258e+03
1.612833333333333258e+03
1.637833333333333258e+03
1.594499999999999773e+03
1.449000000000000000e+03
1.586000000000000000e+03
1.707333333333333030e+03
1.704166666666666515e+03
1.529833333333333030e+03
1.598166666666666515e+03
1.650999999999999773e+03
1.655666666666666515e+03
1.451166666666666515e+03
1.511166666666666515e+03
1.562000000000000000e+03
1.620333333333333258e+03
1.507833333333333258e+03
1.547333333333333258e+03
1.583166666666666515e+03
1.578500000000000000e+03
1.474833333333333258e+03
1.558333333333333258e+03
1.615999999999999773e+03
1.662000000000000000e+03
1.549500000000000000e+03
1.658833333333333258e+03
1.664666666666666515e+03
1.643000000000000000e+03
1.456333333333333258e+03
1.509833333333333258e+03
1.583333333333333258e+03
1.687833333333333258e+03
1.614000000000000000e+03
1.675666666666666515e+03
1.616999999999999773e+03
1.592833333333333258e+03
1.481833333333333258e+03
1.591666666666666515e+03
1.634000000000000000e+03
1.609333333333333258e+03
1.465500000000000000e+03
1.551333333333333258e+03
1.611833333333333258e+03
1.642000000000000000e+03
1.527833333333333258e+03
1.581666666666666515e+03
1.599833333333333030e+03
1.563000000000000000e+03
1.412000000000000000e+03
1.484000000000000000e+03
1.533833333333333258e+03
1.556000000000000000e+03
1.439000000000000000e+03
1.517000000000000000e+03
1.554333333333333258e+03
1.565833333333333030e+03
1.465500000000000000e+03
1.606000000000000000e+03
1.638333333333333258e+03
1.600000000000000000e+03
1.428666666666666515e+03
1.512500000000000000e+03
1.570666666666666515e+03
1.584833333333333030e+03
1.485833333333333258e+03
1.585333333333333258e+03
1.589666666666666515e+03
1.581833333333333258e+03
1.470500000000000000e+03
1.598666666666666515e+03
1.658499999999999773e+03
1.695000000000000000e+03
1.602833333333333258e+03
1.654833333333333258e+03
1.647000000000000000e+03
1.599166666666666515e+03
1.463333333333333258e+03
1.526333333333333258e+03
1.548499999999999773e+03
1.578500000000000000e+03
1.497000000000000000e+03
1.606833333333333258e+03
1.621833333333333258e+03
1.600666666666666515e+03
1.491500000000000000e+03
1.611000000000000000e+03
1.683833333333333258e+03
1.709166666666666515e+03
1.530499999999999773e+03
1.583166666666666515e+03
1.591166666666666515e+03
1.633000000000000000e+03
1.503333333333333258e+03
1.552000000000000000e+03
1.525666666666666515e+03
1.536000000000000000e+03
1.467333333333333258e+03
1.595166666666666515e+03
1.616833333333333258e+03
1.586000000000000000e+03
1.450000000000000000e+03
1.514833333333333258e+03
1.545166666666666515e+03
1.601333333333333258e+03
1.549333333333333030e+03
1.622666666666666515e+03
1.616333333333333258e+03
1.609333333333333030e+03
1.520666666666666515e+03
1.608333333333333258e+03
1.653166666666666515e+03
1.633666666666666515e+03
1.537500000000000000e+03
1.558833333333333258e+03
1.628500000000000000e+03
1.692833333333333258e+03
1.612833333333333258e+03
1.663999999999999773e+03
1.638166666666666515e+03
1.640833333333333258e+03
1.519000000000000000e+03
1.572833333333333258e+03
1.592666666666666515e+03
1.597833333333333030e+03
1.504333333333333258e+03
1.584333333333333258e+03
1.644499999999999773e+03
1.660666666666666515e+03
1.528000000000000000e+03
1.559666666666666515e+03
1.572166666666666515e+03
1.581000000000000000e+03
1.458166666666666515e+03
1.522000000000000000e+03
1.573000000000000000e+03
1.622500000000000000e+03
1.531833333333333030e+03
1.611833333333333258e+03
1.637166666666666515e+03
1.645333333333333258e+03
1.503500000000000000e+03
1.533333333333333258e+03
1.542333333333333258e+03
1.580999999999999773e+03
1.482166666666666515e+03
1.512666666666666515e+03
1.472333333333333258e+03
1.490833333333333258e+03
1.420000000000000000e+03
1.520666666666666515e+03
1.582666666666666515e+03
1.619166666666666515e+03
1.540333333333333258e+03
1.583500000000000000e+03
1.570833333333333258e+03
1.579833333333333258e+03
1.453000000000000000e+03
1.523166666666666515e+03
1.559666666666666515e+03
1.599166666666666515e+03
1.487666666666666515e+03
1.532666666666666515e+03
1.548166666666666515e+03
1.574166666666666515e+03
1.514500000000000000e+03
1.642000000000000000e+03
1.679000000000000000e+03
1.631500000000000000e+03
1.471333333333333258e+03
1.565333333333333258e+03
1.637333333333333030e+03
1.707833333333333030e+03
1.574000000000000000e+03
1.571166666666666515e+03
1.534000000000000000e+03
1.552666666666666515e+03
1.491500000000000000e+03
1.556000000000000000e+03
1.584666666666666515e+03
1.646666666666666515e+03
1.561666666666666515e+03
1.598666666666666515e+03
1.552166666666666515e+03
1.539999999999999773e+03
1.436666666666666515e+03
1.510500000000000000e+03
1.514333333333333030e+03
1.531833333333333030e+03
1.437500000000000000e+03
1.559166666666666515e+03
1.629000000000000000e+03
1.676166666666666515e+03
1.569000000000000000e+03
1.575500000000000000e+03
1.552833333333333030e+03
1.565499999999999773e+03
1.510166666666666515e+03
1.587000000000000000e+03
1.586499999999999773e+03
1.588666666666666515e+03
1.493500000000000000e+03
1.568833333333333258e+03
1.589333333333333258e+03
1.642500000000000000e+03
1.567333333333333258e+03
1.623166666666666515e+03
1.611499999999999773e+03
1.651666666666666515e+03
1.552000000000000000e+03
1.608499999999999773e+03
1.560833333333333258e+03
1.558166666666666515e+03
1.416666666666666515e+03
1.494333333333333258e+03
1.540000000000000000e+03
1.616833333333333030e+03
1.528499999999999773e+03
1.610500000000000000e+03
1.617500000000000000e+03
1.613833333333333030e+03
1.499333333333333258e+03
1.566666666666666515e+03
1.599666666666666515e+03
1.616499999999999773e+03
1.520833333333333258e+03
1.596500000000000000e+03
1.587999999999999773e+03
1.595166666666666515e+03
1.456666666666666515e+03
1.549333333333333258e+03
1.602833333333333258e+03
1.708166666666666515e+03
1.646333333333333030e+03
1.677833333333333258e+03
1.621333333333333030e+03
1.578666666666666515e+03
1.450000000000000000e+03
1.509166666666666515e+03
1.537499999999999773e+03
1.580333333333333030e+03
1.485166666666666515e+03
1.514333333333333258e+03
1.522000000000000000e+03
1.569000000000000000e+03
1.500666666666666515e+03
1.534666666666666515e+03
1.485666666666666515e+03
1.502166666666666515e+03
1.460666666666666515e+03
1.554000000000000000e+03
1.555333333333333258e+03
1.598166666666666515e+03
1.538166666666666515e+03
1.648833333333333030e+03
1.660499999999999773e+03
1.700500000000000000e+03
1.602500000000000000e+03
1.613166666666666515e+03
1.592999999999999773e+03
1.599333333333333258e+03
1.528166666666666515e+03
1.571833333333333258e+03
1.550000000000000000e+03
1.581166666666666515e+03
1.551833333333333258e+03
1.664666666666666515e+03
1.641166666666666515e+03
1.622166666666666515e+03
1.519666666666666515e+03
1.607166666666666515e+03
1.607000000000000000e+03
1.554833333333333258e+03
1.429000000000000000e+03
1.479166666666666515e+03
1.530000000000000000e+03
1.551166666666666515e+03
1.465166666666666515e+03
1.494166666666666515e+03
1.477500000000000000e+03
1.483833333333333258e+03
1.413333333333333258e+03
1.480166666666666515e+03
1.504000000000000000e+03
1.553833333333333258e+03
1.473000000000000000e+03
1.532833333333333258e+03
1.559000000000000000e+03
1.630166666666666515e+03
1.545666666666666515e+03
1.565666666666666515e+03
1.550833333333333258e+03
1.585166666666666515e+03
1.534833333333333258e+03
1.589166666666666515e+03
1.581999999999999773e+03
1.599833333333333030e+03
1.548166666666666515e+03
1.633166666666666515e+03
1.604500000000000000e+03
1.575000000000000000e+03
1.452666666666666515e+03
1.521000000000000000e+03
1.594000000000000000e+03
1.697500000000000000e+03
1.650166666666666515e+03
1.666666666666666515e+03
1.580833333333333030e+03
1.597833333333333258e+03
1.499833333333333030e+03
1.539500000000000000e+03
1.508333333333333258e+03
1.560833333333333030e+03
1.533500000000000000e+03
1.605666666666666515e+03
1.590666666666666515e+03
1.609166666666666515e+03
1.478499999999999773e+03
1.479166666666666515e+03
1.477833333333333030e+03
1.576000000000000000e+03
1.581166666666666515e+03
1.645333333333333258e+03
1.616333333333333258e+03
1.652833333333333258e+03
1.564500000000000000e+03
1.622333333333333258e+03
1.566500000000000000e+03
1.603833333333333258e+03
1.509666666666666515e+03
1.575000000000000000e+03
1.540499999999999773e+03
1.607500000000000000e+03
1.567500000000000000e+03
1.637666666666666515e+03
1.597833333333333258e+03
1.587000000000000000e+03
1.494833333333333258e+03
1.575833333333333258e+03
1.586666666666666515e+03
1.651000000000000000e+03
1.545333333333333030e+03
1.590166666666666515e+03
1.597166666666666515e+03
1.713166666666666515e+03
1.673000000000000000e+03
1.711500000000000000e+03
1.636166666666666515e+03
1.637333333333333258e+03
1.527666666666666515e+03
1.529166666666666515e+03
1.488000000000000000e+03
1.481166666666666515e+03
1.476666666666666515e+03
1.569833333333333030e+03
1.592333333333333030e+03
1.585833333333333258e+03
1.457833333333333258e+03
1.491666666666666515e+03
1.487500000000000000e+03
1.571833333333333030e+03
1.523500000000000000e+03
1.597000000000000000e+03
1.546500000000000000e+03
1.541833333333333258e+03
1.457666666666666515e+03
1.561166666666666515e+03
1.620499999999999773e+03
1.617500000000000000e+03
1.504166666666666515e+03
1.521333333333333258e+03
1.569333333333333258e+03
1.581166666666666515e+03
1.490499999999999773e+03
1.521666666666666515e+03
1.543500000000000000e+03
1.602499999999999773e+03
1.494500000000000000e+03
1.538166666666666515e+03
1.548666666666666515e+03
1.606166666666666515e+03
1.561333333333333258e+03
1.586166666666666515e+03
1.596500000000000000e+03
1.622999999999999773e+03
1.532666666666666515e+03
1.515166666666666515e+03
1.480833333333333258e+03
1.523333333333333258e+03
1.492666666666666515e+03
1.508000000000000000e+03
1.517833333333333030e+03
1.578500000000000000e+03
1.532499999999999773e+03
1.606166666666666515e+03
1.623833333333333030e+03
1.685000000000000000e+03
1.562999999999999773e+03
1.535333333333333258e+03
1.473166666666666515e+03
1.485500000000000000e+03
1.395333333333333258e+03
1.476000000000000000e+03
1.554500000000000000e+03
1.606499999999999773e+03
1.472166666666666515e+03
1.406166666666666515e+03
1.400166666666666515e+03
1.488833333333333258e+03
1.474166666666666515e+03
1.522833333333333258e+03
1.514500000000000000e+03
1.562500000000000000e+03
1.546166666666666515e+03
1.601999999999999773e+03
1.580333333333333258e+03
1.604499999999999773e+03
1.542499999999999773e+03
1.605666666666666515e+03
1.577666666666666515e+03
1.576333333333333258e+03
1.493500000000000000e+03
1.542000000000000000e+03
1.594333333333333258e+03
1.593999999999999773e+03
1.494166666666666515e+03
1.496166666666666515e+03
1.534166666666666515e+03
1.597166666666666515e+03
1.529166666666666515e+03
1.573000000000000000e+03
1.577166666666666515e+03
1.662000000000000000e+03
1.575833333333333258e+03
1.595499999999999773e+03
1.547166666666666515e+03
1.554499999999999773e+03
1.494333333333333030e+03
1.562500000000000000e+03
1.574666666666666515e+03
1.584500000000000000e+03
1.466333333333333258e+03
1.502833333333333258e+03
1.487833333333333258e+03
1.524166666666666515e+03
1.439000000000000000e+03
1.497333333333333258e+03
1.504833333333333030e+03
1.578000000000000000e+03
1.521499999999999773e+03
1.553333333333333258e+03
1.521666666666666515e+03
1.550833333333333258e+03
1.492666666666666515e+03
1.586333333333333258e+03
1.612333333333333258e+03
1.664333333333333258e+03
1.579000000000000000e+03
1.591500000000000000e+03
1.573166666666666515e+03
1.580333333333333258e+03
1.527333333333333258e+03
1.558500000000000000e+03
1.538666666666666515e+03
1.535666666666666515e+03
1.457000000000000000e+03
1.555333333333333258e+03
1.555333333333333258e+03
1.595833333333333258e+03
1.494333333333333258e+03
1.571666666666666515e+03
1.558333333333333030e+03
1.565000000000000000e+03
1.454333333333333258e+03
1.524000000000000000e+03
1.542333333333333258e+03
1.574666666666666515e+03
1.476833333333333258e+03
1.547833333333333258e+03
1.571166666666666515e+03
1.634333333333333030e+03
1.529333333333333258e+03
1.597833333333333258e+03
1.568999999999999773e+03
1.542999999999999773e+03
1.399666666666666515e+03
1.461333333333333258e+03
1.511500000000000000e+03
1.516166666666666515e+03
1.434500000000000000e+03
1.504166666666666515e+03
1.574500000000000000e+03
1.615333333333333030e+03
1.559999999999999773e+03
1.623833333333333258e+03
1.627333333333333030e+03
1.621666666666666515e+03
1.489500000000000000e+03
1.489166666666666515e+03
1.478166666666666515e+03
1.511166666666666515e+03
1.434500000000000000e+03
1.491833333333333258e+03
1.506500000000000000e+03
1.556166666666666515e+03
1.493666666666666515e+03
1.565333333333333258e+03
1.616500000000000000e+03
1.626500000000000000e+03
1.498666666666666515e+03
1.488166666666666515e+03
1.481166666666666515e+03
1.545500000000000000e+03
1.473666666666666515e+03
1.544333333333333258e+03
1.537833333333333258e+03
1.579333333333333030e+03
1.507833333333333258e+03
1.570000000000000000e+03
1.557000000000000000e+03
1.571000000000000000e+03
1.489500000000000000e+03
1.594833333333333258e+03
1.599166666666666515e+03
1.601166666666666515e+03
1.481666666666666515e+03
1.563333333333333258e+03
1.565999999999999773e+03
1.585666666666666515e+03
1.457000000000000000e+03
1.517666666666666515e+03
1.530833333333333258e+03
1.583500000000000000e+03
1.497333333333333258e+03
1.561333333333333258e+03
1.550833333333333030e+03
1.596000000000000000e+03
1.509833333333333258e+03
1.567000000000000000e+03
1.562833333333333258e+03
1.580666666666666515e+03
1.522833333333333258e+03
1.589333333333333258e+03
1.575833333333333258e+03
1.596500000000000000e+03
1.540666666666666515e+03
1.606833333333333030e+03
1.564666666666666515e+03
1.531666666666666515e+03
1.435166666666666515e+03
1.516833333333333258e+03
1.525833333333333258e+03
1.520166666666666515e+03
1.419500000000000000e+03
1.503666666666666515e+03
1.556499999999999773e+03
1.605666666666666515e+03
1.521666666666666515e+03
1.607000000000000000e+03
1.628500000000000000e+03
1.641500000000000000e+03
1.525500000000000000e+03
1.569166666666666515e+03
1.562166666666666515e+03
1.586166666666666515e+03
1.478833333333333258e+03
1.540833333333333258e+03
1.557166666666666515e+03
1.557833333333333030e+03
1.431833333333333258e+03
1.404500000000000000e+03
1.439166666666666515e+03
1.542500000000000000e+03
1.496000000000000000e+03
1.540833333333333258e+03
1.494500000000000000e+03
1.500333333333333258e+03
1.387000000000000000e+03
1.458166666666666515e+03
1.514666666666666515e+03
1.552833333333333258e+03
1.426500000000000000e+03
1.443500000000000000e+03
1.451500000000000000e+03
1.489333333333333258e+03
1.434000000000000000e+03
1.533333333333333258e+03
1.572500000000000000e+03
1.600833333333333258e+03
1.471000000000000000e+03
1.485666666666666515e+03
1.491333333333333258e+03
1.539666666666666515e+03
1.502000000000000000e+03
1.563833333333333258e+03
1.570000000000000000e+03
1.570833333333333258e+03
1.449500000000000000e+03
1.483666666666666515e+03
1.490666666666666515e+03
1.519333333333333258e+03
1.436333333333333258e+03
1.468333333333333258e+03
1.467166666666666515e+03
1.476166666666666515e+03
1.431000000000000000e+03
1.520500000000000000e+03
1.581666666666666515e+03
1.640500000000000000e+03
1.580333333333333258e+03
1.567000000000000000e+03
1.487166666666666515e+03
1.451000000000000000e+03
1.387666666666666515e+03
1.494000000000000000e+03
1.567666666666666515e+03
1.613500000000000000e+03
1.528500000000000000e+03
1.566666666666666515e+03
1.580499999999999773e+03
1.572666666666666515e+03
1.439000000000000000e+03
1.450166666666666515e+03
1.509166666666666515e+03
1.551999999999999773e+03
1.504333333333333258e+03
1.543500000000000000e+03
1.574999999999999773e+03
1.559499999999999773e+03
1.435666666666666515e+03
1.483000000000000000e+03
1.548333333333333258e+03
1.601333333333333258e+03
1.538499999999999773e+03
1.576333333333333258e+03
1.542500000000000000e+03
1.494666666666666515e+03
1.403500000000000000e+03
1.517333333333333258e+03
1.535000000000000000e+03
1.529166666666666515e+03
1.397666666666666515e+03
1.464333333333333258e+03
1.466500000000000000e+03
1.474000000000000000e+03
1.368333333333333258e+03
1.442000000000000000e+03
1.475000000000000000e+03
1.534500000000000000e+03
1.470333333333333258e+03
1.574333333333333258e+03
1.594833333333333030e+03
1.618666666666666515e+03
1.470333333333333258e+03
1.482833333333333258e+03
1.458833333333333258e+03
1.522000000000000000e+03
1.483833333333333258e+03
1.575500000000000000e+03
1.549333333333333030e+03
1.518166666666666515e+03
1.362500000000000000e+03
1.406166666666666515e+03
1.459000000000000000e+03
1.517166666666666515e+03
1.466500000000000000e+03
1.520833333333333258e+03
1.552833333333333030e+03
1.547833333333333030e+03
1.446666666666666515e+03
1.474000000000000000e+03
1.450333333333333258e+03
1.452666666666666515e+03
1.391333333333333258e+03
1.518000000000000000e+03
1.609666666666666515e+03
1.649500000000000000e+03
1.533500000000000000e+03
1.521166666666666515e+03
1.507500000000000000e+03
1.529333333333333258e+03
1.485000000000000000e+03
1.577000000000000000e+03
1.610500000000000000e+03
1.551333333333333258e+03
1.406666666666666515e+03
1.450166666666666515e+03
1.524333333333333258e+03
1.554333333333333030e+03
1.468166666666666515e+03
1.460166666666666515e+03
1.465333333333333258e+03
1.504500000000000000e+03
1.461333333333333258e+03
1.516000000000000000e+03
1.522833333333333258e+03
1.594833333333333258e+03
1.592000000000000000e+03
1.615999999999999773e+03
1.555666666666666515e+03
1.513833333333333258e+03
1.417333333333333258e+03
1.466833333333333258e+03
1.436666666666666515e+03
1.463666666666666515e+03
1.386500000000000000e+03
1.483500000000000000e+03
1.517500000000000000e+03
1.545666666666666515e+03
1.437500000000000000e+03
1.459833333333333258e+03
1.436500000000000000e+03
1.424333333333333258e+03
1.349833333333333258e+03
1.466833333333333258e+03
1.549500000000000000e+03
1.594333333333333258e+03
1.511833333333333258e+03
1.547333333333333258e+03
1.553500000000000000e+03
1.530833333333333030e+03
1.458166666666666515e+03
1.517833333333333258e+03
1.535333333333333030e+03
1.501833333333333258e+03
1.390833333333333258e+03
1.447166666666666515e+03
1.487666666666666515e+03
1.508333333333333258e+03
1.465000000000000000e+03
1.547166666666666515e+03
1.565166666666666515e+03
1.549833333333333258e+03
1.423333333333333258e+03
1.490500000000000000e+03
1.534166666666666515e+03
1.567333333333333030e+03
1.481000000000000000e+03
1.490333333333333258e+03
1.535166666666666515e+03
1.559833333333333258e+03
1.464500000000000000e+03
1.425333333333333258e+03
1.375166666666666515e+03
1.382500000000000000e+03
1.374333333333333258e+03
1.517166666666666515e+03
1.597000000000000000e+03
1.608166666666666515e+03
1.470833333333333258e+03
1.481333333333333258e+03
1.545166666666666515e+03
1.654333333333333258e+03
1.616166666666666515e+03
1.651500000000000000e+03
1.586000000000000000e+03
1.598666666666666515e+03
1.491500000000000000e+03
1.546333333333333258e+03
1.553499999999999773e+03
1.579666666666666515e+03
1.499500000000000000e+03
1.548000000000000000e+03
1.544833333333333258e+03
1.577166666666666515e+03
1.449833333333333258e+03
1.479500000000000000e+03
1.488500000000000000e+03
1.568666666666666515e+03
1.516499999999999773e+03
1.529000000000000000e+03
1.511000000000000000e+03
1.501833333333333030e+03
1.455000000000000000e+03
1.540500000000000000e+03
1.582833333333333258e+03
1.577166666666666515e+03
1.456500000000000000e+03
1.487333333333333258e+03
1.516333333333333258e+03
1.548500000000000000e+03
1.490666666666666515e+03
1.548833333333333258e+03
1.606833333333333030e+03
1.657833333333333258e+03
1.550666666666666515e+03
1.572666666666666515e+03
1.561166666666666515e+03
1.589833333333333030e+03
1.491000000000000000e+03
1.554833333333333258e+03
1.589333333333333030e+03
1.589833333333333258e+03
1.473166666666666515e+03
1.533666666666666515e+03
1.554833333333333258e+03
1.539499999999999773e+03
1.458166666666666515e+03
1.508333333333333258e+03
1.542000000000000000e+03
1.514166666666666515e+03
1.451333333333333258e+03
1.534333333333333258e+03
1.568666666666666515e+03
1.569000000000000000e+03
1.480500000000000000e+03
1.515500000000000000e+03
1.535666666666666515e+03
1.490166666666666515e+03
1.399500000000000000e+03
1.425500000000000000e+03
1.501833333333333030e+03
1.550999999999999773e+03
1.499666666666666515e+03
1.518833333333333258e+03
1.501000000000000000e+03
1.490666666666666515e+03
1.426833333333333258e+03
1.531500000000000000e+03
1.579833333333333258e+03
1.581999999999999773e+03
1.482333333333333258e+03
1.513166666666666515e+03
1.521500000000000000e+03
1.481000000000000000e+03
1.384500000000000000e+03
1.458333333333333258e+03
1.521500000000000000e+03
1.552833333333333030e+03
1.470833333333333258e+03
1.512333333333333258e+03
1.514499999999999773e+03
1.508166666666666515e+03
1.424833333333333258e+03
1.484500000000000000e+03
1.503833333333333258e+03
1.520333333333333258e+03
1.422333333333333258e+03
1.465500000000000000e+03
1.498166666666666515e+03
1.543166666666666515e+03
1.496166666666666515e+03
1.588000000000000000e+03
1.598666666666666515e+03
1.573000000000000000e+03
1.422333333333333258e+03
1.463333333333333258e+03
1.510500000000000000e+03
1.510833333333333258e+03
1.443833333333333258e+03
1.483833333333333258e+03
1.491166666666666515e+03
1.458666666666666515e+03
1.353000000000000000e+03
1.436333333333333258e+03
1.493833333333333258e+03
1.548333333333333258e+03
1.447666666666666515e+03
1.501166666666666515e+03
1.489666666666666515e+03
1.533833333333333030e+03
1.464500000000000000e+03
1.529666666666666515e+03
1.527166666666666515e+03
1.519166666666666515e+03
1.438833333333333258e+03
1.490333333333333258e+03
1.460333333333333258e+03
1.481833333333333258e+03
1.402833333333333258e+03
1.489666666666666515e+03
1.547833333333333258e+03
1.593999999999999773e+03
1.525500000000000000e+03
1.534666666666666515e+03
1.510333333333333258e+03
1.580166666666666515e+03
1.504333333333333258e+03
1.560000000000000000e+03
1.551500000000000000e+03
1.581499999999999773e+03
1.525500000000000000e+03
1.565833333333333030e+03
1.575666666666666515e+03
1.548000000000000000e+03
1.443666666666666515e+03
1.484333333333333258e+03
1.551333333333333258e+03
1.578000000000000000e+03
1.504833333333333258e+03
1.548333333333333258e+03
1.548166666666666515e+03
1.533666666666666515e+03
1.448333333333333258e+03
1.517666666666666515e+03
1.544500000000000000e+03
1.548666666666666515e+03
1.474666666666666515e+03
1.551500000000000000e+03
1.579333333333333030e+03
1.596000000000000000e+03
1.478333333333333258e+03
1.516333333333333258e+03
1.501500000000000000e+03
1.494166666666666515e+03
1.426500000000000000e+03
1.502500000000000000e+03
1.559333333333333030e+03
1.572166666666666515e+03
1.509000000000000000e+03
1.570000000000000000e+03
1.587166666666666515e+03
1.575999999999999773e+03
1.512666666666666515e+03
1.579166666666666515e+03
1.625333333333333258e+03
1.588666666666666515e+03
1.483333333333333258e+03
1.510333333333333258e+03
1.548333333333333030e+03
1.585666666666666515e+03
1.489833333333333258e+03
1.554833333333333258e+03
1.536166666666666515e+03
1.516166666666666515e+03
1.442000000000000000e+03
1.543500000000000000e+03
1.609333333333333258e+03
1.591500000000000000e+03
1.475333333333333258e+03
1.504333333333333258e+03
1.520166666666666515e+03
1.509500000000000000e+03
1.418333333333333258e+03
1.467833333333333258e+03
1.509166666666666515e+03
1.573333333333333258e+03
1.547166666666666515e+03
1.613166666666666515e+03
1.596999999999999773e+03
1.567499999999999773e+03
1.511666666666666515e+03
1.574500000000000000e+03
1.608166666666666515e+03
1.604166666666666515e+03
1.534666666666666515e+03
1.592833333333333258e+03
1.594500000000000000e+03
1.597166666666666515e+03
1.490833333333333258e+03
1.547333333333333258e+03
1.560333333333333258e+03
1.563333333333333258e+03
1.443333333333333258e+03
1.477666666666666515e+03
1.485500000000000000e+03
1.501000000000000000e+03
1.449666666666666515e+03
1.529666666666666515e+03
1.546500000000000000e+03
1.538833333333333030e+03
1.463500000000000000e+03
1.585500000000000000e+03
1.625833333333333258e+03
1.640166666666666515e+03
1.499499999999999773e+03
1.508166666666666515e+03
1.499666666666666515e+03
1.528000000000000000e+03
1.502333333333333258e+03
1.553833333333333258e+03
1.556166666666666515e+03
1.535499999999999773e+03
1.456666666666666515e+03
1.500833333333333258e+03
1.530333333333333258e+03
1.552500000000000000e+03
1.488666666666666515e+03
1.554166666666666515e+03
1.619833333333333030e+03
1.633333333333333258e+03
1.516500000000000000e+03
1.513833333333333258e+03
1.521833333333333258e+03
1.550000000000000000e+03
1.514333333333333258e+03
1.618833333333333030e+03
1.633166666666666515e+03
1.609666666666666515e+03
1.464833333333333258e+03
1.513833333333333258e+03
1.526166666666666515e+03
1.550666666666666515e+03
1.467000000000000000e+03
1.541500000000000000e+03
1.618500000000000000e+03
1.638333333333333030e+03
1.534999999999999773e+03
1.552166666666666515e+03
1.558666666666666515e+03
1.541500000000000000e+03
1.447833333333333258e+03
1.523166666666666515e+03
1.565833333333333258e+03
1.592500000000000000e+03
1.499000000000000000e+03
1.567166666666666515e+03
1.595333333333333258e+03
1.630833333333333258e+03
1.558500000000000000e+03
1.587500000000000000e+03
1.608333333333333258e+03
1.655333333333333030e+03
1.576166666666666515e+03
1.596500000000000000e+03
1.562000000000000000e+03
1.585000000000000000e+03
1.525833333333333258e+03
1.596333333333333258e+03
1.621333333333333030e+03
1.643833333333333258e+03
1.564833333333333030e+03
1.609999999999999773e+03
1.614000000000000000e+03
1.593333333333333258e+03
1.508333333333333258e+03
1.622500000000000000e+03
1.678833333333333258e+03
1.708333333333333258e+03
1.616666666666666515e+03
1.659333333333333258e+03
1.702166666666666515e+03
1.694166666666666515e+03
1.583499999999999773e+03
1.596333333333333258e+03
1.617333333333333258e+03
1.664833333333333258e+03
1.597166666666666515e+03
1.622666666666666515e+03
1.624166666666666515e+03
1.671166666666666515e+03
1.590333333333333030e+03
1.629833333333333258e+03
1.621666666666666515e+03
1.640500000000000000e+03
1.593666666666666515e+03
1.620666666666666515e+03
1.659666666666666515e+03
1.690833333333333030e+03
1.650333333333333030e+03
1.709500000000000000e+03
1.727166666666666515e+03
1.717166666666666515e+03
1.603666666666666515e+03
1.640000000000000000e+03
1.637833333333333258e+03
1.644666666666666515e+03
1.580166666666666515e+03
1.664999999999999773e+03
1.685666666666666515e+03
1.675500000000000000e+03
1.557833333333333030e+03
1.604166666666666515e+03
1.605499999999999773e+03
1.654166666666666515e+03
1.607499999999999773e+03
1.718833333333333030e+03
1.719833333333333258e+03
1.694333333333333258e+03
1.581833333333333030e+03
1.665666666666666515e+03
1.728166666666666515e+03
1.784000000000000000e+03
1.755500000000000000e+03
1.801999999999999773e+03
1.758833333333333258e+03
1.698333333333333030e+03
1.598500000000000000e+03
1.673333333333333030e+03
1.725166666666666515e+03
1.743333333333333030e+03
1.672833333333333030e+03
1.729500000000000000e+03
1.793666666666666515e+03
1.851000000000000000e+03
1.737666666666666515e+03
1.720333333333333258e+03
1.707000000000000000e+03
1.772999999999999773e+03
1.753333333333333258e+03
1.824833333333333030e+03
1.804833333333333258e+03
1.807833333333333258e+03
1.684499999999999773e+03
1.680833333333333030e+03
1.680500000000000000e+03
1.737499999999999773e+03
1.737333333333333258e+03
1.863333333333333258e+03
1.872000000000000000e+03
1.882500000000000000e+03
1.752166666666666515e+03
1.810499999999999773e+03
1.834833333333333258e+03
1.859333333333333030e+03
1.836666666666666515e+03
1.929000000000000000e+03
1.941500000000000000e+03
1.935666666666666515e+03
1.830833333333333258e+03
1.865499999999999773e+03
1.836499999999999773e+03
1.825999999999999773e+03
1.778666666666666515e+03
1.911166666666666515e+03
1.966833333333333258e+03
2.014166666666666515e+03
1.870333333333333258e+03
1.855833333333333258e+03
1.810833333333333258e+03
1.812500000000000000e+03
1.776666666666666515e+03
1.843500000000000000e+03
1.853666666666666515e+03
1.890166666666666515e+03
1.826833333333333258e+03
1.925166666666666515e+03
1.945833333333333258e+03
2.019833333333333258e+03
1.959833333333333030e+03
1.984333333333333258e+03
1.937500000000000000e+03
1.927833333333333258e+03
1.844000000000000000e+03
1.899500000000000000e+03
1.946500000000000000e+03
2.016500000000000000e+03
1.925500000000000000e+03
1.914166666666666515e+03
1.916166666666666515e+03
1.967666666666666515e+03
1.934666666666666515e+03
2.001833333333333030e+03
1.995666666666666515e+03
2.019833333333333258e+03
1.935999999999999773e+03
1.979666666666666515e+03
1.989500000000000000e+03
2.001999999999999773e+03
1.990333333333333258e+03
2.029166666666666515e+03
2.037166666666666515e+03
2.018166666666666515e+03
1.942499999999999773e+03
1.998833333333333030e+03
1.983500000000000000e+03
2.009666666666666515e+03
1.938666666666666515e+03
2.023166666666666515e+03
2.030666666666666515e+03
2.033500000000000000e+03
1.963666666666666515e+03
2.078166666666666515e+03
2.087500000000000000e+03
2.098000000000000000e+03
1.953333333333333258e+03
2.035333333333333258e+03
2.081166666666666515e+03
2.136166666666666515e+03
2.105500000000000000e+03
2.187833333333333030e+03
2.191500000000000000e+03
2.126500000000000000e+03
2.014833333333333030e+03
2.062166666666666515e+03
2.094500000000000000e+03
2.110166666666666515e+03
2.029333333333333258e+03
2.058333333333333030e+03
2.063166666666666515e+03
2.132000000000000000e+03
2.114833333333333030e+03
2.149833333333333030e+03
2.109000000000000000e+03
2.108666666666666515e+03
2.028166666666666515e+03
2.080500000000000000e+03
2.093833333333333030e+03
2.141000000000000000e+03
2.090333333333333030e+03
2.155500000000000000e+03
2.189166666666666515e+03
2.240166666666666515e+03
2.200500000000000000e+03
2.250000000000000000e+03
2.238666666666666515e+03
2.225833333333333030e+03
2.146166666666666515e+03
2.204166666666666515e+03
2.206833333333333030e+03
2.220666666666666515e+03
2.128500000000000000e+03
2.199500000000000000e+03
2.250000000000000000e+03
2.315666666666666515e+03
2.237166666666666515e+03
2.250833333333333030e+03
2.268666666666666515e+03
2.315500000000000000e+03
2.298833333333333030e+03
2.330833333333333030e+03
2.336000000000000000e+03
2.342833333333333030e+03
2.234333333333333030e+03
2.250000000000000000e+03
2.227500000000000000e+03
2.232666666666666515e+03
2.147833333333333030e+03
2.192833333333333030e+03
2.236333333333333030e+03
2.267666666666666515e+03
2.186333333333333030e+03
2.266500000000000000e+03
2.339666666666666515e+03
2.404833333333333030e+03
2.328166666666666515e+03
2.325166666666666515e+03
2.317000000000000000e+03
2.315333333333333030e+03
2.259666666666666515e+03
2.308000000000000000e+03
2.332166666666666515e+03
2.391000000000000000e+03
2.334500000000000000e+03
2.390333333333333030e+03
2.368166666666666515e+03
2.372666666666666515e+03
2.267000000000000000e+03
2.281000000000000000e+03
2.248166666666666515e+03
2.261000000000000000e+03
2.204000000000000000e+03
2.309166666666666515e+03
2.338666666666666515e+03
2.382333333333333030e+03
2.311000000000000000e+03
2.368166666666666515e+03
2.390500000000000000e+03
2.409500000000000000e+03
2.358666666666666515e+03
2.383166666666666515e+03
2.360666666666666515e+03
2.308833333333333030e+03
2.216333333333333030e+03
2.284166666666666515e+03
2.357500000000000000e+03
2.412166666666666515e+03
2.342500000000000000e+03
2.366166666666666515e+03
2.355000000000000000e+03
2.370666666666666515e+03
2.302833333333333030e+03
2.345000000000000000e+03
2.345500000000000000e+03
2.337166666666666515e+03
2.243000000000000000e+03
2.285333333333333030e+03
2.295166666666666515e+03
2.322500000000000000e+03
2.244833333333333030e+03
2.307333333333333030e+03
2.311666666666666515e+03
2.327166666666666515e+03
2.249000000000000000e+03
2.327833333333333030e+03
2.371666666666666515e+03
2.412500000000000000e+03
2.347000000000000000e+03
2.385333333333333030e+03
2.386000000000000000e+03
2.385000000000000000e+03
2.305833333333333030e+03
2.354166666666666515e+03
2.406333333333333030e+03
2.448000000000000000e+03
2.332166666666666515e+03
2.296833333333333030e+03
2.267833333333333030e+03
2.357666666666666515e+03
2.383666666666666515e+03
2.467833333333333030e+03
2.444833333333333030e+03
2.425333333333333030e+03
2.306666666666666515e+03
2.317000000000000000e+03
2.321833333333333030e+03
2.399833333333333030e+03
2.358166666666666515e+03
2.355666666666666515e+03
2.311500000000000000e+03
2.316666666666666515e+03
2.260833333333333030e+03
2.309166666666666515e+03
2.322166666666666515e+03
2.330000000000000000e+03
2.267333333333333030e+03
2.343500000000000000e+03
2.363500000000000000e+03
2.337333333333333030e+03
2.210000000000000000e+03
2.291666666666666515e+03
2.382666666666666515e+03
2.487000000000000000e+03
2.383000000000000000e+03
2.383666666666666515e+03
2.341333333333333030e+03
2.376000000000000000e+03
2.308166666666666515e+03
2.349666666666666515e+03
2.358000000000000000e+03
2.355500000000000000e+03
2.266833333333333030e+03
2.284666666666666515e+03
2.327333333333333030e+03
2.365166666666666515e+03
2.273333333333333030e+03
2.310500000000000000e+03
2.331833333333333030e+03
2.402000000000000000e+03
2.323333333333333030e+03
2.322500000000000000e+03
2.298000000000000000e+03
2.335166666666666515e+03
2.305333333333333030e+03
2.344666666666666515e+03
2.343166666666666515e+03
2.340333333333333030e+03
2.296500000000000000e+03
2.359333333333333030e+03
2.410833333333333030e+03
2.449666666666666515e+03
2.344000000000000000e+03
2.355166666666666515e+03
2.344833333333333030e+03
2.379833333333333030e+03
2.340666666666666515e+03
2.388166666666666515e+03
2.412166666666666515e+03
2.419166666666666515e+03
2.329833333333333030e+03
2.345666666666666515e+03
2.365166666666666515e+03
2.405333333333333030e+03
2.385500000000000000e+03
2.451833333333333030e+03
2.483500000000000000e+03
2.441666666666666515e+03
2.279000000000000000e+03
2.295000000000000000e+03
2.359500000000000000e+03
2.438666666666666515e+03
2.380500000000000000e+03
2.360000000000000000e+03
2.302000000000000000e+03
2.264166666666666515e+03
2.163666666666666515e+03
2.220500000000000000e+03
2.249333333333333030e+03
2.317166666666666515e+03
2.273000000000000000e+03
2.311833333333333030e+03
2.290000000000000000e+03
2.289166666666666515e+03
2.182000000000000000e+03
2.186833333333333030e+03
2.136500000000000000e+03
2.122666666666666515e+03
2.071166666666666515e+03
2.196000000000000000e+03
2.295166666666666515e+03
2.350000000000000000e+03
2.268833333333333030e+03
2.282166666666666515e+03
2.254000000000000000e+03
2.217333333333333030e+03
2.124333333333333030e+03
2.181166666666666515e+03
2.223166666666666515e+03
2.224166666666666515e+03
2.102833333333333030e+03
2.092500000000000000e+03
2.091000000000000000e+03
2.075833333333333030e+03
1.981500000000000000e+03
2.036833333333333258e+03
2.098833333333333030e+03
2.156833333333333030e+03
2.075500000000000000e+03
2.138500000000000000e+03
2.133666666666666515e+03
2.106500000000000000e+03
2.021833333333333030e+03
2.108666666666666515e+03
2.177333333333333030e+03
2.183166666666666515e+03
2.100333333333333030e+03
2.116166666666666515e+03
2.116333333333333030e+03
2.072333333333333030e+03
2.034333333333333258e+03
2.078000000000000000e+03
2.106166666666666515e+03
2.080833333333333030e+03
1.987833333333333258e+03
2.016000000000000000e+03
2.011666666666666515e+03
2.031333333333333258e+03
1.973333333333333258e+03
2.006333333333333258e+03
2.002666666666666515e+03
2.039666666666666515e+03
1.982000000000000000e+03
2.037833333333333030e+03
1.975000000000000000e+03
1.952000000000000000e+03
1.877000000000000000e+03
1.963833333333333258e+03
2.008999999999999773e+03
2.038000000000000000e+03
1.961500000000000000e+03
2.001666666666666515e+03
1.960666666666666515e+03
1.936499999999999773e+03
1.844333333333333258e+03
1.878333333333333030e+03
1.867333333333333258e+03
1.838000000000000000e+03
1.771666666666666515e+03
1.838500000000000000e+03
1.887500000000000000e+03
1.906666666666666515e+03
1.824666666666666515e+03
1.844499999999999773e+03
1.881666666666666515e+03
1.949000000000000000e+03
1.884666666666666515e+03
1.880333333333333258e+03
1.841666666666666515e+03
1.834499999999999773e+03
1.747999999999999773e+03
1.759833333333333030e+03
1.767333333333333258e+03
1.776500000000000000e+03
1.735666666666666515e+03
1.824166666666666515e+03
1.872833333333333030e+03
1.875000000000000000e+03
1.792166666666666515e+03
1.822833333333333258e+03
1.815500000000000000e+03
1.774666666666666515e+03
1.643500000000000000e+03
1.693666666666666515e+03
1.735166666666666515e+03
1.774833333333333258e+03
1.706333333333333258e+03
1.735166666666666515e+03
1.715000000000000000e+03
1.726999999999999773e+03
1.625166666666666515e+03
1.653000000000000000e+03
1.628166666666666515e+03
1.631333333333333258e+03
1.578000000000000000e+03
1.639833333333333258e+03
1.649000000000000000e+03
1.633166666666666515e+03
1.545166666666666515e+03
1.636333333333333030e+03
1.715166666666666515e+03
1.734166666666666515e+03
1.661833333333333258e+03
1.716999999999999773e+03
1.772499999999999773e+03
1.791666666666666515e+03
1.667833333333333258e+03
1.698500000000000000e+03
1.725833333333333258e+03
1.744833333333333258e+03
1.624500000000000000e+03
1.592333333333333030e+03
1.570333333333333258e+03
1.571166666666666515e+03
1.493000000000000000e+03
1.535500000000000000e+03
1.531833333333333258e+03
1.546166666666666515e+03
1.493000000000000000e+03
1.578666666666666515e+03
1.622333333333333258e+03
1.660166666666666515e+03
1.552333333333333030e+03
1.595500000000000000e+03
1.654833333333333258e+03
1.732666666666666515e+03
1.618666666666666515e+03
1.590166666666666515e+03
1.581999999999999773e+03
1.659833333333333258e+03
1.626000000000000000e+03
1.659833333333333030e+03
1.681833333333333258e+03
1.687999999999999773e+03
1.573166666666666515e+03
1.574499999999999773e+03
1.592333333333333030e+03
1.667166666666666515e+03
1.602666666666666515e+03
1.656666666666666515e+03
1.642666666666666515e+03
1.852166666666666515e+03
2.277666666666666515e+03
2.401000000000000000e+03
2.234666666666666515e+03
1.734500000000000000e+03
1.575666666666666515e+03
1.591333333333333258e+03
1.603500000000000000e+03
1.659500000000000000e+03
1.599500000000000000e+03
1.631333333333333258e+03
1.609666666666666515e+03
1.611333333333333258e+03
1.542666666666666515e+03
1.605333333333333258e+03
1.661500000000000000e+03
1.714666666666666515e+03
1.640166666666666515e+03
1.662333333333333030e+03
1.674666666666666515e+03
1.709833333333333258e+03
1.672166666666666515e+03
1.732833333333333258e+03
1.801500000000000000e+03
1.849500000000000000e+03
1.800166666666666515e+03
1.826499999999999773e+03
1.855833333333333258e+03
1.859999999999999773e+03
1.785166666666666515e+03
1.813500000000000000e+03
1.856999999999999773e+03
1.911500000000000000e+03
1.852500000000000000e+03
1.880833333333333030e+03
1.917333333333333258e+03
1.986833333333333030e+03
1.941833333333333030e+03
1.975333333333333258e+03
2.004499999999999773e+03
2.069833333333333030e+03
2.016833333333333258e+03
2.074166666666666515e+03
2.104166666666666515e+03
2.160333333333333030e+03
2.125000000000000000e+03
2.247833333333333030e+03
2.318166666666666515e+03
2.351500000000000000e+03
2.263666666666666515e+03
2.328166666666666515e+03
2.365500000000000000e+03
2.406333333333333030e+03
2.320500000000000000e+03
2.371333333333333030e+03
2.422666666666666515e+03
2.486166666666666515e+03
2.464333333333333030e+03
2.527333333333333030e+03
2.567000000000000000e+03
2.589333333333333030e+03
2.524333333333333030e+03
2.577333333333333030e+03
2.655666666666666515e+03
2.737333333333333030e+03
2.699500000000000000e+03
2.732500000000000000e+03
2.756833333333333030e+03
2.808333333333333030e+03
2.774333333333333030e+03
2.838000000000000000e+03
2.837833333333333030e+03
2.833166666666666515e+03
2.790500000000000000e+03
2.905000000000000000e+03
2.998833333333333030e+03
3.027833333333333030e+03
2.949000000000000000e+03
2.979833333333333030e+03
3.015500000000000000e+03
3.065500000000000000e+03
3.003500000000000000e+03
3.007000000000000000e+03
2.991500000000000000e+03
3.019500000000000000e+03
2.986166666666666515e+03
3.037000000000000000e+03
3.052500000000000000e+03
3.093500000000000000e+03
3.061333333333333030e+03
3.160166666666666515e+03
3.174666666666666515e+03
3.167333333333333030e+03
3.021666666666666060e+03
3.048500000000000000e+03
3.075166666666666515e+03
3.118333333333333030e+03
3.075333333333333030e+03
3.163833333333333030e+03
3.186333333333333030e+03
3.176500000000000000e+03
3.075333333333333030e+03
3.122666666666666515e+03
3.149666666666666515e+03
3.191499999999999545e+03
3.148166666666666515e+03
3.140500000000000000e+03
3.086999999999999545e+03
3.073166666666666515e+03
3.036666666666666060e+03
3.120333333333333030e+03
3.122500000000000000e+03
3.153500000000000000e+03
3.089500000000000000e+03
3.122666666666666515e+03
3.130333333333333030e+03
3.121833333333333030e+03
3.019666666666666060e+03
3.058833333333333030e+03
3.120833333333333030e+03
3.170000000000000000e+03
3.099666666666666060e+03
3.098500000000000000e+03
3.122333333333333030e+03
3.138666666666666515e+03
3.044500000000000000e+03
3.080666666666666515e+03
3.070166666666666515e+03
3.076500000000000000e+03
2.990833333333333030e+03
3.081833333333333030e+03
3.130666666666666515e+03
3.110499999999999545e+03
2.987499999999999545e+03
3.015166666666666515e+03
3.051500000000000000e+03
3.066166666666666060e+03
2.944666666666666515e+03
2.970000000000000000e+03
2.933166666666666515e+03
2.956500000000000000e+03
2.877333333333333030e+03
2.950166666666666515e+03
2.981833333333333030e+03
3.023000000000000000e+03
2.932000000000000000e+03
2.932333333333333030e+03
2.870833333333333030e+03
2.823333333333333030e+03
2.734166666666666515e+03
2.791333333333333030e+03
2.812000000000000000e+03
2.813166666666666515e+03
2.721833333333333030e+03
2.783500000000000000e+03
2.789166666666666515e+03
2.789833333333333030e+03
2.690500000000000000e+03
2.779833333333333030e+03
2.832333333333333030e+03
2.831166666666666515e+03
2.681500000000000000e+03
2.667833333333333030e+03
2.656666666666666515e+03
2.685333333333333030e+03
2.616500000000000000e+03
2.679166666666666515e+03
2.677500000000000000e+03
2.679500000000000000e+03
2.610333333333333030e+03
2.638833333333333030e+03
2.613500000000000000e+03
2.566000000000000000e+03
2.443833333333333030e+03
2.476666666666666515e+03
2.503500000000000000e+03
2.535666666666666515e+03
2.468500000000000000e+03
2.520500000000000000e+03
2.537166666666666515e+03
2.518000000000000000e+03
2.417500000000000000e+03
2.443166666666666515e+03
2.480666666666666515e+03
2.471833333333333030e+03
2.390166666666666515e+03
2.416000000000000000e+03
2.432833333333333030e+03
2.448166666666666515e+03
2.359500000000000000e+03
2.442666666666666515e+03
2.448333333333333030e+03
2.435000000000000000e+03
2.280500000000000000e+03
2.316333333333333030e+03
2.315666666666666515e+03
2.297166666666666515e+03
2.175833333333333030e+03
2.241333333333333030e+03
2.324333333333333030e+03
2.375500000000000000e+03
2.268666666666666515e+03
2.262500000000000000e+03
2.210333333333333030e+03
2.197500000000000000e+03
2.055166666666666515e+03
2.091166666666666515e+03
2.114666666666666515e+03
2.168500000000000000e+03
2.093166666666666515e+03
2.189333333333333030e+03
2.204500000000000000e+03
2.185666666666666515e+03
2.011666666666666515e+03
2.039833333333333030e+03
2.049833333333333030e+03
2.088666666666666515e+03
2.001666666666666515e+03
2.063166666666666515e+03
2.055333333333333030e+03
2.065833333333333030e+03
1.966000000000000000e+03
1.991666666666666515e+03
1.985333333333333258e+03
1.989833333333333030e+03
1.893666666666666515e+03
1.919166666666666515e+03
1.928500000000000000e+03
1.963000000000000000e+03
1.940499999999999773e+03
2.013000000000000000e+03
2.031833333333333258e+03
1.979833333333333258e+03
1.853166666666666515e+03
1.874666666666666515e+03
1.866333333333333258e+03
1.885000000000000000e+03
1.815333333333333258e+03
1.869166666666666515e+03
1.923666666666666515e+03
1.972333333333333258e+03
1.911166666666666515e+03
1.952999999999999773e+03
1.931666666666666515e+03
1.950833333333333258e+03
1.825500000000000000e+03
1.891166666666666515e+03
1.903666666666666515e+03
1.934666666666666515e+03
1.831333333333333258e+03
1.844666666666666515e+03
1.835166666666666515e+03
1.831833333333333030e+03
1.769499999999999773e+03
1.829500000000000000e+03
1.834500000000000000e+03
1.823166666666666515e+03
1.757666666666666515e+03
1.833333333333333258e+03
1.887000000000000000e+03
1.889000000000000000e+03
1.784833333333333030e+03
1.843166666666666515e+03
1.855499999999999773e+03
1.909166666666666515e+03
1.839333333333333030e+03
1.895666666666666515e+03
1.890666666666666515e+03
1.877166666666666515e+03
1.770833333333333258e+03
1.777666666666666515e+03
1.780833333333333258e+03
1.806166666666666515e+03
1.727833333333333258e+03
1.795166666666666515e+03
1.830000000000000000e+03
1.857166666666666515e+03
1.730666666666666515e+03
1.742999999999999773e+03
1.773333333333333258e+03
1.804499999999999773e+03
1.742166666666666515e+03
1.781833333333333258e+03
1.795833333333333258e+03
1.775166666666666515e+03
1.699833333333333030e+03
1.779166666666666515e+03
1.829500000000000000e+03
1.848666666666666515e+03
1.773833333333333258e+03
1.845666666666666515e+03
1.859000000000000000e+03
1.840833333333333030e+03
1.729500000000000000e+03
1.775833333333333258e+03
1.807333333333333030e+03
1.821333333333333030e+03
1.722833333333333258e+03
1.769999999999999773e+03
1.768000000000000000e+03
1.767500000000000000e+03
1.630166666666666515e+03
1.665333333333333258e+03
1.721500000000000000e+03
1.778500000000000000e+03
1.701499999999999773e+03
1.736833333333333258e+03
1.739000000000000000e+03
1.764333333333333030e+03
1.640333333333333258e+03
1.719833333333333030e+03
1.734999999999999773e+03
1.746166666666666515e+03
1.631333333333333258e+03
1.709666666666666515e+03
1.748166666666666515e+03
1.759000000000000000e+03
1.597500000000000000e+03
1.622166666666666515e+03
1.681166666666666515e+03
1.775166666666666515e+03
1.730833333333333258e+03
1.776333333333333030e+03
1.789499999999999773e+03
1.786166666666666515e+03
1.650666666666666515e+03
1.697333333333333258e+03
1.737833333333333030e+03
1.806666666666666515e+03
1.711333333333333030e+03
1.755166666666666515e+03
1.689333333333333030e+03
1.672999999999999773e+03
1.628166666666666515e+03
1.759666666666666515e+03
1.806500000000000000e+03
1.777833333333333258e+03
1.626166666666666515e+03
1.696833333333333258e+03
1.764666666666666515e+03
1.792333333333333030e+03
1.687666666666666515e+03
1.724166666666666515e+03
1.780666666666666515e+03
1.770833333333333258e+03
1.656833333333333258e+03
1.719999999999999773e+03
1.755999999999999773e+03
1.765499999999999773e+03
1.664666666666666515e+03
1.727666666666666515e+03
1.755333333333333258e+03
1.770833333333333258e+03
1.670500000000000000e+03
1.709000000000000000e+03
1.686666666666666515e+03
1.679666666666666515e+03
1.582333333333333030e+03
1.664666666666666515e+03
1.716499999999999773e+03
1.750833333333333258e+03
1.676833333333333258e+03
1.744666666666666515e+03
1.759333333333333030e+03
1.786333333333333258e+03
1.701833333333333030e+03
1.752166666666666515e+03
1.728333333333333030e+03
1.690999999999999773e+03
1.610000000000000000e+03
1.705166666666666515e+03
1.762833333333333258e+03
1.767333333333333258e+03
1.647500000000000000e+03
1.699833333333333258e+03
1.747166666666666515e+03
1.773333333333333030e+03
1.660500000000000000e+03
1.688333333333333030e+03
1.674333333333333030e+03
1.662000000000000000e+03
1.545666666666666515e+03
1.603000000000000000e+03
1.658000000000000000e+03
1.695333333333333030e+03
1.639833333333333258e+03
1.697499999999999773e+03
1.711000000000000000e+03
1.715833333333333258e+03
1.615000000000000000e+03
1.653333333333333258e+03
1.612666666666666515e+03
1.610833333333333030e+03
1.551166666666666515e+03
1.679666666666666515e+03
1.723000000000000000e+03
1.746999999999999773e+03
1.656333333333333258e+03
1.722833333333333258e+03
1.728666666666666515e+03
1.751333333333333030e+03
1.650500000000000000e+03
1.706333333333333258e+03
1.692499999999999773e+03
1.705166666666666515e+03
1.603166666666666515e+03
1.674833333333333258e+03
1.683333333333333258e+03
1.696666666666666515e+03
1.631833333333333030e+03
1.757166666666666515e+03
1.765666666666666515e+03
1.704500000000000000e+03
1.536833333333333258e+03
1.584333333333333258e+03
1.625833333333333258e+03
1.656833333333333258e+03
1.624500000000000000e+03
1.705500000000000000e+03
1.732833333333333258e+03
1.708000000000000000e+03
1.591000000000000000e+03
1.653333333333333030e+03
1.682666666666666515e+03
1.750499999999999773e+03
1.703000000000000000e+03
1.757166666666666515e+03
1.749333333333333258e+03
1.690833333333333030e+03
1.611499999999999773e+03
1.686000000000000000e+03
1.760666666666666515e+03
1.777500000000000000e+03
1.675166666666666515e+03
1.721333333333333258e+03
1.712166666666666515e+03
1.713333333333333258e+03
1.601833333333333258e+03
1.696000000000000000e+03
1.708999999999999773e+03
1.698833333333333258e+03
1.579499999999999773e+03
1.643999999999999773e+03
1.694833333333333030e+03
1.746500000000000000e+03
1.643499999999999773e+03
1.678333333333333258e+03
1.675833333333333258e+03
1.724833333333333258e+03
1.627833333333333258e+03
1.677500000000000000e+03
1.678999999999999773e+03
1.703666666666666515e+03
1.613500000000000000e+03
1.651166666666666515e+03
1.694666666666666515e+03
1.697999999999999773e+03
1.589333333333333258e+03
1.621666666666666515e+03
1.622166666666666515e+03
1.644666666666666515e+03
1.572499999999999773e+03
1.680333333333333030e+03
1.724166666666666515e+03
1.710333333333333258e+03
1.606999999999999773e+03
1.671000000000000000e+03
1.707333333333333258e+03
1.703833333333333258e+03
1.589833333333333030e+03
1.627333333333333258e+03
1.675000000000000000e+03
1.730166666666666515e+03
1.691833333333333258e+03
1.754500000000000000e+03
1.747166666666666515e+03
1.730333333333333030e+03
1.604999999999999773e+03
1.678500000000000000e+03
1.720166666666666515e+03
1.737333333333333258e+03
1.637166666666666515e+03
1.692000000000000000e+03
1.718166666666666515e+03
1.744833333333333258e+03
1.604166666666666515e+03
1.655666666666666515e+03
1.630333333333333030e+03
1.643833333333333258e+03
1.539166666666666515e+03
1.604833333333333258e+03
1.637000000000000000e+03
1.656500000000000000e+03
1.547999999999999773e+03
1.593000000000000000e+03
1.603333333333333258e+03
1.598333333333333258e+03
1.525999999999999773e+03
1.644666666666666515e+03
1.730166666666666515e+03
1.735333333333333258e+03
1.618166666666666515e+03
1.686000000000000000e+03
1.696333333333333258e+03
1.724333333333333258e+03
1.586166666666666515e+03
1.668166666666666515e+03
1.652500000000000000e+03
1.678666666666666515e+03
1.574500000000000000e+03
1.592166666666666515e+03
1.618333333333333258e+03
1.651166666666666515e+03
1.596833333333333258e+03
1.639833333333333258e+03
1.666166666666666515e+03
1.678333333333333030e+03
1.555833333333333258e+03
1.593500000000000000e+03
1.612166666666666515e+03
1.637833333333333258e+03
1.533333333333333258e+03
1.603666666666666515e+03
1.672666666666666515e+03
1.687999999999999773e+03
1.579000000000000000e+03
1.606166666666666515e+03
1.670666666666666515e+03
1.677333333333333258e+03
1.630166666666666515e+03
1.658166666666666515e+03
1.693166666666666515e+03
1.682333333333333030e+03
1.587000000000000000e+03
1.651666666666666515e+03
1.703333333333333258e+03
1.711500000000000000e+03
1.617833333333333258e+03
1.667833333333333258e+03
1.658666666666666515e+03
1.639833333333333258e+03
1.487833333333333258e+03
1.603833333333333258e+03
1.659000000000000000e+03
1.704499999999999773e+03
1.592500000000000000e+03
1.649166666666666515e+03
1.647500000000000000e+03
1.665000000000000000e+03
1.596166666666666515e+03
1.638833333333333258e+03
1.635000000000000000e+03
1.646000000000000000e+03
1.571166666666666515e+03
1.639333333333333258e+03
1.662833333333333258e+03
1.754500000000000000e+03
1.676166666666666515e+03
1.725666666666666515e+03
1.687500000000000000e+03
1.708833333333333258e+03
1.581333333333333258e+03
1.607166666666666515e+03
1.582833333333333258e+03
1.610166666666666515e+03
1.539000000000000000e+03
1.629166666666666515e+03
1.661000000000000000e+03
1.701166666666666515e+03
1.645833333333333258e+03
1.698999999999999773e+03
1.681666666666666515e+03
1.641500000000000000e+03
1.529666666666666515e+03
1.611166666666666515e+03
1.674333333333333258e+03
1.732000000000000000e+03
1.632166666666666515e+03
1.665666666666666515e+03
1.691166666666666515e+03
1.731666666666666515e+03
1.618000000000000000e+03
1.633333333333333258e+03
1.612666666666666515e+03
1.601166666666666515e+03
1.498833333333333258e+03
1.573833333333333258e+03
1.605833333333333030e+03
1.606333333333333030e+03
1.469333333333333258e+03
1.535833333333333258e+03
1.529999999999999773e+03
1.521833333333333258e+03
1.447500000000000000e+03
1.549333333333333258e+03
1.623166666666666515e+03
1.642833333333333258e+03
1.549499999999999773e+03
1.557333333333333258e+03
1.534666666666666515e+03
1.562333333333333258e+03
1.525333333333333258e+03
1.574333333333333258e+03
1.540500000000000000e+03
1.552333333333333258e+03
1.515166666666666515e+03
1.647166666666666515e+03
1.657000000000000000e+03
1.654500000000000000e+03
1.509833333333333258e+03
1.552333333333333258e+03
1.559666666666666515e+03
1.572499999999999773e+03
1.497333333333333258e+03
1.571833333333333258e+03
1.574666666666666515e+03
1.546666666666666515e+03
1.417500000000000000e+03
1.479833333333333258e+03
1.507166666666666515e+03
1.528166666666666515e+03
1.437166666666666515e+03
1.487666666666666515e+03
1.523166666666666515e+03
1.534333333333333030e+03
1.479166666666666515e+03
1.511000000000000000e+03
1.520000000000000000e+03
1.509500000000000000e+03
1.439833333333333258e+03
1.497000000000000000e+03
1.509500000000000000e+03
1.562666666666666515e+03
1.498166666666666515e+03
1.589333333333333258e+03
1.578499999999999773e+03
1.624166666666666515e+03
1.538000000000000000e+03
1.576166666666666515e+03
1.560999999999999773e+03
1.584166666666666515e+03
1.480999999999999773e+03
1.539166666666666515e+03
1.549666666666666515e+03
1.602000000000000000e+03
1.531166666666666515e+03
1.534000000000000000e+03
1.504833333333333258e+03
1.548666666666666515e+03
1.546666666666666515e+03
1.640666666666666515e+03
1.619666666666666515e+03
1.587000000000000000e+03
1.537500000000000000e+03
1.614666666666666515e+03
1.814833333333333030e+03
2.291333333333333030e+03
2.238500000000000000e+03
2.117500000000000000e+03
1.563333333333333258e+03
1.497166666666666515e+03
1.428333333333333258e+03
1.543666666666666515e+03
1.567833333333333258e+03
1.546333333333333258e+03
1.460333333333333258e+03
1.516666666666666515e+03
1.525333333333333258e+03
1.543999999999999773e+03
1.455166666666666515e+03
1.513166666666666515e+03
1.517166666666666515e+03
1.520000000000000000e+03
1.471666666666666515e+03
1.527666666666666515e+03
1.559666666666666515e+03
1.545333333333333258e+03
1.428333333333333258e+03
1.417666666666666515e+03
1.382666666666666515e+03
1.451000000000000000e+03
1.469000000000000000e+03
1.617166666666666515e+03
1.621333333333333258e+03
1.620166666666666515e+03
1.489833333333333030e+03
1.506500000000000000e+03
1.520500000000000000e+03
1.548833333333333258e+03
1.486000000000000000e+03
1.496833333333333258e+03
1.501166666666666515e+03
1.532833333333333258e+03
1.500166666666666515e+03
1.549500000000000000e+03
1.534499999999999773e+03
1.507833333333333258e+03
1.431000000000000000e+03
1.524166666666666515e+03
1.550000000000000000e+03
1.555999999999999773e+03
1.471166666666666515e+03
1.517000000000000000e+03
1.544166666666666515e+03
1.557166666666666515e+03
1.494833333333333258e+03
1.546166666666666515e+03
1.543833333333333258e+03
1.561333333333333030e+03
1.464833333333333258e+03
1.474333333333333258e+03
1.430666666666666515e+03
1.454166666666666515e+03
1.406666666666666515e+03
1.509500000000000000e+03
1.546833333333333030e+03
1.599333333333333258e+03
1.486333333333333258e+03
1.520333333333333030e+03
1.540000000000000000e+03
1.588999999999999773e+03
1.510666666666666515e+03
1.535333333333333258e+03
1.535833333333333258e+03
1.538000000000000000e+03
1.435333333333333258e+03
1.461333333333333258e+03
1.479500000000000000e+03
1.518333333333333258e+03
1.463500000000000000e+03
1.498666666666666515e+03
1.511666666666666515e+03
1.589666666666666515e+03
1.517833333333333258e+03
1.522333333333333258e+03
1.478833333333333258e+03
1.507166666666666515e+03
1.484833333333333258e+03
1.562833333333333258e+03
1.572166666666666515e+03
1.604499999999999773e+03
1.512500000000000000e+03
1.543500000000000000e+03
1.497833333333333258e+03
1.513333333333333258e+03
1.442666666666666515e+03
1.510000000000000000e+03
1.493166666666666515e+03
1.549666666666666515e+03
1.490000000000000000e+03
1.537000000000000000e+03
1.505166666666666515e+03
1.519333333333333258e+03
1.434000000000000000e+03
1.487333333333333258e+03
1.467666666666666515e+03
1.517500000000000000e+03
1.419500000000000000e+03
1.426000000000000000e+03
1.436000000000000000e+03
1.484500000000000000e+03
1.479000000000000000e+03
1.533333333333333258e+03
1.553500000000000000e+03
1.560333333333333030e+03
1.478333333333333258e+03
1.542166666666666515e+03
1.586333333333333258e+03
1.627000000000000000e+03
1.547000000000000000e+03
1.554000000000000000e+03
1.507000000000000000e+03
1.491000000000000000e+03
1.387166666666666515e+03
1.435833333333333258e+03
1.450333333333333258e+03
1.537833333333333258e+03
1.512666666666666515e+03
1.575166666666666515e+03
1.561666666666666515e+03
1.561666666666666515e+03
1.475166666666666515e+03
1.519833333333333258e+03
1.507999999999999773e+03
1.559333333333333258e+03
1.508333333333333030e+03
1.565166666666666515e+03
1.534000000000000000e+03
1.511166666666666515e+03
1.438000000000000000e+03
1.488666666666666515e+03
1.492500000000000000e+03
1.517833333333333258e+03
1.447666666666666515e+03
1.486000000000000000e+03
1.482833333333333258e+03
1.487666666666666515e+03
1.411333333333333258e+03
1.466666666666666515e+03
1.503166666666666515e+03
1.574500000000000000e+03
1.534000000000000000e+03
1.549166666666666515e+03
1.537999999999999773e+03
1.549000000000000000e+03
1.477666666666666515e+03
1.515666666666666515e+03
1.478166666666666515e+03
1.518666666666666515e+03
1.447333333333333258e+03
1.517833333333333258e+03
1.497666666666666515e+03
1.510000000000000000e+03
1.374333333333333258e+03
1.401333333333333258e+03
1.395666666666666515e+03
1.472500000000000000e+03
1.437833333333333258e+03
1.515333333333333258e+03
1.484999999999999773e+03
1.490833333333333258e+03
1.383666666666666515e+03
1.442666666666666515e+03
1.444500000000000000e+03
1.450666666666666515e+03
1.390166666666666515e+03
1.456833333333333258e+03
1.462833333333333030e+03
1.483666666666666515e+03
1.380833333333333258e+03
1.424500000000000000e+03
1.452500000000000000e+03
1.507500000000000000e+03
1.446166666666666515e+03
1.485000000000000000e+03
1.497666666666666515e+03
1.549833333333333030e+03
1.453500000000000000e+03
1.452333333333333258e+03
1.427000000000000000e+03
1.448666666666666515e+03
1.390666666666666515e+03
1.446500000000000000e+03
1.479000000000000000e+03
1.572666666666666515e+03
1.560666666666666515e+03
1.625666666666666515e+03
1.600166666666666515e+03
1.589500000000000000e+03
1.507333333333333258e+03
1.492166666666666515e+03
1.472166666666666515e+03
1.495000000000000000e+03
1.475500000000000000e+03
1.524333333333333258e+03
1.479000000000000000e+03
1.461833333333333258e+03
1.380500000000000000e+03
1.453833333333333258e+03
1.471333333333333258e+03
1.492333333333333258e+03
1.417833333333333258e+03
1.465000000000000000e+03
1.483833333333333258e+03
1.494166666666666515e+03
1.431333333333333258e+03
1.487166666666666515e+03
1.513666666666666515e+03
1.515833333333333258e+03
1.405666666666666515e+03
1.422000000000000000e+03
1.450000000000000000e+03
1.481166666666666515e+03
1.415166666666666515e+03
1.457333333333333258e+03
1.508333333333333258e+03
1.554666666666666515e+03
1.493000000000000000e+03
1.467166666666666515e+03
1.454166666666666515e+03
1.476833333333333258e+03
1.460500000000000000e+03
1.494333333333333258e+03
1.458833333333333258e+03
1.453000000000000000e+03
1.379333333333333258e+03
1.437166666666666515e+03
1.457000000000000000e+03
1.523000000000000000e+03
1.502000000000000000e+03
1.545166666666666515e+03
1.497000000000000000e+03
1.484166666666666515e+03
1.440666666666666515e+03
1.497166666666666515e+03
1.496333333333333258e+03
1.508833333333333258e+03
1.449833333333333258e+03
1.477333333333333258e+03
1.462166666666666515e+03
1.505166666666666515e+03
1.434166666666666515e+03
1.425833333333333258e+03
1.423000000000000000e+03
1.506000000000000000e+03
1.492333333333333258e+03
1.521333333333333258e+03
1.492666666666666515e+03
1.489333333333333030e+03
1.423833333333333258e+03
1.475000000000000000e+03
1.466833333333333258e+03
1.450666666666666515e+03
1.336666666666666515e+03
1.390333333333333258e+03
1.397333333333333258e+03
1.433000000000000000e+03
1.375666666666666515e+03
1.425333333333333258e+03
1.444166666666666515e+03
1.484333333333333258e+03
1.469166666666666515e+03
1.554833333333333258e+03
1.567666666666666515e+03
1.566166666666666515e+03
1.438166666666666515e+03
1.438500000000000000e+03
1.407500000000000000e+03
1.425833333333333258e+03
1.374666666666666515e+03
1.434333333333333258e+03
1.487000000000000000e+03
1.584666666666666515e+03
1.555166666666666515e+03
1.548333333333333258e+03
1.479333333333333258e+03
1.525166666666666515e+03
1.503000000000000000e+03
1.585333333333333258e+03
1.537666666666666515e+03
1.518666666666666515e+03
1.414833333333333258e+03
1.461166666666666515e+03
1.462833333333333258e+03
1.495833333333333258e+03
1.416000000000000000e+03
1.464666666666666515e+03
1.443500000000000000e+03
1.467833333333333258e+03
1.397833333333333258e+03
1.460000000000000000e+03
1.452333333333333258e+03
1.470000000000000000e+03
1.401166666666666515e+03
1.440833333333333258e+03
1.463833333333333258e+03
1.463333333333333258e+03
1.399333333333333258e+03
1.388666666666666515e+03
1.381333333333333258e+03
1.418500000000000000e+03
1.399000000000000000e+03
1.467500000000000000e+03
1.450833333333333258e+03
1.473333333333333258e+03
1.383500000000000000e+03
1.428000000000000000e+03
1.427333333333333258e+03
1.484166666666666515e+03
1.466166666666666515e+03
1.518166666666666515e+03
1.507333333333333258e+03
1.523166666666666515e+03
1.435833333333333258e+03
1.455166666666666515e+03
1.426000000000000000e+03
1.454166666666666515e+03
1.387333333333333258e+03
1.420166666666666515e+03
1.401833333333333258e+03
1.446666666666666515e+03
1.389666666666666515e+03
1.475166666666666515e+03
1.500666666666666515e+03
1.549166666666666515e+03
1.456333333333333258e+03
1.477666666666666515e+03
1.468333333333333258e+03
1.493999999999999773e+03
1.391000000000000000e+03
1.398833333333333258e+03
1.417333333333333258e+03
1.495833333333333258e+03
1.458833333333333258e+03
1.473166666666666515e+03
1.459666666666666515e+03
1.526666666666666515e+03
1.469166666666666515e+03
1.481333333333333258e+03
1.404000000000000000e+03
1.416000000000000000e+03
1.391000000000000000e+03
1.445500000000000000e+03
1.465833333333333258e+03
1.473833333333333258e+03
1.434500000000000000e+03
1.477833333333333258e+03
1.487500000000000000e+03
1.524166666666666515e+03
1.450833333333333258e+03
1.448166666666666515e+03
1.399333333333333258e+03
1.418166666666666515e+03
1.394833333333333258e+03
1.470000000000000000e+03
1.471333333333333258e+03
1.498833333333333258e+03
1.424833333333333258e+03
1.478833333333333258e+03
1.472333333333333258e+03
1.511500000000000000e+03
1.456000000000000000e+03
1.501000000000000000e+03
1.514166666666666515e+03
1.557666666666666515e+03
1.481833333333333258e+03
1.472000000000000000e+03
1.423500000000000000e+03
1.442333333333333258e+03
1.390000000000000000e+03
1.436000000000000000e+03
1.468333333333333258e+03
1.544500000000000000e+03
1.474666666666666515e+03
1.442833333333333030e+03
1.386000000000000000e+03
1.439333333333333258e+03
1.424833333333333258e+03
1.493666666666666515e+03
1.465500000000000000e+03
1.469666666666666515e+03
1.420500000000000000e+03
1.521000000000000000e+03
1.532499999999999773e+03
1.535833333333333258e+03
1.422333333333333258e+03
1.436333333333333258e+03
1.436166666666666515e+03
1.460500000000000000e+03
1.407166666666666515e+03
1.429833333333333258e+03
1.421166666666666515e+03
1.438500000000000000e+03
1.364833333333333258e+03
1.394833333333333258e+03
1.440166666666666515e+03
1.487666666666666515e+03
1.446166666666666515e+03
1.469833333333333258e+03
1.482500000000000000e+03
1.518666666666666515e+03
1.467500000000000000e+03
1.496166666666666515e+03
1.484500000000000000e+03
1.491333333333333258e+03
1.427000000000000000e+03
1.481500000000000000e+03
1.460666666666666515e+03
1.469666666666666515e+03
1.364833333333333258e+03
1.410666666666666515e+03
1.415000000000000000e+03
1.481833333333333258e+03
1.426333333333333258e+03
1.486000000000000000e+03
1.454166666666666515e+03
1.489833333333333030e+03
1.426166666666666515e+03
1.439000000000000000e+03
1.436333333333333258e+03
1.526000000000000000e+03
1.504333333333333258e+03
1.522000000000000000e+03
1.447500000000000000e+03
1.482833333333333258e+03
1.448166666666666515e+03
1.463166666666666515e+03
1.475166666666666515e+03
1.532833333333333258e+03
1.498166666666666515e+03
1.463000000000000000e+03
1.372333333333333258e+03
1.388166666666666515e+03
1.401500000000000000e+03
1.513333333333333258e+03
1.516333333333333258e+03
1.557666666666666515e+03
1.481166666666666515e+03
1.512166666666666515e+03
1.472500000000000000e+03
1.506166666666666515e+03
1.446833333333333258e+03
1.444833333333333258e+03
1.402666666666666515e+03
1.412666666666666515e+03
1.369333333333333258e+03
1.427000000000000000e+03
1.422000000000000000e+03
1.475500000000000000e+03
1.416666666666666515e+03
1.461500000000000000e+03
1.416333333333333258e+03
1.462166666666666515e+03
1.434666666666666515e+03
1.484833333333333258e+03
1.475166666666666515e+03
1.487333333333333258e+03
1.435333333333333258e+03
1.458333333333333258e+03
1.428166666666666515e+03
1.450166666666666515e+03
1.396500000000000000e+03
1.456166666666666515e+03
1.455666666666666515e+03
1.500000000000000000e+03
1.465500000000000000e+03
1.509333333333333258e+03
1.463500000000000000e+03
1.432833333333333258e+03
1.365333333333333258e+03
1.404333333333333258e+03
1.438833333333333258e+03
1.501000000000000000e+03
1.453000000000000000e+03
1.488833333333333258e+03
1.436333333333333258e+03
1.440499999999999773e+03
1.352833333333333258e+03
1.418500000000000000e+03
1.432000000000000000e+03
1.475666666666666515e+03
1.409166666666666515e+03
1.430166666666666515e+03
1.402000000000000000e+03
1.452666666666666515e+03
1.435166666666666515e+03
1.544166666666666515e+03
1.525166666666666515e+03
1.565000000000000000e+03
1.463333333333333258e+03
1.485000000000000000e+03
1.449333333333333258e+03
1.488333333333333258e+03
1.448333333333333258e+03
1.456500000000000000e+03
1.448166666666666515e+03
1.490666666666666515e+03
1.470166666666666515e+03
1.472166666666666515e+03
1.418166666666666515e+03
1.438166666666666515e+03
1.388833333333333258e+03
1.445666666666666515e+03
1.442166666666666515e+03
1.465500000000000000e+03
1.393666666666666515e+03
1.441333333333333258e+03
1.451166666666666515e+03
1.492833333333333258e+03
1.411000000000000000e+03
1.432166666666666515e+03
1.411000000000000000e+03
1.460333333333333258e+03
1.392833333333333258e+03
1.419166666666666515e+03
1.372333333333333258e+03
1.436666666666666515e+03
1.393666666666666515e+03
1.448000000000000000e+03
1.412666666666666515e+03
1.444000000000000000e+03
1.386833333333333258e+03
1.442666666666666515e+03
1.472666666666666515e+03
1.536666666666666515e+03
1.507666666666666515e+03
1.524666666666666515e+03
1.523000000000000000e+03
1.500833333333333258e+03
1.414833333333333258e+03
1.415833333333333258e+03
1.441333333333333258e+03
1.466833333333333258e+03
1.383333333333333258e+03
1.371000000000000000e+03
1.347000000000000000e+03
1.380833333333333258e+03
1.372333333333333258e+03
1.448333333333333258e+03
1.478166666666666515e+03
1.540333333333333258e+03
1.544500000000000000e+03
1.583833333333333258e+03
1.513833333333333030e+03
1.439000000000000000e+03
1.348500000000000000e+03
1.409166666666666515e+03
1.460833333333333258e+03
1.566166666666666515e+03
1.501000000000000000e+03
1.521333333333333030e+03
1.452333333333333258e+03
1.481666666666666515e+03
1.406833333333333258e+03
1.405666666666666515e+03
1.398500000000000000e+03
1.436166666666666515e+03
1.410500000000000000e+03
1.446666666666666515e+03
1.440500000000000000e+03
1.446166666666666515e+03
1.345500000000000000e+03
1.343666666666666515e+03
1.349333333333333258e+03
1.375666666666666515e+03
1.370500000000000000e+03
1.449500000000000000e+03
1.479666666666666515e+03
1.525166666666666515e+03
1.432500000000000000e+03
1.497333333333333258e+03
1.574500000000000000e+03
1.633666666666666515e+03
1.597666666666666515e+03
1.510166666666666515e+03
1.472166666666666515e+03
1.481500000000000000e+03
1.443333333333333258e+03
1.476166666666666515e+03
1.448500000000000000e+03
1.515000000000000000e+03
1.451333333333333258e+03
1.465666666666666515e+03
1.404000000000000000e+03
1.430166666666666515e+03
1.403333333333333258e+03
1.453500000000000000e+03
1.471666666666666515e+03
1.477333333333333258e+03
1.429666666666666515e+03
1.492666666666666515e+03
1.504333333333333030e+03
1.509500000000000000e+03
1.422666666666666515e+03
1.441833333333333258e+03
1.459333333333333258e+03
1.504666666666666515e+03
1.427833333333333258e+03
1.425333333333333258e+03
1.388166666666666515e+03
1.472500000000000000e+03
1.418000000000000000e+03
1.451333333333333258e+03
1.419666666666666515e+03
1.510500000000000000e+03
1.467666666666666515e+03
1.473333333333333258e+03
1.384666666666666515e+03
1.413666666666666515e+03
1.385000000000000000e+03
1.467333333333333258e+03
1.438666666666666515e+03
1.471500000000000000e+03
1.394333333333333258e+03
1.447166666666666515e+03
1.456333333333333030e+03
1.519500000000000000e+03
1.475666666666666515e+03
1.466500000000000000e+03
1.442500000000000000e+03
1.471500000000000000e+03
1.406833333333333258e+03
1.397000000000000000e+03
1.372666666666666515e+03
1.423500000000000000e+03
1.398000000000000000e+03
1.447500000000000000e+03
1.437000000000000000e+03
1.469333333333333258e+03
1.418833333333333258e+03
1.468000000000000000e+03
1.486333333333333258e+03
1.511333333333333030e+03
1.444333333333333258e+03
1.435333333333333258e+03
1.394500000000000000e+03
1.459000000000000000e+03
1.458999999999999773e+03
1.572833333333333030e+03
1.553000000000000000e+03
1.542666666666666515e+03
1.414500000000000000e+03
1.420666666666666515e+03
1.386500000000000000e+03
1.455666666666666515e+03
1.444500000000000000e+03
1.514166666666666515e+03
1.484333333333333258e+03
1.479500000000000000e+03
1.428333333333333258e+03
1.479833333333333258e+03
1.495666666666666515e+03
1.519666666666666515e+03
1.466666666666666515e+03
1.505833333333333258e+03
1.464000000000000000e+03
1.469500000000000000e+03
1.429500000000000000e+03
1.526666666666666515e+03
1.537166666666666515e+03
1.550833333333333258e+03
1.492666666666666515e+03
1.529833333333333258e+03
1.517833333333333258e+03
1.564333333333333258e+03
1.482833333333333258e+03
1.470833333333333258e+03
1.382166666666666515e+03
1.423333333333333258e+03
1.377333333333333258e+03
1.445000000000000000e+03
1.441333333333333258e+03
1.507666666666666515e+03
1.447833333333333258e+03
1.450833333333333258e+03
1.429500000000000000e+03
1.490666666666666515e+03
1.473166666666666515e+03
1.525666666666666515e+03
1.501166666666666515e+03
1.528666666666666515e+03
1.490500000000000000e+03
1.514166666666666515e+03
1.479833333333333258e+03
1.483833333333333258e+03
1.477000000000000000e+03
1.522833333333333258e+03
1.489666666666666515e+03
1.471333333333333258e+03
1.406500000000000000e+03
1.422333333333333258e+03
1.399166666666666515e+03
1.456833333333333258e+03
1.443333333333333258e+03
1.486833333333333258e+03
1.465333333333333258e+03
1.482666666666666515e+03
1.413166666666666515e+03
1.456000000000000000e+03
1.415333333333333258e+03
1.462000000000000000e+03
1.410000000000000000e+03
1.490833333333333258e+03
1.467833333333333258e+03
1.468166666666666515e+03
1.396666666666666515e+03
1.422166666666666515e+03
1.409333333333333258e+03
1.426666666666666515e+03
1.421833333333333258e+03
1.457833333333333258e+03
1.410333333333333258e+03
1.421333333333333258e+03
1.385833333333333258e+03
1.453500000000000000e+03
1.444166666666666515e+03
1.465666666666666515e+03
1.432000000000000000e+03
1.484500000000000000e+03
1.486500000000000000e+03
1.540500000000000000e+03
1.476166666666666515e+03
1.478000000000000000e+03
1.453833333333333258e+03
1.478500000000000000e+03
1.450666666666666515e+03
1.499166666666666515e+03
1.517166666666666515e+03
1.548833333333333258e+03
1.439166666666666515e+03
1.457333333333333258e+03
1.475166666666666515e+03
1.569666666666666515e+03
1.501833333333333258e+03
1.503499999999999773e+03
1.494833333333333030e+03
1.567666666666666515e+03
1.543666666666666515e+03
1.541333333333333258e+03
1.474666666666666515e+03
1.459666666666666515e+03
1.409166666666666515e+03
1.452333333333333258e+03
1.431166666666666515e+03
1.468500000000000000e+03
1.412833333333333258e+03
1.446666666666666515e+03
1.429333333333333258e+03
1.461500000000000000e+03
1.452833333333333258e+03
1.473500000000000000e+03
1.421500000000000000e+03
1.446833333333333258e+03
1.435000000000000000e+03
1.531000000000000000e+03
1.544666666666666515e+03
1.553666666666666515e+03
1.481666666666666515e+03
1.496500000000000000e+03
1.471833333333333258e+03
1.479500000000000000e+03
1.402833333333333258e+03
1.440333333333333258e+03
1.452166666666666515e+03
1.521833333333333258e+03
1.448666666666666515e+03
1.486333333333333258e+03
1.438499999999999773e+03
1.511666666666666515e+03
1.507666666666666515e+03
1.531333333333333258e+03
1.527166666666666515e+03
1.515666666666666515e+03
1.467666666666666515e+03
1.460000000000000000e+03
1.435833333333333258e+03
1.474000000000000000e+03
1.427666666666666515e+03
1.431000000000000000e+03
1.412666666666666515e+03
1.453000000000000000e+03
1.453500000000000000e+03
1.498166666666666515e+03
1.471000000000000000e+03
1.481333333333333258e+03
1.404500000000000000e+03
1.406500000000000000e+03
1.362333333333333258e+03
1.402000000000000000e+03
1.382666666666666515e+03
1.412500000000000000e+03
1.407333333333333258e+03
1.501833333333333258e+03
1.528333333333333258e+03
1.586666666666666515e+03
1.472000000000000000e+03
1.451666666666666515e+03
1.387333333333333258e+03
1.478833333333333258e+03
1.473333333333333258e+03
1.483666666666666515e+03
1.416500000000000000e+03
1.456833333333333258e+03
1.464000000000000000e+03
1.505333333333333258e+03
1.455666666666666515e+03
1.483333333333333258e+03
1.485166666666666515e+03
1.528666666666666515e+03
1.470000000000000000e+03
1.444500000000000000e+03
1.394333333333333258e+03
1.414333333333333258e+03
1.398666666666666515e+03
1.452166666666666515e+03
1.417000000000000000e+03
1.405000000000000000e+03
1.314333333333333258e+03
1.342666666666666515e+03
1.351666666666666515e+03
1.413666666666666515e+03
1.381833333333333258e+03
1.396666666666666515e+03
1.332166666666666515e+03
1.361166666666666515e+03
1.340166666666666515e+03
1.416500000000000000e+03
1.423500000000000000e+03
1.490833333333333258e+03
1.450333333333333258e+03
1.500666666666666515e+03
1.428833333333333030e+03
1.428666666666666515e+03
1.369333333333333258e+03
1.432666666666666515e+03
1.457000000000000000e+03
1.502333333333333258e+03
1.471833333333333258e+03
1.522666666666666515e+03
1.512166666666666515e+03
1.519166666666666515e+03
1.433833333333333258e+03
1.450333333333333258e+03
1.472500000000000000e+03
1.515166666666666515e+03
1.487500000000000000e+03
1.506666666666666515e+03
1.506500000000000000e+03
1.501166666666666515e+03
1.441833333333333258e+03
1.441000000000000000e+03
1.428166666666666515e+03
1.452333333333333258e+03
1.428333333333333258e+03
1.484666666666666515e+03
1.466666666666666515e+03
1.522166666666666515e+03
1.469333333333333258e+03
1.474666666666666515e+03
1.385666666666666515e+03
1.390000000000000000e+03
1.359000000000000000e+03
1.428666666666666515e+03
1.428666666666666515e+03
1.458500000000000000e+03
1.396833333333333258e+03
1.411500000000000000e+03
1.399000000000000000e+03
1.429500000000000000e+03
1.390500000000000000e+03
1.426833333333333258e+03
1.418000000000000000e+03
1.470166666666666515e+03
1.395666666666666515e+03
1.399666666666666515e+03
1.410000000000000000e+03
1.493666666666666515e+03
1.448666666666666515e+03
1.406333333333333030e+03
1.362333333333333258e+03
1.427166666666666515e+03
1.423833333333333258e+03
1.451500000000000000e+03
1.433666666666666515e+03
1.445000000000000000e+03
1.430833333333333258e+03
1.479500000000000000e+03
1.496166666666666515e+03
1.526166666666666515e+03
1.462166666666666515e+03
1.459666666666666515e+03
1.439000000000000000e+03
1.492166666666666515e+03
1.467166666666666515e+03
1.483333333333333258e+03
1.464666666666666515e+03
1.481000000000000000e+03
1.436666666666666515e+03
1.421500000000000000e+03
1.408833333333333258e+03
1.470666666666666515e+03
1.501333333333333258e+03
1.569000000000000000e+03
1.518833333333333030e+03
1.511000000000000000e+03
1.438166666666666515e+03
1.455666666666666515e+03
1.441666666666666515e+03
1.472666666666666515e+03
1.480500000000000000e+03
1.499500000000000000e+03
1.461000000000000000e+03
1.425333333333333258e+03
1.418166666666666515e+03
1.440333333333333258e+03
1.427666666666666515e+03
1.410166666666666515e+03
1.374666666666666515e+03
1.379833333333333258e+03
1.371500000000000000e+03
1.412333333333333258e+03
1.416000000000000000e+03
1.432000000000000000e+03
1.398666666666666515e+03
1.430666666666666515e+03
1.414333333333333258e+03
1.478666666666666515e+03
1.451499999999999773e+03
1.475166666666666515e+03
1.403500000000000000e+03
1.399833333333333258e+03
1.357833333333333258e+03
1.388833333333333258e+03
1.385333333333333258e+03
1.411333333333333258e+03
1.366333333333333258e+03
1.382500000000000000e+03
1.366333333333333258e+03
1.434000000000000000e+03
1.425166666666666515e+03
1.470833333333333258e+03
1.467000000000000000e+03
1.524833333333333258e+03
1.473833333333333258e+03
1.478000000000000000e+03
1.372833333333333258e+03
1.386666666666666515e+03
1.343500000000000000e+03
1.413666666666666515e+03
1.391833333333333258e+03
1.396500000000000000e+03
1.351000000000000000e+03
1.404166666666666515e+03
1.413500000000000000e+03
1.411166666666666515e+03
1.373500000000000000e+03
1.390000000000000000e+03
1.386000000000000000e+03
1.429000000000000000e+03
1.395000000000000000e+03
1.449166666666666515e+03
1.413000000000000000e+03
1.450333333333333258e+03
1.406833333333333258e+03
1.400500000000000000e+03
1.358000000000000000e+03
1.389833333333333258e+03
1.367166666666666515e+03
1.393833333333333258e+03
1.363833333333333258e+03
1.389500000000000000e+03
1.399000000000000000e+03
1.463833333333333258e+03
1.440166666666666515e+03
1.389166666666666515e+03
1.307833333333333258e+03
1.361333333333333258e+03
1.385000000000000000e+03
1.456000000000000000e+03
1.424500000000000000e+03
1.413333333333333258e+03
1.369166666666666515e+03
1.378833333333333258e+03
1.391166666666666515e+03
1.425500000000000000e+03
1.383500000000000000e+03
1.415166666666666515e+03
1.410833333333333258e+03
1.490833333333333258e+03
1.490666666666666515e+03
1.511333333333333258e+03
1.456000000000000000e+03
1.483333333333333258e+03
1.463500000000000000e+03
1.457500000000000000e+03
1.380833333333333258e+03
1.399500000000000000e+03
1.419333333333333258e+03
1.468000000000000000e+03
1.430333333333333258e+03
1.484666666666666515e+03
1.494166666666666515e+03
1.504166666666666515e+03
1.460833333333333258e+03
1.500666666666666515e+03
1.496000000000000000e+03
1.511666666666666515e+03
1.472333333333333258e+03
1.513666666666666515e+03
1.478666666666666515e+03
1.479666666666666515e+03
1.421166666666666515e+03
1.468666666666666515e+03
1.460666666666666515e+03
1.529666666666666515e+03
1.531666666666666515e+03
1.539500000000000000e+03
1.473333333333333258e+03
1.468000000000000000e+03
1.440500000000000000e+03
1.502500000000000000e+03
1.480666666666666515e+03
1.481833333333333258e+03
1.412666666666666515e+03
1.438000000000000000e+03
1.407500000000000000e+03
1.413166666666666515e+03
1.369500000000000000e+03
1.424666666666666515e+03
1.391500000000000000e+03
1.399333333333333258e+03
1.370333333333333258e+03
1.428000000000000000e+03
1.401666666666666515e+03
1.417166666666666515e+03
1.419500000000000000e+03
1.464000000000000000e+03
1.441333333333333258e+03
1.447666666666666515e+03
1.427000000000000000e+03
1.483166666666666515e+03
1.459666666666666515e+03
1.484666666666666515e+03
1.467000000000000000e+03
1.510166666666666515e+03
1.514333333333333258e+03
1.502166666666666515e+03
1.486500000000000000e+03
1.508500000000000000e+03
1.499000000000000000e+03
1.519166666666666515e+03
1.458166666666666515e+03
1.490166666666666515e+03
1.492833333333333258e+03
1.574666666666666515e+03
1.546166666666666515e+03
1.563166666666666515e+03
1.499500000000000000e+03
1.493333333333333258e+03
1.427000000000000000e+03
1.431833333333333258e+03
1.393666666666666515e+03
1.399833333333333258e+03
1.382500000000000000e+03
1.451666666666666515e+03
1.425166666666666515e+03
1.443166666666666515e+03
1.425166666666666515e+03
1.457166666666666515e+03
1.429333333333333258e+03
1.444666666666666515e+03
1.455500000000000000e+03
1.532166666666666515e+03
1.532833333333333258e+03
1.522333333333333258e+03
1.469500000000000000e+03
1.492833333333333258e+03
1.501666666666666515e+03
1.510833333333333258e+03
1.433000000000000000e+03
1.465333333333333258e+03
1.446833333333333258e+03
1.493833333333333258e+03
1.431333333333333258e+03
1.454500000000000000e+03
1.429500000000000000e+03
1.487333333333333258e+03
1.469833333333333030e+03
1.539666666666666515e+03
1.520833333333333258e+03
1.581666666666666515e+03
1.554333333333333258e+03
1.570666666666666515e+03
1.483833333333333030e+03
1.459500000000000000e+03
1.448833333333333258e+03
1.547166666666666515e+03
1.570333333333333030e+03
1.537333333333333030e+03
1.467166666666666515e+03
1.480666666666666515e+03
1.505666666666666515e+03
1.551333333333333258e+03
1.469500000000000000e+03
1.457500000000000000e+03
1.396666666666666515e+03
1.452500000000000000e+03
1.441333333333333258e+03
1.519166666666666515e+03
1.496666666666666515e+03
1.523666666666666515e+03
1.461666666666666515e+03
1.510500000000000000e+03
1.412666666666666515e+03
1.387166666666666515e+03
1.327833333333333258e+03
1.413166666666666515e+03
1.432833333333333258e+03
1.449166666666666515e+03
1.400666666666666515e+03
1.421166666666666515e+03
1.399500000000000000e+03
1.444500000000000000e+03
1.390666666666666515e+03
1.422666666666666515e+03
9.361666666666666288e+02
