3.906337774661056415e+02
5.409671107994388422e+02
1.858004441327723839e+02
3.073004441327723839e+02
7.881337774661055846e+02
1.159300444132772327e+03
1.316633777466105585e+03
1.123467110799438842e+03
1.212800444132772327e+03
1.285300444132772327e+03
1.271633777466105585e+03
1.094967110799438842e+03
1.207300444132772327e+03
1.330300444132772100e+03
1.329633777466105357e+03
1.146633777466105585e+03
1.219133777466105585e+03
1.329800444132772100e+03
1.389133777466105357e+03
1.226133777466105585e+03
1.403133777466105585e+03
1.511800444132772100e+03
1.531967110799438842e+03
1.288800444132772327e+03
1.377133777466105585e+03
1.437467110799438842e+03
1.441967110799438842e+03
1.245633777466105585e+03
1.344300444132772327e+03
1.426967110799438842e+03
1.435133777466105585e+03
1.280633777466105585e+03
1.421800444132772327e+03
1.473800444132772327e+03
1.477133777466105585e+03
1.266467110799438842e+03
1.386133777466105585e+03
1.464800444132772327e+03
1.429633777466105357e+03
1.244800444132772327e+03
1.341967110799438842e+03
1.461967110799438842e+03
1.456133777466105585e+03
1.269133777466105357e+03
1.354967110799438842e+03
1.458467110799438842e+03
1.489967110799438842e+03
1.373467110799438842e+03
1.498467110799438842e+03
1.545800444132772327e+03
1.461467110799438842e+03
1.237467110799438842e+03
1.372633777466105585e+03
1.482633777466105357e+03
1.518800444132772327e+03
1.341633777466105585e+03
1.419467110799438842e+03
1.427467110799438842e+03
1.398133777466105357e+03
1.225633777466105585e+03
1.360300444132772327e+03
1.469300444132772327e+03
1.478633777466105585e+03
1.281633777466105585e+03
1.369800444132772327e+03
1.468133777466105357e+03
1.451467110799438842e+03
1.279467110799438842e+03
1.409800444132772327e+03
1.536300444132772327e+03
1.552967110799438842e+03
1.358800444132772100e+03
1.470300444132772327e+03
1.530800444132772327e+03
1.507800444132772100e+03
1.332467110799438842e+03
1.418967110799438842e+03
1.482133777466105585e+03
1.426300444132772327e+03
1.273800444132772327e+03
1.376967110799438842e+03
1.449800444132772100e+03
1.406467110799438842e+03
1.231967110799438842e+03
1.345633777466105585e+03
1.446633777466105357e+03
1.459133777466105357e+03
1.310967110799438842e+03
1.397300444132772327e+03
1.431800444132772327e+03
1.427467110799438842e+03
1.249467110799438842e+03
1.365467110799438842e+03
1.447467110799438842e+03
1.443800444132772100e+03
1.345467110799438842e+03
1.467133777466105357e+03
1.557800444132772327e+03
1.482800444132772100e+03
1.263467110799438842e+03
1.358300444132772327e+03
1.455967110799438842e+03
1.457467110799438842e+03
1.262633777466105585e+03
1.330800444132772327e+03
1.363633777466105357e+03
1.357800444132772327e+03
1.202967110799438842e+03
1.353800444132772327e+03
1.443300444132772327e+03
1.448133777466105357e+03
1.269633777466105585e+03
1.422800444132772327e+03
1.535467110799438842e+03
1.553467110799438842e+03
1.337300444132772327e+03
1.411800444132772327e+03
1.447800444132772327e+03
1.428133777466105585e+03
1.242133777466105585e+03
1.386967110799438842e+03
1.470300444132772100e+03
1.466467110799438842e+03
1.249300444132772327e+03
1.342800444132772327e+03
1.379967110799438842e+03
1.352800444132772327e+03
1.198800444132772327e+03
1.371800444132772327e+03
1.478300444132772327e+03
1.420967110799438842e+03
1.173467110799438842e+03
1.294300444132772327e+03
1.427633777466105585e+03
1.448633777466105357e+03
1.266967110799438842e+03
1.347800444132772327e+03
1.431300444132772327e+03
1.404800444132772327e+03
1.235967110799438842e+03
1.367300444132772327e+03
1.517800444132772327e+03
1.566300444132772100e+03
1.344300444132772327e+03
1.353467110799438842e+03
1.400967110799438842e+03
1.449467110799438842e+03
1.305467110799438842e+03
1.358633777466105585e+03
1.405800444132772327e+03
1.421467110799438842e+03
1.296133777466105357e+03
1.410633777466105585e+03
1.468967110799438842e+03
1.443633777466105585e+03
1.257800444132772100e+03
1.366300444132772327e+03
1.445967110799438842e+03
1.457467110799438842e+03
1.295633777466105585e+03
1.370633777466105585e+03
1.414633777466105585e+03
1.387633777466105585e+03
1.242967110799438842e+03
1.332300444132772327e+03
1.399800444132772327e+03
1.412133777466105357e+03
1.283467110799438842e+03
1.398967110799438842e+03
1.476633777466105585e+03
1.443133777466105585e+03
1.243800444132772327e+03
1.282300444132772327e+03
1.379800444132772327e+03
1.451133777466105585e+03
1.303967110799438842e+03
1.368300444132772327e+03
1.423967110799438842e+03
1.459133777466105585e+03
1.294633777466105585e+03
1.367467110799438842e+03
1.406467110799438842e+03
1.400633777466105585e+03
1.250133777466105585e+03
1.369133777466105585e+03
1.442633777466105585e+03
1.428300444132772327e+03
1.233133777466105585e+03
1.380300444132772327e+03
1.467633777466105585e+03
1.440800444132772100e+03
1.247967110799438842e+03
1.341467110799438842e+03
1.447300444132772327e+03
1.476467110799438842e+03
1.310300444132772100e+03
1.414800444132772327e+03
1.440967110799438842e+03
1.424967110799438842e+03
1.270967110799438842e+03
1.406467110799438842e+03
1.467800444132772327e+03
1.475967110799438842e+03
1.300467110799438842e+03
1.383633777466105585e+03
1.416133777466105585e+03
1.399633777466105357e+03
1.272467110799438842e+03
1.400967110799438842e+03
1.460967110799438842e+03
1.433800444132772327e+03
1.255133777466105585e+03
1.356633777466105585e+03
1.421133777466105585e+03
1.348467110799438842e+03
1.147300444132772327e+03
1.281300444132772327e+03
1.479967110799438842e+03
1.547133777466105357e+03
1.340633777466105585e+03
1.348633777466105585e+03
1.387467110799438842e+03
1.420467110799438842e+03
1.272633777466105585e+03
1.381800444132772327e+03
1.450133777466105585e+03
1.488800444132772327e+03
1.316133777466105585e+03
1.398133777466105585e+03
1.432967110799438842e+03
1.452633777466105357e+03
1.300467110799438842e+03
1.357800444132772327e+03
1.343467110799438842e+03
1.344967110799438842e+03
1.230300444132772327e+03
1.394133777466105585e+03
1.421133777466105357e+03
1.415800444132772327e+03
1.241633777466105585e+03
1.372633777466105585e+03
1.421800444132772100e+03
1.378800444132772327e+03
1.193467110799438842e+03
1.279133777466105585e+03
1.368300444132772327e+03
1.342300444132772100e+03
1.172300444132772327e+03
1.280467110799438842e+03
1.392967110799438842e+03
1.432300444132772100e+03
1.281800444132772100e+03
1.396300444132772327e+03
1.443967110799438842e+03
1.447300444132772327e+03
1.285467110799438842e+03
1.379633777466105585e+03
1.416467110799438842e+03
1.394633777466105357e+03
1.223633777466105585e+03
1.313467110799438842e+03
1.394800444132772327e+03
1.441300444132772327e+03
1.320967110799438842e+03
1.418467110799438842e+03
1.455967110799438842e+03
1.438467110799438842e+03
1.231967110799438842e+03
1.302467110799438842e+03
1.346300444132772100e+03
1.368633777466105585e+03
1.230467110799438842e+03
1.357633777466105585e+03
1.384300444132772327e+03
1.365800444132772327e+03
1.175800444132772327e+03
1.279300444132772327e+03
1.338967110799438842e+03
1.337467110799438842e+03
1.197300444132772327e+03
1.360633777466105585e+03
1.458467110799438842e+03
1.469967110799438842e+03
1.242300444132772100e+03
1.308300444132772327e+03
1.400800444132772100e+03
1.488633777466105357e+03
1.353633777466105585e+03
1.414800444132772327e+03
1.392133777466105585e+03
1.403633777466105585e+03
1.264967110799438842e+03
1.361800444132772327e+03
1.383967110799438842e+03
1.368633777466105585e+03
1.255300444132772327e+03
1.397467110799438842e+03
1.480467110799438842e+03
1.485967110799438842e+03
1.287467110799438842e+03
1.355467110799438842e+03
1.391133777466105357e+03
1.362300444132772100e+03
1.212133777466105585e+03
1.309800444132772327e+03
1.415300444132772100e+03
1.406467110799438842e+03
1.287967110799438842e+03
1.393633777466105585e+03
1.479133777466105585e+03
1.473800444132772327e+03
1.354467110799438842e+03
1.424467110799438842e+03
1.413300444132772100e+03
1.335133777466105585e+03
1.202967110799438842e+03
1.351800444132772327e+03
1.417300444132772327e+03
1.404800444132772100e+03
1.191800444132772327e+03
1.246967110799438842e+03
1.258967110799438842e+03
1.258467110799438842e+03
1.146300444132772327e+03
1.243133777466105585e+03
1.332133777466105357e+03
1.338800444132772327e+03
1.216467110799438842e+03
1.285800444132772327e+03
1.339467110799438842e+03
1.339467110799438842e+03
1.205633777466105357e+03
1.283633777466105585e+03
1.378633777466105585e+03
1.397800444132772100e+03
1.287967110799438842e+03
1.324467110799438842e+03
1.387800444132772327e+03
1.426300444132772327e+03
1.325800444132772100e+03
1.375800444132772327e+03
1.376633777466105585e+03
1.368300444132772327e+03
1.267300444132772327e+03
1.367800444132772327e+03
1.392800444132772327e+03
1.348467110799438842e+03
1.198800444132772327e+03
1.329133777466105585e+03
1.445967110799438842e+03
1.444633777466105585e+03
1.279300444132772327e+03
1.352300444132772327e+03
1.408967110799438842e+03
1.406633777466105357e+03
1.196300444132772327e+03
1.255133777466105585e+03
1.313467110799438842e+03
1.385467110799438842e+03
1.279467110799438842e+03
1.312467110799438842e+03
1.336467110799438842e+03
1.318467110799438842e+03
1.215633777466105357e+03
1.298967110799438842e+03
1.358633777466105585e+03
1.402300444132772100e+03
1.289300444132772327e+03
1.397967110799438842e+03
1.407800444132772327e+03
1.388800444132772327e+03
1.208133777466105585e+03
1.264467110799438842e+03
1.334800444132772327e+03
1.428467110799438842e+03
1.347967110799438842e+03
1.406467110799438842e+03
1.353967110799438842e+03
1.339133777466105357e+03
1.228300444132772327e+03
1.335967110799438842e+03
1.370300444132772327e+03
1.347300444132772327e+03
1.205133777466105585e+03
1.291633777466105585e+03
1.348300444132772100e+03
1.376467110799438842e+03
1.259800444132772100e+03
1.322800444132772327e+03
1.351300444132772100e+03
1.323633777466105357e+03
1.168967110799438842e+03
1.231800444132772327e+03
1.280133777466105585e+03
1.305300444132772100e+03
1.187467110799438842e+03
1.264633777466105585e+03
1.302467110799438842e+03
1.318633777466105585e+03
1.210300444132772327e+03
1.351133777466105585e+03
1.378800444132772327e+03
1.346633777466105357e+03
1.167300444132772327e+03
1.246633777466105585e+03
1.305300444132772100e+03
1.322467110799438842e+03
1.230633777466105585e+03
1.331633777466105585e+03
1.340300444132772327e+03
1.332967110799438842e+03
1.219467110799438842e+03
1.342633777466105585e+03
1.398800444132772327e+03
1.432133777466105357e+03
1.338467110799438842e+03
1.389467110799438842e+03
1.384467110799438842e+03
1.342633777466105357e+03
1.210800444132772327e+03
1.268633777466105585e+03
1.292800444132772100e+03
1.324633777466105585e+03
1.246967110799438842e+03
1.351300444132772327e+03
1.364967110799438842e+03
1.340967110799438842e+03
1.232633777466105585e+03
1.349300444132772327e+03
1.421967110799438842e+03
1.450300444132772327e+03
1.271633777466105357e+03
1.326800444132772327e+03
1.335633777466105585e+03
1.382800444132772100e+03
1.257133777466105585e+03
1.304967110799438842e+03
1.273800444132772327e+03
1.280633777466105585e+03
1.219967110799438842e+03
1.353967110799438842e+03
1.379467110799438842e+03
1.341800444132772327e+03
1.203467110799438842e+03
1.263967110799438842e+03
1.287133777466105357e+03
1.339967110799438842e+03
1.291133777466105585e+03
1.370300444132772100e+03
1.361133777466105585e+03
1.344133777466105585e+03
1.248800444132772327e+03
1.336967110799438842e+03
1.387467110799438842e+03
1.376133777466105357e+03
1.282800444132772100e+03
1.307633777466105585e+03
1.376633777466105357e+03
1.443967110799438842e+03
1.361800444132772327e+03
1.407800444132772327e+03
1.376467110799438842e+03
1.380967110799438842e+03
1.260967110799438842e+03
1.314467110799438842e+03
1.328967110799438842e+03
1.332800444132772327e+03
1.234967110799438842e+03
1.315633777466105585e+03
1.372633777466105585e+03
1.391633777466105585e+03
1.263300444132772327e+03
1.298633777466105585e+03
1.311300444132772327e+03
1.318633777466105585e+03
1.198300444132772327e+03
1.269633777466105585e+03
1.318467110799438842e+03
1.362800444132772100e+03
1.267800444132772327e+03
1.348800444132772327e+03
1.380967110799438842e+03
1.394133777466105357e+03
1.252967110799438842e+03
1.283300444132772327e+03
1.286300444132772327e+03
1.323300444132772327e+03
1.218300444132772327e+03
1.248300444132772327e+03
1.206800444132772327e+03
1.225633777466105585e+03
1.156300444132772327e+03
1.262300444132772327e+03
1.325967110799438842e+03
1.369133777466105585e+03
1.296300444132772327e+03
1.339467110799438842e+03
1.314967110799438842e+03
1.313800444132772327e+03
1.190467110799438842e+03
1.270467110799438842e+03
1.317467110799438842e+03
1.354633777466105585e+03
1.238300444132772327e+03
1.271800444132772327e+03
1.283133777466105357e+03
1.309300444132772100e+03
1.249133777466105585e+03
1.373800444132772100e+03
1.410467110799438842e+03
1.365133777466105585e+03
1.214467110799438842e+03
1.313633777466105585e+03
1.390133777466105585e+03
1.462467110799438842e+03
1.319967110799438842e+03
1.311633777466105357e+03
1.269467110799438842e+03
1.296633777466105585e+03
1.236300444132772327e+03
1.296967110799438842e+03
1.327967110799438842e+03
1.397800444132772327e+03
1.312967110799438842e+03
1.341800444132772327e+03
1.289300444132772327e+03
1.288633777466105585e+03
1.188967110799438842e+03
1.255967110799438842e+03
1.251133777466105357e+03
1.265800444132772327e+03
1.181300444132772327e+03
1.309300444132772327e+03
1.384133777466105585e+03
1.425133777466105357e+03
1.311800444132772100e+03
1.321133777466105585e+03
1.300300444132772100e+03
1.308467110799438842e+03
1.245633777466105585e+03
1.318300444132772327e+03
1.319800444132772327e+03
1.322133777466105585e+03
1.236133777466105585e+03
1.313967110799438842e+03
1.332300444132772327e+03
1.378633777466105585e+03
1.309300444132772327e+03
1.370133777466105585e+03
1.358300444132772327e+03
1.393967110799438842e+03
1.295633777466105357e+03
1.351300444132772327e+03
1.304633777466105585e+03
1.302467110799438842e+03
1.163967110799438842e+03
1.233633777466105585e+03
1.271967110799438842e+03
1.352300444132772327e+03
1.272967110799438842e+03
1.359133777466105585e+03
1.366467110799438842e+03
1.364633777466105585e+03
1.255967110799438842e+03
1.318967110799438842e+03
1.346467110799438842e+03
1.358967110799438842e+03
1.270133777466105585e+03
1.351633777466105585e+03
1.341800444132772327e+03
1.340800444132772327e+03
1.191133777466105585e+03
1.282133777466105585e+03
1.331467110799438842e+03
1.445300444132772327e+03
1.390800444132772327e+03
1.428967110799438842e+03
1.371633777466105585e+03
1.325300444132772327e+03
1.195800444132772327e+03
1.250967110799438842e+03
1.273967110799438842e+03
1.316133777466105357e+03
1.223800444132772327e+03
1.253967110799438842e+03
1.255967110799438842e+03
1.296967110799438842e+03
1.229300444132772327e+03
1.275467110799438842e+03
1.230633777466105585e+03
1.237133777466105357e+03
1.183133777466105585e+03
1.275300444132772327e+03
1.285633777466105585e+03
1.332800444132772327e+03
1.275300444132772327e+03
1.382467110799438842e+03
1.395300444132772100e+03
1.433133777466105585e+03
1.333800444132772100e+03
1.342633777466105357e+03
1.327467110799438842e+03
1.347133777466105585e+03
1.279800444132772100e+03
1.318467110799438842e+03
1.291300444132772100e+03
1.320800444132772100e+03
1.289300444132772100e+03
1.394133777466105357e+03
1.377967110799438842e+03
1.361800444132772327e+03
1.264633777466105585e+03
1.343967110799438842e+03
1.353300444132772327e+03
1.312133777466105585e+03
1.185967110799438842e+03
1.223300444132772327e+03
1.261633777466105357e+03
1.285967110799438842e+03
1.207133777466105585e+03
1.238633777466105585e+03
1.221133777466105585e+03
1.225633777466105585e+03
1.159467110799438842e+03
1.228633777466105585e+03
1.251967110799438842e+03
1.301467110799438842e+03
1.224967110799438842e+03
1.286633777466105585e+03
1.305633777466105585e+03
1.369633777466105585e+03
1.284133777466105585e+03
1.311633777466105585e+03
1.299633777466105585e+03
1.337300444132772327e+03
1.284467110799438842e+03
1.337967110799438842e+03
1.326133777466105585e+03
1.340633777466105357e+03
1.283800444132772327e+03
1.367633777466105357e+03
1.343800444132772100e+03
1.317133777466105585e+03
1.200133777466105585e+03
1.272467110799438842e+03
1.348467110799438842e+03
1.445967110799438842e+03
1.392300444132772327e+03
1.402800444132772100e+03
1.320800444132772327e+03
1.335133777466105585e+03
1.240967110799438842e+03
1.284467110799438842e+03
1.257967110799438842e+03
1.315300444132772327e+03
1.281467110799438842e+03
1.353133777466105585e+03
1.337633777466105585e+03
1.358633777466105585e+03
1.228133777466105585e+03
1.225300444132772327e+03
1.223467110799438842e+03
1.320467110799438842e+03
1.315467110799438842e+03
1.374300444132772100e+03
1.343300444132772327e+03
1.390633777466105585e+03
1.305133777466105585e+03
1.357133777466105585e+03
1.291300444132772327e+03
1.329800444132772100e+03
1.236800444132772327e+03
1.307800444132772327e+03
1.271633777466105357e+03
1.344133777466105585e+03
1.303800444132772100e+03
1.374133777466105585e+03
1.331300444132772327e+03
1.324133777466105357e+03
1.234800444132772327e+03
1.321967110799438842e+03
1.337967110799438842e+03
1.407633777466105585e+03
1.301633777466105585e+03
1.338967110799438842e+03
1.339133777466105585e+03
1.455133777466105585e+03
1.420467110799438842e+03
1.459800444132772100e+03
1.381633777466105357e+03
1.376300444132772327e+03
1.253967110799438842e+03
1.249467110799438842e+03
1.211967110799438842e+03
1.219800444132772327e+03
1.219133777466105585e+03
1.310133777466105585e+03
1.331633777466105585e+03
1.329300444132772327e+03
1.202300444132772327e+03
1.234133777466105585e+03
1.230300444132772327e+03
1.310633777466105585e+03
1.256800444132772100e+03
1.331467110799438842e+03
1.293633777466105585e+03
1.299300444132772327e+03
1.211467110799438842e+03
1.308467110799438842e+03
1.368467110799438842e+03
1.361467110799438842e+03
1.248633777466105357e+03
1.265800444132772327e+03
1.322300444132772327e+03
1.338467110799438842e+03
1.247300444132772327e+03
1.278800444132772327e+03
1.288633777466105357e+03
1.348633777466105585e+03
1.244467110799438842e+03
1.297300444132772327e+03
1.304133777466105585e+03
1.351800444132772327e+03
1.307300444132772327e+03
1.334467110799438842e+03
1.343133777466105585e+03
1.367133777466105585e+03
1.272467110799438842e+03
1.260633777466105585e+03
1.221133777466105585e+03
1.260133777466105585e+03
1.221967110799438842e+03
1.235800444132772327e+03
1.245800444132772100e+03
1.308967110799438842e+03
1.267467110799438842e+03
1.340300444132772327e+03
1.367467110799438842e+03
1.428300444132772327e+03
1.310800444132772327e+03
1.278467110799438842e+03
1.216633777466105585e+03
1.230133777466105357e+03
1.139133777466105585e+03
1.228967110799438842e+03
1.310800444132772327e+03
1.362300444132772100e+03
1.218800444132772327e+03
1.144467110799438842e+03
1.139133777466105585e+03
1.231800444132772327e+03
1.224467110799438842e+03
1.270467110799438842e+03
1.254133777466105585e+03
1.299467110799438842e+03
1.286133777466105585e+03
1.350633777466105585e+03
1.328467110799438842e+03
1.352633777466105585e+03
1.291133777466105585e+03
1.358967110799438842e+03
1.325467110799438842e+03
1.318800444132772100e+03
1.230800444132772100e+03
1.281133777466105585e+03
1.335800444132772327e+03
1.340467110799438842e+03
1.242133777466105585e+03
1.234967110799438842e+03
1.260133777466105357e+03
1.318967110799438842e+03
1.262967110799438842e+03
1.315800444132772327e+03
1.325800444132772327e+03
1.408800444132772100e+03
1.325133777466105585e+03
1.343967110799438842e+03
1.295967110799438842e+03
1.301300444132772327e+03
1.239133777466105585e+03
1.306800444132772327e+03
1.327633777466105585e+03
1.336800444132772327e+03
1.219467110799438842e+03
1.251800444132772327e+03
1.239467110799438842e+03
1.277800444132772327e+03
1.190467110799438842e+03
1.247967110799438842e+03
1.255800444132772327e+03
1.327633777466105585e+03
1.273467110799438842e+03
1.303467110799438842e+03
1.278300444132772327e+03
1.308300444132772327e+03
1.249633777466105585e+03
1.338133777466105585e+03
1.359300444132772327e+03
1.412133777466105585e+03
1.319967110799438842e+03
1.336800444132772327e+03
1.317800444132772327e+03
1.325967110799438842e+03
1.263633777466105585e+03
1.294800444132772327e+03
1.283467110799438842e+03
1.288300444132772327e+03
1.206633777466105585e+03
1.305467110799438842e+03
1.305800444132772100e+03
1.349300444132772327e+03
1.246300444132772327e+03
1.324133777466105585e+03
1.306467110799438842e+03
1.312800444132772327e+03
1.202967110799438842e+03
1.268800444132772327e+03
1.282633777466105585e+03
1.313800444132772327e+03
1.222800444132772327e+03
1.294467110799438842e+03
1.318300444132772100e+03
1.386300444132772327e+03
1.283800444132772327e+03
1.345967110799438842e+03
1.314633777466105585e+03
1.278467110799438842e+03
1.132467110799438842e+03
1.189800444132772327e+03
1.242800444132772327e+03
1.253967110799438842e+03
1.169633777466105585e+03
1.243633777466105585e+03
1.312467110799438842e+03
1.356800444132772327e+03
1.304633777466105357e+03
1.371467110799438842e+03
1.374967110799438842e+03
1.360467110799438842e+03
1.216800444132772327e+03
1.215967110799438842e+03
1.216800444132772327e+03
1.259467110799438842e+03
1.181133777466105585e+03
1.230967110799438842e+03
1.243300444132772327e+03
1.288633777466105585e+03
1.227967110799438842e+03
1.298800444132772327e+03
1.345967110799438842e+03
1.356467110799438842e+03
1.238467110799438842e+03
1.240633777466105585e+03
1.236633777466105585e+03
1.306300444132772327e+03
1.236133777466105585e+03
1.299967110799438842e+03
1.282300444132772327e+03
1.319633777466105585e+03
1.252967110799438842e+03
1.312467110799438842e+03
1.294633777466105585e+03
1.310133777466105585e+03
1.235967110799438842e+03
1.352300444132772100e+03
1.349467110799438842e+03
1.344467110799438842e+03
1.216467110799438842e+03
1.300133777466105585e+03
1.302800444132772327e+03
1.329300444132772100e+03
1.205467110799438842e+03
1.274800444132772327e+03
1.285633777466105357e+03
1.336633777466105585e+03
1.243800444132772327e+03
1.304633777466105585e+03
1.297467110799438842e+03
1.344133777466105357e+03
1.251800444132772327e+03
1.302133777466105585e+03
1.301467110799438842e+03
1.328800444132772327e+03
1.276633777466105585e+03
1.342467110799438842e+03
1.324300444132772100e+03
1.339800444132772100e+03
1.281967110799438842e+03
1.351300444132772327e+03
1.309467110799438842e+03
1.270467110799438842e+03
1.174633777466105585e+03
1.262800444132772327e+03
1.274467110799438842e+03
1.264967110799438842e+03
1.164633777466105585e+03
1.258800444132772327e+03
1.314800444132772100e+03
1.361133777466105357e+03
1.267133777466105585e+03
1.349967110799438842e+03
1.365633777466105585e+03
1.380300444132772327e+03
1.271967110799438842e+03
1.318133777466105585e+03
1.308133777466105585e+03
1.332633777466105585e+03
1.229467110799438842e+03
1.287800444132772327e+03
1.292967110799438842e+03
1.289967110799438842e+03
1.174300444132772327e+03
1.157800444132772327e+03
1.193133777466105585e+03
1.291133777466105585e+03
1.239467110799438842e+03
1.277300444132772327e+03
1.233133777466105585e+03
1.240133777466105585e+03
1.129300444132772327e+03
1.198133777466105585e+03
1.250467110799438842e+03
1.296800444132772327e+03
1.169967110799438842e+03
1.185300444132772327e+03
1.182300444132772327e+03
1.219467110799438842e+03
1.163133777466105585e+03
1.266633777466105585e+03
1.306467110799438842e+03
1.339300444132772327e+03
1.212467110799438842e+03
1.227633777466105585e+03
1.230800444132772327e+03
1.275800444132772327e+03
1.232633777466105585e+03
1.297133777466105585e+03
1.312467110799438842e+03
1.318300444132772100e+03
1.197467110799438842e+03
1.220967110799438842e+03
1.231633777466105585e+03
1.263967110799438842e+03
1.181467110799438842e+03
1.206633777466105585e+03
1.204633777466105585e+03
1.219633777466105585e+03
1.177300444132772327e+03
1.260467110799438842e+03
1.330967110799438842e+03
1.399967110799438842e+03
1.343633777466105585e+03
1.317633777466105585e+03
1.223633777466105585e+03
1.182133777466105585e+03
1.119800444132772327e+03
1.231467110799438842e+03
1.314300444132772100e+03
1.356800444132772327e+03
1.274300444132772327e+03
1.307633777466105585e+03
1.326467110799438842e+03
1.318967110799438842e+03
1.186300444132772327e+03
1.195467110799438842e+03
1.256133777466105585e+03
1.299633777466105585e+03
1.256800444132772100e+03
1.292967110799438842e+03
1.325300444132772100e+03
1.305800444132772100e+03
1.187800444132772100e+03
1.239300444132772327e+03
1.303967110799438842e+03
1.348967110799438842e+03
1.275133777466105585e+03
1.314300444132772327e+03
1.284300444132772100e+03
1.242133777466105585e+03
1.146133777466105585e+03
1.254133777466105585e+03
1.270633777466105585e+03
1.269967110799438842e+03
1.139800444132772327e+03
1.210633777466105585e+03
1.210300444132772327e+03
1.218800444132772327e+03
1.108967110799438842e+03
1.179633777466105585e+03
1.211133777466105357e+03
1.269133777466105585e+03
1.209967110799438842e+03
1.316300444132772327e+03
1.334133777466105357e+03
1.355967110799438842e+03
1.205300444132772327e+03
1.226133777466105585e+03
1.207467110799438842e+03
1.282467110799438842e+03
1.241633777466105357e+03
1.331300444132772327e+03
1.294967110799438842e+03
1.264133777466105585e+03
1.112133777466105585e+03
1.154633777466105585e+03
1.199967110799438842e+03
1.252467110799438842e+03
1.201633777466105585e+03
1.264967110799438842e+03
1.299967110799438842e+03
1.295800444132772327e+03
1.187133777466105585e+03
1.206967110799438842e+03
1.188467110799438842e+03
1.200467110799438842e+03
1.142300444132772327e+03
1.262467110799438842e+03
1.343133777466105585e+03
1.386633777466105357e+03
1.278633777466105357e+03
1.276467110799438842e+03
1.259467110799438842e+03
1.280800444132772327e+03
1.233467110799438842e+03
1.326467110799438842e+03
1.352133777466105357e+03
1.288800444132772327e+03
1.144300444132772327e+03
1.188967110799438842e+03
1.263633777466105357e+03
1.295800444132772100e+03
1.213800444132772100e+03
1.211967110799438842e+03
1.215800444132772327e+03
1.253133777466105585e+03
1.211300444132772327e+03
1.260467110799438842e+03
1.266133777466105357e+03
1.328967110799438842e+03
1.332133777466105585e+03
1.349300444132772327e+03
1.288967110799438842e+03
1.243633777466105585e+03
1.148967110799438842e+03
1.201467110799438842e+03
1.171133777466105585e+03
1.204467110799438842e+03
1.129300444132772327e+03
1.231133777466105585e+03
1.270300444132772327e+03
1.301633777466105585e+03
1.190467110799438842e+03
1.209800444132772327e+03
1.185467110799438842e+03
1.179300444132772327e+03
1.103133777466105585e+03
1.218300444132772327e+03
1.303467110799438842e+03
1.353467110799438842e+03
1.263300444132772327e+03
1.287800444132772327e+03
1.289967110799438842e+03
1.275133777466105357e+03
1.205800444132772327e+03
1.260467110799438842e+03
1.280800444132772327e+03
1.248133777466105585e+03
1.137800444132772327e+03
1.180967110799438842e+03
1.217800444132772327e+03
1.239967110799438842e+03
1.199633777466105585e+03
1.288133777466105585e+03
1.308800444132772100e+03
1.295300444132772100e+03
1.163467110799438842e+03
1.227300444132772327e+03
1.271800444132772327e+03
1.302967110799438842e+03
1.216800444132772327e+03
1.226133777466105585e+03
1.268467110799438842e+03
1.297967110799438842e+03
1.210633777466105585e+03
1.180633777466105585e+03
1.124467110799438842e+03
1.128467110799438842e+03
1.117467110799438842e+03
1.258133777466105585e+03
1.333967110799438842e+03
1.344633777466105357e+03
1.212300444132772327e+03
1.226967110799438842e+03
1.287800444132772327e+03
1.393800444132772327e+03
1.354800444132772100e+03
1.390300444132772327e+03
1.327633777466105585e+03
1.333633777466105585e+03
1.232133777466105585e+03
1.291467110799438842e+03
1.302800444132772327e+03
1.325300444132772327e+03
1.239633777466105357e+03
1.290633777466105585e+03
1.288467110799438842e+03
1.316467110799438842e+03
1.191133777466105585e+03
1.226300444132772327e+03
1.244800444132772327e+03
1.323467110799438842e+03
1.261633777466105357e+03
1.269800444132772327e+03
1.250800444132772327e+03
1.248133777466105585e+03
1.205133777466105585e+03
1.288967110799438842e+03
1.329467110799438842e+03
1.318467110799438842e+03
1.198633777466105585e+03
1.230633777466105585e+03
1.259967110799438842e+03
1.297133777466105357e+03
1.236633777466105585e+03
1.298300444132772327e+03
1.356800444132772327e+03
1.406133777466105585e+03
1.297967110799438842e+03
1.314967110799438842e+03
1.310133777466105585e+03
1.335133777466105357e+03
1.238800444132772327e+03
1.301800444132772327e+03
1.340633777466105585e+03
1.346133777466105585e+03
1.231133777466105585e+03
1.290467110799438842e+03
1.302633777466105585e+03
1.283300444132772327e+03
1.196967110799438842e+03
1.244133777466105585e+03
1.277967110799438842e+03
1.249467110799438842e+03
1.185467110799438842e+03
1.271300444132772327e+03
1.317467110799438842e+03
1.326467110799438842e+03
1.234633777466105585e+03
1.264467110799438842e+03
1.285300444132772327e+03
1.242800444132772327e+03
1.155133777466105585e+03
1.173967110799438842e+03
1.247133777466105357e+03
1.293467110799438842e+03
1.247800444132772327e+03
1.270467110799438842e+03
1.256633777466105585e+03
1.250967110799438842e+03
1.184800444132772327e+03
1.286633777466105585e+03
1.332467110799438842e+03
1.339800444132772327e+03
1.242133777466105585e+03
1.268300444132772327e+03
1.270800444132772327e+03
1.226800444132772327e+03
1.131800444132772327e+03
1.207467110799438842e+03
1.269633777466105585e+03
1.296633777466105585e+03
1.218967110799438842e+03
1.265133777466105585e+03
1.270800444132772327e+03
1.257300444132772327e+03
1.167467110799438842e+03
1.231800444132772327e+03
1.253133777466105585e+03
1.273300444132772327e+03
1.172967110799438842e+03
1.207133777466105585e+03
1.234467110799438842e+03
1.272967110799438842e+03
1.230133777466105585e+03
1.329633777466105585e+03
1.344467110799438842e+03
1.319800444132772327e+03
1.160300444132772327e+03
1.201300444132772327e+03
1.250133777466105585e+03
1.246800444132772327e+03
1.179133777466105585e+03
1.218467110799438842e+03
1.230633777466105585e+03
1.195967110799438842e+03
1.093967110799438842e+03
1.184967110799438842e+03
1.251967110799438842e+03
1.313967110799438842e+03
1.215967110799438842e+03
1.268467110799438842e+03
1.248800444132772327e+03
1.288633777466105357e+03
1.222800444132772327e+03
1.285967110799438842e+03
1.279800444132772327e+03
1.260967110799438842e+03
1.180300444132772327e+03
1.232300444132772327e+03
1.207800444132772327e+03
1.230467110799438842e+03
1.152800444132772327e+03
1.236800444132772327e+03
1.296800444132772327e+03
1.340300444132772100e+03
1.270633777466105585e+03
1.271967110799438842e+03
1.249133777466105585e+03
1.319133777466105585e+03
1.257467110799438842e+03
1.321467110799438842e+03
1.314967110799438842e+03
1.342300444132772327e+03
1.278133777466105585e+03
1.319467110799438842e+03
1.329800444132772327e+03
1.302300444132772100e+03
1.196467110799438842e+03
1.228800444132772327e+03
1.294300444132772100e+03
1.316800444132772100e+03
1.246967110799438842e+03
1.293467110799438842e+03
1.298633777466105585e+03
1.283967110799438842e+03
1.199967110799438842e+03
1.270133777466105585e+03
1.295800444132772327e+03
1.300800444132772100e+03
1.223800444132772327e+03
1.301967110799438842e+03
1.332967110799438842e+03
1.344133777466105585e+03
1.219300444132772100e+03
1.251967110799438842e+03
1.236133777466105585e+03
1.233800444132772327e+03
1.162633777466105585e+03
1.246467110799438842e+03
1.306800444132772100e+03
1.329133777466105357e+03
1.266633777466105585e+03
1.325967110799438842e+03
1.337633777466105585e+03
1.327300444132772327e+03
1.264967110799438842e+03
1.328133777466105585e+03
1.371467110799438842e+03
1.335800444132772327e+03
1.232633777466105585e+03
1.258300444132772327e+03
1.296800444132772327e+03
1.335300444132772100e+03
1.235133777466105585e+03
1.291133777466105585e+03
1.268633777466105585e+03
1.254467110799438842e+03
1.186133777466105585e+03
1.295800444132772327e+03
1.361133777466105585e+03
1.343633777466105585e+03
1.222467110799438842e+03
1.249300444132772327e+03
1.261967110799438842e+03
1.248467110799438842e+03
1.165633777466105585e+03
1.219800444132772327e+03
1.263967110799438842e+03
1.321300444132772100e+03
1.289467110799438842e+03
1.358633777466105357e+03
1.349300444132772327e+03
1.329300444132772100e+03
1.273133777466105585e+03
1.331467110799438842e+03
1.362133777466105585e+03
1.359633777466105585e+03
1.289467110799438842e+03
1.347300444132772327e+03
1.343633777466105585e+03
1.341967110799438842e+03
1.233633777466105585e+03
1.292633777466105585e+03
1.305800444132772327e+03
1.306300444132772327e+03
1.186967110799438842e+03
1.226133777466105585e+03
1.238467110799438842e+03
1.246133777466105357e+03
1.188133777466105585e+03
1.267467110799438842e+03
1.293300444132772327e+03
1.291800444132772100e+03
1.218967110799438842e+03
1.338800444132772327e+03
1.373967110799438842e+03
1.382133777466105585e+03
1.234800444132772327e+03
1.253133777466105585e+03
1.250967110799438842e+03
1.281467110799438842e+03
1.247300444132772327e+03
1.289300444132772327e+03
1.290467110799438842e+03
1.273300444132772327e+03
1.195633777466105585e+03
1.241300444132772327e+03
1.265800444132772327e+03
1.289300444132772327e+03
1.219800444132772327e+03
1.289967110799438842e+03
1.356133777466105585e+03
1.374800444132772327e+03
1.256967110799438842e+03
1.251967110799438842e+03
1.256967110799438842e+03
1.277300444132772327e+03
1.239800444132772327e+03
1.348300444132772327e+03
1.368467110799438842e+03
1.345467110799438842e+03
1.193467110799438842e+03
1.237800444132772327e+03
1.250300444132772327e+03
1.279467110799438842e+03
1.198133777466105585e+03
1.275300444132772327e+03
1.357800444132772327e+03
1.387633777466105357e+03
1.286967110799438842e+03
1.304133777466105585e+03
1.305800444132772100e+03
1.280133777466105357e+03
1.175800444132772327e+03
1.250300444132772327e+03
1.296967110799438842e+03
1.333300444132772100e+03
1.237800444132772327e+03
1.304633777466105585e+03
1.330800444132772327e+03
1.365633777466105357e+03
1.302300444132772100e+03
1.327133777466105585e+03
1.345800444132772100e+03
1.385300444132772100e+03
1.312300444132772100e+03
1.338800444132772100e+03
1.303967110799438842e+03
1.319967110799438842e+03
1.253467110799438842e+03
1.318300444132772327e+03
1.340467110799438842e+03
1.363300444132772327e+03
1.284300444132772100e+03
1.326633777466105585e+03
1.329133777466105357e+03
1.311467110799438842e+03
1.230633777466105585e+03
1.342800444132772327e+03
1.396633777466105585e+03
1.424300444132772327e+03
1.332967110799438842e+03
1.371467110799438842e+03
1.419133777466105585e+03
1.421633777466105585e+03
1.321800444132772327e+03
1.332133777466105585e+03
1.339300444132772327e+03
1.387467110799438842e+03
1.321300444132772327e+03
1.352300444132772327e+03
1.346633777466105357e+03
1.387300444132772327e+03
1.300300444132772327e+03
1.336800444132772327e+03
1.334300444132772327e+03
1.352800444132772327e+03
1.306800444132772327e+03
1.335300444132772327e+03
1.385800444132772327e+03
1.422467110799438842e+03
1.380800444132772327e+03
1.430633777466105585e+03
1.442300444132772327e+03
1.432300444132772327e+03
1.328133777466105585e+03
1.370300444132772327e+03
1.362467110799438842e+03
1.365967110799438842e+03
1.302133777466105585e+03
1.385800444132772100e+03
1.397967110799438842e+03
1.381467110799438842e+03
1.268800444132772327e+03
1.321300444132772327e+03
1.320300444132772100e+03
1.368800444132772327e+03
1.324300444132772327e+03
1.436300444132772100e+03
1.436633777466105585e+03
1.406967110799438842e+03
1.298300444132772327e+03
1.379133777466105585e+03
1.444133777466105585e+03
1.500633777466105357e+03
1.474300444132772327e+03
1.523300444132772100e+03
1.487967110799438842e+03
1.425967110799438842e+03
1.314967110799438842e+03
1.375467110799438842e+03
1.416633777466105357e+03
1.440467110799438842e+03
1.379133777466105585e+03
1.447300444132772100e+03
1.516967110799438842e+03
1.575300444132772100e+03
1.461133777466105357e+03
1.440967110799438842e+03
1.420633777466105585e+03
1.476800444132772100e+03
1.450967110799438842e+03
1.513300444132772100e+03
1.496300444132772100e+03
1.503800444132772100e+03
1.393300444132772100e+03
1.397133777466105357e+03
1.391300444132772327e+03
1.447133777466105357e+03
1.449633777466105357e+03
1.575133777466105585e+03
1.581633777466105357e+03
1.583800444132772100e+03
1.459467110799438842e+03
1.515133777466105585e+03
1.540800444132772327e+03
1.564967110799438842e+03
1.538133777466105585e+03
1.636300444132772327e+03
1.652800444132772100e+03
1.659133777466105585e+03
1.550467110799438842e+03
1.580300444132772327e+03
1.541800444132772100e+03
1.540967110799438842e+03
1.499967110799438842e+03
1.638967110799438842e+03
1.694300444132772327e+03
1.740133777466105585e+03
1.598467110799438842e+03
1.582133777466105357e+03
1.539800444132772327e+03
1.544633777466105585e+03
1.505967110799438842e+03
1.566800444132772327e+03
1.572800444132772327e+03
1.615967110799438842e+03
1.557800444132772100e+03
1.651633777466105585e+03
1.663300444132772100e+03
1.739300444132772100e+03
1.690800444132772100e+03
1.722800444132772100e+03
1.671467110799438842e+03
1.657133777466105585e+03
1.574467110799438842e+03
1.639467110799438842e+03
1.696300444132772100e+03
1.763467110799438842e+03
1.663633777466105357e+03
1.649467110799438842e+03
1.652467110799438842e+03
1.703300444132772327e+03
1.668633777466105585e+03
1.738300444132772327e+03
1.739967110799438842e+03
1.763633777466105357e+03
1.681633777466105585e+03
1.734633777466105357e+03
1.746800444132772100e+03
1.758300444132772327e+03
1.735133777466105585e+03
1.778800444132772327e+03
1.790633777466105585e+03
1.778633777466105585e+03
1.705967110799438842e+03
1.756800444132772327e+03
1.742800444132772327e+03
1.769467110799438842e+03
1.701967110799438842e+03
1.785800444132772100e+03
1.796133777466105357e+03
1.806800444132772327e+03
1.742300444132772100e+03
1.852300444132772327e+03
1.865467110799438842e+03
1.870967110799438842e+03
1.736800444132772327e+03
1.816633777466105357e+03
1.868300444132772327e+03
1.910967110799438842e+03
1.872133777466105357e+03
1.956300444132772327e+03
1.977800444132772327e+03
1.930633777466105357e+03
1.817133777466105357e+03
1.856467110799438842e+03
1.884467110799438842e+03
1.897633777466105357e+03
1.814467110799438842e+03
1.847633777466105357e+03
1.863300444132772327e+03
1.935967110799438842e+03
1.918633777466105357e+03
1.959133777466105357e+03
1.923967110799438842e+03
1.928467110799438842e+03
1.850133777466105357e+03
1.907967110799438842e+03
1.923300444132772327e+03
1.972967110799438842e+03
1.918633777466105357e+03
1.977800444132772327e+03
2.003133777466105357e+03
2.057967110799439070e+03
2.023800444132772327e+03
2.079800444132772554e+03
2.070633777466105585e+03
2.060467110799439070e+03
1.974300444132772327e+03
2.036467110799438842e+03
2.043467110799438842e+03
2.064133777466105585e+03
1.974467110799438842e+03
2.045300444132772327e+03
2.095133777466105585e+03
2.159133777466105585e+03
2.086300444132772554e+03
2.113467110799439070e+03
2.137967110799439070e+03
2.196133777466105585e+03
2.174633777466105585e+03
2.202133777466105585e+03
2.195467110799439070e+03
2.203800444132772554e+03
2.103967110799439070e+03
2.133467110799439070e+03
2.126300444132772554e+03
2.140467110799439070e+03
2.049133777466105585e+03
2.084633777466105585e+03
2.124133777466105585e+03
2.161467110799439070e+03
2.091467110799439070e+03
2.174467110799439070e+03
2.248133777466105585e+03
2.304967110799439070e+03
2.229467110799439070e+03
2.240967110799439070e+03
2.244967110799439070e+03
2.256133777466105585e+03
2.199800444132772554e+03
2.255633777466105585e+03
2.275300444132772554e+03
2.333800444132772554e+03
2.269133777466105585e+03
2.332300444132772554e+03
2.316300444132772554e+03
2.334300444132772554e+03
2.228800444132772554e+03
2.247467110799439070e+03
2.216467110799439070e+03
2.230467110799439070e+03
2.175967110799439070e+03
2.290133777466105585e+03
2.323300444132772554e+03
2.372300444132772554e+03
2.300467110799439070e+03
2.365967110799439070e+03
2.395133777466105585e+03
2.421467110799439070e+03
2.385300444132772554e+03
2.412467110799439070e+03
2.383800444132772554e+03
2.323633777466105585e+03
2.238800444132772554e+03
2.322633777466105585e+03
2.399467110799439070e+03
2.448300444132772554e+03
2.372633777466105585e+03
2.399133777466105585e+03
2.398967110799439070e+03
2.422967110799439070e+03
2.365967110799439070e+03
2.405967110799439070e+03
2.403967110799439070e+03
2.402633777466105585e+03
2.319467110799439070e+03
2.369133777466105585e+03
2.378300444132772554e+03
2.401133777466105585e+03
2.330300444132772554e+03
2.398967110799439070e+03
2.417967110799439070e+03
2.438633777466105585e+03
2.356467110799439070e+03
2.434800444132772554e+03
2.487467110799439070e+03
2.536467110799439070e+03
2.467300444132772554e+03
2.504300444132772554e+03
2.509800444132772554e+03
2.508133777466105585e+03
2.428133777466105585e+03
2.477133777466105585e+03
2.538300444132772554e+03
2.581633777466105585e+03
2.473800444132772554e+03
2.447300444132772554e+03
2.416633777466105585e+03
2.505800444132772554e+03
2.521633777466105585e+03
2.601800444132772554e+03
2.578467110799439070e+03
2.572633777466105585e+03
2.467967110799439070e+03
2.481633777466105585e+03
2.479467110799439070e+03
2.554800444132772554e+03
2.508633777466105585e+03
2.500800444132772554e+03
2.457133777466105585e+03
2.470300444132772554e+03
2.435133777466105585e+03
2.492800444132772554e+03
2.502967110799439070e+03
2.495800444132772554e+03
2.428967110799439070e+03
2.507967110799439070e+03
2.541633777466105585e+03
2.517633777466105585e+03
2.382633777466105585e+03
2.458967110799439070e+03
2.554300444132772554e+03
2.672300444132772554e+03
2.576300444132772554e+03
2.577800444132772554e+03
2.546800444132772554e+03
2.587300444132772554e+03
2.528800444132772554e+03
2.561967110799439070e+03
2.564967110799439070e+03
2.566300444132772554e+03
2.487300444132772554e+03
2.523300444132772554e+03
2.570633777466105585e+03
2.610300444132772554e+03
2.508633777466105585e+03
2.539800444132772554e+03
2.555300444132772554e+03
2.624967110799439070e+03
2.548800444132772554e+03
2.550800444132772554e+03
2.521300444132772554e+03
2.561467110799439070e+03
2.538633777466105585e+03
2.584967110799439070e+03
2.585467110799439070e+03
2.580467110799439070e+03
2.543633777466105585e+03
2.611467110799439070e+03
2.667633777466105585e+03
2.702633777466105585e+03
2.593133777466105585e+03
2.598967110799439070e+03
2.591800444132772554e+03
2.634300444132772554e+03
2.607133777466105585e+03
2.661300444132772554e+03
2.683633777466105585e+03
2.687633777466105585e+03
2.598967110799439070e+03
2.610300444132772554e+03
2.625633777466105585e+03
2.657967110799439070e+03
2.631800444132772554e+03
2.702467110799439070e+03
2.746633777466105585e+03
2.716300444132772554e+03
2.554800444132772554e+03
2.560633777466105585e+03
2.621300444132772554e+03
2.703133777466105585e+03
2.645467110799439070e+03
2.634133777466105585e+03
2.571633777466105585e+03
2.524633777466105585e+03
2.411467110799439070e+03
2.455633777466105585e+03
2.485133777466105585e+03
2.551133777466105585e+03
2.507800444132772554e+03
2.539633777466105585e+03
2.509133777466105585e+03
2.497300444132772554e+03
2.386800444132772554e+03
2.396800444132772554e+03
2.367300444132772554e+03
2.367967110799439070e+03
2.314133777466105585e+03
2.419967110799439070e+03
2.511300444132772554e+03
2.573967110799439070e+03
2.498967110799439070e+03
2.506967110799439070e+03
2.469300444132772554e+03
2.432133777466105585e+03
2.350967110799439070e+03
2.416133777466105585e+03
2.457633777466105585e+03
2.446800444132772554e+03
2.309967110799439070e+03
2.295467110799439070e+03
2.294967110799439070e+03
2.284300444132772554e+03
2.190800444132772554e+03
2.251467110799439070e+03
2.315467110799439070e+03
2.369800444132772554e+03
2.278800444132772554e+03
2.336633777466105585e+03
2.330633777466105585e+03
2.293967110799439070e+03
2.213467110799439070e+03
2.312133777466105585e+03
2.397300444132772554e+03
2.405300444132772554e+03
2.310800444132772554e+03
2.319633777466105585e+03
2.311633777466105585e+03
2.270300444132772554e+03
2.235467110799439070e+03
2.274133777466105585e+03
2.297467110799439070e+03
2.267467110799439070e+03
2.182300444132772554e+03
2.212467110799439070e+03
2.210133777466105585e+03
2.226967110799439070e+03
2.172967110799439070e+03
2.204467110799439070e+03
2.208300444132772554e+03
2.249467110799439070e+03
2.187300444132772554e+03
2.231800444132772554e+03
2.168800444132772554e+03
2.152133777466105585e+03
2.081467110799439070e+03
2.168633777466105585e+03
2.213467110799439070e+03
2.241633777466105585e+03
2.147800444132772554e+03
2.189300444132772554e+03
2.148633777466105585e+03
2.130800444132772554e+03
2.031633777466105357e+03
2.066467110799439070e+03
2.052300444132772554e+03
2.023967110799438842e+03
1.943133777466105357e+03
2.009800444132772327e+03
2.051133777466105585e+03
2.071633777466105585e+03
1.986967110799438842e+03
2.001967110799438842e+03
2.032633777466105357e+03
2.101800444132772554e+03
2.032633777466105357e+03
2.024467110799438842e+03
1.973633777466105357e+03
1.963467110799438842e+03
1.874633777466105357e+03
1.885633777466105357e+03
1.899300444132772327e+03
1.909633777466105357e+03
1.859133777466105357e+03
1.934967110799438842e+03
1.983467110799438842e+03
1.991800444132772327e+03
1.914133777466105357e+03
1.942967110799438842e+03
1.926133777466105357e+03
1.873300444132772327e+03
1.727300444132772327e+03
1.770467110799438842e+03
1.812967110799438842e+03
1.856967110799438842e+03
1.787633777466105585e+03
1.810133777466105357e+03
1.779633777466105357e+03
1.784633777466105585e+03
1.684300444132772100e+03
1.713800444132772327e+03
1.687633777466105585e+03
1.674967110799438842e+03
1.608633777466105585e+03
1.660800444132772327e+03
1.672133777466105585e+03
1.662300444132772327e+03
1.570467110799438842e+03
1.651133777466105357e+03
1.723133777466105585e+03
1.742633777466105357e+03
1.674633777466105357e+03
1.729633777466105585e+03
1.781967110799438842e+03
1.793467110799438842e+03
1.660800444132772100e+03
1.689133777466105585e+03
1.714967110799438842e+03
1.734967110799438842e+03
1.619300444132772327e+03
1.589967110799438842e+03
1.566800444132772327e+03
1.564467110799438842e+03
1.488800444132772327e+03
1.526800444132772327e+03
1.516800444132772100e+03
1.523800444132772327e+03
1.476800444132772327e+03
1.561467110799438842e+03
1.602133777466105357e+03
1.633133777466105357e+03
1.529300444132772327e+03
1.576800444132772327e+03
1.648300444132772327e+03
1.719967110799438842e+03
1.607300444132772327e+03
1.567967110799438842e+03
1.562467110799438842e+03
1.635967110799438842e+03
1.596967110799438842e+03
1.624633777466105585e+03
1.643633777466105585e+03
1.652467110799438842e+03
1.537133777466105357e+03
1.537967110799438842e+03
1.556133777466105585e+03
1.634467110799438842e+03
1.570133777466105585e+03
1.618467110799438842e+03
1.600467110799438842e+03
1.806133777466105357e+03
2.225633777466105585e+03
2.357300444132772100e+03
2.192133777466105585e+03
1.708467110799438842e+03
1.559300444132772327e+03
1.587133777466105585e+03
1.595467110799438842e+03
1.643467110799438842e+03
1.587133777466105585e+03
1.624300444132772327e+03
1.615633777466105585e+03
1.624467110799438842e+03
1.563467110799438842e+03
1.621967110799438842e+03
1.678133777466105585e+03
1.741633777466105585e+03
1.674133777466105585e+03
1.705467110799438842e+03
1.721467110799438842e+03
1.770967110799438842e+03
1.742633777466105585e+03
1.819633777466105357e+03
1.899800444132772327e+03
1.958633777466105357e+03
1.914800444132772327e+03
1.941967110799438842e+03
1.974467110799438842e+03
1.987467110799438842e+03
1.933633777466105357e+03
1.977967110799438842e+03
2.031467110799438842e+03
2.091133777466105585e+03
2.038300444132772327e+03
2.075633777466105585e+03
2.112967110799439070e+03
2.191633777466105585e+03
2.149133777466105585e+03
2.198800444132772554e+03
2.237967110799439070e+03
2.306467110799439070e+03
2.251300444132772554e+03
2.312300444132772554e+03
2.357300444132772554e+03
2.424300444132772554e+03
2.398633777466105585e+03
2.518633777466105585e+03
2.582633777466105585e+03
2.611133777466105585e+03
2.522300444132772554e+03
2.588800444132772554e+03
2.628800444132772554e+03
2.679967110799439070e+03
2.598133777466105585e+03
2.647300444132772554e+03
2.692133777466105585e+03
2.764467110799439070e+03
2.743467110799439070e+03
2.802300444132772554e+03
2.826633777466105585e+03
2.840467110799439070e+03
2.769800444132772554e+03
2.811133777466105585e+03
2.884300444132772100e+03
2.966133777466105585e+03
2.932633777466105585e+03
2.957300444132772554e+03
2.972800444132772100e+03
3.013133777466105585e+03
2.973967110799439070e+03
3.027967110799439070e+03
3.022800444132772100e+03
3.009300444132772100e+03
2.957467110799438615e+03
3.066300444132772554e+03
3.159800444132772100e+03
3.192467110799439070e+03
3.120467110799439070e+03
3.137300444132772554e+03
3.161467110799439070e+03
3.192633777466105585e+03
3.131800444132772100e+03
3.122467110799438615e+03
3.099467110799439070e+03
3.122467110799439070e+03
3.093467110799438615e+03
3.152967110799439070e+03
3.168800444132772554e+03
3.218467110799439070e+03
3.167800444132772554e+03
3.249467110799439070e+03
3.249467110799439070e+03
3.250967110799439070e+03
3.102300444132772554e+03
3.105967110799439070e+03
3.114133777466105585e+03
3.149967110799438615e+03
3.115467110799439070e+03
3.199467110799439070e+03
3.223967110799438615e+03
3.207133777466105585e+03
3.106800444132772554e+03
3.152967110799439070e+03
3.170967110799438615e+03
3.183633777466105585e+03
3.121467110799438615e+03
3.098467110799438615e+03
3.046300444132772554e+03
3.030633777466105585e+03
3.008133777466105585e+03
3.105467110799439070e+03
3.105633777466105585e+03
3.130133777466105585e+03
3.051633777466105585e+03
3.071633777466105585e+03
3.063133777466105585e+03
3.059633777466105585e+03
2.958800444132772554e+03
2.990467110799439070e+03
3.044633777466105585e+03
3.084967110799438615e+03
3.018800444132772554e+03
3.006633777466105585e+03
3.035633777466105585e+03
3.057133777466105585e+03
2.968633777466105585e+03
2.999633777466105585e+03
2.982967110799439070e+03
2.985800444132772554e+03
2.894467110799439070e+03
2.973633777466105585e+03
3.025633777466105585e+03
3.001633777466105585e+03
2.874800444132772554e+03
2.896133777466105585e+03
2.926800444132772100e+03
2.937467110799439070e+03
2.806467110799438615e+03
2.825967110799438615e+03
2.786300444132772554e+03
2.806467110799439070e+03
2.739467110799439070e+03
2.822133777466105585e+03
2.847133777466105585e+03
2.879633777466105585e+03
2.775633777466105585e+03
2.774133777466105585e+03
2.714133777466105585e+03
2.668967110799439070e+03
2.584300444132772554e+03
2.639467110799439070e+03
2.669633777466105585e+03
2.668800444132772554e+03
2.578633777466105585e+03
2.632800444132772554e+03
2.640133777466105585e+03
2.632467110799439070e+03
2.524800444132772554e+03
2.598133777466105585e+03
2.648300444132772554e+03
2.657633777466105585e+03
2.514467110799439070e+03
2.490133777466105585e+03
2.460133777466105585e+03
2.486467110799439070e+03
2.419967110799439070e+03
2.486633777466105585e+03
2.484800444132772554e+03
2.492133777466105585e+03
2.418800444132772554e+03
2.444300444132772554e+03
2.418633777466105585e+03
2.370133777466105585e+03
2.243467110799439070e+03
2.272967110799439070e+03
2.304800444132772554e+03
2.342133777466105585e+03
2.277133777466105585e+03
2.326633777466105585e+03
2.336467110799439070e+03
2.319800444132772554e+03
2.209800444132772554e+03
2.235300444132772554e+03
2.260300444132772554e+03
2.251467110799439070e+03
2.169800444132772554e+03
2.194300444132772554e+03
2.211300444132772554e+03
2.227967110799439070e+03
2.140633777466105585e+03
2.228467110799439070e+03
2.236800444132772554e+03
2.227467110799439070e+03
2.074967110799439070e+03
2.108800444132772554e+03
2.111967110799439070e+03
2.087133777466105585e+03
1.967800444132772327e+03
2.030633777466105357e+03
2.114467110799439070e+03
2.154633777466105585e+03
2.049467110799439070e+03
2.047133777466105357e+03
2.002300444132772327e+03
1.982467110799438842e+03
1.828467110799438842e+03
1.860967110799438842e+03
1.884300444132772327e+03
1.938300444132772327e+03
1.864800444132772327e+03
1.967300444132772327e+03
1.992133777466105357e+03
1.970300444132772327e+03
1.782800444132772327e+03
1.795300444132772327e+03
1.807967110799438842e+03
1.858800444132772327e+03
1.785800444132772327e+03
1.849300444132772327e+03
1.836800444132772327e+03
1.848967110799438842e+03
1.750633777466105357e+03
1.776467110799438842e+03
1.765133777466105585e+03
1.768967110799438842e+03
1.670800444132772327e+03
1.694967110799438842e+03
1.697300444132772100e+03
1.734467110799438842e+03
1.711133777466105585e+03
1.785800444132772327e+03
1.800800444132772327e+03
1.755633777466105357e+03
1.633133777466105585e+03
1.654467110799438842e+03
1.638633777466105585e+03
1.654300444132772327e+03
1.591967110799438842e+03
1.653467110799438842e+03
1.699300444132772327e+03
1.733133777466105585e+03
1.667800444132772327e+03
1.718967110799438842e+03
1.707800444132772100e+03
1.730800444132772327e+03
1.600800444132772327e+03
1.657300444132772100e+03
1.656300444132772327e+03
1.682633777466105585e+03
1.580633777466105585e+03
1.599467110799438842e+03
1.595967110799438842e+03
1.595800444132772327e+03
1.539967110799438842e+03
1.601467110799438842e+03
1.609800444132772327e+03
1.594467110799438842e+03
1.531633777466105357e+03
1.601133777466105585e+03
1.653300444132772100e+03
1.654967110799438842e+03
1.554300444132772100e+03
1.613800444132772100e+03
1.630300444132772100e+03
1.682967110799438842e+03
1.608133777466105585e+03
1.649300444132772327e+03
1.641133777466105585e+03
1.640467110799438842e+03
1.548133777466105357e+03
1.570800444132772327e+03
1.571967110799438842e+03
1.591133777466105585e+03
1.503967110799438842e+03
1.574300444132772100e+03
1.611133777466105357e+03
1.637800444132772327e+03
1.504967110799438842e+03
1.515633777466105585e+03
1.551133777466105585e+03
1.595133777466105585e+03
1.536300444132772327e+03
1.567633777466105585e+03
1.570633777466105585e+03
1.545800444132772327e+03
1.465300444132772100e+03
1.540633777466105585e+03
1.588300444132772100e+03
1.612800444132772100e+03
1.538467110799438842e+03
1.614633777466105585e+03
1.627633777466105585e+03
1.603133777466105585e+03
1.482800444132772327e+03
1.528633777466105357e+03
1.567133777466105585e+03
1.583967110799438842e+03
1.484967110799438842e+03
1.524633777466105357e+03
1.523133777466105585e+03
1.524300444132772100e+03
1.400967110799438842e+03
1.449133777466105357e+03
1.502467110799438842e+03
1.548800444132772327e+03
1.458300444132772327e+03
1.496800444132772327e+03
1.507633777466105585e+03
1.534467110799438842e+03
1.410133777466105585e+03
1.481800444132772327e+03
1.489633777466105585e+03
1.503800444132772327e+03
1.391633777466105585e+03
1.478300444132772327e+03
1.513300444132772327e+03
1.526467110799438842e+03
1.367967110799438842e+03
1.387633777466105357e+03
1.433133777466105357e+03
1.525300444132772327e+03
1.483633777466105585e+03
1.538633777466105357e+03
1.549133777466105357e+03
1.547133777466105585e+03
1.411633777466105357e+03
1.467133777466105357e+03
1.509800444132772327e+03
1.579633777466105585e+03
1.477633777466105357e+03
1.517800444132772100e+03
1.447467110799438842e+03
1.428633777466105585e+03
1.389633777466105585e+03
1.523467110799438842e+03
1.565300444132772327e+03
1.532133777466105357e+03
1.380967110799438842e+03
1.458133777466105585e+03
1.522800444132772100e+03
1.546467110799438842e+03
1.436300444132772327e+03
1.474467110799438842e+03
1.529633777466105357e+03
1.522133777466105357e+03
1.410300444132772327e+03
1.484133777466105585e+03
1.521300444132772100e+03
1.529800444132772327e+03
1.418967110799438842e+03
1.480800444132772327e+03
1.505300444132772327e+03
1.524300444132772327e+03
1.426133777466105585e+03
1.477967110799438842e+03
1.461967110799438842e+03
1.450800444132772100e+03
1.340967110799438842e+03
1.420300444132772327e+03
1.479133777466105357e+03
1.513800444132772100e+03
1.440133777466105585e+03
1.510467110799438842e+03
1.527300444132772327e+03
1.550133777466105357e+03
1.460633777466105585e+03
1.509633777466105357e+03
1.483300444132772100e+03
1.444967110799438842e+03
1.364633777466105585e+03
1.470467110799438842e+03
1.521967110799438842e+03
1.523133777466105585e+03
1.392467110799438842e+03
1.452633777466105585e+03
1.508800444132772327e+03
1.541133777466105585e+03
1.430633777466105585e+03
1.453300444132772100e+03
1.439300444132772100e+03
1.419967110799438842e+03
1.305300444132772327e+03
1.353800444132772327e+03
1.404467110799438842e+03
1.438467110799438842e+03
1.387467110799438842e+03
1.450800444132772327e+03
1.469133777466105585e+03
1.474133777466105585e+03
1.371300444132772327e+03
1.401967110799438842e+03
1.355133777466105585e+03
1.353300444132772100e+03
1.297800444132772327e+03
1.440300444132772327e+03
1.494633777466105357e+03
1.517133777466105357e+03
1.408467110799438842e+03
1.458300444132772327e+03
1.468133777466105585e+03
1.504633777466105585e+03
1.415467110799438842e+03
1.473967110799438842e+03
1.466800444132772327e+03
1.477800444132772100e+03
1.368800444132772327e+03
1.431300444132772327e+03
1.440133777466105357e+03
1.455633777466105585e+03
1.395467110799438842e+03
1.519300444132772327e+03
1.523467110799438842e+03
1.457633777466105357e+03
1.284300444132772327e+03
1.338133777466105585e+03
1.376967110799438842e+03
1.408633777466105585e+03
1.367967110799438842e+03
1.450300444132772100e+03
1.488633777466105357e+03
1.474800444132772327e+03
1.360967110799438842e+03
1.420467110799438842e+03
1.447300444132772100e+03
1.510967110799438842e+03
1.455467110799438842e+03
1.505633777466105585e+03
1.495133777466105357e+03
1.445300444132772100e+03
1.362967110799438842e+03
1.439300444132772327e+03
1.506633777466105357e+03
1.521800444132772100e+03
1.419967110799438842e+03
1.471633777466105585e+03
1.462300444132772327e+03
1.458800444132772327e+03
1.343133777466105357e+03
1.447967110799438842e+03
1.472300444132772327e+03
1.462467110799438842e+03
1.336467110799438842e+03
1.402967110799438842e+03
1.458967110799438842e+03
1.515967110799438842e+03
1.406133777466105357e+03
1.442133777466105585e+03
1.432633777466105585e+03
1.480133777466105357e+03
1.383133777466105585e+03
1.440967110799438842e+03
1.453633777466105585e+03
1.471633777466105585e+03
1.378133777466105357e+03
1.407800444132772327e+03
1.457633777466105357e+03
1.457633777466105357e+03
1.346800444132772327e+03
1.378133777466105585e+03
1.381967110799438842e+03
1.403633777466105585e+03
1.326133777466105585e+03
1.430133777466105585e+03
1.478133777466105585e+03
1.458967110799438842e+03
1.353967110799438842e+03
1.408467110799438842e+03
1.447967110799438842e+03
1.441633777466105357e+03
1.332633777466105585e+03
1.371967110799438842e+03
1.426467110799438842e+03
1.487633777466105585e+03
1.455300444132772100e+03
1.520300444132772327e+03
1.504300444132772327e+03
1.477300444132772100e+03
1.346133777466105585e+03
1.427967110799438842e+03
1.477300444132772327e+03
1.502633777466105585e+03
1.390467110799438842e+03
1.445633777466105585e+03
1.474467110799438842e+03
1.508133777466105585e+03
1.360133777466105585e+03
1.399467110799438842e+03
1.371133777466105585e+03
1.387467110799438842e+03
1.286967110799438842e+03
1.347967110799438842e+03
1.383800444132772327e+03
1.402300444132772327e+03
1.306467110799438842e+03
1.350967110799438842e+03
1.363467110799438842e+03
1.354300444132772327e+03
1.276967110799438842e+03
1.395300444132772327e+03
1.479633777466105585e+03
1.488467110799438842e+03
1.364633777466105585e+03
1.424967110799438842e+03
1.431800444132772100e+03
1.466133777466105585e+03
1.336967110799438842e+03
1.426967110799438842e+03
1.411300444132772327e+03
1.434967110799438842e+03
1.321467110799438842e+03
1.340133777466105585e+03
1.368967110799438842e+03
1.409300444132772327e+03
1.355633777466105357e+03
1.399800444132772327e+03
1.418300444132772327e+03
1.425800444132772327e+03
1.297633777466105585e+03
1.336967110799438842e+03
1.361133777466105585e+03
1.382633777466105585e+03
1.284133777466105585e+03
1.354633777466105585e+03
1.428300444132772327e+03
1.442633777466105585e+03
1.331800444132772327e+03
1.366633777466105585e+03
1.429967110799438842e+03
1.434133777466105357e+03
1.375300444132772327e+03
1.402133777466105585e+03
1.438133777466105357e+03
1.436967110799438842e+03
1.338300444132772100e+03
1.406300444132772327e+03
1.463467110799438842e+03
1.471800444132772327e+03
1.370133777466105585e+03
1.406467110799438842e+03
1.400467110799438842e+03
1.382967110799438842e+03
1.230133777466105585e+03
1.344633777466105585e+03
1.400467110799438842e+03
1.453633777466105585e+03
1.344800444132772100e+03
1.400633777466105357e+03
1.396300444132772327e+03
1.411800444132772100e+03
1.344300444132772327e+03
1.393300444132772327e+03
1.390633777466105357e+03
1.395967110799438842e+03
1.310467110799438842e+03
1.380467110799438842e+03
1.415133777466105357e+03
1.513800444132772327e+03
1.434467110799438842e+03
1.478133777466105585e+03
1.435300444132772100e+03
1.459133777466105357e+03
1.339467110799438842e+03
1.377467110799438842e+03
1.349300444132772327e+03
1.377133777466105585e+03
1.298967110799438842e+03
1.390133777466105357e+03
1.412300444132772327e+03
1.443633777466105585e+03
1.386800444132772100e+03
1.442967110799438842e+03
1.431300444132772100e+03
1.387467110799438842e+03
1.272967110799438842e+03
1.350633777466105585e+03
1.417967110799438842e+03
1.477300444132772327e+03
1.380467110799438842e+03
1.412800444132772327e+03
1.435800444132772327e+03
1.484633777466105585e+03
1.372300444132772100e+03
1.395467110799438842e+03
1.368300444132772100e+03
1.352133777466105357e+03
1.245800444132772327e+03
1.320800444132772327e+03
1.359467110799438842e+03
1.360967110799438842e+03
1.224467110799438842e+03
1.289633777466105585e+03
1.283133777466105585e+03
1.279467110799438842e+03
1.205467110799438842e+03
1.305800444132772327e+03
1.368633777466105585e+03
1.380133777466105585e+03
1.279300444132772327e+03
1.293133777466105585e+03
1.276133777466105585e+03
1.305300444132772327e+03
1.257300444132772327e+03
1.302133777466105585e+03
1.277800444132772100e+03
1.298633777466105357e+03
1.262800444132772327e+03
1.388300444132772100e+03
1.394967110799438842e+03
1.387800444132772100e+03
1.247633777466105357e+03
1.300467110799438842e+03
1.313967110799438842e+03
1.328967110799438842e+03
1.251967110799438842e+03
1.330133777466105585e+03
1.333300444132772100e+03
1.301967110799438842e+03
1.168300444132772327e+03
1.227967110799438842e+03
1.260633777466105585e+03
1.285967110799438842e+03
1.197967110799438842e+03
1.243300444132772327e+03
1.275300444132772327e+03
1.279967110799438842e+03
1.223967110799438842e+03
1.257467110799438842e+03
1.276967110799438842e+03
1.273467110799438842e+03
1.208633777466105585e+03
1.256467110799438842e+03
1.260967110799438842e+03
1.304467110799438842e+03
1.242633777466105357e+03
1.337467110799438842e+03
1.333133777466105585e+03
1.377967110799438842e+03
1.284633777466105585e+03
1.318300444132772327e+03
1.300300444132772327e+03
1.323467110799438842e+03
1.223800444132772327e+03
1.286967110799438842e+03
1.302800444132772100e+03
1.353967110799438842e+03
1.277800444132772327e+03
1.280467110799438842e+03
1.248800444132772327e+03
1.293467110799438842e+03
1.293967110799438842e+03
1.391967110799438842e+03
1.373133777466105585e+03
1.340300444132772327e+03
1.292300444132772327e+03
1.367133777466105357e+03
1.560633777466105357e+03
2.044467110799438842e+03
1.997967110799438842e+03
1.876467110799438842e+03
1.315633777466105585e+03
1.248133777466105357e+03
1.182133777466105585e+03
1.293633777466105585e+03
1.316133777466105357e+03
1.303467110799438842e+03
1.222633777466105585e+03
1.285967110799438842e+03
1.287800444132772100e+03
1.296467110799438842e+03
1.195300444132772327e+03
1.254467110799438842e+03
1.265800444132772327e+03
1.274800444132772100e+03
1.226800444132772327e+03
1.283967110799438842e+03
1.323300444132772327e+03
1.304967110799438842e+03
1.179300444132772327e+03
1.157300444132772327e+03
1.125133777466105585e+03
1.200133777466105585e+03
1.218467110799438842e+03
1.362467110799438842e+03
1.364300444132772327e+03
1.359133777466105585e+03
1.225967110799438842e+03
1.248133777466105585e+03
1.274800444132772327e+03
1.306633777466105357e+03
1.237800444132772100e+03
1.239633777466105585e+03
1.250467110799438842e+03
1.286467110799438842e+03
1.260467110799438842e+03
1.308633777466105585e+03
1.283800444132772327e+03
1.246300444132772100e+03
1.162467110799438842e+03
1.265467110799438842e+03
1.300800444132772327e+03
1.316300444132772100e+03
1.226300444132772327e+03
1.266967110799438842e+03
1.287133777466105585e+03
1.300800444132772327e+03
1.245133777466105585e+03
1.302133777466105585e+03
1.302967110799438842e+03
1.317800444132772327e+03
1.221800444132772327e+03
1.234633777466105585e+03
1.194800444132772327e+03
1.210133777466105585e+03
1.155300444132772327e+03
1.256800444132772327e+03
1.300967110799438842e+03
1.352467110799438842e+03
1.233633777466105585e+03
1.267633777466105585e+03
1.283967110799438842e+03
1.328800444132772327e+03
1.244967110799438842e+03
1.277800444132772327e+03
1.290133777466105585e+03
1.294133777466105357e+03
1.189967110799438842e+03
1.214133777466105585e+03
1.235467110799438842e+03
1.277300444132772100e+03
1.210133777466105585e+03
1.238467110799438842e+03
1.248967110799438842e+03
1.339300444132772100e+03
1.272300444132772100e+03
1.278800444132772100e+03
1.229967110799438842e+03
1.253800444132772327e+03
1.227467110799438842e+03
1.307633777466105585e+03
1.316967110799438842e+03
1.352967110799438842e+03
1.266133777466105585e+03
1.301967110799438842e+03
1.255800444132772100e+03
1.262633777466105357e+03
1.195133777466105585e+03
1.264467110799438842e+03
1.251967110799438842e+03
1.301967110799438842e+03
1.237633777466105585e+03
1.282967110799438842e+03
1.248800444132772327e+03
1.258800444132772327e+03
1.173967110799438842e+03
1.231800444132772327e+03
1.217800444132772327e+03
1.270800444132772327e+03
1.170800444132772327e+03
1.175633777466105585e+03
1.182967110799438842e+03
1.234133777466105585e+03
1.230467110799438842e+03
1.282800444132772327e+03
1.292467110799438842e+03
1.294800444132772100e+03
1.210133777466105585e+03
1.283133777466105585e+03
1.331467110799438842e+03
1.373633777466105585e+03
1.290967110799438842e+03
1.293300444132772327e+03
1.247300444132772100e+03
1.238800444132772327e+03
1.143467110799438842e+03
1.196800444132772327e+03
1.205633777466105585e+03
1.282967110799438842e+03
1.252133777466105585e+03
1.322300444132772327e+03
1.318633777466105585e+03
1.317300444132772327e+03
1.220133777466105585e+03
1.259467110799438842e+03
1.250300444132772327e+03
1.303133777466105585e+03
1.253967110799438842e+03
1.310800444132772327e+03
1.281800444132772100e+03
1.254300444132772327e+03
1.181633777466105585e+03
1.231467110799438842e+03
1.237133777466105585e+03
1.255300444132772327e+03
1.183967110799438842e+03
1.223967110799438842e+03
1.229133777466105585e+03
1.237633777466105585e+03
1.158467110799438842e+03
1.205300444132772327e+03
1.240800444132772327e+03
1.311800444132772327e+03
1.274300444132772327e+03
1.289133777466105585e+03
1.279467110799438842e+03
1.293633777466105585e+03
1.220300444132772100e+03
1.256300444132772100e+03
1.213967110799438842e+03
1.253967110799438842e+03
1.186967110799438842e+03
1.262300444132772327e+03
1.247800444132772100e+03
1.262967110799438842e+03
1.124967110799438842e+03
1.148300444132772327e+03
1.142633777466105585e+03
1.220300444132772327e+03
1.175133777466105585e+03
1.241967110799438842e+03
1.213467110799438842e+03
1.231967110799438842e+03
1.132467110799438842e+03
1.188300444132772327e+03
1.186133777466105585e+03
1.188800444132772100e+03
1.127633777466105585e+03
1.201133777466105585e+03
1.210300444132772327e+03
1.242300444132772327e+03
1.135133777466105585e+03
1.185133777466105585e+03
1.210133777466105585e+03
1.266133777466105357e+03
1.200800444132772327e+03
1.232300444132772327e+03
1.243467110799438842e+03
1.296967110799438842e+03
1.201967110799438842e+03
1.194133777466105585e+03
1.162300444132772327e+03
1.181467110799438842e+03
1.133467110799438842e+03
1.199300444132772327e+03
1.229633777466105585e+03
1.316133777466105585e+03
1.298467110799438842e+03
1.372967110799438842e+03
1.356467110799438842e+03
1.345633777466105357e+03
1.265633777466105357e+03
1.249800444132772327e+03
1.230133777466105585e+03
1.246633777466105585e+03
1.220133777466105585e+03
1.257633777466105585e+03
1.209967110799438842e+03
1.194800444132772327e+03
1.126800444132772327e+03
1.203300444132772327e+03
1.220967110799438842e+03
1.236967110799438842e+03
1.157633777466105585e+03
1.202467110799438842e+03
1.223633777466105585e+03
1.240467110799438842e+03
1.182300444132772327e+03
1.239300444132772327e+03
1.274300444132772327e+03
1.280967110799438842e+03
1.167633777466105585e+03
1.171467110799438842e+03
1.191133777466105357e+03
1.225133777466105585e+03
1.165467110799438842e+03
1.212967110799438842e+03
1.257800444132772327e+03
1.302633777466105585e+03
1.235633777466105585e+03
1.212467110799438842e+03
1.201300444132772327e+03
1.230633777466105585e+03
1.215633777466105585e+03
1.243967110799438842e+03
1.203300444132772327e+03
1.198967110799438842e+03
1.124133777466105585e+03
1.176300444132772327e+03
1.193133777466105585e+03
1.263300444132772327e+03
1.245467110799438842e+03
1.288300444132772327e+03
1.241967110799438842e+03
1.227467110799438842e+03
1.178633777466105585e+03
1.228800444132772327e+03
1.231467110799438842e+03
1.250800444132772100e+03
1.196467110799438842e+03
1.225300444132772327e+03
1.211300444132772327e+03
1.253300444132772327e+03
1.179967110799438842e+03
1.168800444132772327e+03
1.162800444132772327e+03
1.246967110799438842e+03
1.234300444132772327e+03
1.266800444132772327e+03
1.239800444132772327e+03
1.239800444132772327e+03
1.176300444132772327e+03
1.231133777466105585e+03
1.223800444132772327e+03
1.201967110799438842e+03
1.081300444132772327e+03
1.132800444132772327e+03
1.145633777466105585e+03
1.185633777466105585e+03
1.127800444132772327e+03
1.171467110799438842e+03
1.187800444132772327e+03
1.236633777466105585e+03
1.230467110799438842e+03
1.321300444132772327e+03
1.326800444132772327e+03
1.319133777466105585e+03
1.185467110799438842e+03
1.181800444132772327e+03
1.149133777466105585e+03
1.167133777466105585e+03
1.120633777466105585e+03
1.184633777466105585e+03
1.238467110799438842e+03
1.331467110799438842e+03
1.291133777466105585e+03
1.285800444132772327e+03
1.221300444132772327e+03
1.274467110799438842e+03
1.253300444132772327e+03
1.335467110799438842e+03
1.289133777466105357e+03
1.269133777466105585e+03
1.161300444132772327e+03
1.205133777466105585e+03
1.209300444132772327e+03
1.238467110799438842e+03
1.157133777466105585e+03
1.199800444132772327e+03
1.187800444132772327e+03
1.215300444132772327e+03
1.145967110799438842e+03
1.200800444132772327e+03
1.189967110799438842e+03
1.206467110799438842e+03
1.140467110799438842e+03
1.185967110799438842e+03
1.212133777466105585e+03
1.214133777466105585e+03
1.145800444132772327e+03
1.140633777466105585e+03
1.137633777466105585e+03
1.177300444132772327e+03
1.152800444132772327e+03
1.214300444132772327e+03
1.197967110799438842e+03
1.215967110799438842e+03
1.128633777466105585e+03
1.176467110799438842e+03
1.185633777466105585e+03
1.242300444132772327e+03
1.218300444132772327e+03
1.261967110799438842e+03
1.255300444132772327e+03
1.284133777466105585e+03
1.201133777466105585e+03
1.212967110799438842e+03
1.168133777466105585e+03
1.187800444132772327e+03
1.121633777466105585e+03
1.160967110799438842e+03
1.149300444132772327e+03
1.194467110799438842e+03
1.133800444132772327e+03
1.227133777466105585e+03
1.266967110799438842e+03
1.318800444132772327e+03
1.214467110799438842e+03
1.224800444132772327e+03
1.217633777466105585e+03
1.247633777466105585e+03
1.149300444132772327e+03
1.160467110799438842e+03
1.172467110799438842e+03
1.243300444132772327e+03
1.201633777466105585e+03
1.223800444132772327e+03
1.214800444132772327e+03
1.281133777466105585e+03
1.218467110799438842e+03
1.230633777466105357e+03
1.158133777466105585e+03
1.172133777466105585e+03
1.142467110799438842e+03
1.189633777466105585e+03
1.209300444132772327e+03
1.218967110799438842e+03
1.173467110799438842e+03
1.213300444132772327e+03
1.220467110799438842e+03
1.262133777466105357e+03
1.194300444132772327e+03
1.194967110799438842e+03
1.148633777466105585e+03
1.175133777466105585e+03
1.154300444132772327e+03
1.228967110799438842e+03
1.223633777466105585e+03
1.245633777466105585e+03
1.172633777466105585e+03
1.224300444132772327e+03
1.227300444132772327e+03
1.267300444132772327e+03
1.211300444132772327e+03
1.246800444132772327e+03
1.259300444132772327e+03
1.304800444132772100e+03
1.230633777466105585e+03
1.224800444132772327e+03
1.177467110799438842e+03
1.198133777466105585e+03
1.138300444132772327e+03
1.176300444132772327e+03
1.206800444132772327e+03
1.281800444132772327e+03
1.217633777466105585e+03
1.185133777466105357e+03
1.133467110799438842e+03
1.185967110799438842e+03
1.173300444132772327e+03
1.239300444132772327e+03
1.216800444132772327e+03
1.226800444132772327e+03
1.180633777466105585e+03
1.279133777466105585e+03
1.288133777466105585e+03
1.286467110799438842e+03
1.164633777466105585e+03
1.165967110799438842e+03
1.160133777466105585e+03
1.185133777466105585e+03
1.137633777466105585e+03
1.160467110799438842e+03
1.155800444132772327e+03
1.179633777466105585e+03
1.111800444132772327e+03
1.142633777466105585e+03
1.177633777466105585e+03
1.224133777466105585e+03
1.179133777466105585e+03
1.204133777466105585e+03
1.211133777466105585e+03
1.247133777466105585e+03
1.200967110799438842e+03
1.235133777466105585e+03
1.227633777466105585e+03
1.231633777466105585e+03
1.170133777466105585e+03
1.222800444132772327e+03
1.203467110799438842e+03
1.212133777466105585e+03
1.108133777466105585e+03
1.154133777466105585e+03
1.162800444132772327e+03
1.229800444132772327e+03
1.175133777466105585e+03
1.233800444132772327e+03
1.203133777466105585e+03
1.240800444132772327e+03
1.176967110799438842e+03
1.190800444132772327e+03
1.184133777466105585e+03
1.269633777466105585e+03
1.245300444132772327e+03
1.259967110799438842e+03
1.182800444132772327e+03
1.219967110799438842e+03
1.188967110799438842e+03
1.210800444132772327e+03
1.221467110799438842e+03
1.283967110799438842e+03
1.246800444132772100e+03
1.213133777466105585e+03
1.118300444132772327e+03
1.128967110799438842e+03
1.131967110799438842e+03
1.238467110799438842e+03
1.241800444132772100e+03
1.288633777466105357e+03
1.215467110799438842e+03
1.247967110799438842e+03
1.206300444132772327e+03
1.238633777466105585e+03
1.179467110799438842e+03
1.183800444132772327e+03
1.144467110799438842e+03
1.152133777466105585e+03
1.109300444132772327e+03
1.168800444132772327e+03
1.166300444132772327e+03
1.223967110799438842e+03
1.162133777466105585e+03
1.208133777466105585e+03
1.160800444132772327e+03
1.209300444132772327e+03
1.183967110799438842e+03
1.228467110799438842e+03
1.220800444132772327e+03
1.232967110799438842e+03
1.183133777466105585e+03
1.205300444132772327e+03
1.173633777466105585e+03
1.194967110799438842e+03
1.143633777466105585e+03
1.207800444132772327e+03
1.216467110799438842e+03
1.258800444132772327e+03
1.214467110799438842e+03
1.247800444132772100e+03
1.202800444132772100e+03
1.179300444132772100e+03
1.113133777466105585e+03
1.149967110799438842e+03
1.185633777466105585e+03
1.246967110799438842e+03
1.193300444132772327e+03
1.227967110799438842e+03
1.184633777466105585e+03
1.192300444132772327e+03
1.101300444132772327e+03
1.158800444132772327e+03
1.171800444132772327e+03
1.219300444132772327e+03
1.156800444132772327e+03
1.182467110799438842e+03
1.150467110799438842e+03
1.195300444132772327e+03
1.175633777466105585e+03
1.281633777466105585e+03
1.266133777466105585e+03
1.306967110799438842e+03
1.211300444132772327e+03
1.232800444132772327e+03
1.203467110799438842e+03
1.234633777466105585e+03
1.186467110799438842e+03
1.181133777466105585e+03
1.175133777466105585e+03
1.224300444132772327e+03
1.215633777466105585e+03
1.224300444132772327e+03
1.170967110799438842e+03
1.184967110799438842e+03
1.138133777466105585e+03
1.199633777466105585e+03
1.196967110799438842e+03
1.218467110799438842e+03
1.140800444132772327e+03
1.185967110799438842e+03
1.196467110799438842e+03
1.239133777466105585e+03
1.160300444132772327e+03
1.176133777466105585e+03
1.152467110799438842e+03
1.201800444132772327e+03
1.144133777466105585e+03
1.177467110799438842e+03
1.131300444132772327e+03
1.188800444132772327e+03
1.139633777466105585e+03
1.190300444132772327e+03
1.155300444132772327e+03
1.201300444132772327e+03
1.145467110799438842e+03
1.196133777466105585e+03
1.211633777466105585e+03
1.270467110799438842e+03
1.244967110799438842e+03
1.264967110799438842e+03
1.267967110799438842e+03
1.248133777466105585e+03
1.164633777466105585e+03
1.166467110799438842e+03
1.196467110799438842e+03
1.221467110799438842e+03
1.143633777466105585e+03
1.120633777466105585e+03
1.091967110799438842e+03
1.121967110799438842e+03
1.114300444132772327e+03
1.192633777466105585e+03
1.218967110799438842e+03
1.283300444132772327e+03
1.287800444132772327e+03
1.326467110799438842e+03
1.261133777466105585e+03
1.184633777466105585e+03
1.096467110799438842e+03
1.153633777466105585e+03
1.206633777466105585e+03
1.314633777466105585e+03
1.254967110799438842e+03
1.273467110799438842e+03
1.199967110799438842e+03
1.224967110799438842e+03
1.149133777466105585e+03
1.148800444132772327e+03
1.137133777466105585e+03
1.175133777466105585e+03
1.147300444132772327e+03
1.174633777466105585e+03
1.164633777466105585e+03
1.178967110799438842e+03
1.091967110799438842e+03
1.095967110799438842e+03
1.096467110799438842e+03
1.122633777466105585e+03
1.114300444132772327e+03
1.191800444132772327e+03
1.223467110799438842e+03
1.270800444132772327e+03
1.185967110799438842e+03
1.251633777466105585e+03
1.325300444132772327e+03
1.369467110799438842e+03
1.326800444132772100e+03
1.239967110799438842e+03
1.209467110799438842e+03
1.219800444132772327e+03
1.185133777466105585e+03
1.220800444132772327e+03
1.189133777466105585e+03
1.246633777466105585e+03
1.181133777466105585e+03
1.203800444132772327e+03
1.151300444132772327e+03
1.175633777466105585e+03
1.142467110799438842e+03
1.192633777466105585e+03
1.216800444132772327e+03
1.226467110799438842e+03
1.179800444132772327e+03
1.238467110799438842e+03
1.252967110799438842e+03
1.260800444132772327e+03
1.177800444132772327e+03
1.200300444132772327e+03
1.218467110799438842e+03
1.265133777466105585e+03
1.182967110799438842e+03
1.174300444132772327e+03
1.129300444132772327e+03
1.209133777466105585e+03
1.164300444132772327e+03
1.200800444132772327e+03
1.171967110799438842e+03
1.251633777466105585e+03
1.206300444132772327e+03
1.208300444132772327e+03
1.125300444132772327e+03
1.161300444132772327e+03
1.137800444132772327e+03
1.216800444132772327e+03
1.189467110799438842e+03
1.230633777466105357e+03
1.160800444132772327e+03
1.208300444132772327e+03
1.210633777466105585e+03
1.259633777466105585e+03
1.212300444132772327e+03
1.203800444132772327e+03
1.191300444132772327e+03
1.223300444132772327e+03
1.155800444132772327e+03
1.143967110799438842e+03
1.122633777466105585e+03
1.175133777466105585e+03
1.146633777466105585e+03
1.192300444132772327e+03
1.184967110799438842e+03
1.224633777466105585e+03
1.173133777466105585e+03
1.218133777466105585e+03
1.229800444132772327e+03
1.255633777466105585e+03
1.187467110799438842e+03
1.180800444132772327e+03
1.136300444132772327e+03
1.198467110799438842e+03
1.203800444132772327e+03
1.326967110799438842e+03
1.312300444132772327e+03
1.292633777466105585e+03
1.156133777466105585e+03
1.155800444132772327e+03
1.118300444132772327e+03
1.190633777466105585e+03
1.184133777466105585e+03
1.259633777466105585e+03
1.228633777466105585e+03
1.221133777466105585e+03
1.164633777466105585e+03
1.213633777466105585e+03
1.232967110799438842e+03
1.260133777466105357e+03
1.206967110799438842e+03
1.244967110799438842e+03
1.206800444132772327e+03
1.220800444132772327e+03
1.175800444132772327e+03
1.267467110799438842e+03
1.267300444132772100e+03
1.279800444132772327e+03
1.220633777466105585e+03
1.268633777466105585e+03
1.259800444132772327e+03
1.312967110799438842e+03
1.224300444132772327e+03
1.211967110799438842e+03
1.120633777466105585e+03
1.168133777466105585e+03
1.128633777466105585e+03
1.193967110799438842e+03
1.180967110799438842e+03
1.239300444132772327e+03
1.182300444132772327e+03
1.189467110799438842e+03
1.173133777466105585e+03
1.237300444132772327e+03
1.218467110799438842e+03
1.264300444132772327e+03
1.236300444132772327e+03
1.266133777466105585e+03
1.233967110799438842e+03
1.257133777466105585e+03
1.222967110799438842e+03
1.225300444132772327e+03
1.217133777466105585e+03
1.269467110799438842e+03
1.239467110799438842e+03
1.220800444132772327e+03
1.149967110799438842e+03
1.169800444132772327e+03
1.154800444132772327e+03
1.217467110799438842e+03
1.201633777466105585e+03
1.240300444132772100e+03
1.212800444132772327e+03
1.229633777466105585e+03
1.163800444132772327e+03
1.202800444132772327e+03
1.162967110799438842e+03
1.208633777466105357e+03
1.160300444132772327e+03
1.239633777466105585e+03
1.214633777466105585e+03
1.216633777466105585e+03
1.141967110799438842e+03
1.159800444132772327e+03
1.142967110799438842e+03
1.164133777466105585e+03
1.171967110799438842e+03
1.211467110799438842e+03
1.161300444132772327e+03
1.168133777466105585e+03
1.135967110799438842e+03
1.205800444132772327e+03
1.194633777466105585e+03
1.211467110799438842e+03
1.169967110799438842e+03
1.220300444132772327e+03
1.224967110799438842e+03
1.281133777466105585e+03
1.221800444132772327e+03
1.223967110799438842e+03
1.201967110799438842e+03
1.220967110799438842e+03
1.188133777466105585e+03
1.238967110799438842e+03
1.258800444132772100e+03
1.292133777466105357e+03
1.179133777466105585e+03
1.197967110799438842e+03
1.213967110799438842e+03
1.312133777466105585e+03
1.246133777466105357e+03
1.253467110799438842e+03
1.243467110799438842e+03
1.309633777466105585e+03
1.280467110799438842e+03
1.277467110799438842e+03
1.212800444132772327e+03
1.197800444132772327e+03
1.152300444132772327e+03
1.201633777466105585e+03
1.182633777466105585e+03
1.213633777466105585e+03
1.145967110799438842e+03
1.176300444132772327e+03
1.159967110799438842e+03
1.199300444132772327e+03
1.195467110799438842e+03
1.219800444132772327e+03
1.167800444132772327e+03
1.190133777466105585e+03
1.179467110799438842e+03
1.282633777466105585e+03
1.296633777466105357e+03
1.298967110799438842e+03
1.227300444132772327e+03
1.246300444132772327e+03
1.231800444132772327e+03
1.233300444132772327e+03
1.156300444132772327e+03
1.181967110799438842e+03
1.195633777466105585e+03
1.260967110799438842e+03
1.188467110799438842e+03
1.219800444132772327e+03
1.169633777466105585e+03
1.240800444132772327e+03
1.236467110799438842e+03
1.267967110799438842e+03
1.273300444132772327e+03
1.272467110799438842e+03
1.220133777466105585e+03
1.217467110799438842e+03
1.187467110799438842e+03
1.229800444132772327e+03
1.177800444132772327e+03
1.180300444132772327e+03
1.149633777466105585e+03
1.181300444132772327e+03
1.184633777466105585e+03
1.238800444132772327e+03
1.216467110799438842e+03
1.228300444132772327e+03
1.150633777466105585e+03
1.155133777466105585e+03
1.107967110799438842e+03
1.148133777466105585e+03
1.123967110799438842e+03
1.154467110799438842e+03
1.147967110799438842e+03
1.247633777466105585e+03
1.275300444132772327e+03
1.333133777466105357e+03
1.213133777466105585e+03
1.188800444132772327e+03
1.126467110799438842e+03
1.217967110799438842e+03
1.209133777466105585e+03
1.216300444132772327e+03
1.152300444132772327e+03
1.198133777466105585e+03
1.210133777466105585e+03
1.245633777466105585e+03
1.191133777466105585e+03
1.221300444132772327e+03
1.226967110799438842e+03
1.274633777466105585e+03
1.210967110799438842e+03
1.184300444132772327e+03
1.138967110799438842e+03
1.155967110799438842e+03
1.143133777466105585e+03
1.193300444132772327e+03
1.169633777466105585e+03
1.160133777466105357e+03
1.065800444132772327e+03
1.086967110799438842e+03
1.091467110799438842e+03
1.157633777466105585e+03
1.122967110799438842e+03
1.138133777466105585e+03
1.073133777466105585e+03
1.102300444132772327e+03
1.086633777466105585e+03
1.164633777466105585e+03
1.177633777466105585e+03
1.242800444132772327e+03
1.199467110799438842e+03
1.247800444132772100e+03
1.170633777466105357e+03
1.164300444132772327e+03
1.102633777466105585e+03
1.173133777466105585e+03
1.202967110799438842e+03
1.242800444132772327e+03
1.211800444132772327e+03
1.258800444132772327e+03
1.253800444132772327e+03
1.260800444132772327e+03
1.177633777466105585e+03
1.187300444132772327e+03
1.210633777466105585e+03
1.263800444132772327e+03
1.248967110799438842e+03
1.271300444132772327e+03
1.263300444132772100e+03
1.251133777466105357e+03
1.188633777466105585e+03
1.187300444132772327e+03
1.178800444132772327e+03
1.196967110799438842e+03
1.171300444132772327e+03
1.228467110799438842e+03
1.210967110799438842e+03
1.267967110799438842e+03
1.208467110799438842e+03
1.219133777466105357e+03
1.136967110799438842e+03
1.143467110799438842e+03
1.112967110799438842e+03
1.175967110799438842e+03
1.174800444132772327e+03
1.204800444132772327e+03
1.144633777466105585e+03
1.163633777466105585e+03
1.147967110799438842e+03
1.173800444132772327e+03
1.125300444132772327e+03
1.153633777466105585e+03
1.148633777466105585e+03
1.205967110799438842e+03
1.137633777466105585e+03
1.139133777466105585e+03
1.146467110799438842e+03
1.227467110799438842e+03
1.194800444132772327e+03
1.165133777466105585e+03
1.131633777466105585e+03
1.191467110799438842e+03
1.184467110799438842e+03
1.204467110799438842e+03
1.181133777466105585e+03
1.189467110799438842e+03
1.175467110799438842e+03
1.221467110799438842e+03
1.231467110799438842e+03
1.259633777466105585e+03
1.193800444132772327e+03
1.187133777466105585e+03
1.162467110799438842e+03
1.220800444132772327e+03
1.207967110799438842e+03
1.230800444132772327e+03
1.214300444132772327e+03
1.232467110799438842e+03
1.190967110799438842e+03
1.166967110799438842e+03
1.144467110799438842e+03
1.198800444132772327e+03
1.237633777466105585e+03
1.315633777466105357e+03
1.269467110799438842e+03
1.258967110799438842e+03
1.177467110799438842e+03
1.193800444132772327e+03
1.176633777466105585e+03
1.212300444132772327e+03
1.222800444132772327e+03
1.248300444132772327e+03
1.207467110799438842e+03
1.174300444132772327e+03
1.166467110799438842e+03
1.194967110799438842e+03
1.188967110799438842e+03
1.177967110799438842e+03
1.140633777466105585e+03
1.133800444132772327e+03
1.116300444132772327e+03
1.152133777466105585e+03
1.154967110799438842e+03
1.170300444132772327e+03
1.138133777466105585e+03
1.176467110799438842e+03
1.156467110799438842e+03
1.220633777466105585e+03
1.187633777466105585e+03
1.210467110799438842e+03
1.136300444132772327e+03
1.141633777466105585e+03
1.106633777466105585e+03
1.137133777466105585e+03
1.129133777466105585e+03
1.158467110799438842e+03
1.118133777466105585e+03
1.132467110799438842e+03
1.110300444132772327e+03
1.172633777466105585e+03
1.160133777466105585e+03
1.201967110799438842e+03
1.194800444132772327e+03
1.255800444132772327e+03
1.208300444132772327e+03
1.213967110799438842e+03
1.110467110799438842e+03
1.127300444132772327e+03
1.090133777466105585e+03
1.156967110799438842e+03
1.137300444132772327e+03
1.143133777466105585e+03
1.103300444132772327e+03
1.156300444132772327e+03
1.165633777466105585e+03
1.159300444132772327e+03
1.119300444132772327e+03
1.138967110799438842e+03
1.136967110799438842e+03
1.175633777466105585e+03
1.128633777466105585e+03
1.179633777466105585e+03
1.151133777466105585e+03
1.198467110799438842e+03
1.159467110799438842e+03
1.148133777466105585e+03
1.106633777466105585e+03
1.141467110799438842e+03
1.123800444132772327e+03
1.148633777466105585e+03
1.111967110799438842e+03
1.132967110799438842e+03
1.140800444132772327e+03
1.205800444132772327e+03
1.174633777466105585e+03
1.121967110799438842e+03
1.047133777466105585e+03
1.101633777466105585e+03
1.121467110799438842e+03
1.184633777466105585e+03
1.162133777466105585e+03
1.161967110799438842e+03
1.114967110799438842e+03
1.115300444132772327e+03
1.122800444132772327e+03
1.159967110799438842e+03
1.124967110799438842e+03
1.152967110799438842e+03
1.149800444132772327e+03
1.227800444132772327e+03
1.230300444132772327e+03
1.254800444132772327e+03
1.208633777466105585e+03
1.237300444132772327e+03
1.214467110799438842e+03
1.199300444132772327e+03
1.122467110799438842e+03
1.141800444132772327e+03
1.165133777466105585e+03
1.214133777466105585e+03
1.177133777466105585e+03
1.229633777466105585e+03
1.233300444132772327e+03
1.239633777466105585e+03
1.196633777466105585e+03
1.247633777466105585e+03
1.250800444132772100e+03
1.265133777466105585e+03
1.207633777466105585e+03
1.240633777466105585e+03
1.201633777466105585e+03
1.215133777466105585e+03
1.157633777466105585e+03
1.211967110799438842e+03
1.197300444132772327e+03
1.261800444132772327e+03
1.257967110799438842e+03
1.278133777466105585e+03
1.218467110799438842e+03
1.210467110799438842e+03
1.172467110799438842e+03
1.231967110799438842e+03
1.218133777466105585e+03
1.219800444132772327e+03
1.147967110799438842e+03
1.169300444132772327e+03
1.143633777466105585e+03
1.151133777466105585e+03
1.111133777466105585e+03
1.174800444132772327e+03
1.144133777466105585e+03
1.148967110799438842e+03
1.113467110799438842e+03
1.172133777466105585e+03
1.152300444132772327e+03
1.170133777466105585e+03
1.170467110799438842e+03
1.205300444132772327e+03
1.179133777466105585e+03
1.183467110799438842e+03
1.169633777466105585e+03
1.222800444132772327e+03
1.197967110799438842e+03
1.215133777466105585e+03
1.207800444132772327e+03
1.259633777466105585e+03
1.266967110799438842e+03
1.245467110799438842e+03
1.225467110799438842e+03
1.245633777466105585e+03
1.232633777466105585e+03
1.254133777466105585e+03
1.205633777466105585e+03
1.239300444132772327e+03
1.231800444132772327e+03
1.304967110799438842e+03
1.280467110799438842e+03
1.301967110799438842e+03
1.238967110799438842e+03
1.232467110799438842e+03
1.176467110799438842e+03
1.173800444132772327e+03
1.133300444132772327e+03
1.134467110799438842e+03
1.123800444132772327e+03
1.193633777466105585e+03
1.171967110799438842e+03
1.186467110799438842e+03
1.166800444132772327e+03
1.191800444132772327e+03
1.168133777466105585e+03
1.188967110799438842e+03
1.196800444132772327e+03
1.267800444132772327e+03
1.264133777466105357e+03
1.255633777466105585e+03
1.210967110799438842e+03
1.239467110799438842e+03
1.250800444132772327e+03
1.257467110799438842e+03
1.174467110799438842e+03
1.204633777466105585e+03
1.188300444132772327e+03
1.232300444132772327e+03
1.170800444132772327e+03
1.189300444132772327e+03
1.164967110799438842e+03
1.219800444132772327e+03
1.206967110799438842e+03
1.283467110799438842e+03
1.263800444132772327e+03
1.320633777466105585e+03
1.289633777466105585e+03
1.312633777466105585e+03
1.225133777466105585e+03
1.205467110799438842e+03
1.194633777466105585e+03
1.290800444132772327e+03
1.307967110799438842e+03
1.269633777466105585e+03
1.209300444132772100e+03
1.225800444132772327e+03
1.255800444132772100e+03
1.296633777466105357e+03
1.222800444132772327e+03
1.212967110799438842e+03
1.147133777466105585e+03
1.193467110799438842e+03
1.183133777466105585e+03
1.267300444132772327e+03
1.254633777466105585e+03
1.283967110799438842e+03
1.217633777466105585e+03
1.248133777466105585e+03
1.142633777466105585e+03
1.120633777466105585e+03
1.068967110799438842e+03
1.157633777466105585e+03
1.180467110799438842e+03
1.195467110799438842e+03
1.145967110799438842e+03
1.163300444132772327e+03
1.148300444132772327e+03
1.194133777466105585e+03
1.138800444132772327e+03
1.160633777466105585e+03
6.721337774661055846e+02
