5.499224637681160175e+02
6.990891304347826463e+02
3.484224637681160175e+02
3.005891304347826463e+02
7.847557971014493887e+02
1.155089130434782419e+03
1.306255797101449161e+03
1.112255797101449161e+03
1.202755797101449389e+03
1.276922463768115904e+03
1.259255797101449389e+03
1.080755797101449389e+03
1.192255797101449389e+03
1.313922463768115904e+03
1.313089130434782646e+03
1.131589130434782646e+03
1.205589130434782646e+03
1.315089130434782646e+03
1.376755797101449389e+03
1.223922463768115904e+03
1.408422463768115904e+03
1.521755797101449389e+03
1.540589130434782646e+03
1.297089130434782646e+03
1.384589130434782646e+03
1.444922463768115904e+03
1.447422463768115904e+03
1.248922463768115904e+03
1.342922463768115904e+03
1.418255797101449161e+03
1.422089130434782646e+03
1.268422463768115904e+03
1.426255797101449389e+03
1.485922463768115904e+03
1.485755797101449161e+03
1.255255797101449389e+03
1.360255797101449389e+03
1.434255797101449161e+03
1.414089130434782646e+03
1.238922463768115904e+03
1.343255797101449389e+03
1.452255797101449389e+03
1.446755797101449161e+03
1.258255797101449389e+03
1.346755797101449389e+03
1.449089130434782419e+03
1.481589130434782419e+03
1.370255797101449389e+03
1.500089130434782646e+03
1.553089130434782419e+03
1.464255797101449161e+03
1.236422463768115904e+03
1.368922463768115904e+03
1.478255797101449389e+03
1.510255797101449389e+03
1.325422463768115904e+03
1.405755797101449389e+03
1.417255797101449389e+03
1.392755797101449161e+03
1.214422463768115904e+03
1.346755797101449389e+03
1.458755797101449161e+03
1.474922463768115904e+03
1.283089130434782419e+03
1.370755797101449389e+03
1.469255797101449161e+03
1.452089130434782646e+03
1.284422463768115904e+03
1.413922463768115904e+03
1.539089130434782419e+03
1.545589130434782646e+03
1.349422463768115904e+03
1.458255797101449389e+03
1.526422463768115904e+03
1.511755797101449389e+03
1.339422463768115904e+03
1.420255797101449389e+03
1.475922463768115904e+03
1.418422463768115904e+03
1.262422463768115904e+03
1.366589130434782419e+03
1.438422463768115904e+03
1.396922463768115904e+03
1.220922463768115904e+03
1.332922463768115904e+03
1.437422463768115904e+03
1.445589130434782646e+03
1.292755797101449389e+03
1.379589130434782646e+03
1.419089130434782646e+03
1.424422463768115904e+03
1.247589130434782646e+03
1.360922463768115904e+03
1.437089130434782419e+03
1.434922463768115904e+03
1.340922463768115904e+03
1.468755797101449389e+03
1.548922463768115904e+03
1.468255797101449389e+03
1.251255797101449389e+03
1.350922463768115904e+03
1.452755797101449389e+03
1.450422463768115904e+03
1.258089130434782419e+03
1.332589130434782646e+03
1.373255797101449161e+03
1.369922463768115904e+03
1.212255797101449161e+03
1.355422463768115904e+03
1.445589130434782646e+03
1.450255797101449389e+03
1.270089130434782646e+03
1.423255797101449389e+03
1.537922463768115904e+03
1.558922463768115904e+03
1.342255797101449389e+03
1.411755797101449389e+03
1.454255797101449161e+03
1.438422463768115904e+03
1.250922463768115904e+03
1.383755797101449389e+03
1.465422463768115904e+03
1.462089130434782646e+03
1.251422463768115904e+03
1.344089130434782646e+03
1.381422463768115904e+03
1.352422463768115904e+03
1.191422463768115904e+03
1.366255797101449389e+03
1.475255797101449389e+03
1.422422463768115904e+03
1.172922463768115904e+03
1.295089130434782646e+03
1.432922463768115904e+03
1.455089130434782419e+03
1.266255797101449161e+03
1.337255797101449389e+03
1.413922463768115904e+03
1.387755797101449389e+03
1.219089130434782646e+03
1.354255797101449389e+03
1.504255797101449389e+03
1.549089130434782419e+03
1.330089130434782646e+03
1.337255797101449389e+03
1.379422463768115904e+03
1.421255797101449161e+03
1.281922463768115904e+03
1.342089130434782646e+03
1.395255797101449389e+03
1.414089130434782646e+03
1.286589130434782646e+03
1.400589130434782646e+03
1.457755797101449389e+03
1.440089130434782646e+03
1.255422463768115904e+03
1.367922463768115904e+03
1.452589130434782646e+03
1.464422463768115904e+03
1.300922463768115904e+03
1.372922463768115904e+03
1.412755797101449389e+03
1.382922463768115904e+03
1.245922463768115904e+03
1.343255797101449389e+03
1.404755797101449389e+03
1.407089130434782646e+03
1.276589130434782646e+03
1.396422463768115904e+03
1.471422463768115904e+03
1.433255797101449389e+03
1.232922463768115904e+03
1.271089130434782646e+03
1.365755797101449161e+03
1.441922463768115904e+03
1.301255797101449161e+03
1.367589130434782419e+03
1.423589130434782646e+03
1.460922463768115904e+03
1.302089130434782646e+03
1.367589130434782646e+03
1.398089130434782419e+03
1.385089130434782646e+03
1.234755797101449389e+03
1.353089130434782646e+03
1.423755797101449389e+03
1.418422463768115904e+03
1.226255797101449389e+03
1.374422463768115904e+03
1.452089130434782646e+03
1.427922463768115904e+03
1.241255797101449389e+03
1.333922463768115904e+03
1.435922463768115904e+03
1.463089130434782419e+03
1.301422463768115904e+03
1.407422463768115904e+03
1.430422463768115904e+03
1.417755797101449389e+03
1.268422463768115904e+03
1.402255797101449389e+03
1.462089130434782646e+03
1.459755797101449389e+03
1.282255797101449389e+03
1.363089130434782646e+03
1.405422463768115904e+03
1.404589130434782419e+03
1.279755797101449389e+03
1.404089130434782646e+03
1.455755797101449161e+03
1.422589130434782646e+03
1.244255797101449161e+03
1.348089130434782646e+03
1.418255797101449389e+03
1.342922463768115904e+03
1.143089130434782646e+03
1.277922463768115904e+03
1.482422463768115904e+03
1.547422463768115904e+03
1.337422463768115904e+03
1.346422463768115904e+03
1.377755797101449389e+03
1.407755797101449161e+03
1.257922463768115904e+03
1.367422463768115904e+03
1.446089130434782646e+03
1.489422463768115904e+03
1.320922463768115904e+03
1.401255797101449389e+03
1.435255797101449389e+03
1.452255797101449389e+03
1.293922463768115904e+03
1.349089130434782646e+03
1.339589130434782419e+03
1.333422463768115904e+03
1.214255797101449389e+03
1.376755797101449389e+03
1.417422463768115904e+03
1.413755797101449161e+03
1.245755797101449389e+03
1.371755797101449389e+03
1.413589130434782419e+03
1.362089130434782419e+03
1.178922463768115904e+03
1.274922463768115904e+03
1.371755797101449389e+03
1.348922463768115904e+03
1.177255797101449389e+03
1.280755797101449389e+03
1.389589130434782646e+03
1.429089130434782646e+03
1.282089130434782646e+03
1.397422463768115904e+03
1.436922463768115904e+03
1.428755797101449161e+03
1.259589130434782646e+03
1.357755797101449389e+03
1.398255797101449161e+03
1.381922463768115904e+03
1.212255797101449389e+03
1.306422463768115904e+03
1.387422463768115904e+03
1.431755797101449161e+03
1.311422463768115904e+03
1.410922463768115904e+03
1.450922463768115904e+03
1.429589130434782646e+03
1.217589130434782419e+03
1.290089130434782646e+03
1.348422463768115904e+03
1.379589130434782646e+03
1.244755797101449389e+03
1.365589130434782646e+03
1.387089130434782646e+03
1.363422463768115904e+03
1.171755797101449389e+03
1.278422463768115904e+03
1.341089130434782646e+03
1.336922463768115904e+03
1.191589130434782646e+03
1.350422463768115904e+03
1.448255797101449389e+03
1.461089130434782646e+03
1.234589130434782646e+03
1.296089130434782646e+03
1.383255797101449389e+03
1.467255797101449161e+03
1.331422463768115904e+03
1.397422463768115904e+03
1.382255797101449389e+03
1.398255797101449389e+03
1.263422463768115904e+03
1.355422463768115904e+03
1.380922463768115904e+03
1.363255797101449389e+03
1.254922463768115904e+03
1.392755797101449389e+03
1.473089130434782646e+03
1.468422463768115904e+03
1.272255797101449161e+03
1.339422463768115904e+03
1.377255797101449389e+03
1.350922463768115904e+03
1.207589130434782646e+03
1.314755797101449389e+03
1.422922463768115904e+03
1.418422463768115904e+03
1.297922463768115904e+03
1.400589130434782646e+03
1.478422463768115904e+03
1.470089130434782646e+03
1.351589130434782646e+03
1.428255797101449161e+03
1.417589130434782419e+03
1.340255797101449389e+03
1.199922463768115904e+03
1.354089130434782646e+03
1.421755797101449389e+03
1.416922463768115904e+03
1.195089130434782646e+03
1.245089130434782646e+03
1.246922463768115904e+03
1.245422463768115904e+03
1.130422463768115904e+03
1.230589130434782646e+03
1.321255797101449389e+03
1.327255797101449389e+03
1.200922463768115904e+03
1.269589130434782646e+03
1.333089130434782419e+03
1.341922463768115904e+03
1.208255797101449389e+03
1.277922463768115904e+03
1.357255797101449389e+03
1.374422463768115904e+03
1.271422463768115904e+03
1.318089130434782646e+03
1.381255797101449389e+03
1.416422463768115904e+03
1.321255797101449389e+03
1.376422463768115904e+03
1.378255797101449161e+03
1.364422463768115904e+03
1.259922463768115904e+03
1.360422463768115904e+03
1.383755797101449389e+03
1.338589130434782646e+03
1.189422463768115904e+03
1.323589130434782646e+03
1.441422463768115904e+03
1.433589130434782646e+03
1.261255797101449161e+03
1.336089130434782646e+03
1.393755797101449389e+03
1.396589130434782419e+03
1.184589130434782646e+03
1.244755797101449389e+03
1.300422463768115904e+03
1.370422463768115904e+03
1.262755797101449389e+03
1.302089130434782646e+03
1.334255797101449161e+03
1.322755797101449389e+03
1.222255797101449389e+03
1.303589130434782646e+03
1.361589130434782646e+03
1.407589130434782419e+03
1.291422463768115904e+03
1.396255797101449161e+03
1.404255797101449389e+03
1.384089130434782646e+03
1.202089130434782646e+03
1.243089130434782646e+03
1.310422463768115904e+03
1.414089130434782646e+03
1.347255797101449161e+03
1.412755797101449389e+03
1.356422463768115904e+03
1.336589130434782646e+03
1.232255797101449389e+03
1.338922463768115904e+03
1.369755797101449161e+03
1.339755797101449161e+03
1.191922463768115904e+03
1.282755797101449389e+03
1.343755797101449161e+03
1.377589130434782646e+03
1.270755797101449161e+03
1.331089130434782646e+03
1.354255797101449389e+03
1.310255797101449161e+03
1.145755797101449389e+03
1.212255797101449389e+03
1.266922463768115904e+03
1.300255797101449389e+03
1.184422463768115904e+03
1.257089130434782646e+03
1.293255797101449389e+03
1.305255797101449389e+03
1.203922463768115904e+03
1.340922463768115904e+03
1.370255797101449389e+03
1.332755797101449161e+03
1.158755797101449389e+03
1.234922463768115904e+03
1.290922463768115904e+03
1.302922463768115904e+03
1.215922463768115904e+03
1.320089130434782646e+03
1.330589130434782419e+03
1.322589130434782419e+03
1.211589130434782646e+03
1.335422463768115904e+03
1.390589130434782646e+03
1.427755797101449389e+03
1.338422463768115904e+03
1.391422463768115904e+03
1.381589130434782646e+03
1.340922463768115904e+03
1.204589130434782646e+03
1.259422463768115904e+03
1.277422463768115904e+03
1.314922463768115904e+03
1.239589130434782646e+03
1.341255797101449389e+03
1.343422463768115904e+03
1.320422463768115904e+03
1.214755797101449389e+03
1.338422463768115904e+03
1.413089130434782646e+03
1.441755797101449389e+03
1.259089130434782419e+03
1.311255797101449389e+03
1.318922463768115904e+03
1.364589130434782646e+03
1.239422463768115904e+03
1.290422463768115904e+03
1.268589130434782646e+03
1.276255797101449389e+03
1.214255797101449389e+03
1.340755797101449389e+03
1.368422463768115904e+03
1.331922463768115904e+03
1.192589130434782419e+03
1.250589130434782646e+03
1.279589130434782646e+03
1.338922463768115904e+03
1.291922463768115904e+03
1.367755797101449389e+03
1.357922463768115904e+03
1.337422463768115904e+03
1.239589130434782646e+03
1.327589130434782646e+03
1.384589130434782646e+03
1.372089130434782646e+03
1.276922463768115904e+03
1.290755797101449389e+03
1.359422463768115904e+03
1.426589130434782419e+03
1.353089130434782419e+03
1.405255797101449389e+03
1.381589130434782646e+03
1.385089130434782419e+03
1.265089130434782419e+03
1.316089130434782646e+03
1.333589130434782419e+03
1.337755797101449161e+03
1.237255797101449389e+03
1.311255797101449389e+03
1.368755797101449161e+03
1.391922463768115904e+03
1.268922463768115904e+03
1.304089130434782646e+03
1.314255797101449161e+03
1.315589130434782646e+03
1.188755797101449389e+03
1.247422463768115904e+03
1.297089130434782419e+03
1.343255797101449161e+03
1.253922463768115904e+03
1.336089130434782646e+03
1.367255797101449389e+03
1.386255797101449389e+03
1.247922463768115904e+03
1.276589130434782646e+03
1.282589130434782419e+03
1.322589130434782646e+03
1.221422463768115904e+03
1.251922463768115904e+03
1.205422463768115904e+03
1.217089130434782646e+03
1.142922463768115904e+03
1.254589130434782646e+03
1.328422463768115904e+03
1.370422463768115904e+03
1.289589130434782646e+03
1.330922463768115904e+03
1.310089130434782419e+03
1.311589130434782646e+03
1.190422463768115904e+03
1.270589130434782646e+03
1.316089130434782646e+03
1.347755797101449161e+03
1.231089130434782419e+03
1.265089130434782646e+03
1.277755797101449389e+03
1.301422463768115904e+03
1.248089130434782646e+03
1.370922463768115904e+03
1.403089130434782646e+03
1.353755797101449389e+03
1.205922463768115904e+03
1.308089130434782646e+03
1.380922463768115904e+03
1.450755797101449161e+03
1.312922463768115904e+03
1.307589130434782419e+03
1.260755797101449389e+03
1.282589130434782419e+03
1.218089130434782646e+03
1.282755797101449389e+03
1.314589130434782646e+03
1.382422463768115904e+03
1.297589130434782646e+03
1.323089130434782646e+03
1.278089130434782646e+03
1.280255797101449389e+03
1.183589130434782646e+03
1.251589130434782646e+03
1.243255797101449389e+03
1.257422463768115904e+03
1.170255797101449389e+03
1.297255797101449389e+03
1.378422463768115904e+03
1.427755797101449389e+03
1.322422463768115904e+03
1.321255797101449389e+03
1.293589130434782646e+03
1.295755797101449389e+03
1.238755797101449389e+03
1.315089130434782646e+03
1.318255797101449389e+03
1.320255797101449389e+03
1.225589130434782646e+03
1.311755797101449389e+03
1.329922463768115904e+03
1.379255797101449389e+03
1.298422463768115904e+03
1.359589130434782646e+03
1.347255797101449389e+03
1.391755797101449389e+03
1.297589130434782419e+03
1.357755797101449161e+03
1.307589130434782646e+03
1.305089130434782419e+03
1.164755797101449389e+03
1.237422463768115904e+03
1.269922463768115904e+03
1.346422463768115904e+03
1.263589130434782419e+03
1.355922463768115904e+03
1.362089130434782419e+03
1.351922463768115904e+03
1.239755797101449389e+03
1.307589130434782646e+03
1.343089130434782646e+03
1.348255797101449389e+03
1.249589130434782646e+03
1.331255797101449389e+03
1.326422463768115904e+03
1.332089130434782646e+03
1.184755797101449389e+03
1.279922463768115904e+03
1.334089130434782419e+03
1.442422463768115904e+03
1.379589130434782646e+03
1.415422463768115904e+03
1.369089130434782646e+03
1.328589130434782646e+03
1.195922463768115904e+03
1.243755797101449389e+03
1.271589130434782646e+03
1.317922463768115904e+03
1.228922463768115904e+03
1.252755797101449389e+03
1.256089130434782646e+03
1.293755797101449161e+03
1.224755797101449389e+03
1.263922463768115904e+03
1.223089130434782646e+03
1.236089130434782646e+03
1.189755797101449389e+03
1.283589130434782646e+03
1.293422463768115904e+03
1.342422463768115904e+03
1.278089130434782646e+03
1.388422463768115904e+03
1.396422463768115904e+03
1.434922463768115904e+03
1.335755797101449389e+03
1.343255797101449161e+03
1.326755797101449389e+03
1.340422463768115904e+03
1.279922463768115904e+03
1.321755797101449161e+03
1.294089130434782419e+03
1.327422463768115904e+03
1.300422463768115904e+03
1.411589130434782646e+03
1.385422463768115904e+03
1.364922463768115904e+03
1.268255797101449389e+03
1.350922463768115904e+03
1.354755797101449389e+03
1.303922463768115904e+03
1.176089130434782646e+03
1.217755797101449389e+03
1.256755797101449161e+03
1.278922463768115904e+03
1.196089130434782646e+03
1.229922463768115904e+03
1.208422463768115904e+03
1.212922463768115904e+03
1.139922463768115904e+03
1.208422463768115904e+03
1.235422463768115904e+03
1.289255797101449389e+03
1.213422463768115904e+03
1.273089130434782646e+03
1.297255797101449389e+03
1.366922463768115904e+03
1.280922463768115904e+03
1.303422463768115904e+03
1.287422463768115904e+03
1.319922463768115904e+03
1.264922463768115904e+03
1.322755797101449389e+03
1.321089130434782646e+03
1.342089130434782419e+03
1.284755797101449161e+03
1.369089130434782646e+03
1.342922463768115904e+03
1.313422463768115904e+03
1.188589130434782646e+03
1.255922463768115904e+03
1.325422463768115904e+03
1.424755797101449161e+03
1.378755797101449161e+03
1.402255797101449161e+03
1.316089130434782419e+03
1.318755797101449389e+03
1.215755797101449389e+03
1.261755797101449389e+03
1.248589130434782646e+03
1.306589130434782646e+03
1.277922463768115904e+03
1.349089130434782646e+03
1.331255797101449389e+03
1.346589130434782646e+03
1.207589130434782646e+03
1.209755797101449389e+03
1.212089130434782646e+03
1.315755797101449389e+03
1.315089130434782646e+03
1.373255797101449161e+03
1.343755797101449389e+03
1.385922463768115904e+03
1.302422463768115904e+03
1.358422463768115904e+03
1.302589130434782646e+03
1.342422463768115904e+03
1.246922463768115904e+03
1.311089130434782646e+03
1.270755797101449161e+03
1.336089130434782646e+03
1.294089130434782646e+03
1.364589130434782646e+03
1.321089130434782646e+03
1.308755797101449389e+03
1.220255797101449389e+03
1.307089130434782646e+03
1.324755797101449161e+03
1.391089130434782419e+03
1.285255797101449389e+03
1.328255797101449161e+03
1.333755797101449389e+03
1.455589130434782646e+03
1.419089130434782646e+03
1.453755797101449161e+03
1.375589130434782419e+03
1.369755797101449389e+03
1.261089130434782419e+03
1.257922463768115904e+03
1.221589130434782646e+03
1.210589130434782646e+03
1.208589130434782646e+03
1.296755797101449389e+03
1.323589130434782646e+03
1.320589130434782646e+03
1.194589130434782646e+03
1.226755797101449389e+03
1.217089130434782646e+03
1.298089130434782646e+03
1.250255797101449161e+03
1.333755797101449161e+03
1.291422463768115904e+03
1.289589130434782646e+03
1.198589130434782646e+03
1.299089130434782646e+03
1.363089130434782646e+03
1.355255797101449389e+03
1.240255797101449389e+03
1.257589130434782646e+03
1.315755797101449389e+03
1.329422463768115904e+03
1.238422463768115904e+03
1.271589130434782646e+03
1.294089130434782419e+03
1.351922463768115904e+03
1.239589130434782646e+03
1.282755797101449389e+03
1.289589130434782646e+03
1.338089130434782646e+03
1.287755797101449389e+03
1.293922463768115904e+03
1.303089130434782419e+03
1.330422463768115904e+03
1.259755797101449389e+03
1.251089130434782646e+03
1.217422463768115904e+03
1.254755797101449389e+03
1.217089130434782646e+03
1.233255797101449389e+03
1.243755797101449161e+03
1.308755797101449161e+03
1.269589130434782419e+03
1.348922463768115904e+03
1.362755797101449389e+03
1.413922463768115904e+03
1.286255797101449389e+03
1.259589130434782646e+03
1.202089130434782646e+03
1.216255797101449389e+03
1.133922463768115904e+03
1.227589130434782646e+03
1.314422463768115904e+03
1.362755797101449389e+03
1.219255797101449389e+03
1.147255797101449389e+03
1.143089130434782646e+03
1.232922463768115904e+03
1.221255797101449389e+03
1.268089130434782646e+03
1.247089130434782646e+03
1.295255797101449389e+03
1.280755797101449389e+03
1.347089130434782419e+03
1.325255797101449389e+03
1.351755797101449389e+03
1.291255797101449389e+03
1.351089130434782646e+03
1.314589130434782419e+03
1.310755797101449161e+03
1.232089130434782646e+03
1.280255797101449389e+03
1.338255797101449161e+03
1.341589130434782419e+03
1.248089130434782646e+03
1.240422463768115904e+03
1.265922463768115904e+03
1.324422463768115904e+03
1.264922463768115904e+03
1.313089130434782419e+03
1.324422463768115904e+03
1.402255797101449389e+03
1.318755797101449161e+03
1.327755797101449389e+03
1.277922463768115904e+03
1.287589130434782646e+03
1.229922463768115904e+03
1.299255797101449389e+03
1.306922463768115904e+03
1.316089130434782419e+03
1.202255797101449389e+03
1.241755797101449389e+03
1.232255797101449389e+03
1.270422463768115904e+03
1.185589130434782646e+03
1.247255797101449389e+03
1.260255797101449161e+03
1.333089130434782419e+03
1.275589130434782646e+03
1.296255797101449389e+03
1.262589130434782646e+03
1.290755797101449389e+03
1.237589130434782646e+03
1.333589130434782646e+03
1.356255797101449389e+03
1.403922463768115904e+03
1.314589130434782419e+03
1.328089130434782419e+03
1.316089130434782646e+03
1.328755797101449161e+03
1.275255797101449389e+03
1.302089130434782419e+03
1.283755797101449389e+03
1.285755797101449389e+03
1.206089130434782646e+03
1.297255797101449389e+03
1.293255797101449389e+03
1.335089130434782646e+03
1.235589130434782646e+03
1.311755797101449389e+03
1.294422463768115904e+03
1.303589130434782646e+03
1.201089130434782646e+03
1.268589130434782646e+03
1.280422463768115904e+03
1.309589130434782646e+03
1.219589130434782646e+03
1.298089130434782646e+03
1.320755797101449389e+03
1.386255797101449389e+03
1.275089130434782646e+03
1.330922463768115904e+03
1.294922463768115904e+03
1.267089130434782419e+03
1.129922463768115904e+03
1.192922463768115904e+03
1.240089130434782646e+03
1.246255797101449389e+03
1.162255797101449389e+03
1.244755797101449389e+03
1.319589130434782646e+03
1.363422463768115904e+03
1.302755797101449389e+03
1.360422463768115904e+03
1.364922463768115904e+03
1.360589130434782646e+03
1.223922463768115904e+03
1.221089130434782419e+03
1.212422463768115904e+03
1.254089130434782646e+03
1.180922463768115904e+03
1.235755797101449389e+03
1.250922463768115904e+03
1.295755797101449161e+03
1.223922463768115904e+03
1.286089130434782646e+03
1.336922463768115904e+03
1.354255797101449389e+03
1.239589130434782419e+03
1.234255797101449389e+03
1.232922463768115904e+03
1.297922463768115904e+03
1.227089130434782646e+03
1.295255797101449389e+03
1.290422463768115904e+03
1.332089130434782419e+03
1.257755797101449389e+03
1.315922463768115904e+03
1.299089130434782646e+03
1.314422463768115904e+03
1.227589130434782419e+03
1.342255797101449389e+03
1.349589130434782419e+03
1.349922463768115904e+03
1.221755797101449389e+03
1.299922463768115904e+03
1.304589130434782419e+03
1.325089130434782646e+03
1.199422463768115904e+03
1.268255797101449389e+03
1.280589130434782419e+03
1.330755797101449161e+03
1.239922463768115904e+03
1.301755797101449389e+03
1.291755797101449161e+03
1.340255797101449389e+03
1.254089130434782646e+03
1.303755797101449389e+03
1.297255797101449389e+03
1.323922463768115904e+03
1.276922463768115904e+03
1.343589130434782646e+03
1.322755797101449389e+03
1.339089130434782646e+03
1.287922463768115904e+03
1.358422463768115904e+03
1.311422463768115904e+03
1.273422463768115904e+03
1.182089130434782646e+03
1.277255797101449389e+03
1.286089130434782646e+03
1.272922463768115904e+03
1.166089130434782646e+03
1.253922463768115904e+03
1.307089130434782646e+03
1.358089130434782419e+03
1.271422463768115904e+03
1.356422463768115904e+03
1.377755797101449389e+03
1.390089130434782646e+03
1.275922463768115904e+03
1.316422463768115904e+03
1.308755797101449161e+03
1.338255797101449389e+03
1.230255797101449389e+03
1.283922463768115904e+03
1.290922463768115904e+03
1.290255797101449161e+03
1.174089130434782646e+03
1.152089130434782646e+03
1.186589130434782646e+03
1.289589130434782419e+03
1.238089130434782419e+03
1.282922463768115904e+03
1.237755797101449389e+03
1.248255797101449389e+03
1.130755797101449389e+03
1.192922463768115904e+03
1.241089130434782646e+03
1.288922463768115904e+03
1.170255797101449389e+03
1.195589130434782646e+03
1.199089130434782646e+03
1.229755797101449161e+03
1.168922463768115904e+03
1.268755797101449389e+03
1.317255797101449161e+03
1.348089130434782419e+03
1.221255797101449389e+03
1.235422463768115904e+03
1.243422463768115904e+03
1.287089130434782419e+03
1.239422463768115904e+03
1.303755797101449389e+03
1.317089130434782646e+03
1.330922463768115904e+03
1.214755797101449389e+03
1.246422463768115904e+03
1.246922463768115904e+03
1.267255797101449389e+03
1.176922463768115904e+03
1.207422463768115904e+03
1.209755797101449389e+03
1.226589130434782646e+03
1.180755797101449389e+03
1.265589130434782646e+03
1.330089130434782419e+03
1.399089130434782646e+03
1.346089130434782646e+03
1.327422463768115904e+03
1.239922463768115904e+03
1.196422463768115904e+03
1.132922463768115904e+03
1.239089130434782646e+03
1.317922463768115904e+03
1.366589130434782419e+03
1.279922463768115904e+03
1.315755797101449389e+03
1.329422463768115904e+03
1.331589130434782646e+03
1.202755797101449389e+03
1.211255797101449389e+03
1.266589130434782419e+03
1.302755797101449161e+03
1.257089130434782419e+03
1.286255797101449389e+03
1.316589130434782419e+03
1.297255797101449161e+03
1.186922463768115904e+03
1.245089130434782646e+03
1.319255797101449389e+03
1.366422463768115904e+03
1.291755797101449389e+03
1.321755797101449389e+03
1.284589130434782419e+03
1.231589130434782419e+03
1.134089130434782646e+03
1.246089130434782646e+03
1.275422463768115904e+03
1.274922463768115904e+03
1.144089130434782646e+03
1.210755797101449389e+03
1.217089130434782646e+03
1.225422463768115904e+03
1.113089130434782646e+03
1.182755797101449389e+03
1.215755797101449389e+03
1.278089130434782419e+03
1.219089130434782646e+03
1.329589130434782646e+03
1.356755797101449161e+03
1.378589130434782646e+03
1.220589130434782419e+03
1.229255797101449389e+03
1.207422463768115904e+03
1.278755797101449389e+03
1.239089130434782646e+03
1.332755797101449389e+03
1.308589130434782646e+03
1.281922463768115904e+03
1.126089130434782646e+03
1.164089130434782646e+03
1.200422463768115904e+03
1.253255797101449389e+03
1.204755797101449389e+03
1.281755797101449389e+03
1.322255797101449389e+03
1.317922463768115904e+03
1.205089130434782646e+03
1.225089130434782646e+03
1.206089130434782646e+03
1.218089130434782646e+03
1.161922463768115904e+03
1.280422463768115904e+03
1.350422463768115904e+03
1.387255797101449161e+03
1.284255797101449389e+03
1.284422463768115904e+03
1.267589130434782646e+03
1.280755797101449389e+03
1.237922463768115904e+03
1.335922463768115904e+03
1.366422463768115904e+03
1.301755797101449161e+03
1.147589130434782646e+03
1.195422463768115904e+03
1.276922463768115904e+03
1.314255797101449389e+03
1.233089130434782646e+03
1.231755797101449389e+03
1.237422463768115904e+03
1.272589130434782646e+03
1.224422463768115904e+03
1.276255797101449389e+03
1.278755797101449389e+03
1.348422463768115904e+03
1.343422463768115904e+03
1.362089130434782419e+03
1.292755797101449389e+03
1.246089130434782646e+03
1.157922463768115904e+03
1.216755797101449389e+03
1.197089130434782646e+03
1.224422463768115904e+03
1.140922463768115904e+03
1.233422463768115904e+03
1.267089130434782646e+03
1.303255797101449389e+03
1.194422463768115904e+03
1.211089130434782646e+03
1.187089130434782646e+03
1.173255797101449389e+03
1.106255797101449389e+03
1.221089130434782646e+03
1.311755797101449161e+03
1.357755797101449389e+03
1.274422463768115904e+03
1.305922463768115904e+03
1.307089130434782646e+03
1.284755797101449161e+03
1.215089130434782419e+03
1.274422463768115904e+03
1.293422463768115904e+03
1.258589130434782646e+03
1.151422463768115904e+03
1.203589130434782646e+03
1.238255797101449389e+03
1.255589130434782646e+03
1.211422463768115904e+03
1.296589130434782646e+03
1.316755797101449389e+03
1.300755797101449161e+03
1.178255797101449389e+03
1.244255797101449389e+03
1.287589130434782419e+03
1.315589130434782419e+03
1.231089130434782646e+03
1.240755797101449389e+03
1.282089130434782646e+03
1.307255797101449389e+03
1.217755797101449161e+03
1.182089130434782646e+03
1.122922463768115904e+03
1.129589130434782646e+03
1.129422463768115904e+03
1.278589130434782646e+03
1.361422463768115904e+03
1.367755797101449389e+03
1.233255797101449389e+03
1.244089130434782646e+03
1.310755797101449389e+03
1.421089130434782646e+03
1.378922463768115904e+03
1.410922463768115904e+03
1.346089130434782419e+03
1.361922463768115904e+03
1.257422463768115904e+03
1.315422463768115904e+03
1.321755797101449389e+03
1.347422463768115904e+03
1.259755797101449389e+03
1.303255797101449389e+03
1.297089130434782419e+03
1.320255797101449389e+03
1.200255797101449389e+03
1.234422463768115904e+03
1.259255797101449389e+03
1.341922463768115904e+03
1.287922463768115904e+03
1.298922463768115904e+03
1.276922463768115904e+03
1.268422463768115904e+03
1.222422463768115904e+03
1.309589130434782646e+03
1.351089130434782646e+03
1.340922463768115904e+03
1.216589130434782419e+03
1.251422463768115904e+03
1.275255797101449389e+03
1.308422463768115904e+03
1.247755797101449389e+03
1.312755797101449389e+03
1.374922463768115904e+03
1.425422463768115904e+03
1.323922463768115904e+03
1.338255797101449389e+03
1.321422463768115904e+03
1.340255797101449389e+03
1.250089130434782646e+03
1.323255797101449389e+03
1.365589130434782646e+03
1.365255797101449161e+03
1.241589130434782419e+03
1.291255797101449389e+03
1.304255797101449161e+03
1.292755797101449389e+03
1.217089130434782646e+03
1.276089130434782646e+03
1.310255797101449161e+03
1.285255797101449161e+03
1.215422463768115904e+03
1.301089130434782646e+03
1.336255797101449389e+03
1.340922463768115904e+03
1.251089130434782646e+03
1.287589130434782646e+03
1.311922463768115904e+03
1.273422463768115904e+03
1.184089130434782646e+03
1.206255797101449389e+03
1.281422463768115904e+03
1.331255797101449389e+03
1.280255797101449389e+03
1.297089130434782646e+03
1.278422463768115904e+03
1.269255797101449389e+03
1.201922463768115904e+03
1.300922463768115904e+03
1.351755797101449161e+03
1.361089130434782419e+03
1.267922463768115904e+03
1.293422463768115904e+03
1.295422463768115904e+03
1.251755797101449389e+03
1.160255797101449389e+03
1.238755797101449389e+03
1.301422463768115904e+03
1.327089130434782646e+03
1.243089130434782646e+03
1.289589130434782646e+03
1.292422463768115904e+03
1.280589130434782646e+03
1.190422463768115904e+03
1.250089130434782646e+03
1.273755797101449389e+03
1.295922463768115904e+03
1.199922463768115904e+03
1.239422463768115904e+03
1.269255797101449389e+03
1.315089130434782646e+03
1.272755797101449389e+03
1.369922463768115904e+03
1.377089130434782646e+03
1.352922463768115904e+03
1.199422463768115904e+03
1.243755797101449389e+03
1.288755797101449389e+03
1.277589130434782646e+03
1.205089130434782646e+03
1.250922463768115904e+03
1.272422463768115904e+03
1.244255797101449389e+03
1.132589130434782646e+03
1.213589130434782646e+03
1.278589130434782646e+03
1.338255797101449161e+03
1.244589130434782646e+03
1.298422463768115904e+03
1.282422463768115904e+03
1.317255797101449389e+03
1.240922463768115904e+03
1.305922463768115904e+03
1.304255797101449389e+03
1.299589130434782646e+03
1.225422463768115904e+03
1.282255797101449389e+03
1.254422463768115904e+03
1.269922463768115904e+03
1.181089130434782646e+03
1.265755797101449389e+03
1.326422463768115904e+03
1.377255797101449161e+03
1.313922463768115904e+03
1.326089130434782646e+03
1.301755797101449389e+03
1.364255797101449389e+03
1.287922463768115904e+03
1.347422463768115904e+03
1.344922463768115904e+03
1.379422463768115904e+03
1.324422463768115904e+03
1.367922463768115904e+03
1.373422463768115904e+03
1.343589130434782419e+03
1.234089130434782646e+03
1.266589130434782646e+03
1.328589130434782419e+03
1.345089130434782646e+03
1.274089130434782419e+03
1.324255797101449389e+03
1.329922463768115904e+03
1.318255797101449389e+03
1.233255797101449389e+03
1.312422463768115904e+03
1.346089130434782419e+03
1.354922463768115904e+03
1.273755797101449389e+03
1.344589130434782646e+03
1.367255797101449161e+03
1.376589130434782646e+03
1.254422463768115904e+03
1.295422463768115904e+03
1.289255797101449161e+03
1.288922463768115904e+03
1.220255797101449389e+03
1.300755797101449389e+03
1.357089130434782646e+03
1.369589130434782419e+03
1.302922463768115904e+03
1.361089130434782646e+03
1.376089130434782419e+03
1.365589130434782419e+03
1.305755797101449389e+03
1.376422463768115904e+03
1.426589130434782646e+03
1.389922463768115904e+03
1.278589130434782646e+03
1.296755797101449389e+03
1.329589130434782646e+03
1.370255797101449389e+03
1.272422463768115904e+03
1.335422463768115904e+03
1.311255797101449389e+03
1.293089130434782646e+03
1.226755797101449389e+03
1.340422463768115904e+03
1.410422463768115904e+03
1.397589130434782419e+03
1.272755797101449161e+03
1.299755797101449389e+03
1.310755797101449389e+03
1.303922463768115904e+03
1.219755797101449389e+03
1.268589130434782646e+03
1.307422463768115904e+03
1.362255797101449389e+03
1.333922463768115904e+03
1.395922463768115904e+03
1.385589130434782646e+03
1.359589130434782419e+03
1.303755797101449389e+03
1.364255797101449161e+03
1.394422463768115904e+03
1.392755797101449161e+03
1.325589130434782419e+03
1.385089130434782646e+03
1.388422463768115904e+03
1.386255797101449389e+03
1.279422463768115904e+03
1.334089130434782646e+03
1.348422463768115904e+03
1.348089130434782419e+03
1.233089130434782646e+03
1.272755797101449389e+03
1.281755797101449389e+03
1.288255797101449161e+03
1.223922463768115904e+03
1.298755797101449389e+03
1.319589130434782419e+03
1.319089130434782419e+03
1.241755797101449389e+03
1.359922463768115904e+03
1.396589130434782646e+03
1.408755797101449161e+03
1.271922463768115904e+03
1.285255797101449389e+03
1.280089130434782419e+03
1.295422463768115904e+03
1.261922463768115904e+03
1.312422463768115904e+03
1.321089130434782646e+03
1.304589130434782419e+03
1.224755797101449389e+03
1.269922463768115904e+03
1.291422463768115904e+03
1.317422463768115904e+03
1.247755797101449389e+03
1.320755797101449389e+03
1.381922463768115904e+03
1.402422463768115904e+03
1.287255797101449389e+03
1.287255797101449389e+03
1.294089130434782646e+03
1.320922463768115904e+03
1.279089130434782646e+03
1.371589130434782646e+03
1.377589130434782646e+03
1.354922463768115904e+03
1.213422463768115904e+03
1.261089130434782646e+03
1.273755797101449389e+03
1.301089130434782419e+03
1.217255797101449389e+03
1.290422463768115904e+03
1.375422463768115904e+03
1.398755797101449389e+03
1.292255797101449161e+03
1.301589130434782646e+03
1.305589130434782646e+03
1.291089130434782646e+03
1.192255797101449389e+03
1.272089130434782646e+03
1.311422463768115904e+03
1.339589130434782646e+03
1.240922463768115904e+03
1.311255797101449389e+03
1.345922463768115904e+03
1.376089130434782646e+03
1.303422463768115904e+03
1.323089130434782419e+03
1.347089130434782646e+03
1.391089130434782646e+03
1.313755797101449161e+03
1.334755797101449161e+03
1.300422463768115904e+03
1.322589130434782646e+03
1.264922463768115904e+03
1.336589130434782646e+03
1.365422463768115904e+03
1.383922463768115904e+03
1.304255797101449389e+03
1.339922463768115904e+03
1.346422463768115904e+03
1.320922463768115904e+03
1.230589130434782646e+03
1.333422463768115904e+03
1.390755797101449161e+03
1.424755797101449389e+03
1.336422463768115904e+03
1.378922463768115904e+03
1.427589130434782646e+03
1.427922463768115904e+03
1.319755797101449389e+03
1.330255797101449389e+03
1.342589130434782646e+03
1.392089130434782419e+03
1.330922463768115904e+03
1.356922463768115904e+03
1.351089130434782646e+03
1.386755797101449161e+03
1.299755797101449161e+03
1.342422463768115904e+03
1.332589130434782646e+03
1.348422463768115904e+03
1.296255797101449161e+03
1.331089130434782646e+03
1.377255797101449161e+03
1.411922463768115904e+03
1.372255797101449389e+03
1.441755797101449161e+03
1.461422463768115904e+03
1.445589130434782646e+03
1.322922463768115904e+03
1.354422463768115904e+03
1.354922463768115904e+03
1.366422463768115904e+03
1.300589130434782646e+03
1.372422463768115904e+03
1.381589130434782646e+03
1.370755797101449389e+03
1.260922463768115904e+03
1.312422463768115904e+03
1.309755797101449161e+03
1.358589130434782419e+03
1.311922463768115904e+03
1.422422463768115904e+03
1.422755797101449389e+03
1.385589130434782646e+03
1.272089130434782646e+03
1.352755797101449389e+03
1.421589130434782646e+03
1.480422463768115904e+03
1.450755797101449389e+03
1.497255797101449161e+03
1.456089130434782646e+03
1.386255797101449389e+03
1.271089130434782419e+03
1.327589130434782646e+03
1.377922463768115904e+03
1.407089130434782646e+03
1.352755797101449389e+03
1.408255797101449389e+03
1.460922463768115904e+03
1.504589130434782646e+03
1.389089130434782646e+03
1.374589130434782646e+03
1.357255797101449389e+03
1.410922463768115904e+03
1.382422463768115904e+03
1.443589130434782419e+03
1.424922463768115904e+03
1.427089130434782419e+03
1.306589130434782419e+03
1.310089130434782646e+03
1.311089130434782419e+03
1.374422463768115904e+03
1.376755797101449161e+03
1.502755797101449389e+03
1.507255797101449389e+03
1.507422463768115904e+03
1.379089130434782646e+03
1.434255797101449389e+03
1.467922463768115904e+03
1.492089130434782646e+03
1.466255797101449161e+03
1.556589130434782646e+03
1.570755797101449389e+03
1.573589130434782419e+03
1.462422463768115904e+03
1.494422463768115904e+03
1.458422463768115904e+03
1.450089130434782646e+03
1.403422463768115904e+03
1.541755797101449389e+03
1.600589130434782646e+03
1.649589130434782646e+03
1.507422463768115904e+03
1.490589130434782646e+03
1.448755797101449389e+03
1.451922463768115904e+03
1.412922463768115904e+03
1.468922463768115904e+03
1.471255797101449161e+03
1.511922463768115904e+03
1.453089130434782646e+03
1.545922463768115904e+03
1.561922463768115904e+03
1.637089130434782646e+03
1.587589130434782419e+03
1.611422463768115904e+03
1.559922463768115904e+03
1.549422463768115904e+03
1.475589130434782419e+03
1.546089130434782646e+03
1.597255797101449161e+03
1.667755797101449389e+03
1.569589130434782646e+03
1.553755797101449389e+03
1.553755797101449389e+03
1.602755797101449161e+03
1.572089130434782646e+03
1.636922463768115904e+03
1.633422463768115904e+03
1.660255797101449389e+03
1.587755797101449389e+03
1.641922463768115904e+03
1.654089130434782646e+03
1.660089130434782646e+03
1.641755797101449389e+03
1.682089130434782419e+03
1.693589130434782646e+03
1.675089130434782419e+03
1.606255797101449161e+03
1.656089130434782646e+03
1.644922463768115904e+03
1.674255797101449389e+03
1.621255797101449161e+03
1.717589130434782646e+03
1.729922463768115904e+03
1.731755797101449389e+03
1.661755797101449161e+03
1.772922463768115904e+03
1.784422463768115904e+03
1.798089130434782419e+03
1.671755797101449161e+03
1.759422463768115904e+03
1.808089130434782419e+03
1.849589130434782419e+03
1.814589130434782419e+03
1.904589130434782419e+03
1.925922463768115904e+03
1.882589130434782419e+03
1.775089130434782419e+03
1.814922463768115904e+03
1.837422463768115904e+03
1.847255797101449389e+03
1.767922463768115904e+03
1.807422463768115904e+03
1.819922463768115904e+03
1.899422463768115904e+03
1.881922463768115904e+03
1.921422463768115904e+03
1.883755797101449389e+03
1.885922463768115904e+03
1.823589130434782419e+03
1.887255797101449389e+03
1.910755797101449389e+03
1.959755797101449389e+03
1.909755797101449389e+03
1.978589130434782419e+03
2.012089130434782419e+03
2.078589130434782419e+03
2.052589130434782419e+03
2.108922463768115904e+03
2.091755797101449389e+03
2.073589130434782419e+03
1.996755797101449389e+03
2.064089130434782419e+03
2.081089130434782419e+03
2.110922463768115904e+03
2.032589130434782419e+03
2.104255797101449389e+03
2.147422463768115904e+03
2.217255797101449389e+03
2.153089130434782419e+03
2.185422463768115904e+03
2.209089130434782419e+03
2.273422463768115904e+03
2.256255797101449389e+03
2.285922463768115904e+03
2.293922463768115904e+03
2.312589130434782419e+03
2.225922463768115904e+03
2.246255797101449389e+03
2.233755797101449389e+03
2.250089130434782419e+03
2.175589130434782419e+03
2.234422463768115904e+03
2.289422463768115904e+03
2.334922463768115904e+03
2.265922463768115904e+03
2.353255797101449389e+03
2.429589130434782419e+03
2.502089130434782419e+03
2.437422463768115904e+03
2.454922463768115904e+03
2.460422463768115904e+03
2.473922463768115904e+03
2.426755797101449389e+03
2.487922463768115904e+03
2.520255797101449389e+03
2.589755797101449389e+03
2.537255797101449389e+03
2.609422463768115904e+03
2.599922463768115904e+03
2.627922463768115904e+03
2.535755797101449389e+03
2.573755797101449389e+03
2.564589130434782419e+03
2.580755797101449389e+03
2.526589130434782419e+03
2.640755797101449389e+03
2.694755797101449389e+03
2.753089130434782419e+03
2.686422463768115904e+03
2.756422463768115904e+03
2.801922463768115904e+03
2.829922463768115449e+03
2.791422463768115904e+03
2.823755797101449389e+03
2.824255797101449389e+03
2.789755797101449389e+03
2.720422463768115904e+03
2.803589130434782419e+03
2.889589130434782419e+03
2.946422463768115904e+03
2.881922463768115904e+03
2.911422463768115904e+03
2.917922463768115904e+03
2.953422463768115904e+03
2.904422463768115904e+03
2.958089130434782419e+03
2.969255797101448934e+03
2.985255797101449389e+03
2.912422463768115904e+03
2.976589130434782419e+03
2.999255797101448934e+03
3.042755797101449389e+03
2.985422463768115904e+03
3.066589130434782419e+03
3.089922463768115449e+03
3.126422463768115904e+03
3.064089130434782419e+03
3.163089130434782419e+03
3.227089130434782419e+03
3.292089130434782419e+03
3.230255797101449389e+03
3.277922463768115904e+03
3.283755797101449389e+03
3.299255797101449389e+03
3.229589130434782419e+03
3.296922463768115904e+03
3.383589130434782419e+03
3.454422463768115449e+03
3.362755797101449389e+03
3.336589130434782419e+03
3.320755797101449389e+03
3.430589130434782419e+03
3.463755797101448934e+03
3.557255797101449389e+03
3.550422463768115904e+03
3.564255797101449389e+03
3.458255797101449389e+03
3.468255797101449389e+03
3.483422463768115904e+03
3.589422463768115904e+03
3.564589130434782419e+03
3.574755797101449389e+03
3.546089130434782419e+03
3.568255797101449389e+03
3.524755797101449389e+03
3.574589130434782419e+03
3.593755797101449389e+03
3.613922463768115904e+03
3.569089130434782419e+03
3.670255797101448934e+03
3.704589130434782419e+03
3.691422463768115904e+03
3.578255797101449389e+03
3.680089130434782419e+03
3.790089130434782419e+03
3.908589130434782419e+03
3.811589130434782419e+03
3.837755797101449389e+03
3.820755797101449389e+03
3.875422463768115449e+03
3.816089130434782419e+03
3.867255797101449389e+03
3.891089130434782419e+03
3.902089130434782419e+03
3.833922463768115449e+03
3.880755797101449389e+03
3.942422463768115449e+03
3.984922463768115449e+03
3.890089130434782419e+03
3.933255797101449389e+03
3.969755797101449389e+03
4.066589130434782419e+03
4.009255797101449389e+03
4.039922463768115449e+03
4.028422463768115449e+03
4.085922463768115449e+03
4.060089130434782419e+03
4.113755797101449389e+03
4.125255797101449389e+03
4.146255797101449389e+03
4.125755797101449389e+03
4.210755797101449389e+03
4.270589130434782419e+03
4.315422463768115449e+03
4.221089130434782419e+03
4.252422463768115449e+03
4.258255797101449389e+03
4.307755797101449389e+03
4.280922463768115449e+03
4.351255797101449389e+03
4.399422463768115449e+03
4.425422463768115449e+03
4.346255797101449389e+03
4.368255797101449389e+03
4.404089130434782419e+03
4.457755797101449389e+03
4.458255797101449389e+03
4.543255797101449389e+03
4.596922463768115449e+03
4.564922463768115449e+03
4.417422463768115449e+03
4.430589130434782419e+03
4.502589130434782419e+03
4.588922463768115449e+03
4.552089130434782419e+03
4.552922463768115449e+03
4.499255797101449389e+03
4.477089130434782419e+03
4.391255797101449389e+03
4.467089130434782419e+03
4.504089130434782419e+03
4.572589130434782419e+03
4.523255797101449389e+03
4.566755797101449389e+03
4.555922463768115449e+03
4.578255797101449389e+03
4.488922463768115449e+03
4.506422463768115449e+03
4.462755797101449389e+03
4.448255797101449389e+03
4.398755797101449389e+03
4.530089130434782419e+03
4.650755797101449389e+03
4.721089130434782419e+03
4.650422463768115449e+03
4.663755797101449389e+03
4.643755797101449389e+03
4.625089130434782419e+03
4.552755797101449389e+03
4.620255797101449389e+03
4.658422463768115449e+03
4.654922463768115449e+03
4.543589130434782419e+03
4.545255797101449389e+03
4.553422463768115449e+03
4.544255797101449389e+03
4.452755797101449389e+03
4.511589130434782419e+03
4.568755797101449389e+03
4.627422463768115449e+03
4.542089130434782419e+03
4.599755797101449389e+03
4.591755797101449389e+03
4.566089130434782419e+03
4.496589130434782419e+03
4.604922463768115449e+03
4.688922463768115449e+03
4.697755797101449389e+03
4.609422463768115449e+03
4.627089130434782419e+03
4.630922463768115449e+03
4.591589130434782419e+03
4.550755797101449389e+03
4.603255797101449389e+03
4.634589130434782419e+03
4.611755797101449389e+03
4.511255797101449389e+03
4.529422463768115449e+03
4.531089130434782419e+03
4.562755797101449389e+03
4.518089130434782419e+03
4.553589130434782419e+03
4.548422463768115449e+03
4.585422463768115449e+03
4.528422463768115449e+03
4.580589130434782419e+03
4.525922463768115449e+03
4.506589130434782419e+03
4.429255797101449389e+03
4.518755797101449389e+03
4.570755797101449389e+03
4.598589130434782419e+03
4.506255797101449389e+03
4.532255797101449389e+03
4.498922463768115449e+03
4.491922463768115449e+03
4.403755797101449389e+03
4.424422463768115449e+03
4.393422463768115449e+03
4.355922463768115449e+03
4.282422463768115449e+03
4.345922463768115449e+03
4.382755797101449389e+03
4.394422463768115449e+03
4.304589130434782419e+03
4.312589130434782419e+03
4.329589130434782419e+03
4.387755797101449389e+03
4.314255797101449389e+03
4.307589130434782419e+03
4.242922463768115449e+03
4.216922463768115449e+03
4.113422463768115449e+03
4.115255797101449389e+03
4.119255797101449389e+03
4.122422463768115449e+03
4.069755797101449389e+03
4.139922463768115449e+03
4.164755797101449389e+03
4.148589130434782419e+03
4.040755797101449389e+03
4.052922463768115449e+03
4.030422463768115449e+03
3.972922463768115449e+03
3.826255797101449389e+03
3.858589130434782419e+03
3.879422463768115449e+03
3.891422463768115449e+03
3.796422463768115449e+03
3.812089130434782419e+03
3.782589130434782419e+03
3.772089130434782419e+03
3.651255797101449389e+03
3.662255797101449389e+03
3.628422463768115904e+03
3.617255797101448934e+03
3.543922463768115904e+03
3.576422463768115904e+03
3.558922463768115904e+03
3.524255797101449389e+03
3.423255797101449389e+03
3.503422463768115449e+03
3.577755797101448934e+03
3.590255797101449389e+03
3.497255797101449389e+03
3.532089130434782419e+03
3.558755797101448934e+03
3.551922463768115904e+03
3.392589130434782419e+03
3.399589130434782419e+03
3.415755797101448934e+03
3.435255797101448934e+03
3.317922463768115449e+03
3.283089130434782419e+03
3.247422463768115904e+03
3.235422463768115449e+03
3.158255797101448934e+03
3.198255797101449389e+03
3.191922463768115904e+03
3.191589130434782419e+03
3.140422463768115449e+03
3.225922463768115904e+03
3.265255797101448934e+03
3.285422463768115904e+03
3.152755797101449389e+03
3.193755797101448934e+03
3.261589130434782419e+03
3.339755797101449389e+03
3.225255797101448934e+03
3.181422463768115904e+03
3.181589130434782419e+03
3.252755797101449389e+03
3.212255797101449389e+03
3.233755797101448934e+03
3.239589130434782419e+03
3.232422463768115449e+03
3.105922463768115904e+03
3.112255797101449389e+03
3.139255797101449389e+03
3.219589130434782419e+03
3.146089130434782419e+03
3.191589130434782419e+03
3.171922463768115449e+03
3.376089130434782419e+03
3.776755797101449389e+03
3.915255797101449389e+03
3.764089130434782419e+03
3.306422463768115449e+03
3.159922463768115449e+03
3.180089130434782419e+03
3.191255797101449389e+03
3.250422463768115904e+03
3.213422463768115904e+03
3.275755797101449389e+03
3.272422463768115904e+03
3.284922463768115904e+03
3.235922463768115449e+03
3.324422463768115904e+03
3.403922463768115904e+03
3.482755797101448934e+03
3.428922463768115449e+03
3.481422463768115904e+03
3.508755797101449389e+03
3.576922463768115904e+03
3.583255797101449389e+03
3.684922463768115904e+03
3.786922463768115904e+03
3.845922463768115449e+03
3.815922463768115904e+03
3.863922463768115449e+03
3.936589130434782419e+03
3.991255797101449389e+03
3.963422463768115449e+03
4.025589130434782419e+03
4.089755797101449389e+03
4.170755797101449389e+03
4.155589130434782419e+03
4.240089130434782419e+03
4.315755797101449389e+03
4.403589130434782419e+03
4.379089130434782419e+03
4.452255797101449389e+03
4.518422463768115449e+03
4.610255797101449389e+03
4.578755797101449389e+03
4.663255797101449389e+03
4.714589130434782419e+03
4.793589130434782419e+03
4.779255797101449389e+03
4.915922463768115449e+03
4.990922463768115449e+03
5.046755797101449389e+03
4.987089130434782419e+03
5.075422463768115449e+03
5.129255797101449389e+03
5.184089130434782419e+03
5.101589130434782419e+03
5.166422463768115449e+03
5.231922463768115449e+03
5.312089130434782419e+03
5.280089130434782419e+03
5.331755797101449389e+03
5.374922463768115449e+03
5.396255797101449389e+03
5.335255797101449389e+03
5.389755797101449389e+03
5.471589130434782419e+03
5.556589130434782419e+03
5.530255797101449389e+03
5.566089130434782419e+03
5.586089130434782419e+03
5.614922463768115449e+03
5.579422463768115449e+03
5.649255797101449389e+03
5.657589130434782419e+03
5.658755797101449389e+03
5.608922463768115449e+03
5.714255797101449389e+03
5.802089130434782419e+03
5.837255797101448479e+03
5.769255797101449389e+03
5.784255797101449389e+03
5.804755797101448479e+03
5.832422463768115449e+03
5.767589130434782419e+03
5.755589130434782419e+03
5.737089130434782419e+03
5.747755797101449389e+03
5.708589130434782419e+03
5.743755797101449389e+03
5.757255797101449389e+03
5.796255797101449389e+03
5.740922463768115449e+03
5.809589130434782419e+03
5.806589130434781509e+03
5.804089130434782419e+03
5.663422463768115449e+03
5.675255797101449389e+03
5.686089130434782419e+03
5.718422463768115449e+03
5.670922463768115449e+03
5.747589130434782419e+03
5.771089130434782419e+03
5.764422463768115449e+03
5.669255797101449389e+03
5.697755797101449389e+03
5.688089130434782419e+03
5.701922463768115449e+03
5.645255797101449389e+03
5.630922463768115449e+03
5.558422463768115449e+03
5.540589130434782419e+03
5.498589130434782419e+03
5.587089130434782419e+03
5.575089130434782419e+03
5.586589130434782419e+03
5.502922463768115449e+03
5.510422463768115449e+03
5.518922463768115449e+03
5.512922463768115449e+03
5.397422463768115449e+03
5.406589130434782419e+03
5.448255797101449389e+03
5.492255797101449389e+03
5.407755797101449389e+03
5.381422463768115449e+03
5.399255797101449389e+03
5.406589130434782419e+03
5.301089130434782419e+03
5.311922463768115449e+03
5.290755797101449389e+03
5.284255797101449389e+03
5.189922463768115449e+03
5.263589130434782419e+03
5.309422463768115449e+03
5.271589130434782419e+03
5.132422463768115449e+03
5.145089130434782419e+03
5.159422463768115449e+03
5.143755797101449389e+03
4.992922463768115449e+03
5.007422463768115449e+03
4.984922463768115449e+03
5.000589130434782419e+03
4.920922463768115449e+03
4.965922463768115449e+03
4.966589130434782419e+03
4.966589130434782419e+03
4.851755797101449389e+03
4.840755797101449389e+03
4.783922463768115449e+03
4.734755797101449389e+03
4.643089130434782419e+03
4.680755797101449389e+03
4.695089130434782419e+03
4.673589130434782419e+03
4.565755797101449389e+03
4.593755797101449389e+03
4.584755797101449389e+03
4.567589130434782419e+03
4.463422463768115449e+03
4.544089130434782419e+03
4.581922463768115449e+03
4.577422463768115449e+03
4.420422463768115449e+03
4.399422463768115449e+03
4.359255797101449389e+03
4.364589130434782419e+03
4.285589130434782419e+03
4.338922463768115449e+03
4.324255797101449389e+03
4.302089130434782419e+03
4.214255797101449389e+03
4.229755797101449389e+03
4.198589130434782419e+03
4.136089130434782419e+03
4.004922463768115449e+03
4.034755797101449389e+03
4.059422463768115449e+03
4.074255797101449389e+03
3.978089130434782419e+03
4.019089130434782419e+03
4.044755797101449389e+03
4.024755797101449389e+03
3.895922463768115449e+03
3.888089130434782419e+03
3.903422463768115449e+03
3.890255797101449389e+03
3.796089130434782419e+03
3.807755797101448934e+03
3.807255797101448934e+03
3.808422463768115449e+03
3.708089130434782419e+03
3.777755797101449389e+03
3.783422463768115904e+03
3.758422463768115449e+03
3.590589130434782419e+03
3.591755797101448934e+03
3.573089130434782419e+03
3.543422463768115449e+03
3.413422463768115904e+03
3.470422463768115904e+03
3.544589130434782419e+03
3.588089130434782419e+03
3.462089130434782419e+03
3.440922463768115449e+03
3.373922463768115904e+03
3.345922463768115904e+03
3.180255797101448934e+03
3.199755797101448934e+03
3.206089130434782419e+03
3.239422463768115904e+03
3.144589130434782419e+03
3.229755797101448934e+03
3.239422463768115904e+03
3.208089130434782419e+03
3.020755797101449389e+03
3.020255797101448934e+03
3.010255797101449389e+03
3.028589130434782419e+03
2.952422463768115904e+03
3.010922463768115904e+03
2.999922463768115904e+03
2.991089130434782419e+03
2.887255797101448934e+03
2.906422463768115449e+03
2.890755797101449389e+03
2.878755797101448934e+03
2.766089130434782419e+03
2.782255797101449389e+03
2.782755797101448934e+03
2.811589130434782419e+03
2.768922463768115904e+03
2.824089130434782419e+03
2.818089130434782419e+03
2.757089130434782419e+03
2.617089130434782419e+03
2.628255797101449389e+03
2.615755797101449389e+03
2.636755797101449389e+03
2.568255797101449389e+03
2.615089130434782419e+03
2.650589130434782419e+03
2.690422463768115904e+03
2.622922463768115904e+03
2.658255797101449389e+03
2.631755797101449389e+03
2.642255797101449389e+03
2.514589130434782419e+03
2.563755797101449389e+03
2.560922463768115904e+03
2.575255797101449389e+03
2.462589130434782419e+03
2.467922463768115904e+03
2.451755797101449389e+03
2.445255797101449389e+03
2.386589130434782419e+03
2.451089130434782419e+03
2.451089130434782419e+03
2.422255797101449389e+03
2.348255797101449389e+03
2.417755797101449389e+03
2.481422463768115904e+03
2.475755797101449389e+03
2.364422463768115904e+03
2.411255797101449389e+03
2.428089130434782419e+03
2.483089130434782419e+03
2.398755797101449389e+03
2.440589130434782419e+03
2.434255797101449389e+03
2.426255797101449389e+03
2.320422463768115904e+03
2.331255797101449389e+03
2.330255797101449389e+03
2.341589130434782419e+03
2.247922463768115904e+03
2.307422463768115904e+03
2.343422463768115904e+03
2.363255797101449389e+03
2.239589130434782419e+03
2.257589130434782419e+03
2.294255797101449389e+03
2.323422463768115904e+03
2.249422463768115904e+03
2.264755797101449389e+03
2.269922463768115904e+03
2.246255797101449389e+03
2.173755797101449389e+03
2.245755797101449389e+03
2.281089130434782419e+03
2.299589130434782419e+03
2.221422463768115904e+03
2.296755797101449389e+03
2.308089130434782419e+03
2.284422463768115904e+03
2.162755797101449389e+03
2.199589130434782419e+03
2.229422463768115904e+03
2.244422463768115904e+03
2.146589130434782419e+03
2.182755797101449389e+03
2.175422463768115904e+03
2.170755797101449389e+03
2.036255797101449389e+03
2.073255797101449389e+03
2.126755797101449389e+03
2.175589130434782419e+03
2.092089130434782419e+03
2.126255797101449389e+03
2.139422463768115904e+03
2.173422463768115904e+03
2.053755797101449389e+03
2.116255797101449389e+03
2.106755797101449389e+03
2.104755797101449389e+03
1.989255797101449389e+03
2.070589130434782419e+03
2.103422463768115904e+03
2.115922463768115904e+03
1.956755797101449389e+03
1.972255797101449389e+03
2.012255797101449389e+03
2.107255797101449389e+03
2.075255797101449389e+03
2.140422463768115904e+03
2.152255797101449389e+03
2.146755797101449389e+03
2.009755797101449389e+03
2.056755797101449389e+03
2.089755797101449389e+03
2.148755797101449389e+03
2.046255797101449389e+03
2.088589130434782419e+03
2.024422463768115904e+03
2.004255797101449389e+03
1.963755797101449389e+03
2.093089130434782419e+03
2.133422463768115904e+03
2.097589130434782419e+03
1.940589130434782419e+03
2.016089130434782419e+03
2.082589130434782419e+03
2.109255797101449389e+03
2.002422463768115904e+03
2.041089130434782419e+03
2.099589130434782419e+03
2.091755797101449389e+03
1.977589130434782419e+03
2.042922463768115904e+03
2.074922463768115904e+03
2.079255797101449389e+03
1.972922463768115904e+03
2.033755797101449389e+03
2.057089130434782419e+03
2.066422463768115904e+03
1.961255797101449389e+03
2.005422463768115904e+03
1.992922463768115904e+03
1.990922463768115904e+03
1.888589130434782419e+03
1.968755797101449389e+03
2.014922463768115904e+03
2.045255797101449389e+03
1.965255797101449389e+03
2.037589130434782419e+03
2.054089130434782419e+03
2.069422463768115904e+03
1.977255797101449389e+03
2.022755797101449389e+03
1.999089130434782419e+03
1.955755797101449389e+03
1.872755797101449389e+03
1.977589130434782419e+03
2.041922463768115904e+03
2.052255797101449389e+03
1.928589130434782419e+03
1.976922463768115904e+03
2.021922463768115904e+03
2.055422463768115904e+03
1.948422463768115904e+03
1.973089130434782419e+03
1.947255797101449389e+03
1.926755797101449389e+03
1.817922463768115904e+03
1.874255797101449389e+03
1.929922463768115904e+03
1.951589130434782419e+03
1.892255797101449389e+03
1.947755797101449389e+03
1.972255797101449389e+03
1.980755797101449389e+03
1.878589130434782419e+03
1.910255797101449389e+03
1.866922463768115904e+03
1.867255797101449389e+03
1.810255797101449389e+03
1.938255797101449389e+03
1.982589130434782419e+03
2.001422463768115904e+03
1.899922463768115904e+03
1.953755797101449389e+03
1.960755797101449389e+03
1.993755797101449389e+03
1.901589130434782419e+03
1.955422463768115904e+03
1.940589130434782419e+03
1.953422463768115904e+03
1.850589130434782419e+03
1.918089130434782419e+03
1.919422463768115904e+03
1.935089130434782419e+03
1.878255797101449389e+03
2.005922463768115904e+03
1.996422463768115904e+03
1.925922463768115904e+03
1.753589130434782646e+03
1.809755797101449389e+03
1.847422463768115904e+03
1.880922463768115904e+03
1.851255797101449389e+03
1.932922463768115904e+03
1.965089130434782419e+03
1.942422463768115904e+03
1.829922463768115904e+03
1.886255797101449389e+03
1.917589130434782419e+03
1.982922463768115904e+03
1.934089130434782419e+03
1.988255797101449389e+03
1.978089130434782419e+03
1.921255797101449389e+03
1.831089130434782419e+03
1.903755797101449389e+03
1.974255797101449389e+03
1.987255797101449389e+03
1.888255797101449389e+03
1.939922463768115904e+03
1.938255797101449389e+03
1.932589130434782419e+03
1.806255797101449389e+03
1.896255797101449389e+03
1.912089130434782419e+03
1.903755797101449389e+03
1.779922463768115904e+03
1.847422463768115904e+03
1.907089130434782419e+03
1.958422463768115904e+03
1.842922463768115904e+03
1.872255797101449389e+03
1.867755797101449389e+03
1.922089130434782419e+03
1.830422463768115904e+03
1.888589130434782419e+03
1.890089130434782419e+03
1.906922463768115904e+03
1.810755797101449389e+03
1.848089130434782419e+03
1.890422463768115904e+03
1.884589130434782419e+03
1.771922463768115904e+03
1.806589130434782419e+03
1.813255797101449389e+03
1.837089130434782419e+03
1.764922463768115904e+03
1.881089130434782419e+03
1.929422463768115904e+03
1.903255797101449389e+03
1.779755797101449389e+03
1.828755797101449389e+03
1.872255797101449389e+03
1.873922463768115904e+03
1.766755797101449389e+03
1.798089130434782419e+03
1.852755797101449389e+03
1.907755797101449389e+03
1.872922463768115904e+03
1.923755797101449389e+03
1.915589130434782419e+03
1.899589130434782419e+03
1.777089130434782646e+03
1.846922463768115904e+03
1.889922463768115904e+03
1.909422463768115904e+03
1.803922463768115904e+03
1.858089130434782419e+03
1.893755797101449389e+03
1.923922463768115904e+03
1.775089130434782646e+03
1.814755797101449389e+03
1.795089130434782419e+03
1.812089130434782419e+03
1.700422463768115904e+03
1.748755797101449389e+03
1.778922463768115904e+03
1.809422463768115904e+03
1.714755797101449389e+03
1.758589130434782646e+03
1.764589130434782646e+03
1.755755797101449389e+03
1.680922463768115904e+03
1.794089130434782419e+03
1.870922463768115904e+03
1.875422463768115904e+03
1.755755797101449389e+03
1.820255797101449389e+03
1.824922463768115904e+03
1.857589130434782419e+03
1.724589130434782646e+03
1.817255797101449389e+03
1.797922463768115904e+03
1.824422463768115904e+03
1.708922463768115904e+03
1.722589130434782646e+03
1.750755797101449389e+03
1.791922463768115904e+03
1.744089130434782419e+03
1.783589130434782419e+03
1.805255797101449389e+03
1.809422463768115904e+03
1.677922463768115904e+03
1.714089130434782646e+03
1.732255797101449389e+03
1.757922463768115904e+03
1.648422463768115904e+03
1.716755797101449161e+03
1.791922463768115904e+03
1.812422463768115904e+03
1.700589130434782646e+03
1.718922463768115904e+03
1.769589130434782646e+03
1.779089130434782646e+03
1.739755797101449389e+03
1.775589130434782646e+03
1.811422463768115904e+03
1.797422463768115904e+03
1.699422463768115904e+03
1.763922463768115904e+03
1.821922463768115904e+03
1.832589130434782419e+03
1.736089130434782646e+03
1.778089130434782646e+03
1.767422463768115904e+03
1.744089130434782646e+03
1.588089130434782646e+03
1.696089130434782646e+03
1.742589130434782646e+03
1.787089130434782419e+03
1.683589130434782646e+03
1.746422463768115904e+03
1.736422463768115904e+03
1.741589130434782646e+03
1.669922463768115904e+03
1.726422463768115904e+03
1.729422463768115904e+03
1.733922463768115904e+03
1.647255797101449161e+03
1.710422463768115904e+03
1.740255797101449389e+03
1.835589130434782419e+03
1.756922463768115904e+03
1.803089130434782419e+03
1.760922463768115904e+03
1.786922463768115904e+03
1.670422463768115904e+03
1.701422463768115904e+03
1.670255797101449161e+03
1.693422463768115904e+03
1.616922463768115904e+03
1.702755797101449389e+03
1.732755797101449161e+03
1.773255797101449389e+03
1.723755797101449389e+03
1.773089130434782419e+03
1.752589130434782646e+03
1.702755797101449161e+03
1.586589130434782646e+03
1.663755797101449389e+03
1.731422463768115904e+03
1.788255797101449389e+03
1.693089130434782646e+03
1.725755797101449389e+03
1.747922463768115904e+03
1.782422463768115904e+03
1.663755797101449389e+03
1.683089130434782646e+03
1.659589130434782646e+03
1.645589130434782646e+03
1.532422463768115904e+03
1.603922463768115904e+03
1.629255797101449161e+03
1.626755797101449389e+03
1.500422463768115904e+03
1.569589130434782646e+03
1.559922463768115904e+03
1.540089130434782646e+03
1.464089130434782646e+03
1.565255797101449389e+03
1.629422463768115904e+03
1.646422463768115904e+03
1.549755797101449389e+03
1.562755797101449389e+03
1.535422463768115904e+03
1.562255797101449161e+03
1.520589130434782646e+03
1.565255797101449161e+03
1.534422463768115904e+03
1.547755797101449389e+03
1.513589130434782419e+03
1.637255797101449389e+03
1.647589130434782646e+03
1.640922463768115904e+03
1.496255797101449389e+03
1.537422463768115904e+03
1.545589130434782419e+03
1.559255797101449389e+03
1.479422463768115904e+03
1.546589130434782646e+03
1.540255797101449161e+03
1.506755797101449161e+03
1.382255797101449161e+03
1.448589130434782419e+03
1.478755797101449389e+03
1.494922463768115904e+03
1.400922463768115904e+03
1.445922463768115904e+03
1.482755797101449161e+03
1.485755797101449389e+03
1.430089130434782646e+03
1.457255797101449389e+03
1.470589130434782646e+03
1.461422463768115904e+03
1.398422463768115904e+03
1.456422463768115904e+03
1.461922463768115904e+03
1.502922463768115904e+03
1.444255797101449161e+03
1.541589130434782646e+03
1.535589130434782646e+03
1.578089130434782646e+03
1.488422463768115904e+03
1.527589130434782419e+03
1.511589130434782646e+03
1.533422463768115904e+03
1.433422463768115904e+03
1.488255797101449389e+03
1.499922463768115904e+03
1.543755797101449389e+03
1.469422463768115904e+03
1.471589130434782646e+03
1.442922463768115904e+03
1.494089130434782646e+03
1.495255797101449389e+03
1.589255797101449161e+03
1.568422463768115904e+03
1.529255797101449389e+03
1.482922463768115904e+03
1.554089130434782646e+03
1.750422463768115904e+03
2.236089130434782419e+03
2.184589130434782419e+03
2.063255797101449389e+03
1.498422463768115904e+03
1.426422463768115904e+03
1.354922463768115904e+03
1.462089130434782646e+03
1.489755797101449389e+03
1.477255797101449389e+03
1.401255797101449389e+03
1.458755797101449389e+03
1.459089130434782646e+03
1.459255797101449389e+03
1.361422463768115904e+03
1.419089130434782646e+03
1.431922463768115904e+03
1.432255797101449389e+03
1.381589130434782646e+03
1.437089130434782646e+03
1.478422463768115904e+03
1.461922463768115904e+03
1.336422463768115904e+03
1.315589130434782646e+03
1.279922463768115904e+03
1.345089130434782419e+03
1.364755797101449389e+03
1.515255797101449389e+03
1.523922463768115904e+03
1.517922463768115904e+03
1.383255797101449389e+03
1.396755797101449161e+03
1.416922463768115904e+03
1.450255797101449161e+03
1.391255797101449161e+03
1.395089130434782419e+03
1.400922463768115904e+03
1.434755797101449389e+03
1.408922463768115904e+03
1.457089130434782646e+03
1.437589130434782419e+03
1.404422463768115904e+03
1.315589130434782646e+03
1.407922463768115904e+03
1.435922463768115904e+03
1.457255797101449161e+03
1.374922463768115904e+03
1.418255797101449389e+03
1.436755797101449161e+03
1.448922463768115904e+03
1.388755797101449161e+03
1.437089130434782419e+03
1.430089130434782646e+03
1.443589130434782646e+03
1.347755797101449161e+03
1.356922463768115904e+03
1.317922463768115904e+03
1.342255797101449389e+03
1.292755797101449389e+03
1.391255797101449161e+03
1.428089130434782646e+03
1.481089130434782646e+03
1.373255797101449389e+03
1.407922463768115904e+03
1.422755797101449161e+03
1.460422463768115904e+03
1.369089130434782646e+03
1.390589130434782646e+03
1.391589130434782419e+03
1.399089130434782646e+03
1.305922463768115904e+03
1.330755797101449389e+03
1.346255797101449161e+03
1.375589130434782646e+03
1.314922463768115904e+03
1.351255797101449389e+03
1.369089130434782646e+03
1.456755797101449389e+03
1.382755797101449389e+03
1.388922463768115904e+03
1.341089130434782419e+03
1.369422463768115904e+03
1.338255797101449161e+03
1.412089130434782646e+03
1.416255797101449389e+03
1.460255797101449161e+03
1.376589130434782646e+03
1.410922463768115904e+03
1.357422463768115904e+03
1.369255797101449389e+03
1.305089130434782646e+03
1.374589130434782646e+03
1.351755797101449161e+03
1.397255797101449161e+03
1.339089130434782419e+03
1.386422463768115904e+03
1.351755797101449389e+03
1.355755797101449389e+03
1.272922463768115904e+03
1.332255797101449389e+03
1.315255797101449389e+03
1.362589130434782419e+03
1.257255797101449389e+03
1.255589130434782646e+03
1.264422463768115904e+03
1.323089130434782646e+03
1.329755797101449389e+03
1.387589130434782646e+03
1.398755797101449389e+03
1.400755797101449389e+03
1.317422463768115904e+03
1.387089130434782419e+03
1.426589130434782419e+03
1.467589130434782646e+03
1.385589130434782419e+03
1.388922463768115904e+03
1.334089130434782419e+03
1.317589130434782419e+03
1.218755797101449389e+03
1.272755797101449389e+03
1.287255797101449389e+03
1.378755797101449389e+03
1.352422463768115904e+03
1.416089130434782646e+03
1.401589130434782419e+03
1.396922463768115904e+03
1.298089130434782646e+03
1.334422463768115904e+03
1.321089130434782646e+03
1.375922463768115904e+03
1.329089130434782419e+03
1.391922463768115904e+03
1.359922463768115904e+03
1.336422463768115904e+03
1.266089130434782646e+03
1.332422463768115904e+03
1.333089130434782646e+03
1.346089130434782646e+03
1.260755797101449161e+03
1.297255797101449161e+03
1.296089130434782419e+03
1.304589130434782646e+03
1.239089130434782646e+03
1.289422463768115904e+03
1.322922463768115904e+03
1.386255797101449389e+03
1.342922463768115904e+03
1.351422463768115904e+03
1.336255797101449389e+03
1.355755797101449389e+03
1.289922463768115904e+03
1.325589130434782419e+03
1.285255797101449161e+03
1.324755797101449389e+03
1.258589130434782646e+03
1.335922463768115904e+03
1.323255797101449161e+03
1.338922463768115904e+03
1.192255797101449389e+03
1.212255797101449389e+03
1.206255797101449389e+03
1.284755797101449389e+03
1.240255797101449389e+03
1.309755797101449389e+03
1.285422463768115904e+03
1.298922463768115904e+03
1.201255797101449389e+03
1.259922463768115904e+03
1.264422463768115904e+03
1.259255797101449161e+03
1.197255797101449389e+03
1.262922463768115904e+03
1.271089130434782646e+03
1.289589130434782646e+03
1.181755797101449389e+03
1.233422463768115904e+03
1.262255797101449389e+03
1.322755797101449389e+03
1.264089130434782646e+03
1.302255797101449389e+03
1.308755797101449389e+03
1.352255797101449389e+03
1.254089130434782419e+03
1.255422463768115904e+03
1.229589130434782646e+03
1.250255797101449161e+03
1.193589130434782646e+03
1.250422463768115904e+03
1.282422463768115904e+03
1.372255797101449389e+03
1.356255797101449389e+03
1.421089130434782419e+03
1.396755797101449161e+03
1.386422463768115904e+03
1.309089130434782646e+03
1.295589130434782646e+03
1.276755797101449161e+03
1.293922463768115904e+03
1.270089130434782646e+03
1.315755797101449389e+03
1.266255797101449389e+03
1.247922463768115904e+03
1.166089130434782646e+03
1.244422463768115904e+03
1.260255797101449389e+03
1.281255797101449389e+03
1.203589130434782646e+03
1.254755797101449389e+03
1.268922463768115904e+03
1.276589130434782646e+03
1.207755797101449389e+03
1.266922463768115904e+03
1.297422463768115904e+03
1.309422463768115904e+03
1.195255797101449161e+03
1.207589130434782646e+03
1.228255797101449389e+03
1.263255797101449161e+03
1.199755797101449389e+03
1.244755797101449389e+03
1.293589130434782419e+03
1.339589130434782419e+03
1.274089130434782646e+03
1.252589130434782646e+03
1.240089130434782646e+03
1.261755797101449389e+03
1.240422463768115904e+03
1.270089130434782646e+03
1.237422463768115904e+03
1.234755797101449389e+03
1.160755797101449389e+03
1.217255797101449389e+03
1.235422463768115904e+03
1.306922463768115904e+03
1.289089130434782419e+03
1.332422463768115904e+03
1.281422463768115904e+03
1.261089130434782646e+03
1.210422463768115904e+03
1.259089130434782646e+03
1.256255797101449389e+03
1.274589130434782646e+03
1.223422463768115904e+03
1.255755797101449161e+03
1.241422463768115904e+03
1.290255797101449389e+03
1.224422463768115904e+03
1.215255797101449389e+03
1.207255797101449389e+03
1.287589130434782646e+03
1.279255797101449389e+03
1.306255797101449389e+03
1.276755797101449161e+03
1.273089130434782646e+03
1.212255797101449161e+03
1.268422463768115904e+03
1.258922463768115904e+03
1.234589130434782646e+03
1.112589130434782646e+03
1.163255797101449389e+03
1.172089130434782646e+03
1.209422463768115904e+03
1.150255797101449389e+03
1.197422463768115904e+03
1.218422463768115904e+03
1.262422463768115904e+03
1.256089130434782646e+03
1.346922463768115904e+03
1.356255797101449389e+03
1.344589130434782646e+03
1.207422463768115904e+03
1.209422463768115904e+03
1.188755797101449389e+03
1.211589130434782646e+03
1.159589130434782646e+03
1.211922463768115904e+03
1.258922463768115904e+03
1.355089130434782646e+03
1.323922463768115904e+03
1.321589130434782646e+03
1.256922463768115904e+03
1.303589130434782419e+03
1.281089130434782646e+03
1.359755797101449161e+03
1.316089130434782646e+03
1.301089130434782646e+03
1.195755797101449389e+03
1.237755797101449389e+03
1.235755797101449389e+03
1.264589130434782646e+03
1.181255797101449389e+03
1.222589130434782646e+03
1.206589130434782646e+03
1.237755797101449161e+03
1.168255797101449389e+03
1.229089130434782646e+03
1.217422463768115904e+03
1.234255797101449389e+03
1.165255797101449389e+03
1.205422463768115904e+03
1.232422463768115904e+03
1.236089130434782646e+03
1.178422463768115904e+03
1.178755797101449389e+03
1.171589130434782646e+03
1.201422463768115904e+03
1.166922463768115904e+03
1.225922463768115904e+03
1.208755797101449389e+03
1.229089130434782646e+03
1.138589130434782646e+03
1.186255797101449389e+03
1.192589130434782646e+03
1.254089130434782646e+03
1.235589130434782646e+03
1.279922463768115904e+03
1.275589130434782646e+03
1.304089130434782646e+03
1.223422463768115904e+03
1.233922463768115904e+03
1.188922463768115904e+03
1.213255797101449389e+03
1.150255797101449389e+03
1.184422463768115904e+03
1.166755797101449389e+03
1.209922463768115904e+03
1.150755797101449389e+03
1.240255797101449389e+03
1.272589130434782646e+03
1.333755797101449389e+03
1.237922463768115904e+03
1.257922463768115904e+03
1.238422463768115904e+03
1.259422463768115904e+03
1.154255797101449389e+03
1.162422463768115904e+03
1.179922463768115904e+03
1.254755797101449389e+03
1.219255797101449389e+03
1.241255797101449389e+03
1.232255797101449389e+03
1.297589130434782419e+03
1.235755797101449161e+03
1.244922463768115904e+03
1.171422463768115904e+03
1.181922463768115904e+03
1.153589130434782646e+03
1.195089130434782646e+03
1.213922463768115904e+03
1.228255797101449389e+03
1.193422463768115904e+03
1.236089130434782646e+03
1.244255797101449161e+03
1.289589130434782419e+03
1.219922463768115904e+03
1.206589130434782646e+03
1.145422463768115904e+03
1.165755797101449389e+03
1.149589130434782646e+03
1.226089130434782646e+03
1.224755797101449389e+03
1.246755797101449389e+03
1.171422463768115904e+03
1.227922463768115904e+03
1.228755797101449389e+03
1.269422463768115904e+03
1.206922463768115904e+03
1.248755797101449389e+03
1.268422463768115904e+03
1.318089130434782646e+03
1.238589130434782646e+03
1.226589130434782646e+03
1.177089130434782646e+03
1.199089130434782646e+03
1.139589130434782646e+03
1.183922463768115904e+03
1.216755797101449389e+03
1.293922463768115904e+03
1.224755797101449389e+03
1.194089130434782646e+03
1.143589130434782646e+03
1.201422463768115904e+03
1.191922463768115904e+03
1.259755797101449389e+03
1.227422463768115904e+03
1.225255797101449389e+03
1.176255797101449389e+03
1.277755797101449389e+03
1.289755797101449389e+03
1.288755797101449389e+03
1.169922463768115904e+03
1.173922463768115904e+03
1.171089130434782646e+03
1.190922463768115904e+03
1.142255797101449389e+03
1.167589130434782646e+03
1.167589130434782646e+03
1.191755797101449389e+03
1.116089130434782646e+03
1.143255797101449389e+03
1.181922463768115904e+03
1.228922463768115904e+03
1.183255797101449389e+03
1.205089130434782646e+03
1.218089130434782646e+03
1.252255797101449389e+03
1.203922463768115904e+03
1.237422463768115904e+03
1.241589130434782646e+03
1.254755797101449161e+03
1.199089130434782646e+03
1.248589130434782646e+03
1.228422463768115904e+03
1.229422463768115904e+03
1.120089130434782646e+03
1.160755797101449389e+03
1.169255797101449389e+03
1.241589130434782646e+03
1.189589130434782646e+03
1.247422463768115904e+03
1.213255797101449389e+03
1.245255797101449389e+03
1.185089130434782646e+03
1.202255797101449389e+03
1.202755797101449389e+03
1.286922463768115904e+03
1.254255797101449389e+03
1.266089130434782419e+03
1.195755797101449389e+03
1.243755797101449389e+03
1.212255797101449389e+03
1.225422463768115904e+03
1.228755797101449389e+03
1.280589130434782646e+03
1.243422463768115904e+03
1.208922463768115904e+03
1.118589130434782646e+03
1.130422463768115904e+03
1.133422463768115904e+03
1.240255797101449389e+03
1.237589130434782646e+03
1.285089130434782646e+03
1.213255797101449389e+03
1.246589130434782646e+03
1.207089130434782646e+03
1.243422463768115904e+03
1.190089130434782646e+03
1.192755797101449389e+03
1.155589130434782646e+03
1.165255797101449389e+03
1.116922463768115904e+03
1.168422463768115904e+03
1.155422463768115904e+03
1.208589130434782646e+03
1.151922463768115904e+03
1.201089130434782646e+03
1.158922463768115904e+03
1.195589130434782646e+03
1.169755797101449389e+03
1.219255797101449389e+03
1.223589130434782646e+03
1.240255797101449389e+03
1.188422463768115904e+03
1.206089130434782646e+03
1.174089130434782646e+03
1.203422463768115904e+03
1.155089130434782646e+03
1.213922463768115904e+03
1.213922463768115904e+03
1.258922463768115904e+03
1.220255797101449389e+03
1.254422463768115904e+03
1.204422463768115904e+03
1.183255797101449389e+03
1.119089130434782646e+03
1.159589130434782646e+03
1.198089130434782646e+03
1.258922463768115904e+03
1.199589130434782646e+03
1.221589130434782646e+03
1.172922463768115904e+03
1.182922463768115904e+03
1.092422463768115904e+03
1.154422463768115904e+03
1.168255797101449389e+03
1.222422463768115904e+03
1.163089130434782646e+03
1.185922463768115904e+03
1.150255797101449389e+03
1.190922463768115904e+03
1.173422463768115904e+03
1.282589130434782646e+03
1.274255797101449389e+03
1.314755797101449161e+03
1.217755797101449389e+03
1.230255797101449389e+03
1.194589130434782646e+03
1.228755797101449389e+03
1.188922463768115904e+03
1.195589130434782646e+03
1.187422463768115904e+03
1.236589130434782646e+03
1.223255797101449389e+03
1.229089130434782646e+03
1.178089130434782646e+03
1.198089130434782646e+03
1.152089130434782646e+03
1.201922463768115904e+03
1.188922463768115904e+03
1.208589130434782646e+03
1.135922463768115904e+03
1.189922463768115904e+03
1.205422463768115904e+03
1.250589130434782419e+03
1.168755797101449389e+03
1.184589130434782646e+03
1.161589130434782646e+03
1.210422463768115904e+03
1.142255797101449389e+03
1.169589130434782646e+03
1.117589130434782646e+03
1.183589130434782646e+03
1.133922463768115904e+03
1.189755797101449389e+03
1.153922463768115904e+03
1.201422463768115904e+03
1.146755797101449389e+03
1.198255797101449389e+03
1.216755797101449389e+03
1.278089130434782646e+03
1.256755797101449389e+03
1.271422463768115904e+03
1.264589130434782646e+03
1.236589130434782419e+03
1.155089130434782646e+03
1.160255797101449389e+03
1.189255797101449389e+03
1.209589130434782646e+03
1.132755797101449389e+03
1.116589130434782646e+03
1.094255797101449389e+03
1.125255797101449389e+03
1.115922463768115904e+03
1.192422463768115904e+03
1.214089130434782646e+03
1.277422463768115904e+03
1.289422463768115904e+03
1.336922463768115904e+03
1.270089130434782419e+03
1.186755797101449389e+03
1.093089130434782646e+03
1.151589130434782646e+03
1.211089130434782646e+03
1.319089130434782646e+03
1.255922463768115904e+03
1.269755797101449389e+03
1.196255797101449389e+03
1.221422463768115904e+03
1.146089130434782646e+03
1.145089130434782646e+03
1.134922463768115904e+03
1.171089130434782646e+03
1.143922463768115904e+03
1.178589130434782646e+03
1.167922463768115904e+03
1.179255797101449389e+03
1.090422463768115904e+03
1.092922463768115904e+03
1.091422463768115904e+03
1.114255797101449389e+03
1.108089130434782646e+03
1.194589130434782646e+03
1.228255797101449389e+03
1.277589130434782646e+03
1.185589130434782419e+03
1.247755797101449389e+03
1.323755797101449389e+03
1.370422463768115904e+03
1.323755797101449161e+03
1.237755797101449389e+03
1.208589130434782646e+03
1.226255797101449389e+03
1.187089130434782646e+03
1.219089130434782646e+03
1.182755797101449389e+03
1.242255797101449389e+03
1.179089130434782646e+03
1.207089130434782646e+03
1.155589130434782646e+03
1.179089130434782646e+03
1.141755797101449389e+03
1.184922463768115904e+03
1.204255797101449161e+03
1.213589130434782419e+03
1.169922463768115904e+03
1.238922463768115904e+03
1.259089130434782646e+03
1.267422463768115904e+03
1.179589130434782646e+03
1.191089130434782646e+03
1.200422463768115904e+03
1.242922463768115904e+03
1.162589130434782646e+03
1.163089130434782646e+03
1.128922463768115904e+03
1.218422463768115904e+03
1.173589130434782646e+03
1.209255797101449389e+03
1.177589130434782646e+03
1.261255797101449389e+03
1.212755797101449389e+03
1.207922463768115904e+03
1.114922463768115904e+03
1.143422463768115904e+03
1.125755797101449389e+03
1.212922463768115904e+03
1.190922463768115904e+03
1.229755797101449389e+03
1.159922463768115904e+03
1.202589130434782646e+03
1.204589130434782646e+03
1.250589130434782646e+03
1.206755797101449389e+03
1.198589130434782646e+03
1.178422463768115904e+03
1.212422463768115904e+03
1.143755797101449389e+03
1.131255797101449389e+03
1.102422463768115904e+03
1.155589130434782646e+03
1.133422463768115904e+03
1.185255797101449389e+03
1.175755797101449389e+03
1.217089130434782646e+03
1.163922463768115904e+03
1.205089130434782646e+03
1.211255797101449389e+03
1.240589130434782646e+03
1.176089130434782646e+03
1.171589130434782646e+03
1.128422463768115904e+03
1.193422463768115904e+03
1.194422463768115904e+03
1.310089130434782646e+03
1.294589130434782419e+03
1.281589130434782419e+03
1.150089130434782646e+03
1.155255797101449389e+03
1.121589130434782646e+03
1.196589130434782646e+03
1.188922463768115904e+03
1.259089130434782646e+03
1.223755797101449389e+03
1.214755797101449389e+03
1.158922463768115904e+03
1.207255797101449389e+03
1.219255797101449389e+03
1.248422463768115904e+03
1.199589130434782646e+03
1.241422463768115904e+03
1.205255797101449389e+03
1.216255797101449389e+03
1.175089130434782646e+03
1.263589130434782646e+03
1.265089130434782419e+03
1.277422463768115904e+03
1.220755797101449389e+03
1.262922463768115904e+03
1.247755797101449389e+03
1.291922463768115904e+03
1.206422463768115904e+03
1.201255797101449161e+03
1.123422463768115904e+03
1.169755797101449389e+03
1.132089130434782646e+03
1.200755797101449389e+03
1.195255797101449389e+03
1.253755797101449389e+03
1.187922463768115904e+03
1.192422463768115904e+03
1.171922463768115904e+03
1.229922463768115904e+03
1.206255797101449389e+03
1.250922463768115904e+03
1.229589130434782646e+03
1.266922463768115904e+03
1.236589130434782646e+03
1.251089130434782646e+03
1.206755797101449389e+03
1.204922463768115904e+03
1.207422463768115904e+03
1.263755797101449389e+03
1.231922463768115904e+03
1.210255797101449161e+03
1.141089130434782646e+03
1.171422463768115904e+03
1.158922463768115904e+03
1.218755797101449389e+03
1.194755797101449389e+03
1.229755797101449389e+03
1.204755797101449389e+03
1.218589130434782646e+03
1.160089130434782646e+03
1.199755797101449389e+03
1.164089130434782646e+03
1.209589130434782646e+03
1.162422463768115904e+03
1.241755797101449389e+03
1.211755797101449389e+03
1.213089130434782646e+03
1.138089130434782646e+03
1.155422463768115904e+03
1.133255797101449389e+03
1.152255797101449389e+03
1.162422463768115904e+03
1.213922463768115904e+03
1.172922463768115904e+03
1.176255797101449389e+03
1.133755797101449389e+03
1.202755797101449389e+03
1.196589130434782646e+03
1.212922463768115904e+03
1.169255797101449389e+03
1.215589130434782646e+03
1.219089130434782646e+03
1.272089130434782646e+03
1.218922463768115904e+03
1.231589130434782646e+03
1.211589130434782646e+03
1.223922463768115904e+03
1.188422463768115904e+03
1.236922463768115904e+03
1.255755797101449389e+03
1.288589130434782646e+03
1.178422463768115904e+03
1.194755797101449389e+03
1.209755797101449389e+03
1.305755797101449161e+03
1.244922463768115904e+03
1.256089130434782419e+03
1.248755797101449389e+03
1.311589130434782419e+03
1.276089130434782419e+03
1.269422463768115904e+03
1.204255797101449389e+03
1.190922463768115904e+03
1.148255797101449389e+03
1.196422463768115904e+03
1.179089130434782646e+03
1.214755797101449389e+03
1.156089130434782646e+03
1.184922463768115904e+03
1.159922463768115904e+03
1.195089130434782646e+03
1.185589130434782646e+03
1.209089130434782646e+03
1.155255797101449389e+03
1.181089130434782646e+03
1.170755797101449389e+03
1.269589130434782646e+03
1.289755797101449161e+03
1.295089130434782646e+03
1.224089130434782419e+03
1.230422463768115904e+03
1.208255797101449389e+03
1.212422463768115904e+03
1.143255797101449389e+03
1.176422463768115904e+03
1.186255797101449389e+03
1.246922463768115904e+03
1.175589130434782646e+03
1.214089130434782646e+03
1.171589130434782646e+03
1.241089130434782646e+03
1.225255797101449389e+03
1.242255797101449389e+03
1.247089130434782646e+03
1.252755797101449389e+03
1.209255797101449389e+03
1.200255797101449389e+03
1.168422463768115904e+03
1.207589130434782646e+03
1.160422463768115904e+03
1.167422463768115904e+03
1.142589130434782646e+03
1.180255797101449389e+03
1.179422463768115904e+03
1.232755797101449389e+03
1.213589130434782419e+03
1.230422463768115904e+03
1.151255797101449389e+03
1.151255797101449389e+03
1.103755797101449389e+03
1.148589130434782646e+03
1.128922463768115904e+03
1.157255797101449389e+03
1.151755797101449389e+03
1.238589130434782646e+03
1.260255797101449389e+03
1.316255797101449389e+03
1.205089130434782419e+03
1.182255797101449389e+03
1.119089130434782646e+03
1.214589130434782646e+03
1.214089130434782646e+03
1.215922463768115904e+03
1.143589130434782646e+03
1.187255797101449389e+03
1.206422463768115904e+03
1.247422463768115904e+03
1.191089130434782646e+03
1.212755797101449389e+03
1.215755797101449389e+03
1.268589130434782646e+03
1.212755797101449389e+03
1.187755797101449389e+03
1.133922463768115904e+03
1.151422463768115904e+03
1.136255797101449389e+03
1.185922463768115904e+03
1.153089130434782646e+03
1.139255797101449161e+03
1.048755797101449389e+03
1.072255797101449389e+03
1.085255797101449389e+03
1.152589130434782646e+03
1.128255797101449389e+03
1.142922463768115904e+03
1.078755797101449389e+03
1.101422463768115904e+03
1.081922463768115904e+03
1.159255797101449389e+03
1.171422463768115904e+03
1.238589130434782646e+03
1.192922463768115904e+03
1.238255797101449389e+03
1.164755797101449389e+03
1.162755797101449389e+03
1.105922463768115904e+03
1.167422463768115904e+03
1.196589130434782646e+03
1.243089130434782646e+03
1.216589130434782646e+03
1.268922463768115904e+03
1.251922463768115904e+03
1.253089130434782646e+03
1.162422463768115904e+03
1.185755797101449389e+03
1.211922463768115904e+03
1.262089130434782419e+03
1.242089130434782646e+03
1.268589130434782646e+03
1.264922463768115904e+03
1.245589130434782646e+03
1.173922463768115904e+03
1.166589130434782646e+03
1.158422463768115904e+03
1.182922463768115904e+03
1.166255797101449389e+03
1.225589130434782646e+03
1.211255797101449389e+03
1.265589130434782646e+03
1.208922463768115904e+03
1.222089130434782419e+03
1.140755797101449389e+03
1.140922463768115904e+03
1.097589130434782646e+03
1.157089130434782646e+03
1.164255797101449389e+03
1.198755797101449389e+03
1.135255797101449389e+03
1.149755797101449389e+03
1.134255797101449389e+03
1.162755797101449389e+03
1.113589130434782646e+03
1.144255797101449389e+03
1.147422463768115904e+03
1.209922463768115904e+03
1.142922463768115904e+03
1.139755797101449389e+03
1.141755797101449389e+03
1.222755797101449389e+03
1.189422463768115904e+03
1.157922463768115904e+03
1.121589130434782646e+03
1.180755797101449389e+03
1.179255797101449389e+03
1.204589130434782646e+03
1.185589130434782646e+03
1.192422463768115904e+03
1.174755797101449389e+03
1.213922463768115904e+03
1.222755797101449389e+03
1.253422463768115904e+03
1.196255797101449389e+03
1.192922463768115904e+03
1.168922463768115904e+03
1.223755797101449389e+03
1.208422463768115904e+03
1.228922463768115904e+03
1.209922463768115904e+03
1.226755797101449389e+03
1.183089130434782646e+03
1.158755797101449389e+03
1.135922463768115904e+03
1.195755797101449389e+03
1.240422463768115904e+03
1.324922463768115904e+03
1.276255797101449389e+03
1.255922463768115904e+03
1.167589130434782646e+03
1.184755797101449389e+03
1.167255797101449389e+03
1.202922463768115904e+03
1.212589130434782646e+03
1.237422463768115904e+03
1.199589130434782646e+03
1.165422463768115904e+03
1.159422463768115904e+03
1.183089130434782646e+03
1.170589130434782646e+03
1.158755797101449389e+03
1.123422463768115904e+03
1.124255797101449389e+03
1.111589130434782646e+03
1.148589130434782646e+03
1.146589130434782646e+03
1.153255797101449389e+03
1.119922463768115904e+03
1.156255797101449389e+03
1.142922463768115904e+03
1.204255797101449389e+03
1.168922463768115904e+03
1.194589130434782646e+03
1.130089130434782646e+03
1.137589130434782646e+03
1.097422463768115904e+03
1.124922463768115904e+03
1.124922463768115904e+03
1.156089130434782646e+03
1.109089130434782646e+03
1.115089130434782646e+03
1.094755797101449389e+03
1.163922463768115904e+03
1.158255797101449389e+03
1.201422463768115904e+03
1.190422463768115904e+03
1.245755797101449389e+03
1.192422463768115904e+03
1.200922463768115904e+03
1.102922463768115904e+03
1.124255797101449389e+03
1.083422463768115904e+03
1.146255797101449389e+03
1.127089130434782646e+03
1.138755797101449389e+03
1.104755797101449389e+03
1.156922463768115904e+03
1.163422463768115904e+03
1.160422463768115904e+03
1.121589130434782646e+03
1.131589130434782646e+03
1.118922463768115904e+03
1.157422463768115904e+03
1.125422463768115904e+03
1.181089130434782646e+03
1.153255797101449389e+03
1.195589130434782646e+03
1.150589130434782646e+03
1.136589130434782646e+03
1.093589130434782646e+03
1.135922463768115904e+03
1.121755797101449389e+03
1.149089130434782646e+03
1.113422463768115904e+03
1.136089130434782646e+03
1.145922463768115904e+03
1.209422463768115904e+03
1.182589130434782646e+03
1.126422463768115904e+03
1.049589130434782646e+03
1.101755797101449389e+03
1.125255797101449389e+03
1.188755797101449389e+03
1.166589130434782646e+03
1.166922463768115904e+03
1.123589130434782646e+03
1.117255797101449389e+03
1.115755797101449389e+03
1.149089130434782646e+03
1.114089130434782646e+03
1.142589130434782646e+03
1.136755797101449389e+03
1.220422463768115904e+03
1.228255797101449389e+03
1.252422463768115904e+03
1.189922463768115904e+03
1.218255797101449389e+03
1.197589130434782646e+03
1.192255797101449389e+03
1.111589130434782646e+03
1.130755797101449389e+03
1.154422463768115904e+03
1.205089130434782646e+03
1.169422463768115904e+03
1.222922463768115904e+03
1.227922463768115904e+03
1.241089130434782646e+03
1.197922463768115904e+03
1.248922463768115904e+03
1.247922463768115904e+03
1.262755797101449389e+03
1.204589130434782646e+03
1.236755797101449389e+03
1.201922463768115904e+03
1.218422463768115904e+03
1.157922463768115904e+03
1.206755797101449389e+03
1.195589130434782646e+03
1.268422463768115904e+03
1.265089130434782646e+03
1.275255797101449389e+03
1.200922463768115904e+03
1.196755797101449389e+03
1.161922463768115904e+03
1.224755797101449389e+03
1.200589130434782646e+03
1.205255797101449389e+03
1.137255797101449389e+03
1.164255797101449389e+03
1.135255797101449389e+03
1.145589130434782646e+03
1.109589130434782646e+03
1.165089130434782646e+03
1.132422463768115904e+03
1.140922463768115904e+03
1.109755797101449389e+03
1.163589130434782646e+03
1.133922463768115904e+03
1.152255797101449389e+03
1.158422463768115904e+03
1.197089130434782646e+03
1.171922463768115904e+03
1.173255797101449389e+03
1.157589130434782646e+03
1.211922463768115904e+03
1.187089130434782646e+03
1.207422463768115904e+03
1.195589130434782646e+03
1.245589130434782646e+03
1.253422463768115904e+03
1.245589130434782646e+03
1.229922463768115904e+03
1.251089130434782646e+03
1.239422463768115904e+03
1.259089130434782646e+03
1.202422463768115904e+03
1.228922463768115904e+03
1.225089130434782646e+03
1.301589130434782646e+03
1.271422463768115904e+03
1.292422463768115904e+03
1.226755797101449389e+03
1.222755797101449389e+03
1.166089130434782646e+03
1.174255797101449389e+03
1.136255797101449389e+03
1.136255797101449389e+03
1.119255797101449389e+03
1.187589130434782646e+03
1.163755797101449389e+03
1.180922463768115904e+03
1.163089130434782646e+03
1.186255797101449389e+03
1.157255797101449389e+03
1.176422463768115904e+03
1.189089130434782646e+03
1.266089130434782646e+03
1.256422463768115904e+03
1.241922463768115904e+03
1.197922463768115904e+03
1.236755797101449389e+03
1.255089130434782419e+03
1.256089130434782419e+03
1.167589130434782646e+03
1.193255797101449389e+03
1.178089130434782646e+03
1.227589130434782646e+03
1.168255797101449389e+03
1.185755797101449389e+03
1.158589130434782646e+03
1.216089130434782646e+03
1.201589130434782646e+03
1.275255797101449389e+03
1.254089130434782646e+03
1.311255797101449389e+03
1.278089130434782646e+03
1.295589130434782646e+03
1.208589130434782419e+03
1.187755797101449389e+03
1.178422463768115904e+03
1.277255797101449389e+03
1.299755797101449389e+03
1.264589130434782646e+03
1.200589130434782646e+03
1.217255797101449389e+03
1.248422463768115904e+03
1.297422463768115904e+03
1.213089130434782646e+03
1.196255797101449389e+03
1.126422463768115904e+03
1.178589130434782646e+03
1.170922463768115904e+03
1.255589130434782646e+03
1.239089130434782646e+03
1.270255797101449389e+03
1.201089130434782646e+03
1.241922463768115904e+03
1.141589130434782646e+03
1.119255797101449161e+03
1.065089130434782646e+03
1.145255797101449389e+03
1.167422463768115904e+03
1.183755797101449389e+03
1.136589130434782646e+03
1.151089130434782646e+03
1.133089130434782646e+03
1.177589130434782646e+03
1.128089130434782646e+03
1.153755797101449389e+03
6.674224637681160175e+02
