2.101872110539708558e+02
-4.690720482052882971e+02
1.076113136979897035e+03
5.236037856051138988e+03
2.489150244451336675e+02
7.792811412393867795e+04
9.009163021215934350e+03
-7.103262730663774391e+02
6.828282485535252135e+02
7.902634984518270358e+03
-4.341333744173692139e+03
3.950834707151047041e+03
3.929632816193366125e+02
-4.060014358298802108e+03
-4.375463219886965817e+03
2.928538163566134699e+03
2.164242469777390215e+04
1.393197095282938562e+03
9.432371733171975166e+02
-1.004163164692120517e+03
5.390535068709982625e+02
2.231506182392705796e+03
2.786014297682961569e+03
-1.409602721936526905e+03
-7.321211514057363274e+03
-6.102697380537252684e+03
-6.662967455534001601e+03
4.511583646262438378e+03
-1.357636357581087694e+01
-1.214618834735882956e+04
8.157716603064031005e+03
-8.545878915381013940e+03
2.642685431478147802e+04
7.344098281335559477e+03
6.383262583761886162e+03
-7.231044057998633434e+02
6.374949353280347850e+02
2.156958757647858420e+03
1.238465805277179243e+03
-5.653723034795949616e+02
1.101247067297284588e+02
1.287349711364512359e+03
8.672038152782640736e+02
-3.732295224211392792e+02
6.436751507043352660e+01
9.804831095972750745e+02
1.141110120114812162e+03
-1.108014797004984899e+02
1.295198639031738821e+03
3.208757393743563625e+03
5.411330636691514883e+03
-4.395081697418752810e+03
-2.035645761804931908e+01
2.399147594128764922e+03
1.409860821082887696e+03
-9.112334174302934287e+01
4.324386449550150360e+02
7.443382727616142347e+02
3.631870144616185598e+02
-7.841009131027519743e+02
-5.524778638967048572e+00
1.424675980868127681e+03
1.304938065329185065e+03
-9.238594277630423903e+02
3.044161446158644253e+02
1.689553275515685300e+03
9.519906932642941229e+02
-6.261790960571075857e+02
5.252958334784468661e+02
2.031219726327279204e+03
1.400305265527332267e+03
-4.754162620922755309e+02
5.748646204756769293e+02
2.274588939734663199e+03
1.001062534583824117e+03
-3.083264691259103643e+02
3.509780521878562354e+02
1.356213642468888793e+03
7.161740267271585481e+02
-6.375406359466270487e+02
7.739894227323213727e+02
5.269355609327415550e+03
4.675481082322221482e+03
-2.072673192699198808e+03
7.486312918809441044e+02
3.804127068025999961e+03
2.349649644273795730e+03
-8.193562527230837134e+01
5.787045348293588631e+02
1.446412210499138382e+03
8.883094816015728838e+02
-6.553565945125305916e+02
1.099034011220197726e+02
9.973700295150864576e+02
6.287910199551217829e+02
-2.379334692480805131e+02
6.665350899593041731e+02
1.939919471064863274e+03
1.434088485466865222e+03
-1.138813032367071173e+03
1.296733789695628047e+02
1.311555328233112959e+03
8.145184124573087274e+02
-4.246363721365120796e+02
9.982477690925095715e+01
7.262970241947310797e+02
3.926103897331424264e+02
-7.590629481464661694e+02
1.474877270261462456e+02
1.796963912820856876e+03
1.645004632059616597e+03
-5.761557508943139510e+03
2.013842917250804385e+04
-3.691841836137806240e+04
2.359905492969622719e+04
-4.514394576905033318e+02
1.406973421724310811e+03
4.303735736671458653e+03
1.257569934607116920e+03
-5.701210241719313672e+02
5.691815204076249302e+02
1.742291365483512209e+03
1.399412683329429228e+03
-4.692532558605486201e+02
2.572795976010268646e+02
9.028636669619916120e+02
4.222992344553532007e+02
-8.014330483041513844e+02
3.586825903535193447e+02
1.727682218846306796e+03
1.177027708604363852e+03
-1.129788181834091574e+03
-4.255361934587245969e+02
1.169351986182276050e+03
9.932566513588524231e+02
-5.265826672829549580e+02
1.832323696031782845e+01
8.867611279520212975e+02
6.439691985697726295e+02
-6.389500053661023458e+02
1.533021260120352167e+02
1.941573751820511688e+03
1.909532501886973250e+03
1.153289200057624555e+02
9.346102985373688909e+01
8.908456771009276736e+02
1.020667670702350392e+03
-2.173471345367229546e+01
2.010295396090354814e+02
6.157196907922603941e+02
4.809266789985135233e+02
-7.639191778341714212e+01
4.345306476792691228e+02
9.301797799281150674e+02
7.980505085754758738e+02
-2.510765406963016630e+02
3.239063283607458175e+02
1.564819882801150925e+03
1.896028836234304208e+03
4.521061769052243307e+01
5.293343529904963134e+02
1.050060444455500829e+03
6.526133990678180226e+02
-2.985913353714124696e+02
1.201482031770163701e+02
5.677090852423245906e+02
4.697013808528835170e+02
-2.970331278471782639e+02
2.710779142398192221e+02
9.291448830326240795e+02
6.392118678522862183e+02
-4.844805954231939040e+02
-2.785460704267669030e+02
7.814844068420887879e+02
1.129302133634235815e+03
-7.244586689419276127e+01
2.009847048445427333e+02
8.651577722751870851e+02
1.045682549632733753e+03
-3.274412510751994887e+02
3.446661123421731077e+02
1.207464358974740662e+03
5.564257499701874394e+02
-8.202235633655601532e+02
2.661844421407809023e+02
1.234851595832926705e+03
7.802354905496550828e+02
-4.984562360396859049e+02
4.802585927360246956e+02
1.680984677892824948e+03
1.488758460024089572e+03
-4.042081611652573088e+02
2.616818542395059808e+02
3.565794194104707003e+03
5.498869120880431183e+03
-4.090530621785831045e+02
1.519487764543369167e+03
1.767549173759821315e+03
1.297590862395404884e+03
-3.890445054619393659e+02
4.591826660802387892e+02
9.565460847418657977e+02
8.656559764565506612e+02
-2.906382655446464014e+02
2.013746215322168780e+02
7.695804791328512238e+02
4.822295606839788888e+02
-4.785986299627413132e+02
5.781835491804680487e+02
1.657345441795230272e+03
1.061342413357875330e+03
-1.146813885709068700e+03
2.305512144081582164e+02
1.409765624281585133e+03
4.324408236049235938e+02
-1.209048099896023587e+03
-3.146824188640406419e+02
1.214088133226412538e+03
1.365881189500266828e+03
1.420269752465823387e+02
1.740933849066203152e+02
7.899892024513595743e+02
8.445265536645716793e+02
-2.512088665499018134e+02
2.740195271599085345e+02
1.189962481180763007e+03
1.456093921159762658e+03
4.481017933942901266e+00
4.777710036583357578e+02
9.656882569675415198e+02
1.064034974996881147e+03
4.574259615411395430e+01
4.782677011108302167e+02
7.071754542986857359e+02
3.293652414175813874e+02
-7.954412190769569406e+02
5.264878127430682753e+02
9.483052386266754183e+02
6.789249294194871709e+02
-5.270965988779806821e+02
4.383881367888361638e+02
1.285369242193695982e+03
7.757696867695177616e+02
-1.240186602860440189e+03
1.184540211820107025e+01
1.533444662491136114e+03
7.897685834502102580e+02
-1.096916366195663159e+03
-2.009849098208128737e+02
9.215298220273637071e+02
8.378996987476841696e+02
-4.301580282932914656e+02
2.948359368702751908e+02
1.166521352252040742e+03
7.944379194377850126e+02
-3.995775904481482144e+02
1.882427916172757136e+02
8.516057202212391530e+02
5.632695461285277361e+02
-3.548277870065817297e+02
3.937501307417581131e+01
8.738154443874493609e+02
9.268680269646650913e+02
-2.004958731251812676e+00
5.460324584251646911e+02
1.596573484979813657e+03
1.174805091765443194e+03
-1.005821224871433515e+03
-2.052854998646676279e+02
1.118019306648697921e+03
8.854325339630391909e+02
-3.243282650444007231e+02
5.052652629622868972e+02
9.552324942760604927e+02
5.741627606319328834e+02
-4.693798011337894991e+02
6.293200147504332875e+01
7.143939325829298923e+02
3.582394188365867080e+02
-1.044512419338581822e+03
1.232356601451798355e+02
1.798092130217057047e+03
1.970277966087130608e+03
-6.952643537188436085e+02
-2.408434568969912277e+02
6.240098042446862792e+02
9.450671465725902181e+02
1.512993329053192326e+02
3.579200461539981575e+02
4.557190221284284917e+02
5.021392679007669813e+02
-1.949857719158783880e+02
3.664452116373590229e+02
9.430529767794131430e+02
5.022612706900584953e+02
-1.270076341090059486e+03
1.823537915603541933e+03
4.128691703417571262e+03
1.511015548708410961e+03
-4.570948659307696857e+02
1.068895323410097546e+02
8.506127281179003603e+02
4.521052654313423318e+02
-6.302370102760771715e+02
9.855858963441360743e+01
1.987147698184846377e+03
2.557706670360492353e+03
-9.283550133830408413e+02
9.030472379420663174e+02
2.541050641997323964e+03
1.837323328049820702e+03
3.608490580952291680e+02
1.270328535223052313e+03
1.564132382733375380e+03
4.080142452492937650e+02
-1.295843960460532571e+03
5.397163682177678083e+02
2.131347578582624465e+03
2.810723946423874168e+03
-1.333363018468234031e+03
-3.798901776410930324e+02
5.203140379956638526e+02
2.788185287761955351e+02
-7.799835738157723881e+02
-1.074989741523994837e+02
7.469770354314539418e+02
5.683507728051911272e+02
-3.546868417864550906e+02
3.405795928575648390e-01
5.603073532358242801e+02
5.071203249490557710e+02
-3.380282191473824014e+02
-4.345850765891120915e+01
5.358560374348852520e+02
5.324204518532229713e+02
-2.163917935690101331e+02
-1.393590328159973524e+02
7.379835825179878839e+02
8.895349693965162032e+02
-8.766657051250395227e+01
4.237107252825227874e+02
7.824516667724902845e+02
3.460084433387117429e+02
-2.544283239242380432e+02
3.206163789726361983e+02
6.400657339939083386e+02
2.644087326179381989e+02
-5.709212658528057318e+02
7.591891909832612839e+01
1.017773608977931417e+03
8.135207811538965643e+02
-2.094191990026489520e+02
1.652376471944329523e+02
1.014541405641264987e+03
9.647705536632591929e+02
-5.581337754932405915e+02
-2.203650909996431722e+02
3.904274255062617840e+02
6.402489284474019087e+02
-4.861515520292162051e+01
1.110994169670702121e+02
5.697334720569294859e+02
3.845026156570889952e+02
-6.453670675457395873e+02
-2.235313982859531450e+02
6.653861409625795886e+02
7.069323911245367071e+02
-2.351973357869394192e+02
4.753773395406988129e+02
8.965456727582322856e+02
5.438273597947390954e+02
-5.314830404405386162e+02
-4.718892035220039816e+02
4.212577950193086735e+02
8.629511721367691734e+02
2.253406717950907137e+02
5.349920176234705878e+02
4.401158199609031385e+02
1.981597142738755224e+02
-6.442011135194848066e+02
5.239286745374304246e+02
1.783789332124676321e+03
9.631576142158910443e+02
-1.202360577541995781e+03
-8.221088479140072991e+01
1.077345441795230272e+03
1.117041310722937624e+03
-1.000147844467552893e+00
3.848863303497023480e+02
9.479925751021302176e+02
4.852929198483201958e+02
-6.853954872144282717e+02
-1.257575845025857433e+02
7.819478090866720095e+02
1.539009514215117406e+03
-1.470307952163344225e+03
1.645017769574090138e+01
1.966614517105432924e+03
6.631576581436363540e+02
-1.058573144077623056e+03
6.587785098808194562e+02
9.265625952802035954e+02
3.236027843315264931e+02
-6.844705291601899262e+02
-2.257304692305799563e+02
4.842310753951685456e+02
3.761858283960003178e+02
-4.039648128007146966e+02
2.313669939223927940e+02
6.057026148446711886e+02
1.966375118778146600e+02
-7.197919393255041314e+02
9.512986120114278776e+01
7.737940537866098794e+02
7.654598408426170408e+02
2.956601666836931042e+00
4.521310348379410584e+02
1.281842718127182934e+03
1.672377587349490568e+03
-2.186216098067483927e+03
-1.747953153282650476e+02
1.173221698046392930e+03
1.258178808669709724e+03
-6.782798649666790425e+02
6.832535742387771052e+02
8.718788751369474994e+02
3.209521811793015331e+02
-6.231515245961250002e+02
1.310700677886870835e+02
8.801025676173313741e+02
1.021332415826631632e+03
-6.305627831245742527e+02
-2.482830748619607562e+02
3.743231414232571410e+02
8.028553753658898131e+02
-8.380452491251954825e+02
-6.825111868029125617e+01
4.506715871073793664e+02
3.653657432635572491e+02
-4.137224458891592462e+02
1.330795150569299039e+03
1.954348468910709016e+03
1.079160154945569502e+03
-7.567563360248445861e+02
-2.922781482229466405e+02
3.557664059747390297e+02
7.851129244761813197e+02
-3.946329054029007466e+01
1.139200223632749612e+03
1.186826525520716132e+03
5.713433685584592467e+02
-4.719697072854157227e+02
3.090378681626930302e+02
1.003096168917249884e+03
5.736233572575112021e+02
-1.548729059280298941e+02
-1.818723884433155149e+02
8.452497829426384897e+02
2.784541126021518721e+03
5.051173045333706568e+02
8.020914537783567084e+02
8.055891472229902774e+02
5.651647640906144261e+02
-1.650763902572845723e+02
8.354265748522824708e+01
3.011197102794877765e+02
1.931101331206123177e+02
-2.457499230664956826e+02
-5.647919288265621063e+00
5.270787938580803029e+02
7.173144709719948651e+02
-2.840090498767864915e+02
1.549649368864021071e+01
6.904344533165600524e+02
4.617174350349262681e+02
-4.055165671927865105e+02
-8.885866285663730935e+01
3.624322971632343524e+02
4.768812450928467683e+02
-2.324167119269862098e+02
2.590921043186688735e+02
1.062936402407453215e+03
1.118299760699939725e+03
-2.870337124131903579e+02
-8.405742968922918124e+01
4.708282686613680994e+02
4.709210240172853332e+02
-1.760669437005201985e+02
1.484425319548481248e+01
-9.266936982797223266e+01
-1.467147355695426256e+02
-1.017917441551385650e+03
-2.253525973852272557e+02
7.390980688315976295e+02
7.342039058888007048e+02
-4.105409673616933475e+01
3.397411843127046609e+02
5.935217636240315642e+02
5.347832238380041190e+02
-1.300551412449083045e+03
-1.056617047561609013e+02
7.297335651600287747e+02
6.848999222936195110e+02
-3.608209678678316550e+02
-1.215818083087900874e+02
2.974533973358578578e+02
3.430603317263627901e+02
-1.310176873928620864e+02
7.758777411575201768e+02
1.380598336087434518e+03
6.282542381200501040e+02
-5.695638697355926752e+02
9.532721497745297867e+00
5.493302427561620789e+02
7.604816185076492729e+02
4.534027640938205650e+01
-6.554978962131892217e+01
-1.585938679123748329e+01
1.591519238943536863e+01
-2.361244082446734751e+02
-2.859815521548956241e+01
3.206183896068092167e+02
7.412106806676345059e+02
1.172110920962514626e+02
3.869443337826522793e+02
5.448184282729398547e+02
2.842079812354393766e+02
-6.516049283671462717e+02
-1.929236015965540929e+01
3.456843072809058981e+02
2.711487934517965641e+02
-7.921903722001569577e+02
1.145349507902109849e+02
8.907706180738218791e+02
1.270781318389640319e+03
1.973630302834287420e+02
5.586402463209238789e+01
1.387014595021029493e+02
1.450067672036489625e+02
-1.725758655740304448e+02
2.786735561350567991e+02
5.194071779111294518e+02
3.455546941832389507e+02
-3.694416038661427137e+02
1.010847955378180529e+02
4.415620478239575277e+02
6.468854553616356498e+02
1.698263949538071671e+01
1.937192590091191278e+02
3.780962108434038669e+02
5.053468850263628838e+02
2.632237603598245101e+01
4.912493423883100832e+02
4.506596086166015880e+02
2.254504098299782981e+02
-9.673614716434428829e+02
-3.548957350099669270e+02
2.216009137858209215e+02
5.132509384258413547e+02
-7.534350394958743813e+00
3.662174189251813914e+02
6.256133492694493725e+02
4.287644846353753678e+02
-2.608958570011203619e+02
9.384186789640411064e+01
9.219785237292195461e+02
1.204768132839957161e+03
-1.790308612412924958e+03
3.770161599521166522e+02
1.057984257898590613e+03
6.548904232747155447e+02
-1.197448180147205676e+03
-3.540595006495516373e+02
3.708454518207219053e+02
5.797457439651535651e+02
2.181451667264640548e+02
3.570272066755904348e+02
3.245082946708692475e+02
3.678263815357733080e+01
-6.867300010302051305e+02
-1.943737391316755918e+02
4.020477209854986995e+02
7.639576972024325414e+02
-2.664851690742104324e+02
-1.965738328992165407e+02
2.250427084541668137e+02
4.437179922338108327e+02
1.354486294751080422e+01
2.188078780849357088e+02
2.761334842447847038e+01
-5.389324739539441822e+01
-2.697289349016166966e+02
7.165732208722661767e+01
1.672498664045221801e+02
1.585249684204549965e+02
-2.458380317024387978e+02
2.798665096725335388e+02
4.498973616634360724e+02
4.807648694860710066e+02
3.354687206546683598e+01
2.955549965367659482e+01
1.646884025949892703e+02
1.503465695730312461e+02
-5.181784268057803899e+01
3.943903531586138911e+01
-1.133357677195921909e+01
-1.006169643762899391e+01
-1.018879882655684526e+02
4.494525946127647558e+02
5.488669400839871741e+02
2.410734605308414018e+02
-4.823027511573363313e+02
3.122557930430003807e+02
7.164544970025707471e+02
2.719727888030818121e+02
-9.275462222041069253e+02
-4.914756675976914266e+02
3.354433868666295666e+02
1.125230535737247237e+03
-3.070989398564709063e+03
-1.918330243856407606e+03
-1.028556529958924060e+01
-1.016183044468877910e+02
-9.412545582047687276e+02
-2.858101660614710795e+02
1.211132840584877073e+02
2.663303920025190337e+02
-9.120297793890628668e+01
3.339599675221841579e+01
3.242424177504564682e+02
5.685855226918168910e+02
1.379168580857449342e+02
8.305849854742145055e+01
9.220102851799887844e+01
2.219679069383707599e+02
-7.007073647019051066e+01
1.155148954170007869e+02
2.222615389087148401e+02
2.254848393775448869e+02
-1.243961036559543345e+02
8.625189908151364762e+02
7.366212947699145843e+02
3.467845154283942861e+02
-6.130699415707358639e+02
-2.948044219980607750e+02
2.719228206572325348e+02
6.081316921773902777e+02
3.055008017744179938e+02
2.829164756724699714e+02
3.203501116825059825e+01
5.628176239249434332e+01
-3.770552617866312630e+02
-2.206782749132878223e+02
-1.346400380188458428e+02
3.713861080562000438e+01
5.292770076945434887e+00
2.724862519977821762e+02
3.887891671231936357e+02
4.256234079861558826e+02
-2.376717820759556048e+02
-3.462155247657010477e+02
-1.885500449597759598e+02
1.884772674146792895e+02
2.289049050510381562e+02
2.955980943706131256e+02
1.896196454538685714e+02
2.738096004749344274e+02
3.457232511333035063e+01
2.629678911118842848e+02
2.048345590968326917e+02
2.718151946013264251e+02
-1.032973123404021720e+02
6.541585056644154861e+01
1.882336403724928076e+01
1.960271638374361487e+02
7.234044323359567841e+01
2.542272846501036838e+02
2.111409163054220812e+02
6.501589227490313760e+01
-2.740951930529220135e+02
3.522548869367288837e+00
1.501639254025040771e+02
3.201586841205572114e+02
-8.893555178823532970e+01
-5.807579564395017968e+01
4.661151978322867251e+01
2.975967966736193375e+02
2.437096954599131777e+02
3.042633725687821880e+02
2.147032962677336059e+02
2.415214167109995458e+02
-3.328716133484689976e+01
-3.307613346810549082e+00
-4.415530583717601587e+01
-1.555130660476214928e+02
-1.333416568123271588e+02
1.597740584605599281e+02
3.280125391142779563e+02
3.034172654983502753e+02
-2.418799464200767488e+02
-1.846583688454002470e+02
-4.253903171375677061e+01
1.700983521433014687e+02
1.814037728028023011e+01
2.225204380230083245e+02
1.107129869373565043e+02
-2.754546008903004051e+01
-3.508879429943578998e+02
3.426075199495097934e+01
3.913298989061428301e+02
2.856716679874972442e+02
-2.174545041985935541e+02
-1.667331063901801826e+02
1.807661625367647389e+02
1.994946306510496186e+02
-8.710268138890339173e+01
-4.350174719398029310e+01
9.559473362847928968e+01
2.055684578256387169e+02
-1.399652226794470380e+02
-5.911396005768104800e+01
5.567930893408220072e+01
1.690507641026575811e+02
4.501169519865531043e+01
3.157336187593775989e+01
1.343963242840585224e+02
1.888493499986848008e+02
-3.255067024903085837e+01
-5.319525576265453992e+01
-6.670061370431317016e+01
6.237740660461565056e+01
-3.727380909734898751e+01
-5.524340587250603818e+01
3.634309120598234699e+01
7.909392412706996822e+01
-1.379170260772997381e+02
1.220023107198211321e+01
1.281778699243181734e+02
2.321637041058612283e+02
1.779820646861325883e+01
-6.509874152074510789e+01
-6.538504284489499696e+01
-4.685531166338114417e+01
-2.536656232569329745e+02
-5.558663493144717194e+01
2.616243125955003848e+02
3.570116517423667801e+02
-5.766697721487262562e+00
-1.938448264685919185e+02
-1.203417444085649777e+02
6.192247127862653144e+01
3.356173648293096790e+01
4.487745109683226730e+01
1.267119152813421401e+01
6.279200609527379129e+01
2.603724481845119954e+01
9.564656885747722015e+01
5.799880277624436076e+01
3.083512710450355954e+01
-9.008515735585770301e+01
4.269540665659510381e+01
3.673743386171552316e+01
-4.258042511280648590e+00
-1.320859642594764409e+02
-1.244028664044375532e+01
1.652490010415587278e+02
1.364519413348192245e+02
-3.626325471139598733e+01
-5.606297030528543246e+01
5.014317950973756410e+01
1.103529799496173496e+02
-8.144571913242909744e+00
6.045898303220303305e+00
5.839106206256401066e+01
1.477547917812078708e+02
1.890309169063495887e+01
2.200791161858320066e+01
1.440324190809925797e+00
-2.048583602245565771e+01
-7.887868900239439540e+01
1.653816167346853661e+01
8.607831093364643493e+01
8.453459052524644335e+01
-6.685242615717230308e+01
-3.383082266860404275e+01
6.652972825834203796e+00
2.657370835070688031e+01
-8.807698648363968630e+01
-3.170054563778365875e+01
1.096582374855116804e+01
7.280024785462052250e+01
-9.100796276303920962e+00
7.188322947550785935e-01
8.330645329197785554e-01
-1.018828606173521045e+01
-9.871368081230656344e+01
6.975243465522288133e+00
8.341575240904012389e+01
1.316165501259131076e+02
3.063068173276181305e+00
-1.263530477399194574e+01
7.489353771114616976e+00
1.824122681855372363e+01
-2.945188271155659976e+01
-1.545878109549199131e+00
1.789041303973171892e+01
-1.175965598857989569e+01
-9.344254897021174600e+01
2.380172014606276321e+01
6.071746247831377730e+01
6.710255351247801059e+01
-4.435784360685244110e+01
2.010488086163242016e+01
4.844113148770022548e+01
1.844366568007467677e+01
-1.006776699341446744e+02
-2.745594536699585930e+01
4.758831941920603015e+01
4.745114114362182534e+01
-6.537675857781117372e+01
-2.907074935545045591e+01
3.275906188045516387e+01
7.474412975211605215e+01
-3.371137121530809821e+01
2.843291152420820112e+01
4.418114765088622420e+01
-5.606700519601662824e-01
-1.196176413272364130e+02
-4.620436046224512694e+01
3.572377365463727728e+01
1.604990043278656131e+01
-7.794384309081877404e+01
-3.684510432407073921e+01
4.582206400200765017e+01
5.393485550865909772e+01
-1.269681357836204150e+01
2.865672187065052512e+01
7.370369460797141414e+01
6.958486692178134092e+01
-2.746359914552856907e+01
-2.843535395740283178e+01
6.873656176928612638e+00
2.174847795786724802e+01
-2.882091839384959897e+01
-6.860514307482390883e+00
1.234424972807396159e+01
3.857867521082719264e+01
-9.980233559216468819e+00
1.875068360917599719e+01
7.709649323681783528e+01
7.090126459136250503e+01
-1.395366670328975900e+01
-3.133118081774285812e+01
-1.714866709060552452e+01
1.229622407176672994e+01
-3.464797449793551465e+01
-5.247236208469890251e+00
9.958752567856310023e+00
2.751811752313790649e+01
-5.470445979718101093e+00
2.447749923467772604e+01
3.644519188036412061e+01
2.391329565400319623e+01
-2.163044723105144129e+01
3.863474220318703800e+01
6.416072005307407267e+01
4.336378503141768448e+01
-2.583209791561277768e+01
1.135752365944425968e+01
3.494439961293075214e+01
3.669474589505552586e+01
-3.639217295617382320e+01
-5.034724660107425365e+00
2.675607553395692761e+01
3.420454477634212509e+01
-1.693744124680137730e+01
2.376055467712582026e+00
8.698097218787127716e+00
1.864358098234692918e+01
-2.582391544953598839e+01
-9.122543921004282907e+00
4.154741565120299462e+00
3.603996715188921396e+00
-2.201378851313668505e+01
4.067753077570785081e+00
9.988089656690148033e+00
1.039840685155060029e+01
-9.356901035523391030e+00
2.517022260180053195e+01
2.422898894570488437e+01
-6.533611156418968058e+00
-4.328143691232543944e+01
4.156032079213345831e+00
3.095172661409311488e+01
1.747579306177428649e+01
-3.272058382659015763e+01
-6.172142505132430124e+00
3.054321893130726195e+01
3.501279041120565694e+01
-1.208484646262845885e+01
1.492044143710699089e+01
3.417426998262310889e+01
2.806660999596561012e+01
-1.139405826320709636e+01
1.198253507700708154e+00
1.287679561534301698e+01
1.896091911600030855e+01
-2.395316162445553232e+01
1.451721626058632697e-01
2.960100511274090707e+01
2.732158759057045216e+01
-1.928106991881850973e+01
-3.906119937444942991e+01
-1.302734207778612152e+01
1.994369870373907006e+01
2.628630408362368165e+00
1.412908184177837789e+01
6.987873985500268503e+00
9.801003244852223295e-01
-3.496446653392345638e+01
-1.614679113910048613e+01
1.763004359413897859e+01
2.439975898982475755e+01
-2.592873025103722640e+01
-2.274802583321191563e+01
-7.028464524229589117e+00
2.168812580794393430e+00
-1.799082544948299756e+01
5.554371703957431627e+00
2.816253733029308393e+01
3.165731664349070584e+01
-1.098156299813558157e+01
-1.484418128358598743e+01
-4.614796182410123571e+00
2.559876004032551222e+00
-8.049096682634086619e+00
6.469538080264257474e+00
1.923850856890629757e+01
1.651457083200604004e+01
-1.570775842885090867e+01
-7.370671448663436820e+00
4.045065336425914815e+00
8.398215165095333390e+00
-1.283922278899507852e+01
-9.331237876580013690e+00
-2.988124048625645734e+00
-3.800572536047526651e+00
-1.994700626812799271e+01
-6.051327145143381436e+00
1.321558524503473819e+01
2.572870767452830876e+01
1.350354021711421026e+01
9.842480821981871131e+00
-3.441655676735549729e+00
-1.721829927050191245e+01
-2.916647133018751248e+01
-4.148181818744625993e+00
1.979371461222792306e+01
2.027342212658786735e+01
-2.822498473776915873e+00
4.559451101889578695e+00
2.077291270590541927e+01
1.710706437013613268e+01
-1.653363597397866513e+01
-1.501648089367878569e+01
5.791512032485012007e+00
8.957254017877678720e+00
-3.113619951414217990e+00
3.939207398193264709e+00
1.727015234920123277e+01
8.786551718084790963e+00
-2.199697171384940830e+01
-1.227959291618773285e+01
1.086149856174629313e+01
1.722189982284669796e+01
1.553199978635138256e+00
6.527354518577582532e+00
8.535709040829649652e+00
-5.533784672279597139e+00
-2.123565623318844331e+01
2.340729048133925794e+00
1.522212929246138380e+01
7.975237321407936619e+00
-2.010483640628531887e+01
-6.109078971256201918e+00
3.877330162897091093e+00
-9.913414673457862092e-01
-2.474732372594171181e+01
-1.413552790748443044e+01
-1.936548087460872036e+00
2.312294453795475047e+00
-1.319098350214200899e+01
2.358358746645409010e+00
1.563283653816437990e+01
1.892430323069683951e+01
-8.132102067195424056e+00
-9.791246029345188617e+00
-8.082354122810848196e+00
2.050301831747531445e+00
-1.822840059763802589e+00
1.402252086022199684e+01
1.647141862493235465e+01
7.566734303101805281e+00
-1.694915792110432662e+01
-1.164342329401769938e+01
1.137985114892736238e+00
5.393908066191310802e+00
-4.954565010064004404e+00
2.447994213529591345e+00
1.246480347633599450e+01
9.211779701720017144e+00
-5.736205359821997973e+00
-3.360515495499611927e+00
-2.520491312565538156e+00
-3.196807940677295790e+00
-1.383509009018852609e+01
1.809137289061280240e+00
1.697275567383980288e+01
1.744155157796904021e+01
9.912825060595713556e-01
-1.417320828683897416e+00
1.468997652604960291e-01
2.187146043657774708e-01
-5.563682114651252064e+00
7.713084873895978966e+00
1.789757842480953443e+01
6.615313448557978759e+00
-1.383854344510525536e+01
-8.368063354804498033e+00
5.646568118601230424e+00
9.254433842256174714e+00
-2.898471528717733836e+00
-6.442925347783639900e+00
-7.767381198098174400e-01
3.501866597145896876e+00
-2.299428642063084283e+00
1.315977714774679397e+00
2.135475545341682491e+00
7.701257063330881003e+00
8.986524622828326869e+00
1.028271405751075029e+01
7.031748176942621775e+00
1.642814791579848555e+00
-6.922411049551284279e+00
-1.444915859155734006e-01
4.859272334851145181e-01
9.330301956365772975e-01
-7.770314987494772119e+00
9.616764136864787149e-01
7.862250483941847889e+00
9.031663171804837020e+00
-1.841247247560913625e+00
-6.484057145071694395e-01
8.857449302369555522e-01
-2.522962739865441506e+00
-1.119715527517010756e+01
-1.464917534862440585e+00
8.826466549562120179e+00
1.039290540976142552e+01
5.257946178796614189e-01
2.714395638922010967e+00
5.768900763760757222e+00
2.300481209204171318e+00
-3.841857042507035747e+00
1.595632830675687508e+00
6.743347627239693054e+00
2.276860731992591091e+00
-8.396945290511748539e+00
-4.989271126447548887e+00
9.093911652678849933e-01
4.245901032196957026e-01
-4.426001020608359759e+00
1.274741093375894918e+00
5.332565980030782526e+00
1.838130832685171079e+00
-8.290279031399236942e+00
-2.709252280792662670e+00
3.478127546754892663e+00
4.158403125293845370e+00
-3.848406944987770473e+00
-5.001726772531539744e+00
1.860040147565342528e+00
3.934318102411753948e+00
-2.177613095469198790e+00
-3.867098793462739881e+00
-5.487993846626566530e+00
-5.821952669712207040e+00
-6.252262889702884685e+00
2.517941699799765232e+00
8.935816920318933043e+00
6.664489012682170532e+00
-5.013670960817603550e+00
-6.411629259319203911e+00
1.891772681993616478e-01
6.003462023454342322e+00
2.956591180421454190e+00
4.003996543623721038e+00
1.836482037478093687e+00
2.274869507811806191e+00
-2.752751278815407598e+00
1.897108403574726543e-01
2.933523950148211767e+00
2.839561271181228364e+00
-2.027888821884706427e+00
7.420615355649548550e-02
2.195294918057935085e+00
3.131590421044425643e+00
-3.621480931633829670e+00
-2.942300160392863795e+00
-5.507270329127108566e-01
2.934309010451241484e+00
-1.510229464967727808e-01
1.837772727236148054e-02
4.681438774192450136e-01
-9.806597620590941089e-01
-3.202202370193821590e+00
9.683950633277046416e-01
4.704201518557407091e+00
3.649066627726360590e+00
-2.384271453747730973e+00
-1.237345710006406696e+00
1.559861803993371820e+00
2.300457530904091552e+00
-1.472882875209915232e+00
-4.659819405793299563e-01
3.721968832900168778e+00
4.171968585436162336e+00
-1.024111024388836277e+00
-4.081103292857100606e-01
6.888748850744058627e-01
1.602951501472067664e+00
-1.967598955519595405e+00
5.178727998688178458e-01
4.345817184092055641e+00
3.760017705071747152e+00
-1.487848917567665241e+00
6.397394389768593648e-01
2.682069004952780666e+00
1.564262742921246563e+00
-1.597493429560401745e+00
1.801397682644121090e-01
2.441658387453327084e+00
6.533731581488152473e-01
-2.179491539625320939e+00
1.173224396008829773e+00
3.947379750274242038e+00
2.842106912382059036e+00
-1.683639472219828903e+00
-4.390582248178189761e-01
1.968564795986707416e+00
-1.364111469514978081e-02
-3.820089601226276610e+00
-3.669871880179455204e+00
6.910583614517329387e-02
1.560930261851882994e+00
-2.764171522837532424e-01
1.939794449934061360e-01
7.178617982314177137e-01
-5.573112936140939971e-02
-2.353955518763477528e+00
1.096528610555086214e+00
3.717916966946545276e+00
3.041900571153846045e+00
-5.408321540593378218e-01
2.529703341156464003e-01
1.766371358805918890e+00
-1.471531596580333001e-01
-3.296984241616967903e+00
-9.063019698532294166e-01
2.069480638327250155e+00
2.201300273240916816e+00
-7.203656688148442067e-01
7.171586110852361529e-01
1.836555416524683348e+00
5.706119500844306636e-01
-2.614143811142966456e+00
-5.689620604147728189e-01
1.406091311194982207e+00
1.293670289930345163e+00
-2.493875733508490011e+00
-1.683348959016077950e+00
1.790124540335377989e-01
3.365769702778061978e-01
-1.341649840729628229e+00
1.519819046278746644e+00
2.817757955191867669e+00
1.560171271251215019e+00
-3.273035630703398979e+00
-1.474954730692026095e+00
1.646587735526158447e+00
1.009759047898622697e+00
-1.187103913621105677e+00
-2.768283228081576397e-02
1.834730977422851295e+00
4.115837633286178465e-01
-3.387875698700429705e+00
-1.681364356131415772e+00
1.278319852027334447e+00
1.967663260748604870e+00
-1.245493429344743941e+00
-4.095738105218769132e-01
5.959978440812231659e-02
9.300070375601983130e-01
-8.448071029957007205e-01
4.895689999395149705e-01
1.485325393840823072e+00
7.937891502559836221e-01
-1.076688766623373095e+00
1.826797148923589298e-01
1.843820002425713145e-01
2.220205192997971311e-01
-2.493579564362035317e+00
-7.483984191037003075e-01
1.466599382751637259e+00
1.834840609720103988e+00
1.766614754608182292e-01
-2.939103502506685284e-01
-1.307006612993561467e-01
1.658043669345449667e+00
4.173312560472927646e-02
1.020529107456579210e+00
1.678400649471012640e+00
1.850785513421476125e+00
4.200008325103749551e-01
1.711727326356003331e+00
2.547798940626237574e+00
1.374643240727428717e+00
-1.295435340722751016e+00
-7.124935778935391761e-01
1.645138313324374657e+00
1.524460757854516846e+00
-7.046857721059563984e-01
1.359128218448407699e-01
9.915408030761919678e-01
3.103575831177127209e-01
-1.749543749178495311e+00
4.713966501230436312e-02
1.512496495322556811e+00
8.200102960192245938e-01
-1.304756459128964208e+00
1.482851225855354449e-01
1.877051848605646223e+00
2.119066357837597891e+00
-7.615382980110604327e-01
1.204173845364890916e-01
5.515840683197129612e-01
-1.553491577606652685e-01
-1.666315248933963211e+00
-2.502712072378897590e-01
1.607403166838167419e+00
1.460264675817614988e+00
-2.872933323016154672e-01
8.198898094390911773e-01
1.817880343959480616e+00
1.129993677943414543e+00
-5.559901540469562864e-01
7.895695312985686609e-01
2.386226643127781877e+00
1.011360248692821484e+00
-1.241654503209440152e+00
-7.324576219004451660e-01
8.878388274503736799e-01
1.382984312769025559e+00
-5.962725763973476534e-01
1.051007310387529259e+00
1.323422125261664473e+00
1.860737959293238541e-01
-1.402339722646392506e+00
5.371053145192958844e-01
2.735186230375853622e+00
1.882115292669971129e+00
-1.038193231497331670e+00
-3.242890167231495258e-01
1.069529738361786775e+00
6.786086431333515634e-01
-1.026066752057200882e+00
-3.792464821459543001e-01
6.527371862344788500e-01
1.178704015017172591e+00
2.987378641702735371e-01
1.165096093134747601e+00
1.458592649760428239e+00
6.484354677717226734e-01
-4.527986731655554986e-01
5.879561582787814489e-01
1.748934774812755721e+00
1.237669851222394035e+00
3.068950712968782427e-02
1.211933166993535593e+00
1.752229182658893603e+00
1.602622221265525004e+00
-2.393287301429112557e-01
8.439134458965278363e-01
2.026640676862173418e+00
1.661164843451047091e+00
-5.522755671004889733e-01
1.151513161181704492e-01
8.307054447991749635e-01
5.900658625997277085e-01
-5.652368477657101486e-01
5.411857635648350540e-01
1.357317956161191663e+00
5.376138097072785671e-01
-1.145402844901948658e+00
9.249637366431263663e-01
2.597677592969729776e+00
2.528473986229615278e+00
-4.295796177322676324e-02
2.853479942885498236e-02
7.542042168166345206e-01
1.052969508636946605e+00
6.521371064969614384e-01
1.212499045796709529e+00
1.776720493180627969e+00
1.165004950020802399e+00
-3.366411621941359233e-01
4.768262611808467555e-01
1.527115514146858199e+00
1.477161766673432020e+00
1.368486461630703255e-01
1.042734620743271279e+00
2.715495053994842589e+00
2.787927858259762193e+00
8.212792989247961195e-01
6.554078503292994906e-01
1.215457856422997196e+00
1.234905416722343441e+00
4.362312963864228843e-01
1.935512692868320173e+00
2.789364954809935071e+00
2.178632313283420885e+00
-2.344363700964030295e-01
5.470881874025809166e-01
1.446879518261567243e+00
1.484890513107147703e+00
-4.127221430714514416e-02
9.552076495637864539e-01
2.829625851038838125e+00
2.719539373539035410e+00
7.999644639138323576e-01
8.034850742655512690e-01
1.131254821035753588e+00
3.617272446526399454e-01
-1.282568476819657688e+00
-2.109444066917521843e-01
1.277578231334173253e+00
1.454034247151668513e+00
-3.050125998302534724e-01
5.814928154720243603e-01
1.657384019233768102e+00
1.946159431240410687e+00
8.318158452056915175e-01
9.125212701636136181e-01
1.908040788680023025e+00
2.491822477813302239e+00
1.309701434201969716e+00
1.509452700121682200e+00
1.383289343242384950e+00
1.568939713499786892e+00
6.893023720311738378e-01
1.456649371732107179e+00
2.295223660990306946e+00
2.267126200067682618e+00
1.046948789531728874e+00
1.498121980982755952e+00
2.018787442312603098e+00
1.111073321215163778e+00
-2.068244606891253834e-01
1.219592870206417379e+00
2.359158602733852028e+00
2.467013572272601873e+00
8.030239895276192197e-01
1.181981015998248230e+00
2.779222849153721864e+00
2.658776078133112009e+00
9.837780663560241612e-01
1.057161093329854973e+00
1.722838241809967696e+00
2.214106104281985399e+00
1.377112472910752672e+00
1.258361436804759093e+00
1.539060638268896275e+00
2.069822933214602756e+00
8.142817018828829578e-01
1.185887185261683019e+00
1.603000017635387353e+00
1.626644980755084458e+00
1.088199124330881284e+00
1.196008561703263195e+00
2.007204786886164882e+00
2.083969201806446847e+00
1.401940724816253203e+00
2.177128769521637697e+00
2.866741410820062619e+00
2.460279538081543649e+00
1.030030954801530063e+00
1.451294121695894335e+00
1.806683661862197754e+00
1.688543010688177137e+00
8.303713396486748222e-01
1.878997458709800839e+00
2.754562445616230981e+00
2.252362651100689561e+00
7.203348023014246593e-01
1.194767624947971063e+00
1.591301938848915798e+00
1.891407803404452581e+00
1.235183792985254492e+00
2.476721255214221262e+00
2.704512221891379298e+00
1.802452851027564806e+00
3.104305092433002344e-01
1.131732854218276074e+00
2.329809369024150367e+00
2.638127170313543601e+00
2.125139995581792451e+00
2.616996030083327263e+00
2.750719907489355798e+00
1.811183926173703052e+00
5.737885758608023412e-01
1.604489369587951852e+00
2.645555642017831666e+00
2.538806387808632881e+00
1.494590351853867016e+00
1.716814190687493635e+00
2.782408777111798681e+00
3.307108274874032361e+00
1.702022838513218117e+00
1.319201834524145855e+00
1.657262768526740260e+00
2.198448800221359800e+00
2.135503838886843919e+00
2.747056246250329625e+00
2.874946835001829459e+00
2.981489146343902608e+00
1.657667946020159322e+00
1.502907934463974637e+00
1.788484446882470102e+00
2.028063929418906230e+00
1.990148823800284683e+00
3.179521290916192289e+00
3.284973338699660683e+00
2.965599336896178606e+00
1.536573673665019291e+00
2.149434208616519904e+00
2.701570114110971144e+00
2.528286177935643142e+00
2.313415816419259308e+00
3.167711080045331418e+00
3.612711355758691401e+00
3.400249069626491316e+00
2.065624629255063294e+00
2.547181138007472700e+00
2.710573186381148858e+00
2.094968082988625024e+00
1.439890259933430672e+00
2.744881744811739743e+00
3.760523522225211135e+00
4.245525005870945279e+00
2.682555230858042261e+00
2.419870965716497402e+00
2.477402014087112914e+00
2.346551385332777961e+00
1.941917220457570092e+00
2.317531423209570729e+00
2.602364615920466306e+00
2.679185975490486538e+00
1.813502095348870968e+00
2.439653885613741302e+00
2.855501997433321115e+00
3.524869064961429821e+00
3.075902620023498013e+00
3.098058259866249387e+00
2.946809984223731860e+00
2.672181615223974571e+00
1.876317027751559730e+00
2.429461729877655074e+00
3.297977645883809483e+00
3.975426456322034952e+00
2.923037300115178372e+00
2.482876168267098116e+00
2.665632411849459871e+00
3.098974008725096763e+00
2.911841284752294978e+00
3.381590886950677000e+00
3.495554233847942172e+00
3.516933072955176431e+00
2.606873453954837050e+00
2.913922865287849273e+00
3.180582525352138479e+00
3.045802131599467000e+00
2.971769796936760244e+00
3.415804134716979856e+00
3.744987914190915923e+00
3.237942738862552794e+00
2.460384631528581778e+00
2.972495184137116109e+00
3.053377852641759205e+00
3.068207647532786631e+00
2.367013927967588138e+00
3.237052367190242030e+00
3.684559975695075984e+00
3.233450183074647821e+00
2.375366545715790423e+00
3.432527054945433864e+00
3.904247439679155107e+00
3.887957407184154501e+00
2.358149230013214748e+00
2.925669363462299444e+00
3.490250333043888986e+00
3.503454121945148270e+00
3.082812950459929091e+00
3.910800797830051856e+00
4.374792035170788296e+00
3.707191936449501402e+00
2.541291085048459575e+00
2.875341611599310010e+00
3.486072298072287801e+00
3.450907922378580572e+00
2.552328248596376081e+00
2.700718831158010147e+00
3.017655845032877426e+00
3.533670883998908163e+00
3.313843473520865501e+00
3.540443890257528814e+00
3.449963392040102050e+00
3.193155447658522661e+00
2.497812497250100794e+00
2.999515458503082765e+00
3.356119749210384917e+00
3.529974960120732863e+00
2.916465451991712587e+00
3.201303787403592782e+00
3.628671292382378510e+00
4.008170268513886469e+00
3.577492436108914209e+00
3.926922326545076114e+00
3.975083443096309566e+00
3.496960611712769396e+00
2.767535409259825219e+00
3.374073595773912082e+00
3.695999588323552132e+00
3.643522344357665421e+00
2.594315142062351587e+00
2.958760978452416257e+00
3.700346587438572588e+00
4.157276215569003952e+00
3.309829224927331115e+00
3.281738549109455505e+00
3.616629480072314884e+00
3.955599739078674570e+00
3.702191940708555951e+00
3.788778534064408454e+00
4.035643528775851863e+00
4.044831374486923536e+00
3.194578453380992666e+00
3.433558658165527966e+00
3.622176062583978950e+00
3.544262528926489519e+00
2.738189052268699797e+00
3.048803432342855224e+00
3.694547548319915720e+00
3.720318636309675853e+00
2.835381199878401315e+00
3.289429694783231106e+00
3.978870768024139526e+00
4.293110873040077102e+00
3.587508139036828414e+00
3.512734262827015286e+00
3.762188727842655123e+00
3.704288237207286727e+00
3.091290896724107284e+00
3.365961994446402095e+00
3.858319860285520875e+00
4.284814460636355626e+00
3.723564863937403047e+00
4.081591507694517063e+00
4.058347333408775626e+00
4.030643181420610510e+00
3.230858771142465891e+00
3.310866893719749626e+00
3.339036471991231547e+00
3.265628578101894330e+00
2.696705274230958960e+00
3.424232959454801328e+00
3.838190343195578613e+00
4.045369805388363993e+00
3.304359574836661650e+00
3.647013299356591354e+00
4.007955121145441169e+00
3.862835290212460304e+00
3.536788015783128181e+00
3.720988615448723724e+00
3.759058178298912978e+00
3.161424401492579861e+00
2.354569035220329010e+00
2.885237060559653344e+00
3.755653458108438425e+00
3.931632595689505294e+00
3.219401528552290781e+00
3.271678647155797925e+00
3.454417817419399572e+00
3.514203283711534009e+00
3.048180439819276444e+00
3.339875234679858806e+00
3.554259816247098414e+00
3.347746134809729490e+00
2.625741575289923802e+00
2.982522908221409530e+00
3.291425018869997832e+00
3.349283081870539469e+00
2.628087423114478849e+00
2.978341704037123616e+00
3.244707554635322566e+00
3.106117405708627377e+00
2.320640267699268122e+00
2.834460851367996970e+00
3.426937925520272987e+00
3.553951815490105748e+00
2.931111504523954636e+00
3.091434540837773248e+00
3.395502123635024017e+00
3.297208546719366584e+00
2.516696996427107980e+00
2.681145579357303799e+00
3.515947961665534027e+00
3.823647957059587821e+00
2.934397557885213281e+00
2.416480412545150891e+00
2.285348867635900394e+00
3.045795906096051997e+00
3.300524633899277749e+00
3.707057083652814722e+00
3.626180870841625214e+00
3.339478739974687471e+00
2.390682094399037894e+00
2.379240642002103723e+00
2.739610067442365793e+00
3.311499264623607441e+00
3.077343676237783043e+00
3.010010091318001013e+00
2.852613763780105227e+00
2.854035939860735560e+00
2.506090874815068315e+00
2.798504463644679419e+00
3.025124517891075282e+00
2.909256068494253444e+00
2.412636272224647271e+00
3.038687657099978789e+00
3.508956508836696742e+00
3.145619281779017840e+00
1.991156802840928552e+00
2.339984641218895600e+00
3.346516394526015681e+00
4.045606935434982177e+00
3.145820579789435634e+00
2.901735662445958930e+00
2.867233461919701298e+00
3.168749274888588374e+00
2.760141395198586256e+00
3.025622243627947849e+00
3.256717448262751002e+00
3.048977976198008033e+00
2.293919612717576051e+00
2.407403954004773805e+00
3.101486247625742987e+00
3.316275947027001791e+00
2.474580022676088120e+00
2.535154951889532438e+00
2.866626590124719431e+00
3.396529285530497155e+00
2.754475349230232517e+00
2.570934837652338878e+00
2.599507981152771041e+00
2.855516653888360512e+00
2.590137496606019329e+00
2.768060802287010347e+00
2.948372570731707665e+00
2.807794747128608659e+00
2.508606831156061645e+00
2.897664492775432699e+00
3.475188443032429131e+00
3.576355209797493995e+00
2.683105495441594268e+00
2.569796035600040440e+00
2.724636406423830426e+00
2.884741785696886662e+00
2.612484662748864039e+00
2.830368754765003825e+00
3.263460741616453387e+00
3.186478184107984113e+00
2.454714182887507423e+00
2.448956989489015523e+00
2.754088147511388751e+00
2.814024479676019208e+00
2.599579117193209665e+00
3.038830495535363774e+00
3.620020156305024273e+00
3.201630066937293684e+00
1.852900901783960386e+00
1.938919400769143708e+00
2.710067479093215326e+00
3.149401744420290417e+00
2.730442087165008136e+00
2.528654991156219278e+00
2.568407807868597903e+00
2.375620704398014649e+00
1.615001444539385878e+00
1.978724035188349273e+00
2.453815804458303607e+00
2.829103825456245502e+00
2.531947169164837863e+00
2.615159771589952609e+00
2.503851903945233826e+00
2.472065790129728047e+00
1.809334834690403238e+00
1.959339230185318081e+00
1.856679398933626990e+00
1.592196542982192042e+00
1.172847155702927635e+00
1.897187804459071758e+00
2.742047466102203401e+00
2.913320030151329565e+00
2.183838653995321621e+00
2.237463891582863518e+00
2.338538732433832479e+00
1.968020926475806620e+00
1.298601238789407031e+00
1.774369709702794840e+00
2.431986956682547163e+00
2.368911237205423070e+00
1.453038544062152271e+00
1.416922332193553125e+00
1.694512705816061837e+00
1.438535976624516932e+00
7.180923382522566012e-01
1.042493672661109372e+00
1.724153021210364845e+00
2.029177338328447711e+00
1.364779814238878064e+00
1.819887827542609804e+00
2.080164762998657491e+00
1.716274057478414772e+00
9.865619252059667499e-01
1.477876445746581391e+00
2.158238887332613487e+00
2.066644307789665458e+00
1.321811806501551390e+00
1.458561861567269968e+00
1.678341382599125353e+00
1.251069234859280233e+00
9.860547384351259215e-01
1.293115504114186187e+00
1.824447072625340782e+00
1.514303048039777000e+00
7.465126503150288917e-01
9.199767669800682501e-01
1.239450720977352871e+00
1.562667139862295107e+00
1.288142882180877802e+00
1.325335940584448258e+00
1.476532138135513428e+00
1.675033038807692831e+00
1.402282001350626972e+00
1.763570747200507771e+00
1.299724872774519424e+00
9.480161628934929974e-01
5.242677405956096548e-01
1.058540783173107958e+00
1.641564623875162443e+00
1.754782758993387981e+00
1.135332434757595266e+00
1.390185189205144223e+00
1.386155018893534541e+00
1.200651245364017461e+00
7.623248694108919477e-01
1.135607381435719265e+00
1.304623385154713766e+00
9.672286780661843997e-01
3.610951750889040412e-01
6.768151976056702157e-01
1.176782796154467015e+00
1.142852224993529786e+00
4.194993150377197000e-01
4.260393565628026735e-01
9.211597009091951893e-01
1.356114173501087539e+00
9.284025164461001678e-01
9.030926420024554258e-01
8.614810817546618704e-01
8.018254681706028508e-01
3.654667917950649159e-01
4.179747269966735401e-01
6.859333884954460503e-01
6.881127526940391537e-01
3.172737877959920794e-01
8.469739679779292318e-01
1.285439639106823462e+00
1.136629856734100219e+00
5.568598630269886440e-01
7.970306905026913746e-01
1.040704415159435570e+00
5.754294563911924731e-01
-3.704816387820837331e-01
4.600333646371614765e-02
6.805271478166993182e-01
9.495602720389937357e-01
4.616603219499218480e-01
5.677289209672025105e-01
7.826335943105526827e-01
8.530502131042568825e-01
1.135735481120412615e-01
2.972506115098637047e-01
3.046750691828017943e-01
1.069136803904810890e-01
-1.735029684952495987e-01
2.600588885927222482e-01
5.209872424305579397e-01
2.947836469919145053e-01
-3.567355003886770737e-01
1.851758251690713841e-01
8.840442527467100575e-01
7.351811836363396635e-01
2.096615485354854508e-02
3.602698530989921211e-01
1.101216342894617117e+00
1.109768170942991183e+00
5.093168319735565108e-02
2.666485419322423001e-01
8.171126415434893930e-01
1.118689898179939801e+00
4.756777455989897874e-01
2.082423919039557147e-01
3.103326974183436837e-01
3.492927034394368024e-01
-1.910312432280764361e-01
9.844691680450154414e-02
2.572279969714767467e-01
1.394898242855408255e-01
-3.483569654361092227e-01
1.264982661632527983e-01
6.076776874152285401e-01
6.612794404673500992e-01
-3.320850024575447423e-01
-1.599625625296397513e-01
6.438470507676868904e-01
1.235361052664164738e+00
3.340103869948791160e-01
-1.678087455079614321e-01
-3.416878364998855722e-02
5.668485163630171408e-01
2.143087804272140739e-01
2.616933753622212033e-01
6.649098600926808267e-01
6.756713283845865448e-01
-2.149733752260653830e-01
-3.211926502633886127e-01
1.459365922625929790e-02
4.654713925818988463e-01
-5.043961993620610373e-02
-1.206010471770721654e-01
-8.213447784591247913e-01
6.193360161934121644e-01
4.004141969842779147e+00
4.960905398724726467e+00
3.952328510451992294e+00
-4.456228797495067478e-02
-9.610230032280021595e-01
-1.248328988082154783e-01
3.982518595579199738e-01
6.832218019251499186e-01
2.358441545437741094e-01
4.307522139864917721e-01
5.066896655810860794e-01
3.240739123400255828e-01
-2.504137720533215483e-01
2.862151463779878668e-02
6.863498087536020753e-01
1.006410220570998160e+00
2.751377816001377985e-01
2.421634715248660863e-01
4.824676091328729544e-01
6.320609376007084723e-01
2.594100012192248617e-01
5.546983827908770204e-01
1.217600131982453870e+00
1.438627648316835650e+00
8.793056946397376228e-01
9.604448627572760300e-01
1.378048206621675931e+00
1.286359853983850110e+00
5.722309990417724368e-01
6.480118475504564879e-01
1.161881931804341406e+00
1.574069475104076243e+00
9.497470650529351577e-01
9.956703151546131281e-01
1.416223312587373107e+00
1.768503644497099403e+00
1.342707523130103553e+00
1.521049292469384806e+00
1.889645754082569740e+00
2.130936398815706401e+00
1.612601403281612500e+00
1.886286973124422506e+00
2.196974462735390432e+00
2.298639844667705656e+00
1.930027019678089539e+00
2.663867586016852584e+00
3.506081607981176962e+00
3.578588145243338570e+00
2.723204887107827155e+00
3.114886130273594844e+00
3.792054073891205412e+00
4.006781508040194950e+00
3.187111246006951060e+00
3.332617913429201550e+00
3.814872542150185453e+00
4.225949949739833400e+00
4.064727684897063931e+00
4.550753609342832462e+00
5.035159824220134972e+00
5.172600196744925327e+00
4.436161230353567575e+00
4.608628085210044745e+00
5.522022830227040657e+00
6.065221101260994452e+00
5.634592961941627287e+00
5.669877321139338733e+00
5.966834306348061112e+00
6.260193322895282186e+00
6.259096911673123209e+00
6.781513434947589403e+00
6.880771048315382998e+00
6.667375628660062503e+00
6.127796845386985325e+00
6.968154657388947903e+00
8.079067459377606397e+00
8.165505462777403523e+00
7.334887641346322873e+00
7.480075603573485665e+00
7.913908249602416234e+00
8.282355645370103048e+00
7.938183581396962119e+00
7.963058952995392126e+00
8.083008454437530688e+00
8.363086446817531439e+00
8.306208628992353127e+00
8.691005257922027383e+00
9.005379531664988946e+00
9.099971170527199504e+00
8.729092867397854505e+00
9.629605386074105766e+00
1.003847339067024791e+01
9.837568346070309389e+00
8.645595140669518841e+00
8.789052175167318737e+00
9.269789079656245434e+00
9.541226968622455118e+00
9.201683781636043946e+00
9.843817415066522969e+00
1.039924744488791930e+01
1.014542720311195190e+01
9.170425524746184109e+00
9.504487967297871265e+00
1.001357660319243514e+01
1.027698000719258964e+01
9.981101245766165420e+00
9.840628657826091086e+00
9.806481205361645692e+00
9.760180457081633065e+00
9.638293661233159781e+00
1.048519282980082146e+01
1.058815043858038329e+01
1.067310042917574542e+01
1.005276003878388735e+01
1.034875310719526453e+01
1.076470704575366177e+01
1.066674528314504045e+01
9.810689491940079776e+00
1.011557129426076962e+01
1.081507229377756474e+01
1.113092535453814769e+01
1.063596289293794861e+01
1.040467138056105334e+01
1.114599395840960483e+01
1.124946654821505199e+01
1.039354648929147196e+01
1.074570506651453883e+01
1.096094379659365003e+01
1.066124298813696569e+01
9.750539830883766967e+00
1.071958611033384301e+01
1.165757996960005727e+01
1.126786253621567369e+01
1.005329409563016974e+01
1.023323734494165294e+01
1.117238692780338738e+01
1.128087996312709684e+01
1.010978368286177798e+01
1.044352798365397028e+01
1.057693072485525221e+01
1.057723983640500975e+01
9.847493397675220805e+00
1.047081608419016518e+01
1.127763757356513885e+01
1.146840014922370088e+01
1.048224013838682644e+01
1.052870576771181099e+01
1.036965784186749140e+01
9.936610717658064473e+00
9.233515061854781436e+00
9.786416525481527628e+00
1.037175747981806495e+01
1.016598816852602738e+01
9.222314283526353407e+00
9.892444859731243767e+00
1.042943879900426296e+01
1.009025377920787392e+01
8.783734973345767472e+00
9.657012867036378623e+00
1.080915464871164566e+01
1.079701407020865922e+01
9.261646425300771313e+00
9.002002507972369116e+00
9.288849250442829941e+00
9.431449880703979716e+00
8.690362257764535414e+00
9.386815910606877367e+00
9.834715950800791973e+00
9.699226690912638560e+00
8.918251697844006287e+00
9.317716635017514903e+00
9.572445445915269246e+00
8.851058974803763135e+00
7.521677576360105810e+00
7.870216851937303915e+00
8.674088747967143576e+00
8.829965501081458612e+00
7.983973503006993155e+00
8.465190553240992344e+00
9.132852500497124382e+00
8.972657671769052712e+00
7.695240394357472091e+00
7.856992000891621863e+00
8.799233167444816317e+00
8.736213278332920495e+00
7.856779725742860876e+00
8.146080246724807239e+00
8.724221384331865892e+00
8.623210855833903565e+00
7.379682107661779789e+00
8.366876279695187435e+00
8.796770871890439381e+00
8.354273147607067074e+00
6.588424385367852132e+00
7.200095293328792501e+00
7.884353226140628834e+00
7.498234209309268650e+00
5.669772021918621618e+00
6.421464678217446043e+00
8.223996284049395200e+00
8.860038135771732826e+00
7.481574697953538688e+00
7.467823828332651459e+00
7.575587985139149438e+00
7.611069410344094344e+00
5.723850194274579195e+00
5.926929870774840126e+00
6.602382062572606181e+00
6.727011807882495198e+00
5.432098779312509507e+00
6.513097337435040934e+00
7.370750320304267689e+00
6.948081599672968345e+00
4.645414695293125895e+00
4.735703029162539934e+00
5.803133390787751367e+00
6.321469865164288215e+00
5.274198399354892430e+00
5.868239315957287872e+00
6.243252759636578553e+00
6.240636827859321834e+00
4.820429385423713242e+00
5.332607091608385197e+00
5.885209155984195029e+00
5.740668004661046986e+00
4.427206681541974831e+00
4.824407256776571451e+00
5.108127713786047686e+00
5.411583397680502117e+00
4.785582722024431135e+00
5.641303111262944370e+00
6.509415054479195994e+00
5.590103915645495469e+00
3.764340335707959451e+00
4.197687270171638119e+00
4.483597606183807649e+00
4.855612955207308623e+00
3.690304804382830373e+00
4.329916446941124875e+00
5.652213501314132138e+00
5.716144394694644859e+00
4.391512442271331196e+00
5.133747422077256317e+00
5.388131630819782636e+00
5.541875172721274723e+00
3.596833461480694716e+00
4.470113468823198488e+00
5.376221222743704509e+00
5.789505358001330038e+00
4.103981877570240577e+00
4.221892035716801495e+00
4.754118880010289594e+00
4.507904071899520027e+00
3.391525149428577635e+00
4.569589447026144668e+00
5.083952256427187066e+00
4.345832574296109918e+00
3.010755685156584427e+00
4.143157715092882221e+00
5.908826581684844648e+00
5.355252476056629796e+00
3.049262935205265812e+00
4.186869628906540797e+00
5.072489270741264100e+00
5.878975807246694885e+00
4.226096166371703156e+00
4.785444191104141431e+00
5.630357437154313693e+00
5.657834085965385285e+00
3.861261901196623825e+00
4.178035483876689327e+00
5.117378325897557367e+00
5.145222799288593052e+00
3.343594428218714221e+00
4.666832346212017590e+00
5.995129788540780602e+00
6.270422324106651679e+00
3.367245638080778480e+00
3.165330530099951023e+00
4.800932767290243319e+00
5.374256173210991250e+00
3.817282331292271902e+00
4.328919458625413164e+00
5.112455740516281821e+00
4.609498197466274760e+00
3.103960039699702467e+00
4.558645505970435607e+00
5.776901328049944162e+00
5.774735902729144499e+00
3.879033232681329046e+00
5.503454890448378656e+00
6.849530374200019978e+00
6.247420262377477940e+00
3.484328342285420987e+00
4.412755339683068101e+00
6.359605962908976728e+00
6.159958180218456647e+00
3.719783617226132044e+00
4.427450948242523054e+00
5.062493949505780577e+00
5.019417977211761084e+00
1.864055690252155451e+00
2.421437547460282946e+00
4.764311514171105877e+00
5.323623459025750293e+00
2.888535701757215524e+00
3.459719111759438359e+00
4.726902881189203320e+00
4.763140207314203955e+00
1.461203652042438073e+00
3.208787703483381382e+00
4.725517021640358806e+00
4.651573805246295379e+00
1.735178580715673657e+00
3.472254877189587141e+00
6.145274086951461712e+00
6.538479837530545957e+00
1.630403946575916363e+00
1.599906140357084006e+00
3.857059853221680434e+00
5.750460713254875955e+00
4.579775602483129759e+00
5.490013937793962739e+00
6.693097272322100721e+00
6.253306297499944932e+00
2.470093622020323565e+00
3.056342305439605944e+00
4.915009136084981911e+00
6.084910994155886321e+00
3.470538393837008684e+00
4.663155959001676898e+00
3.780804767432902391e+00
2.497491370439556935e+00
1.611703742668148420e+00
5.269211014414087124e+00
7.876119659356986880e+00
5.792386384093656915e+00
7.245642541311511087e-01
3.678471280115209296e+00
6.946508472728345929e+00
7.047390741713914331e+00
3.717659588261598369e+00
4.606314032423204807e+00
7.320986710635182249e+00
6.409590648232081023e+00
2.307151088519842741e+00
4.026891591879341981e+00
6.289804328473777240e+00
6.466380931099895868e+00
3.316422514348821959e+00
5.177452526550612610e+00
7.236470327321353757e+00
7.182099001859977960e+00
3.772312621158064427e+00
5.255324374106848495e+00
5.801270293034977321e+00
5.028872961463498825e+00
1.699422006408070951e+00
3.907423168810092662e+00
6.760157692431624454e+00
7.144884386098477869e+00
3.998566914174705555e+00
5.426964865101020941e+00
6.851539863706697098e+00
7.490638440652353403e+00
4.700628087419604917e+00
6.624354102549149026e+00
6.999332875832704914e+00
4.668241226798019561e+00
1.754947970944830349e+00
5.335882039353012196e+00
8.462686796397312250e+00
7.786670731348322327e+00
2.958663492416114149e+00
4.723157694212585689e+00
8.399357178402620860e+00
8.819332740436895079e+00
4.725582931469769932e+00
5.636216938337716975e+00
6.748247765129361753e+00
5.542786279000008420e+00
1.153327046495702612e+00
2.637562573906685692e+00
5.708596648951089314e+00
6.231555629921095019e+00
3.869740569944891018e+00
5.601553071067848499e+00
8.191899325147909749e+00
8.885017535859583759e+00
5.344166868019637917e+00
6.866000199632066092e+00
6.222658560501456826e+00
4.913775679863302770e+00
2.260051459720825218e+00
6.451219539454583263e+00
8.767382557189097980e+00
7.952211177136327080e+00
3.323567241889804791e+00
4.661009311579053183e+00
6.486603499978510712e+00
7.103762979013382051e+00
3.610623098923156249e+00
5.771191484333976440e+00
7.124493288659262014e+00
6.750650903751212795e+00
3.163491278688141062e+00
5.727769239280502411e+00
7.548704737264110065e+00
7.398461991897572254e+00
5.195599217282717674e+00
1.005783259579038180e+01
1.172172523033703229e+01
7.745633474105438232e+00
2.755318414179358522e-01
2.420433723226068867e+00
5.525509766486219831e+00
5.862246896661141626e+00
3.797183867925812972e+00
6.362959219256212329e+00
9.340842580973232501e+00
7.641165576520339009e+00
2.379310417378203368e+00
4.314574640914346837e+00
6.610014147551146912e+00
8.690156564473587864e+00
6.751267868998041877e+00
9.063972339065223593e+00
9.994111518470470301e+00
6.030709933177892168e+00
1.600046601911212285e+00
4.575499357263005606e+00
9.413176420546029988e+00
8.987994605528291103e+00
4.341741502735825264e+00
6.158297544548823055e+00
7.688427238290175936e+00
7.108668678948507846e+00
2.277704039820684478e+00
6.762362045869867444e+00
9.319620097137528703e+00
7.241137972011030932e+00
1.243525056382563498e+00
3.775497319854731249e+00
8.931011345455168282e+00
1.038025306403261716e+01
4.375136423957028953e+00
5.141142374093480960e+00
7.000898475768165596e+00
8.818423867523680570e+00
4.675363362733332195e+00
6.735411389832428597e+00
8.051059331545152631e+00
8.724359230614446403e+00
4.939277355978002326e+00
6.752635854667513371e+00
1.138784604732640382e+01
1.007799262266015816e+01
4.469216693969045195e+00
6.086604737761937223e+00
7.835447893054930724e+00
7.502808618429320120e+00
2.799989596624292254e+00
7.245496160410343833e+00
1.149611139723761610e+01
9.657260510178490520e+00
3.709683393712531974e+00
6.981944978367470966e+00
1.176956913116958958e+01
1.070186151172852362e+01
3.488775504543146333e+00
3.583441530134503950e+00
7.093103896120171115e+00
8.826941796054702749e+00
5.936767962617389927e+00
8.660180772382735981e+00
1.102999578620256571e+01
1.060216413237958299e+01
4.205228815590437819e+00
8.272453231509993898e+00
1.283455563327916238e+01
1.232104316851564363e+01
5.617084365633393972e+00
6.934253795025720812e+00
1.073840597894739624e+01
1.207757021329137714e+01
3.721624037158345999e+00
6.045106554595361281e+00
6.901260527757985486e+00
7.141925915788324808e+00
1.681558498886574382e+00
3.760360236951257651e+00
8.281913770980388279e+00
8.912360393557442251e+00
3.369043158317433839e+00
6.013216255416309330e+00
8.709467271719807613e+00
6.276094280347506604e+00
1.380420294063097630e+00
7.343290414663514731e+00
1.398207485379360726e+01
1.191080783580114399e+01
3.959078825748655550e+00
6.344251191619921570e+00
1.031058359058961749e+01
1.236217120641717138e+01
4.395267286543109719e+00
9.577592518137544531e+00
1.155122384113655976e+01
1.221345830823636902e+01
6.050086526156762012e+00
5.620545201600011254e+00
8.044708547892048145e+00
8.902072384081687773e+00
5.239818388062031040e+00
7.506478104573924170e+00
1.119991483484281503e+01
1.058925289999847408e+01
2.592488491512290327e+00
4.766756761405076759e+00
8.296576553004857857e+00
8.282505451672987462e+00
1.227745976520746352e+00
4.349881825819306158e+00
1.125880032031291655e+01
1.101309315571307756e+01
2.881188400024943697e+00
4.012900807660690461e+00
1.017180812936818768e+01
1.064014955867191325e+01
7.230657728578288257e+00
8.087485822344444131e+00
1.225579712423004430e+01
1.002703024893340178e+01
1.960348403624996072e+00
6.937003564395063826e+00
1.286700216100874883e+01
1.142603873453189500e+01
4.851777403696510227e+00
8.110119948675066581e+00
1.128096431688673285e+01
9.808998850597699715e+00
-2.015328460696754753e+00
5.040325985263661046e+00
1.188834170725612616e+01
1.420159923890400577e+01
6.021260369131462120e+00
8.134075303675341928e+00
9.818065054246680745e+00
9.953842397401489350e+00
5.060403916592732365e+00
7.519749808783489975e+00
1.033374484565301366e+01
9.394802887311401562e+00
2.355437683101769597e+00
5.028744397715695591e+00
7.781519629117236825e+00
1.367609630016348277e+01
8.842263807066085946e+00
1.097600348909172219e+01
1.040636238941406511e+01
1.270265212374226849e+01
5.919592559744212501e+00
8.020007294996869263e+00
8.043980708052190565e+00
7.540662309833942700e+00
2.355563212759288927e+00
7.698967497274671778e+00
1.066136714496165361e+01
1.155396247867134818e+01
7.398778642446750986e+00
1.089467561242864058e+01
1.297743432249194306e+01
7.296535943305893390e+00
-1.932366903084830723e+00
3.821138812119162953e+00
1.173678775593566215e+01
1.504040943309687428e+01
6.660607968381171418e+00
6.785132989435139983e+00
1.194708182345780045e+01
1.490363789582042742e+01
7.039341578112665587e+00
9.661273136160952291e+00
1.026213808582448905e+01
8.127153604096777784e+00
9.187105784409521636e-01
6.171496847348680426e+00
1.135945316827460694e+01
8.764141746444172654e+00
-2.038018650711744595e+00
4.376925654992265713e+00
6.763513759388256830e+00
3.588276904085603736e+00
-3.318469763002890538e+00
3.243121351981231193e+00
1.199309557238785651e+01
1.146178642839335993e+01
2.594133366370377836e+00
2.594119455230205595e+00
3.829353516488736009e+00
5.157861038485968663e+00
2.726704517499475955e+00
6.017850079057586399e+00
4.863000072509846561e+00
2.673450502804806117e+00
-6.297663802468178584e-01
9.465103362607493409e+00
1.211383996224953563e+01
9.208239157071444581e+00
-3.024666172385133134e+00
7.228816352442372084e-01
5.165322682277352584e+00
3.826528674505265126e+00
-1.842234941814191229e+00
4.791511715301298935e+00
8.575539172407832922e+00
4.917624750664324473e+00
-5.993192419805405180e+00
-3.870935414110492356e-01
6.446400871690426193e+00
6.483611645046194916e+00
-2.781020167839535873e+00
1.141231353352842426e+00
6.794270568061870463e+00
5.588642231293209583e+00
4.517120389773032763e-01
1.228550897396128549e+00
3.903801047162732019e+00
2.323148687757824238e+00
-3.324455915489771485e+00
1.407498489671114017e-01
3.487688844339887240e+00
5.005615868615246988e+00
-1.042518894007871788e+00
5.437951993759734926e+00
6.234893492129400805e+00
9.409027688988716775e+00
3.410986485590656425e+00
5.525030432575774419e+00
7.454200890440292326e+00
6.843054062337471599e+00
-2.004254171312759514e+00
2.182073425048987492e+00
5.130971087245558948e+00
7.374472122395580698e+00
1.777812727770677892e+00
1.565100346733564740e-01
-1.613708333299199271e+00
2.190119427400606389e-01
1.557161761449661341e-01
9.130641245979250087e+00
9.658112798284168576e+00
4.227547529754695610e+00
-4.741874308626389478e+00
-9.671380594571038714e+00
1.148791696828213560e+01
5.776796670360779729e+01
5.567115826049586502e+01
4.514487401846987069e+01
-7.264054629309987909e+00
-1.139428003338386297e+01
-6.715201985625108172e+00
3.838733568104242266e+00
9.187100049258747347e+00
4.416203476318343313e+00
-3.615120018098599619e+00
1.276260891339035197e+00
4.934065557356051457e+00
4.157623659850391284e+00
-4.171431278735893144e+00
2.757903268718197243e+00
5.321300743423485358e+00
3.980335165791761831e+00
-1.048149030648704461e+00
3.726932726900334281e+00
1.133741994278156895e+01
8.470547200184123326e+00
-3.623279230836153442e+00
-5.509870748724766010e+00
-6.378805059010786316e+00
-3.191260247902689695e+00
-2.211940909582163606e+00
1.087201842409413999e+01
1.257453899176917034e+01
9.211830967386434921e+00
-4.858339522783188258e+00
-3.143645948568299264e+00
3.801268292751817324e+00
6.810568770495325275e+00
6.661452958443280226e-01
3.143121140771633071e-01
3.459982458962350904e+00
5.633949534019722982e+00
3.421585562372374767e+00
8.337524555328361231e+00
9.019056176239244493e+00
4.238400349343165452e+00
-3.988733646068436833e+00
5.632031192622475757e+00
1.114188695063902479e+01
1.045773944362886887e+01
1.106377082378458887e+00
3.355812480021294952e+00
7.559648696368726384e+00
6.514970373565430961e+00
2.059282403984584453e-01
5.424155016911419658e+00
7.811514443473757119e+00
8.582933063787487882e+00
-4.381954499861783203e-01
-4.281732247387276535e-01
-1.598829162869821685e+00
-1.806915480259166040e+00
-8.278841095892671476e+00
8.206063018416834831e-01
7.719704075268867705e+00
8.761940766798224089e+00
-5.213375539222573352e+00
-2.831729400788613127e+00
1.950458536214989991e+00
6.375652194475087242e+00
-1.447062116039992130e-01
2.544463502733401494e+00
8.329710687559838789e+00
8.552165707389780991e+00
-4.474340616505340762e+00
-2.973305098178241401e+00
3.008270396329379981e+00
4.717917346136631274e+00
-2.779465390644337841e+00
-1.494515809341612433e+00
3.563002769953840243e+00
1.196116278991921966e+01
2.217476839547189549e+00
4.166769714657752033e-01
-2.594839889163055968e+00
-2.425687003435721856e+00
-3.945124764975626697e+00
2.986424384971412049e+00
6.700084092231408661e+00
9.529994115416796419e+00
-1.187542732659099265e+00
1.074775757440597168e+00
1.840324789149401230e-01
-4.265686283008186530e-01
-7.553447030797643791e+00
-1.135182703908930169e+00
1.135941875302220599e-01
6.108931629340751179e+00
6.059989489056161194e-01
4.598325376274973841e+00
5.971678863797311720e+00
6.643182783397993063e+00
-1.357370482546800261e+00
3.763845939273230190e+00
4.275871200069374822e+00
9.118560116065250298e+00
-3.916045990698224788e+00
-6.075216264302806479e+00
-2.032648941626193917e+00
3.338448324433687553e+00
3.676048859840549188e+00
8.005732838125695139e+00
1.027315019040574917e+01
6.817464198982246870e+00
-5.862934349518173605e+00
1.080944746781380195e+00
1.009800257118378397e+01
1.379601648902532318e+01
4.325086583059063017e+00
3.984825383848064284e+00
2.846711836634550519e+00
-3.739948690860263603e-01
-1.310712464922191067e+01
-8.453741501928780266e+00
-4.084092014741709242e+00
4.365199147786589684e+00
5.765448060251220953e-03
6.001565760641051739e+00
8.530714097248862871e+00
5.464882994895953416e+00
-3.445162554394224586e+00
1.115896586403240631e+00
2.459532110533096283e+00
7.366982510588256261e+00
6.654399392012775305e-01
7.872526213416016994e+00
8.472593476373312171e+00
1.203137258281240296e+00
-6.372184805656327278e+00
2.803500163891739838e+00
7.973448979784949486e+00
8.439051733430192215e+00
-3.412941048676317202e+00
3.189814834239577124e-01
5.143400531445775137e+00
2.884672706862731584e+00
-8.497068509221650245e+00
-5.036195392144206195e+00
1.482046694735378090e+00
8.617440315476544654e+00
1.596211367805749459e+00
-3.975838724888460796e-01
1.695300800300687305e+00
-1.586592047060633726e-02
-8.302715679003663141e+00
-2.532558757295510166e+00
-4.357731854769840041e+00
-1.936064154544302029e+00
-9.761979181574430342e+00
-9.203085597031742671e-01
4.194340000580750960e+00
3.735167643417071304e+00
-1.637799986024941035e+01
-1.242630536342272585e+01
-6.684691286935324328e+00
1.866078730834144217e+00
-3.510937418676379540e+00
5.168713256220331509e+00
3.193768958797859714e+00
3.321840551248096407e+00
-1.272277576719772973e+01
-3.055657941604560612e+00
1.870807538649083224e+00
-9.667252272831272641e-01
-9.979102482088320514e+00
6.129840724728745638e-01
8.018623952279206435e+00
1.019288597975793031e+01
-1.037767372650722209e+01
-6.325393194380886541e+00
3.560190674840338687e+00
9.625563260268558352e+00
-1.463766443029935527e+00
4.508570800847827020e-01
5.826739641123124258e+00
1.322273929551179883e+01
-2.227943750920385213e+00
-5.207348440868770467e+00
-5.813692300057081042e+00
-4.836815845554633064e+00
-1.478456597307134501e+01
-9.601971657028901319e+00
-3.231645910768706997e+00
7.439695891021862018e+00
2.990582555133817877e+00
1.091165014935749689e+01
9.663607351146708879e+00
6.572219248285185778e+00
-4.773750713133414258e+00
-8.226627597887413046e+00
-5.440967634298983668e+00
-3.378814435844864850e+00
-4.360113889200065707e+00
6.529631037016093487e+00
2.216987358855154078e+00
-4.250395516125121453e+00
-1.777506877096638149e+01
-3.153886155896379329e+00
5.931136355570476582e+00
4.632195079667534188e+00
-1.293226693014534767e+01
-6.217881489212994772e+00
3.958499252768278964e+00
2.667297395020438611e+00
-9.363812750173718058e+00
2.510133965658595478e+00
1.622796630695248155e+01
1.400513666143167057e+01
-1.154374454176905829e+01
-1.039992889309882074e+01
3.065918653576426678e+00
6.689618187967054652e+00
-1.189332143391891883e+01
-9.490987360485382496e+00
4.862996522578677094e+00
1.443538391862570869e+01
4.105853915223841577e-01
-8.364861014697412500e+00
-4.738532215861970265e+00
1.582316282586179401e+00
-1.904606908644498886e-01
5.230540476135518979e+00
1.683617798258237430e+00
-1.011764737009630988e+00
-1.713936816910795002e+01
-7.514614319790264396e+00
-2.176737394665098080e-01
9.546203952080436039e+00
5.852219576633276965e+00
9.932683180930025557e+00
2.137755857042505259e+00
-2.631374261074151288e+00
-1.039220483068568335e+01
5.239768536057386461e-01
4.951729030040305624e+00
2.524460774413542996e+00
-1.189346815319899875e+01
-8.571366140211781115e+00
-4.423332485104077172e+00
6.448997322851355740e+00
-8.740984152541523500e+00
-1.715826444139053208e+01
-1.238594696841650311e+01
6.696299653818442721e+00
5.291391490492412863e+00
9.405033278303926991e+00
4.591795449661864481e+00
-1.898653029286450966e+00
-1.149458489418206319e+01
3.158821562708601149e+00
7.651310167274264273e+00
-1.363284040126035768e+00
-3.040443900696172363e+01
-1.846067130889840513e+01
-4.849212087772017732e+00
9.565208051438232051e-01
-1.831127531387993201e+01
-1.323057072456535188e+01
-4.311682233404804165e+00
4.202254699454117115e-01
-6.648215769857117596e-01
1.978039716942198822e+01
2.870733680182737757e+01
2.239152533198238615e+01
-1.070704914053819401e+01
-1.188720939790656317e+01
-1.012782922019416532e+01
-8.796433783433331044e+00
-2.392669878824221641e+01
-1.685669166198157853e+01
9.380753431745354476e-01
2.295462998739003169e+01
1.236450186060720746e+01
4.723304649848906855e+00
-8.156793269089371634e+00
-6.301057483180048102e-01
-5.447952345968500865e-01
2.001604917471440004e+01
1.246172865927058027e+01
1.703698584484268252e+00
-2.390930082631908604e+01
-1.362571930702839396e+01
-2.637669117114231909e-01
1.860533911131633023e+00
-2.229503100166645524e+01
-1.334233076071870983e+01
-7.802669966902329612e+00
-4.042557960126524463e+00
-1.929804533596949412e+01
-4.156813727463452679e+00
2.928573886895065925e+00
4.978555003141015511e+00
-1.612358496071343694e+01
-1.080236838927289433e+01
4.251186107652422663e+00
1.073072966185385280e+00
-1.448847108468711653e+01
-1.701764578658740490e+01
-1.304291078678181925e+01
-9.059453661048191719e+00
-1.574877703322764155e+01
-2.215950221275649668e+00
2.553847930291301971e-01
1.526497467130358388e+00
-2.579168134947647673e+01
-1.537666943543860043e+01
-7.354400709527133984e+00
2.206158008616514454e+00
-5.166115965882585037e+00
5.003139084724711472e-01
5.607485199929261199e+00
1.004205475839410511e+01
-1.172187846737026540e+01
-7.753442013468850647e+00
-9.897874493053897993e+00
-6.229750670768397391e+00
-2.096043303898201771e+01
-1.281804588541425360e+01
-8.809139413907965732e+00
-4.823144405027080417e+00
-2.500600445922602333e+01
-3.717918371261341726e+00
1.495593995117136643e+01
2.384857224382773921e+01
-6.935864130436616648e+00
-6.839816039784005319e+00
2.691027509648048266e+00
8.866802033802388294e+00
-2.106096105551783992e+01
-2.073587995839652010e+01
-9.127539264417268150e-01
1.706967293729960744e+01
2.370511449039066854e+00
-4.532852119076770769e+00
-3.183093503304671223e+00
1.730146658839333540e+01
1.618083687637682511e+00
3.178879432898154000e+00
-1.566141783578719959e+01
-1.159273806211829339e+01
-1.563643113555666986e+01
-3.428154614048237736e+00
6.333006389438419426e+00
7.644955966755713206e-01
-1.319657864798068836e+01
-9.669945639142470961e-01
9.752568277518014028e+00
2.160448298308442006e+01
-5.147644663259424158e-01
-5.225419981683291581e+00
-1.378590833203955945e+01
-1.343077315645759029e+01
-1.702539325327439457e+01
3.983373225557186093e+00
1.145850158214509662e+01
1.086667742233798073e+01
-1.673997833994389595e+01
-3.537386656192078149e+00
3.833883257636679698e+00
4.963439830948212617e+00
-1.668695380206582612e+01
-1.172432926153031829e+01
4.100961978474879643e+00
1.948355622096820383e+01
-1.966026758787841722e+00
-9.469548843018561257e+00
-1.158605183375396308e+01
-4.594376499351142229e+00
-2.008965374912075319e+01
-1.684295539377745854e+01
1.085492783205441070e+00
2.468361774482688631e+01
8.391273468726354601e-01
-1.813937171803127058e+01
-2.843488942162091249e+01
-1.336114276033291937e+01
-8.978385069271318741e+00
1.153600774066401158e+01
4.824950245176769847e+00
-6.088073969027978372e+00
-2.155738101977083687e+01
1.064305987898397277e+01
2.570693210505542226e+01
2.088315519169828249e+01
-2.095203100083606174e+01
-1.895902909242616730e+01
-6.064752281602996398e+00
-4.162839840361485244e+00
-2.138902110328207229e+01
-1.452948346694124027e+01
-8.323867049962725417e+00
-1.579068903883434682e+00
-3.116864860734347786e+01
-2.498532067567031234e+01
-1.350095023276877693e-01
1.030814665898308924e+01
-4.916295510270354718e+00
-6.058127574886916555e+00
2.568296676246249396e-02
5.455531070401336002e+00
-1.352212604968584664e+01
-6.632461235343495964e+00
4.494603758875631350e+00
8.449720485744048881e-01
-1.562441475039769934e+01
3.028581305989312966e+00
6.752200411310905537e+00
6.368575896686124338e+00
-3.313879867188781958e+01
-2.108315082847258282e+01
-6.738933917802079065e+00
1.015408252979646875e+01
-1.157338964966708339e+01
-6.362439361082841693e-02
-7.058397585374625471e+00
4.877052485823109684e+00
-1.284960397506201701e+01
-2.475833716202542334e+01
-1.344675207439925835e+01
1.600650018040165179e+01
7.892415565781854880e+00
8.237222469907074185e+00
-1.799533302874886331e+01
-5.499173299841958240e+00
-8.299288414044932338e+00
-1.293099971221800715e+01
-4.860755358323202380e+00
1.622657900563765310e+01
1.368654956418922453e+01
8.808656135234591567e-01
-2.886795200799954486e+01
-3.273290190242292397e+01
-2.645435870865544814e+01
4.166492022805796225e+00
1.016858155038901579e+01
1.711058533471731025e+01
-9.170557882841723796e+00
-1.351030582765172072e+00
-1.600966790705617093e+00
1.084608922338845893e+01
-7.947851531072180897e-01
-7.152559773013027922e+00
-1.465596830519517546e+01
-1.690795456933856400e+01
-2.666492326381870726e+01
-1.046269470208595465e+01
-1.023607748543998497e+01
2.909938675301375177e+00
-2.035194140183553202e+01
-1.038123064312319599e+01
-1.703619188748883317e+01
-1.896496684696328039e+00
-9.077967696030938782e+00
3.609675976485144488e+00
1.060939770521199321e+01
7.825686329562532961e+00
-2.688641895912614377e+00
2.700321182529159092e+00
-9.156633580163033415e+00
-9.071141596540410745e+00
-2.739199660131981418e+01
-1.345863165211961032e+01
-7.937934064448583626e+00
2.376337599418763880e+00
-1.046509695794872385e+01
4.792250164905168752e+00
2.517097179863057033e+00
-8.743188097077794652e+00
-3.208368872524520299e+01
-2.485696261282670960e+01
-1.718438713907141091e+00
1.703660175576636249e+01
-1.670219189035176965e+00
7.706151412661286670e+00
-3.896735953637685768e+00
-7.105345845698256113e+00
-3.776556845337413648e+01
-1.652663185294131409e+01
1.097470199718323824e+00
1.396973553325419992e+01
-1.385668281331181717e+01
-1.406137679703619803e+01
-1.990420246488524825e+01
-9.949853987858556792e+00
-1.406079452964872800e+01
2.006947134817157163e+01
1.791201727756602935e+01
2.518034961703345687e+01
-1.134736062029553416e+01
-7.726028249392871139e+00
-8.059782699863312416e+00
5.713977101559574834e+00
-8.009197492891670933e+00
-1.536020283296007882e+01
-9.419222466676625771e+00
8.062806501877597398e+00
9.941072679637493081e+00
7.383560633836357745e+00
-7.446500396996886373e+00
-4.673361802183344516e+00
-2.302520234171077007e+01
-4.358482401371635895e+00
-6.657057544486744138e-01
-2.068029698781975956e+00
-3.074072898904419304e+01
-1.497280413090678941e+01
2.710937695878814502e+00
2.047572203301097815e+01
-1.423580008435579458e+01
-1.900246555137697158e+01
-1.404656803460439463e+01
8.996619914764563575e+00
-1.229796867152827033e+01
-6.592559545807846533e+00
-2.148464823827043446e+01
1.619293625408240844e+00
-1.046464707616788026e+01
6.962869739715418227e+00
-2.304868777830404447e+00
3.966210297952444730e+00
-2.707115725112965876e+01
-1.419619491655444676e+01
5.493091311886381334e+00
2.483620122003610931e+01
9.931644829193814417e+00
1.030364184150998419e+01
2.397019632962737390e+01
1.008012947514559521e+01
-2.504337664193938195e+01
-2.299967477178621422e+01
6.548859143870049415e+00
1.965364754269270975e+01
-1.117516010120366587e+01
-2.551116447707911306e+01
-2.947593648106233744e+01
-2.478331805049495173e+01
-3.318926859096925597e+01
-1.284580674414850066e+01
-3.969365621822243284e+00
1.026787490778769296e+01
1.445586977634933490e+01
3.587913507201147212e+01
1.816600725295305807e+01
-3.111965557729629239e+01
-7.247276018819685817e+01
-5.045207026724363431e+01
-5.501546277059179424e-01
5.214034538779280581e+01
1.704488449977985454e+01
1.501800006086216044e+01
-7.102769310218756793e+00
6.240945354755136343e+00
-1.906416401325559207e+01
-2.791664189680613006e+01
-2.373932649964998731e+01
-1.326861956169978818e+01
-2.520137710473967374e+01
-1.270516175340865317e+01
-8.952735934663648365e+00
-8.155703550333692320e+00
-5.316458995128130738e+01
-4.370170084499634555e+01
-3.354113367780824717e+01
-3.789080111065286616e+01
-4.289367374250297615e+01
-7.498597432583589573e+00
2.161687766389407628e+01
3.278018782247124108e+01
-4.546583497795477768e+01
-1.378865755010524374e+01
4.954370970460831813e+01
7.360791754832639811e+01
5.660146735296795129e+01
-1.368831304506637636e+01
-1.948938373547451164e+01
-2.567497543025459628e+00
-2.579531063851840500e+01
-2.555390499144299099e+01
-2.836670103713576196e+01
1.427413516053477771e+01
-9.319288212485345113e+00
2.384049558926236934e+00
-2.660807919712337366e+01
-2.149640998969866601e+01
-2.937425797361917290e+01
-6.669154121123575862e+00
1.198276765044893644e+01
-1.320826783609348709e+01
-4.690163783520613094e+01
-8.163708507159087802e+00
1.860391140398199639e+01
2.335634652332617733e+01
-4.180453826104680104e+01
-3.360893555990643478e+01
1.143435733592106374e+01
4.107984007067070564e+01
-2.016965510512530813e+01
-4.217245468088413674e+01
-5.140870857651814418e+01
8.786874407235909956e+00
-1.132543837122771180e+01
-1.241827656586325190e+01
-2.345244230630711257e+01
2.835556976776836891e+01
1.445282891819934434e+01
-2.418829282443848427e+00
-6.062269487474043927e+01
-5.014626943417748350e+01
-4.942276713832025337e+01
-3.988754271781443372e-01
-1.299844710793083635e+01
-9.045122803977131198e+00
-6.112722387285016623e+01
-3.869508833973272743e+01
-1.669532295642009956e+01
1.985605629012054507e+01
-4.507799232171082693e+00
-2.509837678930779958e+01
-1.000287820266629701e+01
2.120155449570978590e+01
-1.791829470684572101e+01
-3.511250499760406996e+01
-4.771592470049682788e+01
-2.578963781823223655e+01
-3.314114387101982828e+01
-1.186128534339617424e+01
-1.570431894206021717e+01
-2.943162013921083009e+00
-5.454341483891186471e+01
-3.406929402676200880e+01
8.600073066737179417e-01
2.113094446931442505e+01
-2.791875921990201093e+01
-5.332006225939763766e+01
-8.290590214883415854e+01
-6.061870754205329348e+01
-4.729059011091038656e+01
4.212596585208923017e+01
4.515059831157120129e+01
1.986570453551799531e+01
-6.399021280460401329e+01
-6.521145875464618769e+01
-5.355208214487714002e+01
-2.769531839870297052e+00
-3.109478891738273632e+00
3.520573608616798111e+01
2.189659127939840744e+01
-9.955461326659316157e+00
-4.813227321677658210e+01
-1.853540830303844444e+01
9.517385939499840575e+00
1.313646693843928936e+01
-1.700429581006550350e+01
4.659220420575016064e+00
-1.563787985039747674e+01
-1.888759981674336785e+01
-4.333786098518128682e+01
2.200877515693681374e+01
3.386618565382161705e+01
5.962975044581697581e+00
-4.497229537885174722e+01
-1.607354090990385487e+01
1.144266706759190555e+01
5.534296052603722416e+01
-7.232120637489733106e+00
-2.664136600880924988e+01
-7.754356150104175072e+01
-3.171719380834900193e+01
-4.586208771009489027e+01
-4.140207372003909647e+00
2.571827821119396784e+00
4.370138263716519589e+01
-9.168097505943393344e+00
-3.379406787449968874e+01
-3.977249447476250310e+01
-6.952482657012204470e+00
-9.177197974333250130e+00
2.166166132677964029e+01
4.046344657185460214e+00
2.250806837450345910e+01
9.291603906140259994e+00
1.462462527166866622e+01
-8.728225990028176895e+00
-3.481621444269511301e+01
-3.724622814117984149e+01
1.170186611376640506e+01
1.057930231864155779e+01
-2.249147075993674250e+01
-7.293245079705553735e+01
-5.951056143482508531e+01
-5.237400710775592216e+01
-5.112636390616165372e+00
-1.698919637558852003e+01
3.632011124297302107e+00
-2.186327918648768662e-03
-2.904468674778202697e+00
-5.674164188914483020e+01
-1.682883290028534518e+01
-3.374705237507664179e+01
8.949606854565786307e+00
-2.833480413060690140e+01
5.195315529813969135e+01
4.921258717563379292e+01
3.207757430040744140e+01
-3.748801578825024450e+01
-2.413799131337255943e+01
-3.096435920931386931e+01
-2.552436184363906335e+01
-3.016821006288113782e+00
2.498571072144021343e+01
-1.733529115639149154e+01
-2.674066604923317314e+01
-5.999596974030082919e+01
9.739005338253823751e+00
1.185488718402806541e+01
-1.556637952588169149e+01
-6.083154360277775652e+01
-2.390839273480861848e+01
-6.148468426599774439e+00
5.197198904815443399e+01
-2.215393352205759214e+01
-3.742947408419112065e+01
-2.958727956168854689e+01
-2.525702249128089960e+01
-6.985857150607837696e+01
-2.176542580129804705e+01
3.853365184326546000e+01
7.011548885537433762e+01
-7.696432126888922198e+01
-9.889130437938457874e+01
-3.719360474297427999e+01
1.147627391036091353e+02
2.571867091804127980e+01
-1.506473319564253721e+01
2.266224513048000322e+00
8.522377572980087734e+01
7.624129233816886142e+01
5.245233926108988243e+01
-2.404471331979645043e+01
-4.426580964879993019e+01
-7.818369557983645279e+01
-3.060322534049688059e+01
-2.401361620336162872e+01
1.637396492980294127e+01
-7.678326965046775854e+01
-4.882466149592735150e+01
-5.894257119702597691e+01
-2.909746049400409618e+01
-1.669028477952733569e+00
4.182621890420971766e+00
-8.294157194852321879e+01
-8.544363317557504445e+01
-1.014772489498690078e+02
5.693569135462321640e+01
1.004808401329928103e+02
3.553965474919341716e+01
-7.508320114906206300e+01
-3.772339658788887817e+01
5.236710540332761177e+00
1.891312918809451915e+01
-9.742003227263673182e+01
-8.417491533289911843e+01
2.318340663725970696e+00
8.482083774185387881e+01
-4.901606781489872589e+01
-4.469926315687040841e+01
-1.236650745565636242e+02
6.076085682657181408e+00
7.032327219728282230e+00
3.981764962011613118e+00
5.714736357553327650e+01
2.799067381115064634e+01
-2.061681750697913529e+01
-2.840122938418172538e+01
-4.980225126384300438e+01
2.541790749648914627e+01
-5.563551412454852141e+01
-1.100827247779992177e+02
-1.367390520869961676e+02
-8.764728598029772400e+01
-6.930249939863500686e+01
4.787079845661033950e+00
-9.687544532029079392e+00
1.220827810950375714e+01
-1.315318841166289872e+02
-1.231229568816522573e+02
-1.530035386851539272e+02
-6.139221804951286288e+01
-7.227486209042122312e+01
-8.327766312507381485e+01
-1.056718732045034272e+02
2.255866215831553490e+01
1.135275906371180668e+02
2.365128686263640532e+02
-1.332555700446459035e+01
-1.450614513531762668e+02
-2.671143951591918153e+02
-1.541265896843628980e+01
4.503100589380340324e+01
-6.895914432603992950e+00
-1.311057706839000900e+02
-7.693560555655585631e+01
-2.060462955758191939e+00
4.155187974005522733e+01
-1.043892204868860460e+02
-8.466647893875069997e+01
-6.102737773520546583e+00
1.272276221229223552e+02
1.910898271228253975e+01
-6.833132896408601198e+01
-1.289847766084565421e+02
-9.492987574706550902e+01
-6.047696243590252863e+01
3.837485373048306059e+01
1.207119867506432520e+01
-2.867252871536057768e+01
-2.368183088352186871e+02
-2.178022942458662499e+02
-1.279774928204096796e+02
1.782743753571291379e+01
-1.542609849111155107e+01
-1.551412546013908056e+01
-1.716811903842038589e+02
-1.756147164531645615e+02
-2.035764821122462536e+02
-1.000051856514626252e+02
-3.341451222426957912e+01
5.401098523451530298e+01
-1.970371299573127999e+01
6.337730610961179423e+01
-7.841088573118106808e+01
-1.403963252497176484e+02
-2.278120460753536065e+02
-1.284993491724748083e+02
-3.121758100154493931e+01
-1.484627613219461573e+00
-9.486728383619487204e+01
1.784287393445073988e+01
5.291763464835045028e+01
3.973037985989996201e+01
-1.454886395511920227e+02
-1.173974441854846447e+02
6.860371749932347996e+00
9.821997486440540115e+01
5.572671487542616831e+01
6.099236549858043333e+01
9.815210403189773558e+01
6.255660702236371407e+01
-9.564108575883136609e+01
-1.285042692192523930e+02
-1.026397992003911241e+02
-9.015201154584184451e+01
-1.478687850721586869e+02
-1.907374162381150384e+01
-7.854105146840083762e+01
1.067248433847598790e+02
-5.719027407029249588e+01
-3.397298269708434759e+01
-1.961150005329536725e+02
-2.125704324735953605e+02
-2.411819637921345247e+02
-4.045445434340939528e+01
1.062759050354765655e+01
5.149336133580914066e+01
-1.828810284543200737e+02
-2.112107619885819645e+02
-2.148803611272702483e+02
-1.300686925354532093e+02
-3.551105720025773280e+02
-3.239166515744379922e+02
-1.798657556611353243e+02
1.601375024062910200e+02
-2.685725744937371928e+02
-3.570740578073624079e+02
-2.033587092425276808e+02
1.680572606723416698e+02
4.149654005806399937e+01
-1.799978293597007735e+02
-2.968724844591468468e+02
-2.911212475565714186e+01
6.924803027421986279e+00
1.791378233256501318e+01
-3.741478031345218369e+01
-8.028329152626132270e+01
-1.228591626871683928e+02
-7.367826541344985003e+01
5.531072001030079122e+00
8.540283666243853133e+01
-5.038932634162697610e+01
-1.175874319641316816e+02
-1.400782057440284518e+02
-6.209081107889298234e-01
-4.133671300703739604e+01
-3.572718878091744443e+01
-1.377979015426433591e+02
7.515142070542424335e+00
-1.470599843537449942e+02
-4.278973016569836432e+02
-5.115930808789146909e+02
-3.120427050409823551e+02
2.279956745074292002e+01
3.484552442458448809e+02
1.251203436464184620e+02
-3.129626405030939296e+01
-3.248583692256821678e+02
-1.809575175028248566e+02
-1.591377612800791042e+02
-9.261197961208182505e+01
1.702777840708326496e+00
9.349817811886617847e+01
-5.583235899788953560e+01
-2.164260141939708433e+02
-1.705218737559600015e+02
-1.996530127506358809e+01
5.770950877485086750e+01
-7.485350435403939073e+00
-1.464835073502672458e+02
-1.824485644155115267e+02
-2.342473590626424311e+02
-1.148935900111936377e+02
-9.451932951649949644e+01
-1.633516589168415294e+02
-4.278002958714757256e+02
-3.719529551226593185e+02
-4.564964046394617867e+02
4.387562493896751903e+01
-4.087148830069034489e+01
4.147487373853778081e+01
-1.781148037674882403e+02
-1.432990832774353578e+02
-1.618721431614693813e+02
-8.141842147140472719e+01
-1.063694020305671728e+01
4.680695375132102498e+01
-1.156955639224596979e+02
-1.705209839249111781e+02
-2.722804686934122174e+02
-3.805850696680009548e+01
-7.158111266947156537e+01
1.148945710295632061e+01
1.686022603780269691e+01
1.887274067261174082e+02
3.872776823525059342e+01
3.009696119682151405e+01
-6.694226528679203057e+02
-5.498809805276322322e+02
-8.944875519963276247e+02
-3.943535233731504945e+02
-2.615897358701113831e+02
-3.533998284734889808e+02
-6.118107305794193280e+02
-8.797424164896833076e+01
-3.340113005242252520e+00
-1.263517188081404896e+02
-2.870923509886775946e+02
-3.859624786322151522e+02
-4.299283862467580661e+02
-2.172677827587950219e+02
-6.517794707959191101e+02
-1.044778652857180816e+02
-2.007355856575577207e+02
4.530412947808404311e+01
-1.558881216959767073e+02
-2.347961795853181002e+02
-3.411954817122975214e+02
-1.120498208857248414e+02
-1.522114956622534407e+02
-5.908280403323251306e+01
-4.513781544368524692e+02
-5.444646586077158190e+02
-3.284688256575920491e+02
3.324057356449786198e+02
2.743861262829566385e+02
-4.561283265853404032e+02
-1.679576950422165055e+03
-8.691346943015938677e+02
-3.765332209375898742e+02
1.440947815206113489e+02
-2.015677756999610608e+02
-2.963195505641563727e+02
-4.053083462034459217e+02
-3.821255834673448817e+02
-1.904913510986440599e+02
1.656695169584846639e+01
-2.273673801138588999e+02
-2.035225487177729349e+02
-3.188135149125085377e+02
3.045341367548004641e+01
1.271868056660056965e+02
2.052527600048093603e+01
-4.447240963558957105e+02
5.848554609180401265e+00
2.817651364292394192e+02
-3.817749282040949765e+02
-2.716563530005174925e+03
-5.662926235973862276e+03
1.094776375253278275e+03
1.777056673025901432e+02
1.168425543600869332e+03
6.082122487143351464e+02
7.644320448269825192e+02
1.167828541719274398e+02
-4.350346431590986072e+02
4.430064269896915619e+01
1.771257999953290891e+02
2.354821816879533287e+02
-2.346283756148114890e+02
-1.699910496788985768e+02
-4.256204559010704429e+02
-2.941316384417400513e+02
-5.304006964129891912e+02
-1.517968176985127116e+02
-2.685820967488186852e+02
3.049162060336076365e+02
4.927787751285654849e+02
6.433824680613257669e+02
5.078503837324164216e+00
-8.504343061672319664e+02
-1.707568361613024763e+03
-3.114678118726906746e+02
-2.739185246086543088e+02
-4.536972720950558369e+02
-1.736310665320110274e+03
-7.092323515661519195e+02
-6.926632382733524764e+02
-6.500303212449060766e+02
-8.094134802120809127e+02
-4.664439486528546297e+01
-2.559174152525513648e+02
-2.723005517223520542e+02
-4.499335791496015986e+02
-5.680717412554631096e+01
-1.840632100166773171e+02
-2.672466763952484712e+02
-1.599521665313348251e+02
1.492320270855851732e+02
-8.527983102317655266e+02
-2.293833587502659611e+03
-3.437210886405748624e+03
1.246916371036297505e+03
-4.740169281451362622e+03
-2.457293943051272436e+03
-1.064613708326087135e+03
-1.140353111172937304e+02
1.597748168926276833e+02
-2.917744212819419545e+02
-3.803335489339398237e+02
-1.525587116412201567e+02
1.915656799018406531e+01
2.367212820517486307e+02
-4.935076315260520232e+02
-2.397881935370479312e+02
-4.654834100440675471e+00
4.521540756447041076e+02
3.088598215526726563e+02
3.807811720531586843e+02
-1.160402632022426417e+02
-7.498129753409662612e+01
-3.558212248714335146e+02
-3.155198510172862711e+02
-4.148791086235136731e+02
-8.455419755560050135e+02
-1.127396131712457418e+03
-3.732217167177918782e+01
-3.732047225487346509e+02
-5.708485273492291299e+02
2.229322731897960239e+03
1.432363721366420941e+04
-1.168362413311176169e+03
-1.264014350557500620e+03
-1.087850563025887141e+03
1.058989854252228952e+03
6.318401972034487244e+02
-1.359978512738721861e+02
-8.054577131570441679e+02
-1.915087136551518086e+02
4.932411272016477710e+02
2.730822565964961655e+02
-5.339263081586311728e+02
-3.346705193846969451e+02
-2.020717563723479202e+02
2.101948502387900248e+02
-6.832367416352193459e+02
-8.366559544713392143e+02
-6.528208705052469440e+02
-2.253673922052204759e+01
-1.691248643825072975e+02
3.359724016723881164e+02
1.490851425012663753e+02
6.118494370948719734e+02
5.189172794187730915e+02
7.695636945633409596e+02
-9.443430489291361027e+02
8.756167486451688092e+03
-6.846106360624280569e+03
-6.552259212782611030e+03
-4.503686465787213820e+03
6.609088359046381811e+02
-1.498079042276143127e+03
-6.143659015643005432e+02
2.606930955672316941e+02
6.656865663230611290e+02
7.864342587084810532e+01
-1.440125117042930185e+02
-7.188740853356814569e+02
-4.670779402925258523e+02
-4.604941921098998137e+02
5.026220426474163787e+02
2.210993904120961417e+00
1.165968848285406807e+02
-3.787620447180260612e+02
3.445986702585889816e+02
-3.560565114767575778e+02
-6.137543524684417662e+02
-8.029445705173224042e+02
-2.531725120319064786e+02
1.590260458449065482e+02
5.178533888964386023e+01
-5.522060776063577805e+02
-8.879816550635621297e+02
-1.644771169665576281e+03
-4.947042454194473066e+03
4.498351566152405212e+03
2.151373694872995657e+03
-2.359835156615240703e+04
