2.435298945509324255e+02
-3.720256610046231458e+02
1.189455820476858207e+03
5.557740409420956894e+03
4.361064888550899923e+02
7.718678899797116173e+04
8.855330567243228870e+03
-1.113857299827474890e+03
4.139544908433983892e+02
7.693193577747759264e+03
-4.151860115885207961e+03
4.026931916045188700e+03
3.790166089811340839e+02
-4.165499746509452052e+03
-4.291454690385177855e+03
3.125482406793687915e+03
2.354793795496884923e+04
1.381952988686035951e+03
9.268785537080206041e+02
-1.129414591285960796e+03
3.410599176737940184e+02
1.972043747711422611e+03
2.488954838180611659e+03
-1.817056880162075004e+03
-1.129733520336338415e+03
-5.496557085582126092e+03
-5.814524342013746718e+03
5.309187792507074846e+03
3.954501215644676222e+02
-1.156008648901382003e+04
8.002514759124770535e+03
-7.112755960729327853e+03
3.056405990553496667e+04
7.413954792286053816e+03
6.066525790868005970e+03
-8.532286638285744402e+02
5.856197080671133790e+02
2.144564585288548642e+03
1.227173337127585910e+03
-5.630063781473301106e+02
9.893076607465819450e+01
1.317906071508422656e+03
9.232219257907984229e+02
-3.665027435099867716e+02
2.686036966276799731e+01
9.014234689107070153e+02
1.084458794978760352e+03
-1.901874299665325623e+02
1.165545633993039928e+03
3.102297650263270953e+03
5.395125944896857618e+03
-4.317265616011158272e+03
-8.055682110317971478e+01
2.248357377852640639e+03
1.287623015254616348e+03
-2.514885296935842689e+02
2.794084570191974990e+02
6.550569667814073682e+02
3.276228254910180340e+02
-7.755071310420300961e+02
6.532531036250826872e+00
1.438762361995182346e+03
1.280282090371362074e+03
-9.569296936054580556e+02
2.088325385694224678e+02
1.647942130653978893e+03
8.792571456207343772e+02
-7.499457356575097720e+02
4.594331120320616719e+02
2.098525796463579809e+03
1.424981039945975681e+03
-5.303805824843668688e+02
4.128781650230527021e+02
2.156963995045087358e+03
9.496295991425173497e+02
-3.281796651962969804e+02
3.335236999741026125e+02
1.328540935974304375e+03
6.524073797315994625e+02
-7.422308496678763277e+02
6.871772661766710826e+02
5.328821622510121415e+03
4.839149955299426438e+03
-2.200277881138384600e+03
5.624851176562287947e+02
3.664162445137626946e+03
2.290708498665309435e+03
-9.770850290447434361e+01
5.161870032725554438e+02
1.349080386710292714e+03
7.988574357701738791e+02
-6.919759295856217705e+02
7.343191912108579800e+01
9.668352325662132216e+02
5.617863737078380382e+02
-3.195666632928943045e+02
6.350077525166142323e+02
1.923991835529333002e+03
1.412857268215365366e+03
-1.176205825193860846e+03
8.274647124205488069e+01
1.266435095124297959e+03
7.571001716132494721e+02
-5.235392862708446273e+02
2.576044061294378196e+01
6.482301244955136781e+02
3.580392624470722467e+02
-7.877205152172246017e+02
9.073958945567432011e+01
1.701705781517845480e+03
1.430254892344074278e+03
-6.779121682595347011e+03
1.134959411789575461e+04
-3.376704797802185203e+04
2.220097925369458244e+04
-9.598779803646607434e+02
1.458667921098551460e+03
4.255179199101370614e+03
1.200023397820766149e+03
-7.065266743641008134e+02
3.819285896047518349e+02
1.564070054302870858e+03
1.239243542828756517e+03
-5.526016162425695484e+02
1.637396409796566559e+02
8.165330800897659174e+02
3.733277524544163839e+02
-8.175756533803862567e+02
3.531645116206962030e+02
1.669917581839031527e+03
1.112650365186693989e+03
-1.147139803101888901e+03
-4.217470289748312098e+02
1.169334756151021338e+03
9.719197374511325052e+02
-5.572434672840115581e+02
-1.384086044779008162e+01
8.593072103514919036e+02
6.391344930133498110e+02
-6.237032457420532410e+02
1.696879161698726932e+02
1.947043405152615151e+03
1.870034269390085910e+03
4.241211569789186342e+01
-2.798256862352315721e+01
7.104553178886928890e+02
8.395945245546025717e+02
-1.583431584554692506e+02
1.385836302083258715e+02
5.769498081041965634e+02
4.780290600492807584e+02
-9.842097277990622217e+01
3.945447320513453633e+02
8.581933210036587525e+02
7.436413137466388434e+02
-2.713376982248259992e+02
3.016713559153948268e+02
1.514532923893060115e+03
1.793167878479002184e+03
-1.281769113338203958e+01
4.951374850969330055e+02
1.003604224568550421e+03
6.263380225820625355e+02
-3.178046828377111979e+02
1.708731966482685323e+02
5.973293647083249880e+02
4.850782655946258615e+02
-3.358026028246196120e+02
2.312946629617883332e+02
9.071431372574925263e+02
6.408983726716195406e+02
-4.898166113274345435e+02
-3.232006674514118458e+02
6.570158082931374111e+02
1.013110360864530435e+03
-1.857395218077190293e+02
1.351432698546182394e+02
8.060786004688318371e+02
9.929955384452496219e+02
-3.690082416806610013e+02
3.065783554389961978e+02
1.147020212078302848e+03
5.198938997864381690e+02
-8.326001817172717665e+02
2.386299164583187746e+02
1.194800551768754531e+03
7.268901355773725754e+02
-4.993938496701464373e+02
4.642874948695786088e+02
1.646617676328152811e+03
1.405758990655737307e+03
-4.865131023993961321e+02
1.771309120842361438e+02
3.450590666526657969e+03
5.377330623694329006e+03
-4.299389901823303717e+02
1.553652494888837509e+03
1.764047742443021434e+03
1.223453800354733630e+03
-4.638869683740547885e+02
4.546821919652796851e+02
1.001729055853376735e+03
8.723642879764258851e+02
-3.500264142122489375e+02
1.214454704061423485e+02
7.504442937045685085e+02
5.367622650063036644e+02
-4.056297650679078970e+02
5.973388340623816930e+02
1.553991070593731365e+03
8.840138901759025885e+02
-1.336479499715080465e+03
1.368803846924449772e+02
1.379589093045159871e+03
4.682312801527434090e+02
-1.191934658150035375e+03
-3.502820854525130017e+02
1.169690724417972660e+03
1.320651358491790006e+03
1.009392084917346182e+02
9.316376876444033428e+01
7.547723218228157975e+02
8.862822354892484782e+02
-1.365882751632373129e+02
3.483881013372291591e+02
1.203990756487635053e+03
1.397427471109786893e+03
-3.219129721866872273e+01
4.431509738292458565e+02
9.485763853915041182e+02
1.024754191051747739e+03
-5.656855993483083012e+01
3.755496513442523110e+02
6.516460287108744751e+02
3.227189636120947398e+02
-8.600137289374307556e+02
4.266650340984107288e+02
8.915454417362830100e+02
6.188393902900419334e+02
-5.812764142122489375e+02
3.826991736036935094e+02
1.214633006077599021e+03
6.757528564749865154e+02
-1.429254162121432273e+03
-1.588269959115627614e+02
1.493701824488988905e+03
7.776282459943063259e+02
-1.062008043648722150e+03
-1.952244833030230211e+02
8.772778614866673479e+02
7.480327003684409419e+02
-5.099288736145398957e+02
2.810283245474050204e+02
1.220642746012164480e+03
8.632415509206888373e+02
-3.581428421070677928e+02
1.820378146091259453e+02
8.026521957317283977e+02
5.286319198707008127e+02
-3.922641803183327625e+02
2.076519559696126116e+00
8.230824126153863745e+02
8.763168197378945479e+02
-4.548771178650176950e+01
5.579221932812401974e+02
1.622088257331025261e+03
1.226650488167764479e+03
-1.010842262739597572e+03
-2.439041362171194294e+02
1.040209603370152763e+03
8.119484908617733936e+02
-3.663065272013627691e+02
4.558303284503035115e+02
9.372753244207758598e+02
5.400245732855954657e+02
-5.000356417128389808e+02
1.891768219097979653e+01
7.063698738926711940e+02
3.710711221967911229e+02
-9.839460655372117799e+02
2.074491057114649948e+02
1.879170212439998295e+03
1.905194493601675958e+03
-7.963355503042355394e+02
-2.873445674023314496e+02
5.935375477425978943e+02
9.248059890440655408e+02
1.234566489491164702e+02
3.458543562810218646e+02
4.412838052667444799e+02
4.572440341105550488e+02
-2.987286631196477060e+02
2.164290286618482355e+02
7.830141610472491038e+02
3.427906048275274316e+02
-1.538364027927858615e+03
1.091602966520529890e+03
3.793124151554357013e+03
1.485255216145832037e+03
-3.901193781979178539e+02
1.778437014583232667e+02
8.766579511445548860e+02
4.520903131440899756e+02
-6.964012420800952441e+02
-8.205746717560254311e+00
1.613177809320955475e+03
1.912944589698989148e+03
-1.729694861006169731e+03
6.605935719259792904e+02
2.435805223813616976e+03
1.755955608019269448e+03
3.286226124899166621e+02
1.243990600624982562e+03
1.577339025059933647e+03
4.923032203063565362e+02
-1.308049853113591780e+03
4.419736560916400094e+02
1.986224788933807531e+03
2.719891836433931076e+03
-1.268124376792001158e+03
-3.285033368546713746e+02
4.702949126609692598e+02
1.762150679542476155e+02
-9.535219563192702026e+02
-2.724394712305676194e+02
6.045400427840804696e+02
5.117723660164040211e+02
-3.603198029265122955e+02
2.123652981789591720e+01
5.412497161557461141e+02
5.035874646559605594e+02
-3.440004749137743829e+02
-7.668606348094878911e+01
4.260065921862982918e+02
3.823921629866808871e+02
-4.159716468840738344e+02
-2.463722327074916052e+02
6.511452353490439009e+02
8.772267931739409050e+02
-1.187135898991702589e+02
4.439733643614663947e+02
7.920365464420387980e+02
3.543704379776381188e+02
-2.796501938783913488e+02
2.952844094200745531e+02
6.256515718497879561e+02
2.884299553149154463e+02
-5.439971903719850843e+02
1.088697112544306549e+02
9.913493945731963777e+02
7.725832831384846031e+02
-2.557271830034791265e+02
1.971420729665265412e+02
1.072305158173602194e+03
1.008803145662190218e+03
-6.199545584438982360e+02
-3.355374347191770994e+02
2.816444231195096108e+02
5.244842126571153358e+02
-1.267230408340300585e+02
3.946248150251646791e+01
5.352979942209204864e+02
3.645815553597006442e+02
-5.943501861238920583e+02
-6.794708772268030827e+01
7.326395419498154524e+02
7.120444132772315697e+02
-2.687301868282006581e+02
4.563526007142326080e+02
8.415989244985961477e+02
4.992437007133745510e+02
-5.660573710097577305e+02
-4.801141891200540499e+02
3.721878946592970010e+02
8.102227931317255525e+02
2.000753963194352707e+02
5.050512305018006032e+02
3.716853323869918881e+02
5.039304385009767628e+01
-8.184626630966023413e+02
2.518770652786078017e+02
1.545664915294120647e+03
7.866846969496091333e+02
-1.232579222310310115e+03
-1.109047355576412315e+02
1.032324403927066214e+03
9.882343066003654712e+02
-1.094952417748826718e+02
2.906362506643004622e+02
8.928910482375069932e+02
4.667588177237542482e+02
-7.185831132964450489e+02
-2.149352510788303903e+02
6.111031526385145298e+02
1.223214284338954030e+03
-1.833267731378836515e+03
-2.875651349734471864e+02
1.696292556741394947e+03
4.616635585078749955e+02
-1.294363579934060908e+03
5.264510149875861771e+02
8.872447093542645007e+02
2.983232675959597486e+02
-7.189772672873667716e+02
-2.994257523190861434e+02
3.721813841028410934e+02
2.734702415229302233e+02
-4.628844509629902859e+02
1.869069658719008942e+02
5.856215730577416707e+02
1.777636048517686902e+02
-7.523042683887555313e+02
6.710392431867489904e+01
7.021071943103022477e+02
7.058772700659363863e+02
-6.583807128931418617e+01
3.766789672021647561e+02
1.135213430471129868e+03
1.374700743389349327e+03
-2.332388298938149546e+03
-1.781241211168827192e+02
1.122667608221610635e+03
1.143467003915833402e+03
-9.182950612878486254e+02
4.835286344834656802e+02
6.466004858624803546e+02
1.400960928106584049e+02
-7.676115526466169285e+02
8.626525245441740708e+01
8.492994063927599200e+02
9.763728368991684192e+02
-6.667083048337660784e+02
-2.234316066662023843e+02
4.300591539781967754e+02
9.062401211068716975e+02
-7.433881238755013783e+02
1.221649636011469369e+02
4.476792031803773284e+02
2.825363956608077274e+02
-6.229091978065874855e+02
1.130262261544484545e+03
1.781405504908835155e+03
8.219872437053384147e+02
-9.511936331632302881e+02
-4.596331079783366818e+02
1.782694584420313504e+02
4.426504313825510053e+02
-3.378316681107262411e+02
7.577135476159224936e+02
1.020804491602148801e+03
4.475549553552847897e+02
-5.717709784840365046e+02
2.354092254947810545e+02
9.453766000486276653e+02
5.610667699476321104e+02
-2.007090341472319892e+02
-2.376171042557821238e+02
7.551393860299939433e+02
2.706743212833896450e+03
5.267069657506282283e+02
8.566030033337460736e+02
8.577538198894956167e+02
5.001785234105572044e+02
-2.279316095418053010e+02
3.340745798577836467e+01
2.693469741710370613e+02
1.561699157909737892e+02
-3.065953721378274963e+02
-7.275186127320377238e+01
4.585628185537989339e+02
6.510116505163861120e+02
-3.220768108114603478e+02
-5.118635595353610768e+01
5.591205473528582388e+02
3.618827303232873760e+02
-4.442408010501827107e+02
-1.066856918259020262e+02
3.508527495240417124e+02
4.310153930983311739e+02
-2.700173116171083052e+02
2.206240285815971447e+02
1.002620040748673773e+03
1.044137538393948716e+03
-4.270815979069677155e+02
-1.384655397258915173e+02
4.596937821411858067e+02
4.650418043117986713e+02
-1.954180944106241213e+02
-4.838152430825260808e+01
-1.332011143388687913e+02
-1.672912740730656367e+02
-9.636071550715168996e+02
-1.428200364983757993e+02
7.982489190602334475e+02
7.173030115964443212e+02
-1.786390702626802920e+02
1.507330968159255065e+02
4.340444995372864128e+02
3.672939440913944509e+02
-1.520905540808068736e+03
-3.230784171573232015e+02
5.986811159415881320e+02
6.127258663783749171e+02
-3.623359629619332622e+02
-5.143951552657325976e+01
3.482976556549775182e+02
3.794881466912599421e+02
-2.060352189496654773e+02
6.851408013948237112e+02
1.294397563452991562e+03
6.369255924003967948e+02
-5.489880549573938424e+02
-1.248930942398162713e+01
5.186888488503352619e+02
7.371400236088346674e+02
1.692031883285206462e+01
-9.730583939980901675e+01
-5.523866844835229273e+01
-3.924859117788184903e+01
-3.089584224129108634e+02
-9.784901844090828149e+01
2.877381704370686748e+02
7.543071628065023333e+02
1.171950080991876177e+02
4.161067483077845850e+02
4.621832904670651487e+02
2.181299919776283218e+02
-6.890796010278504582e+02
1.536539953033151384e+01
2.921419006188547769e+02
1.399330132106282178e+02
-9.120571390919722035e+02
9.888725632063712112e+01
8.832642226669590855e+02
1.182188725060883371e+03
1.147945379394245577e+02
3.519757331904657605e+01
1.658144990844602091e+02
1.363519576109731020e+02
-2.153247399120722889e+02
2.498877262960774033e+02
4.977625709884304683e+02
3.244428532070336360e+02
-4.396856755000756607e+02
-1.694906588481264720e+01
3.013216038923598603e+02
5.141782685383703893e+02
-6.286582859709758253e+01
1.849195883189233882e+02
3.373605903419172591e+02
4.397551455464125070e+02
-6.699041310830932616e+01
4.180019560024969110e+02
4.225894444736563855e+02
2.380416570300581611e+02
-9.612421081089072459e+02
-3.498420248970365378e+02
2.189925380459323776e+02
5.132386642903923075e+02
-2.403813826873919268e+01
3.342948963860706613e+02
5.882742089923890489e+02
3.938392524405025483e+02
-3.390176880343658468e+02
-1.059605224507343308e+02
5.306844841250331228e+02
5.621471580572040239e+02
-2.191795516482529365e+03
1.741386347276932725e+02
8.673909054500771845e+02
5.112683137339480481e+02
-1.343048446516932927e+03
-4.078423312500066231e+02
3.323587023532394369e+02
5.659143433790576410e+02
2.134842188808073900e+02
3.443220487758662216e+02
3.603279511487896229e+02
8.344480975908227549e+01
-6.800461683899920899e+02
-3.027708003138253048e+02
1.435693019364692304e+02
5.500789013012340547e+02
-3.731055120875711850e+02
-2.968442318981152539e+02
1.668960268834740646e+01
2.534432297770664491e+02
-1.081235983673514482e+02
1.448061490763047914e+02
-2.443758964086775620e+00
-8.962255482881731439e+01
-2.833216344229467722e+02
4.059136992852433679e+01
1.701305030748737863e+02
1.798723638318638223e+02
-1.830240151173553045e+02
3.220379127232431529e+02
4.373429021209553866e+02
4.589934281526632276e+02
2.474803639840225244e+01
4.019217228193258507e+01
1.603985747404670121e+02
1.375089457210650608e+02
-6.065415414538859551e+01
3.138552048554603857e+01
-5.059264256706038765e+01
-7.047379391779050195e+01
-2.211274798272941382e+02
3.353829041884973208e+02
5.099789144269213921e+02
3.183630009908811758e+02
-4.266313413468062663e+02
2.763511017903121569e+02
6.691046261077021882e+02
2.337355205517903869e+02
-9.828930802969427987e+02
-6.428514203058439307e+02
1.021246389012312505e+02
6.662425215629490367e+02
-3.965751931909107498e+03
-2.594468037806339453e+03
-1.591239872796676025e+02
-2.454543906100408890e+02
-1.021275596072932785e+03
-2.668003014253704919e+02
1.762959042952340951e+02
3.025996886870426010e+02
-1.025316714740634012e+02
-3.483078963360510016e+01
2.139126292907668301e+02
4.861367571599321877e+02
1.083005794022541153e+02
6.725164609811979233e+01
9.544279866361027587e+01
2.190143552512154201e+02
-2.491275594004340732e+01
1.541041708322537716e+02
2.629233414257593040e+02
2.409460028050472999e+02
-5.342352542893947032e+01
9.636224083163053820e+02
8.532250403841763955e+02
3.958290846807009871e+02
-6.009746341300699441e+02
-3.118443085374204884e+02
2.728483711625774504e+02
6.166027500901146823e+02
3.107607967150247532e+02
3.162395466310910024e+02
7.424788322684536013e+01
1.337907326045184959e+02
-3.111098224490617099e+02
-1.397565948087307959e+02
-1.079122975561158881e+02
3.062754107516309432e+01
-6.733316246739921951e+01
1.585229785707290944e+02
2.748731548459441001e+02
3.670633961792119635e+02
-2.627142745831404795e+02
-3.844256416241109378e+02
-2.491366712866409898e+02
1.384685016362775798e+02
2.048014886109321822e+02
2.704670128884871474e+02
1.727568017348898479e+02
2.531016449355434190e+02
-1.018806458079673405e+01
1.930909254892420961e+02
1.135414033835693175e+02
1.838511049166986311e+02
-1.630307459554247771e+02
3.236495001073225808e+01
1.297949422073217507e+00
1.793532427334718022e+02
6.263668854451324108e+01
2.353837904704356276e+02
2.004128152076170011e+02
5.501402024000098834e+01
-2.706432431089141915e+02
1.390018166198705352e+01
1.634146395891272618e+02
3.356634576799131651e+02
-8.835528775491336262e+01
-6.021860388965001931e+01
4.282626717509535297e+01
2.925391027630388407e+02
2.248689095719592501e+02
2.891445368641932419e+02
1.974151887548237028e+02
2.041578404346213915e+02
-1.105425172718292401e+02
-7.706469879779217536e+01
-9.374953421221437111e+01
-1.457502055423909724e+02
-1.045917370220640947e+02
1.807572522227660556e+02
3.492155851508388764e+02
3.065119399083170606e+02
-2.412274369837163022e+02
-2.102755424980526016e+02
-6.049000375050394496e+01
1.569572497537481013e+02
-4.057429317356171516e+00
2.254524646421161833e+02
1.107048736060167187e+02
-4.494591133605788968e+01
-4.023034074971301948e+02
-2.703661371013572534e+01
3.534714832193113239e+02
2.684946218722114395e+02
-2.257039163457337168e+02
-1.702766134156978524e+02
1.797036439426884158e+02
2.000076072091858919e+02
-9.743231012891403964e+01
-7.958944130276776718e+01
5.407010792617654005e+01
2.050892685766809507e+02
-1.108609914258192362e+02
-1.639688152289073031e+01
7.860749861349626144e+01
1.560582867343032660e+02
-1.302590454964407396e+00
-4.518656037007052362e+01
9.520644864023566356e+01
1.915998908288490554e+02
2.449885998526793784e+01
-3.163747495211210126e+00
-3.496936322400774344e+01
5.227002139204159903e+01
-5.344614594447530465e+01
-8.750825679772025012e+01
1.570618054634142347e+01
5.510728756513610449e+01
-1.335217907099763011e+02
2.912189695134140877e+01
1.474144937182676642e+02
2.433597081676523999e+02
1.400554634706064761e+01
-5.995934657692490788e+01
-6.860498665371902405e+01
-4.470281767463309563e+01
-2.708970940583175206e+02
-8.455666104734591215e+01
2.246193417239492192e+02
3.262370266479657062e+02
-2.318053454520431345e+01
-2.087105653305695228e+02
-1.459233228410611503e+02
3.517670890367774916e+01
2.650263328761033765e+00
1.727344196344330740e+01
-1.955247674041525485e+01
1.546721570270922541e+01
-2.327269362630488558e+01
5.761413342883244582e+01
5.630110490965288506e+01
4.582128725682790105e+01
-6.834588170213264391e+01
6.488305017826544940e+01
5.738918227350932000e+01
3.176655966808901610e+00
-1.426344753890334118e+02
-3.345141155832129698e+01
1.499684406770432474e+02
1.205477428031922500e+02
-5.149732311895130010e+01
-6.905866272834381903e+01
3.941258103087579912e+01
1.130290424171273287e+02
1.263124935147998062e+00
9.229079008882562718e+00
5.352181079227253235e+01
1.409116487703910252e+02
1.343703302539977607e+01
9.028019020340824596e+00
-1.454513815027396184e+01
-3.078735979505673725e+01
-7.280412178102629639e+01
2.330191537750401665e+01
9.451225589534308824e+01
8.688367728766608877e+01
-7.005516493960463720e+01
-2.948329844844939984e+01
1.431607195983055725e+01
2.949879332347791205e+01
-1.013000643946004686e+02
-5.126699609761880083e+01
-1.367040746374035054e+00
7.400615173756966669e+01
-6.611698075247681494e+00
9.271397376033182480e-01
-4.756775159458393465e-01
-1.310251671677871244e+01
-1.014402282545187433e+02
-4.470776710589929870e+00
6.265885488623254673e+01
9.986560151774762062e+01
-2.362153200481140303e+01
-2.644165946294392100e+01
8.985067719034393718e+00
1.656290946257799490e+01
-3.111971975433153759e+01
-1.548448091000953042e+00
2.051858555047791555e+01
-1.318117198649150090e+01
-1.025993061516417697e+02
5.285015181032287401e+00
3.826721173847064961e+01
5.249317892861552792e+01
-5.751660228113834705e+01
7.801762935345626815e+00
3.632803347514447267e+01
2.381647433945754599e+01
-8.219506519612195916e+01
-1.044770313655783411e+01
4.650073119822037881e+01
3.423119423993522759e+01
-8.307652193191727008e+01
-3.831349426800288427e+01
2.732671632570232845e+01
7.545375375622721492e+01
-3.127768341228345506e+01
2.928292639946853626e+01
3.337295146662611955e+01
-1.452598459738203474e+01
-1.286191234602510178e+02
-4.469510043880661243e+01
3.144992079963472520e+01
8.779567140026269811e+00
-8.653966965219414931e+01
-4.251727448098418449e+01
3.887363004743392025e+01
4.655378124245181226e+01
-2.120799862302331817e+01
2.005170509797785172e+01
6.117569392556706021e+01
5.967655278641225181e+01
-3.583850200506886097e+01
-3.425792742856983608e+01
5.420645227791390575e+00
2.151165423564902568e+01
-2.801219417173146908e+01
-6.407104414700399708e+00
1.312846715558260691e+01
3.622495265768744588e+01
-1.810183579687797817e+01
8.293515439963652369e+00
7.006223398401060365e+01
6.557646872309905461e+01
-1.871927194851958021e+01
-3.760815107411509217e+01
-2.068021290468256268e+01
1.453074885478044997e+01
-2.892047391633149189e+01
5.465057521163922682e-02
1.028070291585748741e+01
2.573403829319425640e+01
-8.969687000386571185e+00
2.272343977278481475e+01
3.315171217656802582e+01
2.106769898582319556e+01
-2.636541988597239339e+01
3.625650130301090712e+01
6.246711288538210027e+01
4.052542090829638965e+01
-2.893031353616293799e+01
1.125956646315723297e+01
3.953877933098212338e+01
4.215111184736413463e+01
-3.610972672677537076e+01
-6.961286320805192496e+00
2.048071747469785464e+01
2.808640446420573511e+01
-2.318170730310250960e+01
3.319647752206245084e+00
1.208630047938956764e+01
2.280308598192233305e+01
-2.425194952578612373e+01
-5.419927445629549645e+00
9.867934403137750721e+00
8.255755084202942129e+00
-2.065584188188066506e+01
4.640019848995900809e+00
1.038216804597409215e+01
1.164603661221460307e+01
-1.158777376750108701e+01
2.098717311777918582e+01
1.893897722265576178e+01
-6.457726770248011228e+00
-3.863562911496241270e+01
9.791426723821114564e+00
3.040864290353917099e+01
1.209947021261027444e+01
-3.719019853157559652e+01
-4.042534135866326928e+00
3.483895848671967599e+01
4.075183623604404204e+01
-1.074761304625392278e+01
1.450938938951832569e+01
2.913878432658298934e+01
2.256391058851635023e+01
-1.315269255493216605e+01
2.880807134659405300e+00
1.622684312533764484e+01
1.998127711548356089e+01
-2.472596580356404061e+01
-2.375023103602046159e+00
2.444083132481007326e+01
2.263876974500641737e+01
-2.446983750545734893e+01
-4.207756025756466300e+01
-1.471308131724259738e+01
2.254965763141168722e+01
7.512366698223981842e+00
2.026128816494953000e+01
1.230320005237395087e+01
4.248812240093712056e+00
-3.433502661830214464e+01
-1.859941368981482057e+01
1.261507933653797942e+01
1.856849678202127407e+01
-2.912342378883615268e+01
-2.450910605586367907e+01
-1.002347526609218598e+01
-2.008165882595055241e+00
-1.962542601666403286e+01
5.449570529167576005e+00
2.805997912558172658e+01
3.150647130706806109e+01
-9.827578194967854230e+00
-1.225882505041467674e+01
-2.832360457838408507e+00
5.243011895842180081e+00
-6.615497410670561962e+00
7.595443083942720719e+00
1.739488235538359007e+01
1.413206436651994302e+01
-1.841321477724114075e+01
-7.984810445515434729e+00
3.434762980087857187e+00
9.045401402711405581e+00
-1.265779198830427710e+01
-8.384760561542648816e+00
-4.065609385517167773e+00
-5.270897697538776683e+00
-2.148901856106180830e+01
-5.705867291369708383e+00
1.501420662760949298e+01
2.594071816921473683e+01
1.168567018960485449e+01
6.476816009466126012e+00
-5.307850648580426878e+00
-1.787538912732400220e+01
-2.904400872517888033e+01
-4.230441154697698103e+00
2.065739268955720576e+01
2.289280682960165691e+01
2.009026263110949562e-02
7.589758357225900198e+00
2.113366900107746105e+01
1.686584351781049307e+01
-1.705079794781568125e+01
-1.505595936232976051e+01
6.916361752279442499e+00
1.049947711221055968e+01
1.016263305555535484e-01
6.632469149318279911e+00
2.028018651577876241e+01
1.103425480062217723e+01
-1.854556315617731599e+01
-1.023899863117262754e+01
1.086104495411861492e+01
1.651040061848025786e+01
3.123832229843926944e-01
5.114269854859887054e+00
5.617702308609326955e+00
-6.546123648548809015e+00
-2.058373359303144312e+01
4.278798347047104933e+00
1.743033103487057645e+01
1.037162984870474602e+01
-1.757602409331061466e+01
-4.902258807637772442e+00
4.645111635145048545e+00
-5.586106383238627071e-01
-2.384916357634136119e+01
-1.301651349057236473e+01
1.519218482767004108e-01
4.887282776927061256e+00
-1.012959532195876200e+01
5.502551960646208329e+00
1.879373312203993507e+01
2.105768229205864728e+01
-7.724846586508625101e+00
-1.112995199638214849e+01
-9.189018291779136760e+00
1.052386896529814209e+00
-2.863433005330672021e+00
1.290502185326348439e+01
1.563130584626956221e+01
7.254436419730529551e+00
-1.711711578293330405e+01
-1.158805318209762447e+01
8.599910697673933679e-01
5.807610878954621469e+00
-3.918119744943178162e+00
4.834688040304055079e+00
1.486440700773484025e+01
1.173222425197751306e+01
-4.178165812037992310e+00
-4.412126285487147914e-01
9.851022180997793809e-01
2.443075214644074566e-01
-1.168738155006791146e+01
2.228709236854975906e+00
1.614103326037043828e+01
1.581615203006277248e+01
-5.711453411141036440e-01
-1.895375768436722508e+00
-1.799681249640634750e-02
8.926578494229824301e-01
-5.172314783568776164e+00
8.281462933408004545e+00
1.834459732505471052e+01
7.497114329735334870e+00
-1.292565927103327361e+01
-7.458229486694193611e+00
6.717723142710500639e+00
1.060694657273814556e+01
-1.079253251932592583e+00
-4.012857022694703346e+00
1.486181078101113773e+00
5.217736638845794417e+00
-1.430470136320169061e+00
1.556792551714025974e+00
2.733467386876966110e+00
8.959939302950644446e+00
1.035228654864826403e+01
1.086222731808654274e+01
6.822120492103044498e+00
1.642577113154268575e+00
-6.254553373933986471e+00
8.230917150800165505e-01
1.970979821118554520e+00
2.236436733781217434e+00
-5.828015371423710178e+00
2.280813047863549325e+00
8.488107030421067734e+00
8.910887487362732173e+00
-1.875638356500142656e+00
-2.948757461233088017e-01
1.817070426680527540e+00
-8.732346942627959852e-01
-8.797365156676839604e+00
5.430862341733166954e-01
1.039964885845299136e+01
1.110874470143238568e+01
7.569742766657413524e-01
2.927710203140398981e+00
5.768711124075156960e+00
2.538920840510668686e+00
-3.485922158274916249e+00
2.915033933250076537e+00
8.394003723890520519e+00
3.995203062927175086e+00
-6.773984150794893466e+00
-3.791503290034781593e+00
1.839329684458778313e+00
1.547988018298336987e+00
-2.886873145944111485e+00
2.933630107423985223e+00
6.932858561348890447e+00
3.558086835373057699e+00
-6.486382035756210307e+00
-1.681004726105653102e+00
4.356258558331832731e+00
5.150771688053012554e+00
-2.319112640277521287e+00
-3.074114742281610191e+00
3.428017150903778010e+00
5.411105651551526563e+00
-6.681350524387552614e-01
-2.434519036871585662e+00
-4.107404467547517868e+00
-4.929965909439919081e+00
-5.645872330602315081e+00
3.297497082982939531e+00
1.022369738829761232e+01
8.568213028584972690e+00
-2.997790680776150296e+00
-4.828307018018455743e+00
1.623885237779643109e+00
7.114086981447588443e+00
4.650917019221028070e+00
5.789211995420443735e+00
3.845306924834968054e+00
3.828950690777484844e+00
-1.955938859340007108e+00
5.838467821084682985e-01
3.312978655635945291e+00
3.688661937619216236e+00
-1.215602773687956217e+00
8.988873943519216647e-01
3.321030027979722021e+00
4.861596125605440299e+00
-1.780912074560238478e+00
-1.247629647846868250e+00
1.037810282150240626e+00
4.619100747956504271e+00
1.633152617454417310e+00
1.479845551219898248e+00
2.046911352184274779e+00
1.144850060539013281e+00
-5.891611502977093240e-01
3.330076463809768406e+00
6.603162554734663736e+00
5.120804560519698789e+00
-1.292152070655819607e+00
-3.918043898984370776e-01
2.600166484040968840e+00
3.659080530415759203e+00
-3.406826554082620362e-01
5.470471815890386447e-01
4.735378142507292054e+00
5.596524482798391098e+00
5.215010632036684024e-01
1.415188056507241221e+00
2.455371968529298510e+00
3.073884724882331110e+00
-5.692027250847399023e-01
2.130012152976179962e+00
6.158273427587561244e+00
5.699164277499406239e+00
5.061842196230383895e-01
2.738958081389816446e+00
4.468498038727779509e+00
3.064218833856558355e+00
-2.300229822203372909e-02
1.974134150535220567e+00
4.334083864968275357e+00
2.118351973461890303e+00
-8.476784419840175389e-01
2.343031871997170335e+00
5.185277694309080587e+00
4.183169495744242461e+00
-1.135508980447963619e-02
1.516826025901831798e+00
3.833331072483978641e+00
1.518188545064746320e+00
-2.272190436515789003e+00
-1.817458019331332553e+00
2.219510417281036041e+00
3.673293638722870291e+00
1.285056764833165444e+00
1.396932109001926658e+00
1.835995045950212123e+00
1.007133896788736216e+00
-1.202263149405341514e+00
2.033369763179813994e+00
4.700695850116371588e+00
4.089419217007768559e+00
7.361588364516793437e-01
1.934116002650028365e+00
3.518972355320503898e+00
1.572493128801419893e+00
-1.748071981221585691e+00
6.528059179033059989e-01
3.781488818823276254e+00
3.932670515548788437e+00
1.086935320204420297e+00
2.547373169336791587e+00
3.763592094562389523e+00
2.352214915306309884e+00
-8.880697363982694714e-01
1.070556382663532924e+00
3.144275102745914818e+00
3.093280113920313212e+00
-7.551897136202225802e-01
-1.181626342561935689e-01
1.717663011327901668e+00
2.100080155550132055e+00
6.597199357271807951e-01
3.360070201910225762e+00
4.522951039931918160e+00
3.264421257408628207e+00
-1.398470169362189708e+00
1.967593816247509841e-01
3.161447917513114714e+00
2.587387863337139216e+00
6.810932219743224270e-01
2.001666307095721908e+00
3.735856309412067144e+00
2.458951452625520950e+00
-1.140728787541863687e+00
8.406250905905148230e-01
3.753297102439619337e+00
4.190146602677886634e+00
7.728188710002128481e-01
1.528350284028326733e+00
2.065694383797143097e+00
2.847024981594349136e+00
8.518107772401444233e-01
2.196861118274031632e+00
3.148185508507780117e+00
2.627842488289412248e+00
7.583638907529960393e-01
2.194040660985866253e+00
2.203511281030594127e+00
2.267907242992482253e+00
-5.209431647466389315e-01
1.207486139843224171e+00
3.499299567683312073e+00
3.933684808704462910e+00
2.327454236798402132e+00
1.718485720298694286e+00
1.814725582232041168e+00
3.524939213109801628e+00
1.894090462516039297e+00
2.939096378463530890e+00
3.654126301801093657e+00
3.688137642382743664e+00
2.330074656074469175e+00
3.528796877102613028e+00
4.516153484535384344e+00
3.503864686509813087e+00
1.088519890885159214e+00
1.835180298290716161e+00
3.954199549018112325e+00
3.644791143768784547e+00
1.345058344063672084e+00
2.257743397880751068e+00
3.297423997763049286e+00
2.720976677909294761e+00
6.685143556703302403e-01
2.406644583632281176e+00
3.693773143386088087e+00
2.997360919431534931e+00
9.404305216762539610e-01
2.491002119019858796e+00
4.119609842750872275e+00
4.214287722715324591e+00
1.383725377984806659e+00
2.444485151436508019e+00
2.923488505100631851e+00
2.194392048818372132e+00
4.475116924187702017e-01
1.755255600278126993e+00
3.358514784890779037e+00
3.488325068818108665e+00
2.031921086874552973e+00
3.336055743399071627e+00
4.094756234295461539e+00
3.202005292007278126e+00
1.547771137643737083e+00
3.103814598300925542e+00
4.699341930483353913e+00
3.401310558599542677e+00
1.140926596381836688e+00
1.718357555074066179e+00
3.321080628405063351e+00
3.760903323984620794e+00
1.632179779253543295e+00
3.130908480867434118e+00
3.279034884738455169e+00
2.398762808020435067e+00
9.023578983648375962e-01
2.805841057251714510e+00
4.754963444498809366e+00
3.847226642207731029e+00
1.156365291684451346e+00
1.910927747448659231e+00
3.251948028642676736e+00
2.696069924921809857e+00
1.012744620648764693e+00
1.812343353669048751e+00
2.929451423956179301e+00
3.646183131524825427e+00
2.649809392649503881e+00
3.487727023772560386e+00
3.744278926485001602e+00
3.106921109274900950e+00
2.251239557028186233e+00
3.273294364810654944e+00
4.432550607873953830e+00
3.807042015235269972e+00
2.603914742358871326e+00
3.734890496825514994e+00
4.207452084695185945e+00
3.899076217469673811e+00
2.029173507245296548e+00
3.220039755099379342e+00
4.469562069981763308e+00
4.164259889680151261e+00
1.909348503346413040e+00
2.687988097524485198e+00
3.316082148858971124e+00
3.084654951116268418e+00
1.961792195733758737e+00
3.156883821692532344e+00
3.967006624100517076e+00
3.177670753926074898e+00
1.437222777478712965e+00
3.514340884631846240e+00
4.996848890223138717e+00
4.856775471514053422e+00
2.295232295009822732e+00
2.496588641197833081e+00
3.223719516686529563e+00
3.393460745756391894e+00
2.939115974588900837e+00
3.617900134613326379e+00
4.197193818019579581e+00
3.689737932277605381e+00
2.363103872880544021e+00
3.339099488518261882e+00
4.343941465661530721e+00
4.133510206651564545e+00
2.709723527019324507e+00
3.603160604258344168e+00
5.285689739193796477e+00
5.420993968848629940e+00
3.492977434992203367e+00
3.349164958719899943e+00
3.874642672137410315e+00
3.836462549118502263e+00
3.121167279623556112e+00
4.677311580967175253e+00
5.466917676391511272e+00
4.676693565168194233e+00
2.139527430871249081e+00
2.982818730042876787e+00
3.994553272156507795e+00
4.140266767151929983e+00
2.715067518655963408e+00
3.824179785193568382e+00
5.709455387986553276e+00
5.578172379616644250e+00
3.650804972998372477e+00
3.746064301538378771e+00
4.276334682256905495e+00
3.567370548641363825e+00
1.903477436603972395e+00
2.772026153685191563e+00
4.093996828498092988e+00
4.140343492808794323e+00
2.385491383929566833e+00
3.465508907270035799e+00
4.740605480745523792e+00
5.153201954940830554e+00
3.986185930482620154e+00
3.931121518923271552e+00
4.885941201297627323e+00
5.389296039420949036e+00
4.261646838810962734e+00
4.402461187415556587e+00
4.381393738996112397e+00
4.597646172011850219e+00
3.856725568205963128e+00
4.738577092015169967e+00
5.570788551570222680e+00
5.396021558245737815e+00
3.975672147584099481e+00
4.467661626674241049e+00
5.134885451775363485e+00
4.474977432329311000e+00
3.240515067346553479e+00
4.603075714596706725e+00
5.683436057264222185e+00
5.728642167553490872e+00
4.069836716606038074e+00
4.354233007876975314e+00
5.916117626685926112e+00
5.847118132425892512e+00
4.125332927986216092e+00
4.221509923075635662e+00
4.904743943487130053e+00
5.485248056844591602e+00
4.780738040039754999e+00
4.813637972437586399e+00
5.143725577103506197e+00
5.667782118150984871e+00
4.373539263989089321e+00
4.879023792462161779e+00
5.381750041822100705e+00
5.420708376394657080e+00
4.790823273483844957e+00
4.826060296105870506e+00
5.727135405055966189e+00
5.817487577145807442e+00
5.084899487258399908e+00
5.708269000866158294e+00
6.417751080195856161e+00
6.167668476608604955e+00
4.842980905699390881e+00
5.287535801546370706e+00
5.673073714749810925e+00
5.599302621781836464e+00
4.775322046691337974e+00
5.712822228195274299e+00
6.412054946891241336e+00
5.943994275876596234e+00
4.502794929725545181e+00
5.152358909726245884e+00
5.521676827596621706e+00
5.811187372651732908e+00
5.319820970892113365e+00
6.788149880385258683e+00
7.228854805778824222e+00
6.306091840903927270e+00
4.694098201393694936e+00
5.388305743922139790e+00
6.579901906575813086e+00
7.081236816969610715e+00
6.745493344897274035e+00
7.316083421312026047e+00
7.474752937612731962e+00
6.644871959874691925e+00
5.557830885772304441e+00
6.577626055760513957e+00
7.530257672154528237e+00
7.325960674264822892e+00
6.356901259416575911e+00
6.652794552826676977e+00
7.783365756718327866e+00
8.375471900344441778e+00
6.834235423714192237e+00
6.499063335254225748e+00
6.807804261602139029e+00
7.376697374260912987e+00
7.418212388082506159e+00
8.153859277089299695e+00
8.394130935881152666e+00
8.537913682108476010e+00
7.288805160134679717e+00
7.126462282466727416e+00
7.468722609240285415e+00
7.779778958117259613e+00
7.889994774983149384e+00
9.232904407410167380e+00
9.361306396217791814e+00
9.090384692189562799e+00
7.765949527681819120e+00
8.551470879496838151e+00
9.189580451352680868e+00
9.063233877639143898e+00
8.929057612915460851e+00
9.853652239134575552e+00
1.032591225565918336e+01
1.012185393191850125e+01
8.963695689987597248e+00
9.555406775477134573e+00
9.774865191546153298e+00
9.140881622159344744e+00
8.603001985462327639e+00
1.001074060678604383e+01
1.106549398101457449e+01
1.160111466988023210e+01
1.015511399938671921e+01
9.946964085934002497e+00
1.000742371678028242e+01
9.949353902863295573e+00
9.744647404045771566e+00
1.034237973079677886e+01
1.074239221166604707e+01
1.092059506255414192e+01
1.017671765668839434e+01
1.098248621837286798e+01
1.140827390372425931e+01
1.207850111413448602e+01
1.153683517862061159e+01
1.172143000947892766e+01
1.170307239776352048e+01
1.161459014613911123e+01
1.080789504124930822e+01
1.149457271516664925e+01
1.248756952489106276e+01
1.328513468777011575e+01
1.221531597301557426e+01
1.192363642524126810e+01
1.234314238715617940e+01
1.300306502155412680e+01
1.277773370340107384e+01
1.331564419533137489e+01
1.355436187869954523e+01
1.380957267745378125e+01
1.303975541703462859e+01
1.337762162567784152e+01
1.371976367993955925e+01
1.364806591153597992e+01
1.376330960908062551e+01
1.430616532266255270e+01
1.480751073842091436e+01
1.441854554151769285e+01
1.376168282702341372e+01
1.429704696008696807e+01
1.450482476894435813e+01
1.469934265276524243e+01
1.413016662712647964e+01
1.503987085797146683e+01
1.547313515128339390e+01
1.522681529248956345e+01
1.467764044881534602e+01
1.600202607636590812e+01
1.658629098590607143e+01
1.661089523212222119e+01
1.515329194867489093e+01
1.583059954855913176e+01
1.654462363576678996e+01
1.673073020790016585e+01
1.641040817329201573e+01
1.737818643388325768e+01
1.793328709279381528e+01
1.743177249957388852e+01
1.639025131923013845e+01
1.692564587655198238e+01
1.773775694874388975e+01
1.790698489880771760e+01
1.717350821738250133e+01
1.735430114796481860e+01
1.772548684528164031e+01
1.832040904949696980e+01
1.826671506073668638e+01
1.863598021404193261e+01
1.865561751032059234e+01
1.861697781236118843e+01
1.818322306905180241e+01
1.891873010071995154e+01
1.940989633181247598e+01
1.963654786315966305e+01
1.915571850615016558e+01
1.960635421404139933e+01
2.021221279723316400e+01
2.060521018252434544e+01
2.029418877321877090e+01
2.087796626279988743e+01
2.120863723962551362e+01
2.089664415865795277e+01
2.025109651480746464e+01
2.092482524696698221e+01
2.138166641045824434e+01
2.155708544975927410e+01
2.069966145068988439e+01
2.118470109165146908e+01
2.196189719644069527e+01
2.244502958957338024e+01
2.168438545714552745e+01
2.179045338987097225e+01
2.220604226011741034e+01
2.268762939271846335e+01
2.273245257038863087e+01
2.323347666486411711e+01
2.373732432926564684e+01
2.377439013722595362e+01
2.289780089361713422e+01
2.324776089295965065e+01
2.369466103258042011e+01
2.387760847292376098e+01
2.327965753062183296e+01
2.371544028597507392e+01
2.447696510067935804e+01
2.464112749138649150e+01
2.390011555933559961e+01
2.447402711904157968e+01
2.527261053832684823e+01
2.568761908231465796e+01
2.509749285369004923e+01
2.515667963217508074e+01
2.561248828942095557e+01
2.572816886373822243e+01
2.527684760389232466e+01
2.574144445233857681e+01
2.640036769957874441e+01
2.699733836023587230e+01
2.646072535153410143e+01
2.692388081316522985e+01
2.699672740548732719e+01
2.709741748813507201e+01
2.638806700298075114e+01
2.660722995742636954e+01
2.682979172511399568e+01
2.697195343234372444e+01
2.662490837084694562e+01
2.743913373411242063e+01
2.789451013702598559e+01
2.805540688342457756e+01
2.738162573637089636e+01
2.791151985071952168e+01
2.858919096305316998e+01
2.871078715785359847e+01
2.853186183693454936e+01
2.877429877970018524e+01
2.896731904250169976e+01
2.856539779424437597e+01
2.787078924904319166e+01
2.844498065189674563e+01
2.934610332634558105e+01
2.970693563575581919e+01
2.913967027188756731e+01
2.926320962347731935e+01
2.950876593558113115e+01
2.969690553642333342e+01
2.944457012756732084e+01
2.983102235098332500e+01
3.013238777606315466e+01
2.996356951326675144e+01
2.923679341680757204e+01
2.965798502394816794e+01
3.011063192794966525e+01
3.041899821524975067e+01
2.990824520415410248e+01
3.033147654073677657e+01
3.062873164377302615e+01
3.051559920500248779e+01
2.985264120017571798e+01
3.057314114437209795e+01
3.134507668399994174e+01
3.158949010920511569e+01
3.098398210231257011e+01
3.112710519311943358e+01
3.135224707589188498e+01
3.142149511394418226e+01
3.082344999639863659e+01
3.132193667931064596e+01
3.233917362181349375e+01
3.287161345502261867e+01
3.204979537509409226e+01
3.171193325538368768e+01
3.148643597410142903e+01
3.217669812837822718e+01
3.236953904138489690e+01
3.287623353005950122e+01
3.300212759697929243e+01
3.287868641565879102e+01
3.204577284624163980e+01
3.217952676518458333e+01
3.263781405750825115e+01
3.341654057806235301e+01
3.321767910254161649e+01
3.320750321884544576e+01
3.318797583200894508e+01
3.333383329083806501e+01
3.316869876375582749e+01
3.358939499560275266e+01
3.397138161372527065e+01
3.393139103604732298e+01
3.344034495116138572e+01
3.414303947343012169e+01
3.468997719065730223e+01
3.445016716639688781e+01
3.338107675794306317e+01
3.385071723363731877e+01
3.483077024028592916e+01
3.563087547389395127e+01
3.483350538460834400e+01
3.486015252923961327e+01
3.506779510216571083e+01
3.541722583264618152e+01
3.512890438131788073e+01
3.537114125669607034e+01
3.567283486581140295e+01
3.563563221249041391e+01
3.508757493155246721e+01
3.539343401350271279e+01
3.614307224623230042e+01
3.640298276142195277e+01
3.563464797988769561e+01
3.584543759133801188e+01
3.632520009138161043e+01
3.707926318784448938e+01
3.652971531638461045e+01
3.638296881395144311e+01
3.648038931017266151e+01
3.684028374494152303e+01
3.681287989597462484e+01
3.712721210323675081e+01
3.751485788938071408e+01
3.738606040198899905e+01
3.704425817071502536e+01
3.738228841812220082e+01
3.793122174282653702e+01
3.822749162358606156e+01
3.744259459281585833e+01
3.742263206962724809e+01
3.766776113790637481e+01
3.799397771742362551e+01
3.787276612237441498e+01
3.824362764054114194e+01
3.873478294662655230e+01
3.868779579138011115e+01
3.782510230723580946e+01
3.783202974616533254e+01
3.813277349644552316e+01
3.830032786072823114e+01
3.811186011796480244e+01
3.858498870992728769e+01
3.920249445734093996e+01
3.872962603423365380e+01
3.747307260428402031e+01
3.756669342548336488e+01
3.831958423322793550e+01
3.878349828537094623e+01
3.838275313376963283e+01
3.825730654623675520e+01
3.817054986097674885e+01
3.784697543659439845e+01
3.701272083212588626e+01
3.728749214605377205e+01
3.771330201494038903e+01
3.803321435441255005e+01
3.762735653381744783e+01
3.758154008698366511e+01
3.736938242795293519e+01
3.730149886173626328e+01
3.673763540682708140e+01
3.687328082211761426e+01
3.670706643924835788e+01
3.626872324602160091e+01
3.578452623847540792e+01
3.651830925055971022e+01
3.735015904266376907e+01
3.738818128620201975e+01
3.644412687104809834e+01
3.622949540901414878e+01
3.615811027374566322e+01
3.571629805530061930e+01
3.512160407501846748e+01
3.548269232752163305e+01
3.600515947684649376e+01
3.575297488062434326e+01
3.474833360001109384e+01
3.461664187281497362e+01
3.485151864420271295e+01
3.443664245991751471e+01
3.352180040056759225e+01
3.363869688345560860e+01
3.416648527797273971e+01
3.428696069617034681e+01
3.343296424355961705e+01
3.381508565271386146e+01
3.393385448152886852e+01
3.340086488926495178e+01
3.255276661779327441e+01
3.302868945292258474e+01
3.374845095561862252e+01
3.358838369006915059e+01
3.267811632255284593e+01
3.267808861144865773e+01
3.284258696424638657e+01
3.243173540358350948e+01
3.211502744015838573e+01
3.235160774396766925e+01
3.269200804127213900e+01
3.229234200769997898e+01
3.143371128284512039e+01
3.149691219376725115e+01
3.167890964629003037e+01
3.180792676442802502e+01
3.134515949339582974e+01
3.135389091569617293e+01
3.156723629073952608e+01
3.185311394298218701e+01
3.143626213818045656e+01
3.158348875865488381e+01
3.089424445712285916e+01
3.034425829225502369e+01
2.977202947616257589e+01
3.027273359606579106e+01
3.086350411586969855e+01
3.082486825266781238e+01
2.995371867898739993e+01
2.997761867313229800e+01
2.975660634168354690e+01
2.941418724964563225e+01
2.875111205123387847e+01
2.885689868381084011e+01
2.882486572539514924e+01
2.832716241376848743e+01
2.759076132361913380e+01
2.777747572545135668e+01
2.817637506696630822e+01
2.796197012701284379e+01
2.691649782351489151e+01
2.657250801600591217e+01
2.673800610191536009e+01
2.697558174392895225e+01
2.621625027448157752e+01
2.581552439607499494e+01
2.541293833341874731e+01
2.514341031623445843e+01
2.434460618734141590e+01
2.411217136718062193e+01
2.407175347149061650e+01
2.393787197982044290e+01
2.337936353834307823e+01
2.352007605528843825e+01
2.351845179975407873e+01
2.299564673463066455e+01
2.218457297785940696e+01
2.223074338069638500e+01
2.220118193899557824e+01
2.144382881871902313e+01
2.019074969944170306e+01
2.031848130135293928e+01
2.062113792124769773e+01
2.053912306350763117e+01
1.970220448922350798e+01
1.951368029413990612e+01
1.951687761002836297e+01
1.940505443336414615e+01
1.849034449136398806e+01
1.847624096216766176e+01
1.820315844662976801e+01
1.777734605629551012e+01
1.722164878812476374e+01
1.744344730772091623e+01
1.741144487480509895e+01
1.690631616368565204e+01
1.598688124594718651e+01
1.627707540199246949e+01
1.683314496064742372e+01
1.653143064181854172e+01
1.571539131730150274e+01
1.582509886931258869e+01
1.637982913729982570e+01
1.621749607140967697e+01
1.501208650303095915e+01
1.509785863451718058e+01
1.552942144432678795e+01
1.580321069361150599e+01
1.504117617797418127e+01
1.460452130822377903e+01
1.454313502645588940e+01
1.450063047313151898e+01
1.392428195408597347e+01
1.407765125159874842e+01
1.408234663333742098e+01
1.391990164805022090e+01
1.339980466595940456e+01
1.387272454067221972e+01
1.431389328302246255e+01
1.433087202658802539e+01
1.329740763896651679e+01
1.345452951495632199e+01
1.421134426308474374e+01
1.473598162076961238e+01
1.382401413830613102e+01
1.324721363395527618e+01
1.339325230956266211e+01
1.398702131356915324e+01
1.364966570843134619e+01
1.359686560310830572e+01
1.386705689695919652e+01
1.380319002327271605e+01
1.288045184166284685e+01
1.285325905120859247e+01
1.327611483057988195e+01
1.384601647333439445e+01
1.343123381935156502e+01
1.337485176347246885e+01
1.270060300362366768e+01
1.396867694859271758e+01
1.711906586021165921e+01
1.814180184697474374e+01
1.740083523933418164e+01
1.379718705240187226e+01
1.298930582466510941e+01
1.388853697034037182e+01
1.446497752062107978e+01
1.498674029154542708e+01
1.469515945331595397e+01
1.516482356220184613e+01
1.546131020962324776e+01
1.567296486857970805e+01
1.546160727576222627e+01
1.611399719224376881e+01
1.708362611802036568e+01
1.775034409510048050e+01
1.733328095114127976e+01
1.769966035424440065e+01
1.826764383871304886e+01
1.875144835276806532e+01
1.887327030102018455e+01
1.965195913914483228e+01
2.090123627792945982e+01
2.167775832524252877e+01
2.178525314652701894e+01
2.247772202859770729e+01
2.346674687042697016e+01
2.400325305394659026e+01
2.389435550903456473e+01
2.464497396172167498e+01
2.584016917954089010e+01
2.704044045434469368e+01
2.714185848903996146e+01
2.787919142762510560e+01
2.899972547425669944e+01
3.006711231667124551e+01
3.039972534872982735e+01
3.134823193256687546e+01
3.253507685617367429e+01
3.371385050226299995e+01
3.402331920843315061e+01
3.515808755813976205e+01
3.627453004881807175e+01
3.713634199835158256e+01
3.748660489585057576e+01
3.894682665436777569e+01
4.064056157638155042e+01
4.147469613557453982e+01
4.137823797688080418e+01
4.240559291121789443e+01
4.372179298216157406e+01
4.473181302852417929e+01
4.478560338248542649e+01
4.571128427920691450e+01
4.682984536229233186e+01
4.767433511025445370e+01
4.804588503845896952e+01
4.916969762668868782e+01
5.033901707758649025e+01
5.103815738654135004e+01
5.086579316039786391e+01
5.163791079573056919e+01
5.311618751896472901e+01
5.434320109707557833e+01
5.439747721982408990e+01
5.506096319464551669e+01
5.588505366528289642e+01
5.660262958637483877e+01
5.684609042453013927e+01
5.771353344468410285e+01
5.841272766328767574e+01
5.880102774255387743e+01
5.873643216123890909e+01
5.974550655139593403e+01
6.108505305963306142e+01
6.146466703438643009e+01
6.105504801985655661e+01
6.143523603402599775e+01
6.222363905694103181e+01
6.284532802039516497e+01
6.282273979949969345e+01
6.297744344093978697e+01
6.327433422491359494e+01
6.378335162476690101e+01
6.400683971837956676e+01
6.476357339038789007e+01
6.532849730173226988e+01
6.551195396384619585e+01
6.526587410513855048e+01
6.623141980451627830e+01
6.687302344654662534e+01
6.682660353809343690e+01
6.577440410353563038e+01
6.597491455362904844e+01
6.656746654521776918e+01
6.703687698097196801e+01
6.687005942677029680e+01
6.763954675955295670e+01
6.848851061602940149e+01
6.835512222457710152e+01
6.751427526785654720e+01
6.777505230906734823e+01
6.817004922936202149e+01
6.846404121074708371e+01
6.824706577583769729e+01
6.798398771036463017e+01
6.769313376656100445e+01
6.751310220381849092e+01
6.749460292530497441e+01
6.847214350950663686e+01
6.871215964584158087e+01
6.883153956332529333e+01
6.831344989753608843e+01
6.867431042013092224e+01
6.905431070780437608e+01
6.876578729268646839e+01
6.785988075044878087e+01
6.822216982805618102e+01
6.877803606066392206e+01
6.908550323528616843e+01
6.828092220457503458e+01
6.805804923841931497e+01
6.856473804098102676e+01
6.850874259974558811e+01
6.748266978315574249e+01
6.776679666207282082e+01
6.799003699363780129e+01
6.764067342508357683e+01
6.676709202004127519e+01
6.753356034206932179e+01
6.830647022459449147e+01
6.771099448809897581e+01
6.627306060327074988e+01
6.637949185238365146e+01
6.714927828046829461e+01
6.699781185992294752e+01
6.561287027201161948e+01
6.592859603471468688e+01
6.614253237607420033e+01
6.625347585297976138e+01
6.546974670414996922e+01
6.594072902244754175e+01
6.631124751722140331e+01
6.629444149880431780e+01
6.521134318882995728e+01
6.526334152557924995e+01
6.489208253612315502e+01
6.399034896143317752e+01
6.291010936935862929e+01
6.326099773398884452e+01
6.381504748739784105e+01
6.361553241601310305e+01
6.252894540008130519e+01
6.315822473588736585e+01
6.359111508154459358e+01
6.297273845884453891e+01
6.122540140127918562e+01
6.192357598247078698e+01
6.306942925379456710e+01
6.319407575941471578e+01
6.160663832657334638e+01
6.106815107295390277e+01
6.092990679389452424e+01
6.076674104355633688e+01
5.973556349033277968e+01
6.020029404066514189e+01
6.033933086557997427e+01
5.989590555583343701e+01
5.896896273339623917e+01
5.947516508988969264e+01
5.971382033250240084e+01
5.887331008856669712e+01
5.706153291029314545e+01
5.718272676311223535e+01
5.783626682922985651e+01
5.783533591518933292e+01
5.667318196740703229e+01
5.702405833964259330e+01
5.742322779585494175e+01
5.700663052409677789e+01
5.541533979916165009e+01
5.565509716812216112e+01
5.651227248801453840e+01
5.623556195894111909e+01
5.480005524470507794e+01
5.475704687615307620e+01
5.528817313210752360e+01
5.512310608550560431e+01
5.357998937541518103e+01
5.432952726522439235e+01
5.472545142434393028e+01
5.413153612685317029e+01
5.216808413122192434e+01
5.222231320725131098e+01
5.271644880710179137e+01
5.210264815205518119e+01
4.980840328400793027e+01
5.014638027020320266e+01
5.152170278381946389e+01
5.205438719543431603e+01
5.036481457966476682e+01
4.996931699872195054e+01
4.966923028928830774e+01
4.919637443947371480e+01
4.699490402920211096e+01
4.686514797786355757e+01
4.743117215159494293e+01
4.752393998864226887e+01
4.612699106738755717e+01
4.711387251576669399e+01
4.761135184546457566e+01
4.692742395702379099e+01
4.418394699299638972e+01
4.408395144482266659e+01
4.473275882311649099e+01
4.494057933013611716e+01
4.348060019781782159e+01
4.376025856047834850e+01
4.394374138662715978e+01
4.373402913122961877e+01
4.230319274699556331e+01
4.246098283284043617e+01
4.285547637215470473e+01
4.230231286461184226e+01
4.089317387046581587e+01
4.096659134366302624e+01
4.124764471822297196e+01
4.150411183268563065e+01
4.074176322034099229e+01
4.140932007381132962e+01
4.194011621269341106e+01
4.082446312408600164e+01
3.890939948984462404e+01
3.926778999799964964e+01
3.955069530169840419e+01
3.987095716815107238e+01
3.859935362552305094e+01
3.897959122795808895e+01
4.002782307844005061e+01
3.997571546348834204e+01
3.855535850641138040e+01
3.925598904398363231e+01
3.944696530453462913e+01
3.977948454844898407e+01
3.794302721392638489e+01
3.879601083451288446e+01
3.952045830758243028e+01
3.994453191754001153e+01
3.822588507905837218e+01
3.822262983998774644e+01
3.854766774861555234e+01
3.805021561238292804e+01
3.691689086133571607e+01
3.800204910005565750e+01
3.835260742800556244e+01
3.740616435894592229e+01
3.588068313807942644e+01
3.702102626637737615e+01
3.897121917394542834e+01
3.850869854837112882e+01
3.621216520020391982e+01
3.738808033043386558e+01
3.817678292219120095e+01
3.879543364797998350e+01
3.701888287627568985e+01
3.766225279757976807e+01
3.862344234318650393e+01
3.864571882752382237e+01
3.683800516173248951e+01
3.711535799249065803e+01
3.818937329079560072e+01
3.830806195800688840e+01
3.668995903792863800e+01
3.787688240273740803e+01
3.884101771592111163e+01
3.910523450728435080e+01
3.643320198820939027e+01
3.658368964747301533e+01
3.807995390798515700e+01
3.820522316778075833e+01
3.644543375920641637e+01
3.683713886558934547e+01
3.787155099673208269e+01
3.729854805371054027e+01
3.570113549080274851e+01
3.702178203349814822e+01
3.828564041758613001e+01
3.811904816621595415e+01
3.628969845728804700e+01
3.779017576161307090e+01
3.905742772557159981e+01
3.825021256251533686e+01
3.542751365606415703e+01
3.658476945619828768e+01
3.872174231355442942e+01
3.868754415878723307e+01
3.657147324627191409e+01
3.736589589013350121e+01
3.798953894814194143e+01
3.755710274652309977e+01
3.412678197716837047e+01
3.476138244451059478e+01
3.733849246342798978e+01
3.832184919835584225e+01
3.599382250242435077e+01
3.649479076334901606e+01
3.785436934083195837e+01
3.825036724526052723e+01
3.517814436400989564e+01
3.681114888293965492e+01
3.793300569126468247e+01
3.787300042602977612e+01
3.527734546234901103e+01
3.720107264633333699e+01
3.997020587440794515e+01
4.012195413315227199e+01
3.549828283654688477e+01
3.572323296937005921e+01
3.808614229972177156e+01
3.997159628001624299e+01
3.881140932654994202e+01
3.974631821844382529e+01
4.076037695791722371e+01
3.997341023397800086e+01
3.618053686807777325e+01
3.684123741488099313e+01
3.917628746371262594e+01
4.065103368550246898e+01
3.835270624794403460e+01
3.930647693335653514e+01
3.837123896147681279e+01
3.726001743509202413e+01
3.639397279872532209e+01
4.009992980012803088e+01
4.248935858093617668e+01
4.036538174346831909e+01
3.569276346354859442e+01
3.880326628185180482e+01
4.228374639215858366e+01
4.248467040093176905e+01
3.930929952878829425e+01
4.034225054844868197e+01
4.334956222862109598e+01
4.253085681725993794e+01
3.842704162609469876e+01
4.028366206532232496e+01
4.283046219705531144e+01
4.313724505573207324e+01
3.978357211051854136e+01
4.172632701559030011e+01
4.426820360893672301e+01
4.447652345998147183e+01
4.115212269985166671e+01
4.227779863769209356e+01
4.272228870643642296e+01
4.203759613432848852e+01
3.894992606577794447e+01
4.136085397821395304e+01
4.403967816931361767e+01
4.466284474865516074e+01
4.189098725137713330e+01
4.364157056648120658e+01
4.483165097836630508e+01
4.507664050320263271e+01
4.207052010482145477e+01
4.423552677037719150e+01
4.465985174956494319e+01
4.276201812997620522e+01
4.011335106859891653e+01
4.380514580264997448e+01
4.692862575996919361e+01
4.615206714806934940e+01
4.155903970739315412e+01
4.370046647209283464e+01
4.787635575005364785e+01
4.873309871293885465e+01
4.459963591947836647e+01
4.532819073633340423e+01
4.604035917186419624e+01
4.495750241282562598e+01
4.086429442438252835e+01
4.247065427496735879e+01
4.537947722476490497e+01
4.581480903214438882e+01
4.366718418289094927e+01
4.557568003718029104e+01
4.808064173796216778e+01
4.861237901153678109e+01
4.519076284265709376e+01
4.680906837291362876e+01
4.682131091841307580e+01
4.611906828986008833e+01
4.400740105122561374e+01
4.804951291786955636e+01
4.998429429776578559e+01
4.887275948989545782e+01
4.426331080800818540e+01
4.599434928107029208e+01
4.782973368167586159e+01
4.840196163349349945e+01
4.511679058098010131e+01
4.755789009102493736e+01
4.928590262554784118e+01
4.878641831414410746e+01
4.509931471872118891e+01
4.781438596664758478e+01
4.958734635192251261e+01
4.937858585811204648e+01
4.721267036577344811e+01
5.243086350594855105e+01
5.459063528941693733e+01
5.072430211072045836e+01
4.351284454590497575e+01
4.578177449134462762e+01
4.839933963847342824e+01
4.842368868333871035e+01
4.607239923005954552e+01
4.902077139361987435e+01
5.233782633301345300e+01
5.105748190938801656e+01
4.597671461773259693e+01
4.785308735388593249e+01
5.010097854773619019e+01
5.235380515997587025e+01
5.054775322170088714e+01
5.308141248347084939e+01
5.419147790244761609e+01
5.053145736935957899e+01
4.603236264823119939e+01
4.931879681121469616e+01
5.441473873014019347e+01
5.385476902994835768e+01
4.913547479737806611e+01
5.130372566172742665e+01
5.361694343527300077e+01
5.298392405835151209e+01
4.779133052828424155e+01
5.192470227283379103e+01
5.459450692769161151e+01
5.264172640431818451e+01
4.660671321188846861e+01
4.933635881739851214e+01
5.489857971007297976e+01
5.696300282246085800e+01
5.093989653438078591e+01
5.162376038504222464e+01
5.333168362890261704e+01
5.512400658269838516e+01
5.138021767209755808e+01
5.373503480308448133e+01
5.572189031965505990e+01
5.657379953291373198e+01
5.267811457647301410e+01
5.443010936007952694e+01
5.897260342458496041e+01
5.789791454960747785e+01
5.209934537034310154e+01
5.364853751719191877e+01
5.509959497107850979e+01
5.489889986105978892e+01
5.059850731927154044e+01
5.593508707808636160e+01
6.057768852727468101e+01
5.887372103324566552e+01
5.288835563012598584e+01
5.574543212591265728e+01
5.987586294041361867e+01
5.864969458385752432e+01
5.190201331972394883e+01
5.298827250913385001e+01
5.705117184426401167e+01
5.916548940988207761e+01
5.663418687359682480e+01
5.918331642875821785e+01
6.099139219701054060e+01
6.045936356236415321e+01
5.428361882265232197e+01
5.903239972424987769e+01
6.304236800994586076e+01
6.230313498306351505e+01
5.540247210409734180e+01
5.694934867627437569e+01
6.071909682886548865e+01
6.219031830658614979e+01
5.422455299946797425e+01
5.690864494773524740e+01
5.842375893433119671e+01
5.904907043336272210e+01
5.410171498331440176e+01
5.662208942952759827e+01
6.110026338794806833e+01
6.097064106802168482e+01
5.482330776601783384e+01
5.731778146317678591e+01
5.980116300586838918e+01
5.760010668108760257e+01
5.318791791537930180e+01
6.014333680310686248e+01
6.667602446931711313e+01
6.430432579094244261e+01
5.661453211653681450e+01
5.948084161706942297e+01
6.334191265051895670e+01
6.491202205585719298e+01
5.694391226345626222e+01
6.225689011153838237e+01
6.409190564861364692e+01
6.477185252078145083e+01
5.843343471166445369e+01
5.821088372884803164e+01
6.158900818248586262e+01
6.325241290637058000e+01
6.045582965958626431e+01
6.200120788782435000e+01
6.552998939966556691e+01
6.449384698714898434e+01
5.694793808283510117e+01
5.909416458768606617e+01
6.282654011195744914e+01
6.253969058873603615e+01
5.526023083579892869e+01
5.864578571755394165e+01
6.630003070173627577e+01
6.628382773752873902e+01
5.768149769886957756e+01
5.799154114009991190e+01
6.392938706174256680e+01
6.390488922369515024e+01
6.094898131628353610e+01
6.258654928258645356e+01
6.772719743652744739e+01
6.618292508508523042e+01
5.789202666617272541e+01
6.217479933728392893e+01
6.753225512295423982e+01
6.575488780065953165e+01
5.939969003994080765e+01
6.206150174986750301e+01
6.477306713377768688e+01
6.325590574002007571e+01
5.148931592474261976e+01
5.863922266503115566e+01
6.549674708962481873e+01
6.745208559881173471e+01
5.975271621479610928e+01
6.244419708969910943e+01
6.472139586483447715e+01
6.499661546375628518e+01
5.990455222516933276e+01
6.226385818162334829e+01
6.468736122784157772e+01
6.277426187256413925e+01
5.557252413732862095e+01
5.866479207039724741e+01
6.213267695154208781e+01
6.749842492995459509e+01
6.158706420535337855e+01
6.356948806498654392e+01
6.379420037061773030e+01
6.617446023463598692e+01
5.964465831052682177e+01
6.130015294053848862e+01
6.092464032157694476e+01
5.961548769555137284e+01
5.402526733661218117e+01
5.977851157456647258e+01
6.305429293825123693e+01
6.420278575203850835e+01
6.018653269941036399e+01
6.413642044726682911e+01
6.591534443157104306e+01
5.999697968822416527e+01
5.046160984508957625e+01
5.584580086536093546e+01
6.326073365007145100e+01
6.624388383625661447e+01
5.751177776317560131e+01
5.691147102482344877e+01
6.134030847868666569e+01
6.421266484796763052e+01
5.710288388193584552e+01
5.989546862670741234e+01
6.057429294515119267e+01
5.759577645041367333e+01
4.961585466796744015e+01
5.512237271844563224e+01
6.050030642654686375e+01
5.886777822266552107e+01
4.715920020648643174e+01
5.312940718146711561e+01
5.481858821776899049e+01
5.149227723183133065e+01
4.378624290799135821e+01
4.976716459521196612e+01
5.712063447467263444e+01
5.678136811007002649e+01
4.743028074009004769e+01
4.758502812443747843e+01
4.818676030450079395e+01
4.845324876033821937e+01
4.561815995393043011e+01
4.831748005946262481e+01
4.709361100194573879e+01
4.472269211338793582e+01
4.169527901104119394e+01
5.214931582380364716e+01
5.435055249461639448e+01
5.055422007006223595e+01
3.772649936920839764e+01
4.159037805287406542e+01
4.604919771530784800e+01
4.475915180510093450e+01
3.922162982212734761e+01
4.572740983044664631e+01
4.970951953002442991e+01
4.543225052816294607e+01
3.433453996988261281e+01
3.859735637066919622e+01
4.496291819287799996e+01
4.472615368065904562e+01
3.584722918183720708e+01
3.928800271175359171e+01
4.447128728242860518e+01
4.319810411317133969e+01
3.804992396500820462e+01
3.887998721290617965e+01
4.156787965548011954e+01
3.937951307589463568e+01
3.303352843212744716e+01
3.604618938137353723e+01
3.935093190605456925e+01
4.114680480232405557e+01
3.531354628910228399e+01
4.261970692781654435e+01
4.343591205855291548e+01
4.585800774882370945e+01
3.858224656095520544e+01
3.995709703682107516e+01
4.168433438995045037e+01
4.174213584764455476e+01
3.301348685628200741e+01
3.807451064850563682e+01
4.101856515211158438e+01
4.310299348193577629e+01
3.621234821302227402e+01
3.366482946896385187e+01
3.215230752867405073e+01
3.420690662417338501e+01
3.369147945408604272e+01
4.133026046866335435e+01
4.130530896525753803e+01
3.615367381168665162e+01
2.843254561480477705e+01
2.399991372554330127e+01
4.633175761933068770e+01
9.526465666679804656e+01
9.328933297466815588e+01
8.112602825938975570e+01
2.481943322060289248e+01
1.980342649837239577e+01
2.442046269286028704e+01
3.550628695288709480e+01
4.102198778459690232e+01
3.586067279024987897e+01
2.697009385386594005e+01
3.174515828694113395e+01
3.537096386408127557e+01
3.412274463193394780e+01
2.565117804862128992e+01
3.211271139014770881e+01
3.538866434819681928e+01
3.389927290726466680e+01
2.937828241611727975e+01
3.456754936309803128e+01
4.256845664631056536e+01
3.955446044302043163e+01
2.627408280143593089e+01
2.365444459860314907e+01
2.266303713798491870e+01
2.631731995571499994e+01
2.769845523741534876e+01
3.983872083943674625e+01
4.164307471464299937e+01
3.863290520658036087e+01
2.478750126181031987e+01
2.586377291684083346e+01
3.169599615261919112e+01
3.461445053675177519e+01
2.874182093354516709e+01
2.801061453702667237e+01
3.104136089667727560e+01
3.255802960197911489e+01
3.002373581451760032e+01
3.469306911069143240e+01
3.533527543283256023e+01
3.095863918401609638e+01
2.287117207182168244e+01
3.319141018427225021e+01
3.850573135540920333e+01
3.738201836995285987e+01
2.630557679333653809e+01
2.825021732499581262e+01
3.300624465408833430e+01
3.234320518389061760e+01
2.638782956267126067e+01
3.123602486967985215e+01
3.392266920722450152e+01
3.460908085079022811e+01
2.527837689612994154e+01
2.544003404205916752e+01
2.467307592492850077e+01
2.480558031360518356e+01
1.825924124773813872e+01
2.668295919585439435e+01
3.234991268926214758e+01
3.258562051245654345e+01
1.870071156760305442e+01
2.192305251640310715e+01
2.768149295401586585e+01
3.226078256204548467e+01
2.562215823053632491e+01
2.766077172103601001e+01
3.329926793245113714e+01
3.415957017805725116e+01
2.193187410561494133e+01
2.343793383719396317e+01
2.861411236837215810e+01
2.959563755897691095e+01
2.055362043835767238e+01
2.024000067638120015e+01
2.500019121870633043e+01
3.419639304606684505e+01
2.535928278271267189e+01
2.366377059863400234e+01
2.085404891874774336e+01
2.112622359622364598e+01
1.944205556540916291e+01
2.529720327247886402e+01
2.889976072092177617e+01
3.204893192467841345e+01
2.178250055376661365e+01
2.379015577181683838e+01
2.238708918346493348e+01
2.176937431777584564e+01
1.450043987800686907e+01
2.147485923263764818e+01
2.273861891945316316e+01
2.876733952086368262e+01
2.261149039560140750e+01
2.734631925784576012e+01
2.810237902283114408e+01
2.844088087680594157e+01
2.001042989807284300e+01
2.582214616928109763e+01
2.668861940873243555e+01
3.118417318597306576e+01
1.776351136205191850e+01
1.536700546580549442e+01
1.902690610748662436e+01
2.423536960096310011e+01
2.477809930514362335e+01
2.956397979011642363e+01
3.180506748564316055e+01
2.798092245348736640e+01
1.449507056694333151e+01
2.020111835148742685e+01
2.881336112031576846e+01
3.369337236267985958e+01
2.525628157237690274e+01
2.538379029089664485e+01
2.456322718593289167e+01
2.134010994459800870e+01
8.908612465939780733e+00
1.293795722430730244e+01
1.758558214573087852e+01
2.485009429632994582e+01
1.910198898408948764e+01
2.522846001760339263e+01
2.855528082371210985e+01
2.566332863885962468e+01
1.474989965108843570e+01
1.813110573209913312e+01
1.994735934887239281e+01
2.675813399489003075e+01
2.046574793656535007e+01
2.751231872693194447e+01
2.785701391933184112e+01
2.123553201893517794e+01
1.328576090064830595e+01
2.276281783051113194e+01
2.641246903577829741e+01
2.660951010074844802e+01
1.468435254741473273e+01
1.940628537647035401e+01
2.423032381130207114e+01
2.138375095802691561e+01
9.881285593788662780e+00
1.424901364036315066e+01
2.150615274121426168e+01
2.806567841798121421e+01
2.029964656357810071e+01
1.711815599589000669e+01
1.978788772083399650e+01
1.837293938157450057e+01
9.950697243877630882e+00
1.584039967626842760e+01
1.384058415406687637e+01
1.632969754686601505e+01
8.169650132142644239e+00
1.751689357058980079e+01
2.359045019441079916e+01
2.347513992655174775e+01
2.118762520127771332e+00
3.804154931246585214e+00
9.346476465515305421e+00
1.803367183695343101e+01
1.424704756635428637e+01
2.295368570819146115e+01
2.207146364492806967e+01
2.179092365454800273e+01
4.775505424183352332e+00
1.301238536501794663e+01
1.793781846903626587e+01
1.532115002895737810e+01
5.896842670569236944e+00
1.476918235970589777e+01
2.100900659989776287e+01
2.293114188697539646e+01
4.290346728777930885e+00
1.126187291610941088e+01
2.271929700041772193e+01
2.943140809605244357e+01
1.820793180218264240e+01
1.952294142704096203e+01
2.379557851853877537e+01
3.023344241857568804e+01
1.405091255763645997e+01
1.002425648218070009e+01
8.379808796377789193e+00
8.938187356571193121e+00
-8.672748238692570277e-01
3.687212822741149587e+00
1.064639649814117917e+01
2.215281038973972727e+01
1.886074515710711097e+01
2.833094350348849133e+01
2.728559344872274650e+01
2.517727608032625497e+01
1.363737223684650068e+01
9.028048959080267721e+00
1.101777725139391784e+01
1.196827237763432983e+01
1.167642086554573133e+01
2.196435607081247454e+01
1.735614589018852527e+01
9.190579930467649206e+00
-3.822397604954347994e+00
1.155649088452831030e+01
2.165808829937694213e+01
2.058441665349788963e+01
2.041373949016081824e+00
9.444903977992002098e+00
1.963364760340926551e+01
1.837950260475350461e+01
2.973884040523453454e+00
1.179798807398667471e+01
2.551238705234303694e+01
2.532844661856671209e+01
2.258650456531397399e+00
3.784625829473355463e+00
1.688220210520350051e+01
2.048352149126383637e+01
1.966995113748928325e+00
6.704593064227239552e+00
2.304651233963216939e+01
3.285029054213980970e+01
1.801101055142907015e+01
6.748770757809227305e+00
9.475153135246642933e+00
1.470877281537707049e+01
1.386734459349679049e+01
1.976282228445269240e+01
1.654967971066859533e+01
1.244045408128224217e+01
-4.711353095974492255e+00
4.215923011443328150e+00
1.075750168745974733e+01
2.267799491734638551e+01
2.092924970373027094e+01
2.803631089185084591e+01
1.967365136690236938e+01
1.172841760509357734e+01
1.345502966633306707e+00
1.201413481135456784e+01
1.708126098091172551e+01
1.578367536810755034e+01
1.235761620479176814e+00
3.867739225291502603e+00
7.568883403206717375e+00
1.856194533073518826e+01
6.019841249748933976e+00
-5.207092586497047426e-01
2.889232754483352039e+00
1.901475205476432961e+01
1.648530242679827040e+01
2.206710114316680560e+01
1.866624740402355798e+01
1.159340039462635907e+01
1.269520333402285095e+00
1.587997145441012847e+01
2.077977135170720757e+01
1.246604273579238686e+01
-1.789359677331912124e+01
-6.699386424142965701e+00
7.016733967753834733e+00
1.282323943499222096e+01
-5.915937825177746134e+00
-8.173634767126484180e-01
9.228931454164698067e+00
1.253059300908948970e+01
9.121348458755889510e+00
2.889878156346350835e+01
3.900340426174224717e+01
3.389574872621481205e+01
7.264784042989831381e-01
-1.666951668224862182e+00
1.407498438879632330e+00
4.163569925807125927e+00
-8.664425570472259253e+00
-2.591869989622468395e+00
1.484354065945018242e+01
3.383956140774837706e+01
2.426934020796518965e+01
1.599428302503955557e+01
4.380129767953282460e+00
9.740699382076170920e+00
1.070179783928522532e+01
3.162064085915901401e+01
2.572182753661406096e+01
1.414907165759299978e+01
-1.224552132981836117e+01
-4.466730766938634467e+00
6.554616376919276455e+00
9.157612739929673396e+00
-1.314165843022585278e+01
-8.475640273883077169e-01
3.975615765591635764e+00
8.048061075885621918e+00
-8.278248712355480876e+00
6.218440908996361038e+00
1.202723209700601892e+01
1.399503541045790556e+01
-6.926937297912344249e+00
-2.918583683910224713e-01
1.498696293060898732e+01
1.522570240879653625e+01
-3.977336075684343997e-01
-3.207307574397767702e+00
-4.198813422648195903e+00
-1.425961831581390449e+00
-8.292610254012792836e+00
7.644764640421572111e+00
1.024471096165868111e+01
1.147004781107269089e+01
-1.600114184052509358e+01
-4.913904722340360465e+00
5.590531945956933590e+00
1.756012889193727133e+01
9.725448469533588991e+00
1.323474905308965255e+01
1.684846693246784710e+01
2.216744884381624559e+01
-2.965138775382911152e-01
3.941429719109163621e+00
2.499555283626095026e+00
7.973340400320989119e+00
-9.971272528842071381e+00
-4.888127711982137136e+00
-2.460600933532294476e+00
4.132201502715475705e+00
-1.488694435445473196e+01
5.182452361225410975e+00
2.230976943683814184e+01
3.286924583459312998e+01
2.737009405461861444e+00
3.088488978622577985e+00
1.238532910437045409e+01
1.972757958889870977e+01
-1.219212417549650240e+01
-1.349318578402833779e+01
4.348558129298167430e+00
2.535661578370077507e+01
1.139125415605666802e+01
3.571066732582599101e+00
4.346584725154748696e+00
2.455417419103488186e+01
8.955039417741350150e+00
1.037338920237105278e+01
-8.718415088188617545e+00
-5.108824710702513983e+00
-8.837024863349586923e+00
4.373760318774597700e+00
1.647994084466350984e+01
1.022926102821635830e+01
-4.962046783318911913e+00
5.893347190179688333e+00
1.680864270546425132e+01
2.965167697698538518e+01
7.685867227838575566e+00
1.968591253772375982e+00
-8.819545694035864969e+00
-8.351455560835690406e+00
-1.288657370996058482e+01
9.165131854065627692e+00
1.495072841968171851e+01
1.266749435453595218e+01
-1.807604171129911919e+01
-5.504207297883467298e+00
4.472253733310206592e+00
7.314836253292394730e+00
-1.343214580410774772e+01
-7.919497523027299479e+00
6.126045233104629339e+00
2.203512959603501997e+01
5.344721382263168952e-01
-1.981799239486982556e+00
-4.617041821178513139e+00
1.271094012632866699e+00
-1.534566712575126424e+01
-1.083125980175632286e+01
6.564776800881833019e+00
2.746205701451628656e+01
4.379419658332068366e+00
-1.433241932857429823e+01
-2.274760961369624468e+01
-8.251013202831749993e+00
-2.840440337991259501e+00
1.614135448097230707e+01
7.640744226393379357e+00
-4.057670820718165317e+00
-2.035672734907601722e+01
1.083185716898230311e+01
2.462996571180502059e+01
2.069250217422546712e+01
-2.284418707089816891e+01
-2.085995779456806076e+01
-7.205629300230410372e+00
-2.434807179412699529e+00
-1.844925319907427408e+01
-1.478564865385774674e+01
-9.096045307759858645e+00
-1.387253126565631378e+00
-2.706910110221158305e+01
-1.923485126614836460e+01
4.089593266487866252e+00
1.255876437499953369e+01
-4.979302474163114667e+00
-4.385611971129955933e+00
2.232058367465130200e+00
8.923278489748282638e+00
-1.352292554304163019e+01
-7.856586420185939446e+00
2.562767437546931149e+00
1.166979310725505758e+00
-1.376831979995133182e+01
6.246506257967348930e+00
1.230527632764320600e+01
1.260353544561784211e+01
-2.589321724283296078e+01
-1.732750821054553469e+01
-5.799345347862792543e+00
9.524191444044326715e+00
-1.088196826151640373e+01
3.893515420624093171e+00
-4.676982725479537528e+00
4.494570124442802239e+00
-1.987090945110913509e+01
-3.185134225568706512e+01
-1.882183990043234090e+01
1.516120632161733717e+01
7.694682416167323957e+00
7.773277386752441842e+00
-1.727981333722497936e+01
-4.981889621381854205e+00
-7.852359419974023425e+00
-1.402453865322987170e+01
-5.497010678394556926e+00
1.489462609542717608e+01
1.149508301764051943e+01
-4.221006212214756026e+00
-3.350120301831143621e+01
-3.548408985709265551e+01
-2.485610761303810534e+01
6.847678311381885763e+00
1.098759206151337331e+01
1.692054567428946754e+01
-8.793167287128911269e+00
2.825326466673181436e-01
-3.728644024306534632e+00
4.868873687152681207e+00
-8.179987480829481683e+00
-9.694399403094946521e+00
-1.503689497369268757e+01
-1.551648932030669492e+01
-2.640995956543002166e+01
-1.149678120762025557e+01
-1.113629608781805835e+01
1.755594157742187633e+00
-1.700383564819345139e+01
-7.519928033445239635e+00
-1.489867926621290195e+01
-1.961967416903306116e+00
-8.686973176328791624e+00
5.247011490481737539e+00
1.132973030945904469e+01
6.451557872050013742e+00
-5.929354589878414572e+00
1.134369080632934956e+00
-8.961708859815542993e+00
-8.160505054932354341e+00
-2.479230753912208129e+01
-7.275902381575584776e+00
-1.513076147507381064e+00
3.319353475199306125e+00
-1.508961601022283716e+01
-6.008253211215172085e-01
-1.376106143464159492e+00
-1.138707204243476667e+01
-3.500375815639914379e+01
-2.725059529675536396e+01
-4.010313494936177392e+00
1.502723207490433488e+01
-2.983245687817619896e+00
8.492559360147792447e+00
-2.467453100195766691e+00
-7.750025582529331380e+00
-4.147349884110796836e+01
-2.193739910906282731e+01
-5.277837854534253914e+00
7.726402982246497686e+00
-1.819274470295339441e+01
-1.834044196009078220e+01
-2.374742267425060049e+01
-1.514815133038990425e+01
-1.929825203980895409e+01
1.579244377931169296e+01
1.479903258899452823e+01
2.416837409049317387e+01
-1.294944378775532456e+01
-7.873427783667991342e+00
-8.655029911875743664e+00
2.673978382346816840e+00
-1.245106638446678993e+01
-1.949339244245134850e+01
-1.097616120945498253e+01
6.166065776053362590e+00
7.219616214370384810e+00
2.604910020392812608e+00
-1.219164996432907344e+01
-7.004672262792203341e+00
-1.972099988569815565e+01
5.233962443953259491e-01
1.723480203477773864e+00
-6.457338965843407941e+00
-3.646618410299199553e+01
-1.704064529699910224e+01
5.066174324778196514e+00
2.229883125512955289e+01
-1.326011251173911454e+01
-1.885185874624939473e+01
-1.105421426385440675e+01
9.227501534604035882e+00
-1.423243291908415031e+01
-1.256445096349565382e+01
-2.681046505839485405e+01
-3.809818980795894205e+00
-1.510194705385763925e+01
-9.426415021546963313e-01
-1.171261281259537945e+01
-1.544835548828449312e+00
-2.836222708494667444e+01
-1.532907734204532169e+01
1.145719028689198060e+00
2.229975483006510117e+01
1.152075946204010926e+01
1.493220895254550840e+01
2.744912765297087986e+01
1.311151338962229396e+01
-2.445796324031552871e+01
-2.392633560893946054e+01
3.277098598450889799e+00
1.688501222529898982e+01
-1.461019175541347259e+01
-2.907984282518389918e+01
-3.518886254422496052e+01
-2.810151692974371684e+01
-3.642627885149460099e+01
-1.548387669437722991e+01
-5.064317130623636309e+00
1.085476342255389071e+01
1.361428903426303627e+01
3.331579399031812727e+01
1.526638042252701055e+01
-3.146926635333432287e+01
-7.247387922373738434e+01
-4.732791835376018241e+01
3.192035860627676414e+00
5.608335057604487162e+01
1.793846560341434682e+01
1.465734080751430923e+01
-6.035174881885105869e+00
1.093718539803432854e+01
-1.048742130637301884e+01
-2.203085124128718064e+01
-2.047162365577914755e+01
-9.932402540761961163e+00
-2.243555268739599384e+01
-1.104178736499605762e+01
-5.198671572661361040e+00
-2.008402141291929954e+00
-5.086562232660872240e+01
-4.986438471605346479e+01
-3.799657410549890102e+01
-3.604832295123820529e+01
-4.310211040449866715e+01
-1.717973524523226558e+01
8.685614862104078071e+00
2.643450577605663199e+01
-4.676894767006746889e+01
-1.506869677189767742e+01
4.542423937365557407e+01
6.887819604007259500e+01
5.223088887046611717e+01
-1.611903560045623962e+01
-2.087270460132661398e+01
-1.371787750980353104e+00
-2.535746449287990956e+01
-2.425774811251226382e+01
-2.836807867240272429e+01
1.360575405814287642e+01
-9.653867933159967052e+00
2.723400849264019374e+00
-2.569988602853483783e+01
-2.068891943370774555e+01
-3.032326104365146335e+01
-5.830916965829135989e+00
1.198125641791058982e+01
-1.405871566661329730e+01
-4.977341150542456205e+01
-1.335804154791086695e+01
2.050431999099473757e+01
2.347640407045579281e+01
-3.878979750540011651e+01
-3.757727583168154695e+01
8.984532054870829398e+00
3.970271137908182624e+01
-1.722572583932167234e+01
-3.718811328543851857e+01
-4.974769714330327020e+01
6.906531665403213616e+00
-1.766494808025334962e+01
-1.872624642559025432e+01
-3.076025332246327437e+01
2.475330577034909041e+01
1.542908995260612137e+01
4.572532537899763327e-01
-6.062432130444001643e+01
-5.666189291588614196e+01
-5.608387859788928864e+01
-1.490228613511462852e-01
-6.378939851854881660e+00
3.234665966535394066e+00
-4.680928373101205153e+01
-2.290236638332709518e+01
-3.768390174812656923e+00
2.442713954672006693e+01
-2.375528147280982605e+00
-2.561592086412819924e+01
-1.101726264638043595e+01
1.538879738702855704e+01
-2.280966895405566319e+01
-4.087243473583686182e+01
-5.132115284990448600e+01
-2.852416095933957862e+01
-3.811559401776925426e+01
-1.998419027557686078e+01
-2.471070470413668474e+01
-5.272828532818372160e+00
-5.131820266068383773e+01
-2.697944235549252667e+01
4.575127661166014548e+00
2.239275578528072685e+01
-3.431114485965696304e+01
-5.917270668167814307e+01
-8.655133031629665652e+01
-5.407431983795085273e+01
-2.928166975627787139e+01
6.072665835709049986e+01
5.549492803455586909e+01
2.081862400188744644e+01
-6.249801141402640070e+01
-6.120446734175983750e+01
-5.705433363542555725e+01
-1.137933487534858479e+01
-1.025854479613503401e+01
3.862584785694899381e+01
3.008168836901702647e+01
-2.339475268457414270e+00
-4.397668673475990175e+01
-1.840075248121526386e+01
4.870852780907096502e+00
6.471980147463789024e+00
-2.116775122607175419e+01
7.179943714263589349e+00
-1.619518856163324472e+01
-2.626337168430279334e+01
-6.394818224671646334e+01
4.868319054315701777e+00
2.732083679395221409e+01
1.551034381746556612e+01
-3.819843562346611066e+01
-1.578443420961836985e+01
5.450421175343794111e+00
4.948440946246233807e+01
-1.119973313723554398e+01
-3.071720728128006428e+01
-8.520161068566619633e+01
-4.131957718640848753e+01
-5.948366605030351195e+01
-8.255086946937360892e+00
8.286070782664277656e-01
4.146029529415621795e+01
-1.784657395862525320e+01
-3.756910224331536341e+01
-3.698064367648274242e+01
3.999676233642441847e+00
-8.418569201387116507e+00
1.432028170584736415e+01
-1.013353810614770545e+01
1.175140159547379248e+01
1.952429784817226954e+00
1.565883670132965477e+00
-2.513531547011500678e+01
-5.033810654032560450e+01
-4.548513064814498108e+01
5.601822582632307146e+00
1.711816020609758349e+00
-3.368757785772575630e+01
-7.770039447912550656e+01
-6.085948781881441505e+01
-5.170751139032526567e+01
-7.487013291947661742e+00
-1.767659534103527719e+01
2.091391855767422037e+00
-2.751228822235627369e+00
-5.196068900352109665e+00
-5.234158002123420061e+01
-2.044449978011549618e+01
-4.384588991918298717e+01
-6.815747945994952595e+00
-4.069696855747449860e+01
3.268625070173988689e+01
3.031721443579137087e+01
9.027550924998390514e+00
-5.710472551788600981e+01
-4.366207862067056311e+01
-4.223190087519732572e+01
-3.156067976664116514e+01
-7.675454891652767841e+00
2.049302976791724618e+01
-1.346931069447555984e+01
-2.603262973999565233e+01
-6.380926404804734631e+01
-3.127744004388124832e+00
1.057249695637509213e+01
-1.041768880566210953e+01
-4.847113229094357223e+01
-1.862934918586048738e+01
-7.926106044133981676e+00
4.675646239547941008e+01
-2.092952099054397763e+01
-3.187162788052520668e+01
-2.190456377690075840e+01
-2.208065395976565171e+01
-6.037787429838999032e+01
-2.244202435515386895e+01
2.132105009973663101e+01
4.007859116824466383e+01
-1.017582980262174743e+02
-1.146450109454479787e+02
-5.447142733772496825e+01
9.149740174731888942e+01
7.733461339397272205e+00
-2.221577145447336576e+01
-1.789034526067321274e+00
7.801197672920018533e+01
7.388393896412884487e+01
4.705563584171476776e+01
-3.541941664149707947e+01
-6.124147964327767824e+01
-8.064283270551125327e+01
-1.953220518568398134e+01
-2.087078748984330900e+01
7.953136141688287530e+00
-8.925926557628029911e+01
-5.413755910687013539e+01
-4.966856517238596780e+01
-1.801755545684678239e+01
2.653753611356695963e+00
-6.766340339516047742e+00
-1.013354626821907374e+02
-1.015872006013589726e+02
-1.200437964484123796e+02
3.087679994101122460e+01
8.259636683285455661e+01
2.979583329207290632e+01
-7.991853048083160616e+01
-5.061139484732226634e+01
-1.103904176837057349e+01
9.465178432289652832e+00
-1.151152366312149127e+02
-1.070327175790755518e+02
-2.382789611619714520e+01
7.663001238486630484e+01
-4.813264657078305220e+01
-3.966238440483860472e+01
-1.216294813388563369e+02
-7.394861613758432206e-01
1.118609241314901803e+00
-7.887719862406339821e+00
4.490770085830068581e+01
1.260246220975508002e+01
-4.033738353461166071e+01
-4.830833414286195904e+01
-6.811436654991571515e+01
2.355975102176931557e+01
-4.670037532943647562e+01
-1.000286185354251103e+02
-1.317937199985005350e+02
-8.323594525787865450e+01
-5.824958348347355042e+01
1.181779329121406974e+01
-2.873333237877159618e+01
-2.913611560402682343e+01
-1.930177154511743538e+02
-1.728139588376489257e+02
-1.904490576676683986e+02
-1.057781445914060185e+02
-1.179235950436666371e+02
-1.156288416694168859e+02
-1.173264555840290910e+02
1.042413405996294529e+01
8.693487348035297657e+01
1.882484581077069947e+02
-5.167730590286591053e+01
-1.821043322424815187e+02
-2.901341055158608810e+02
-2.931739434072890305e+01
2.521774913090953874e+01
-2.002674748186323939e+01
-1.391566462509648545e+02
-7.414125302398433348e+01
6.280339927979703418e+00
3.443400282979134630e+01
-1.242534974197067328e+02
-1.121197051924432913e+02
-1.952250310721909798e+01
1.028041249442795504e+02
-8.777370916339803486e+00
-9.536521914259090238e+01
-1.250643536872044450e+02
-8.296922777440852315e+01
-6.833132007555816756e+01
1.215026689323681452e+01
-2.876283206281494742e+01
-7.952920713038615474e+01
-2.907336040788975424e+02
-2.587193666405186150e+02
-1.422692179255994063e+02
-2.339618721104367582e-01
-4.545367432849248956e+01
-3.910849101207710987e+01
-1.771221599112558636e+02
-1.699495170691619137e+02
-2.000100625570472062e+02
-9.675273134773165395e+01
-5.700672127190644289e+01
2.464953904659508765e+01
-6.770676564573453504e+01
3.386700922285969995e+01
-9.812573227836561784e+01
-1.309528213145017617e+02
-2.190577152587027001e+02
-1.265499365399300729e+02
-3.242311230242466991e+01
-7.865917556643086783e+00
-1.145011592269726037e+02
-9.463935519050933109e+00
3.710027451121359121e+01
4.014847660748662150e+01
-1.484105656848993249e+02
-1.347948407753279696e+02
-2.868596656788741228e+01
4.830417300411249926e+01
1.461798035721775690e+01
5.358526748355986058e+01
1.014520838557858440e+02
5.613822746189204338e+01
-1.303487012893575354e+02
-1.616361898762774274e+02
-1.121584848521879110e+02
-1.015298666037241730e+02
-1.616359119617919191e+02
-4.741408757986619094e+01
-1.033971864507632432e+02
7.938309490416122571e+01
-8.542551602293215751e+01
-4.552518996461228085e+01
-2.111373051765769446e+02
-2.293284025148119269e+02
-2.829605905500396261e+02
-7.655647501765992047e+01
-3.977691646192811703e+01
-1.926586650904920006e+01
-2.472098358202540851e+02
-2.487415456704616759e+02
-2.212506061943448117e+02
-1.226706352916729230e+02
-3.434102321114932010e+02
-3.139192769206835010e+02
-1.634908016616161888e+02
1.685290778302886849e+02
-2.720924189857537385e+02
-3.720635112297035221e+02
-2.064692694912854449e+02
1.861146058086721666e+02
6.868086614873419649e+01
-2.085928451294771833e+02
-3.424506973166622856e+02
-9.048812592280769707e+01
-2.325166706302108821e+01
2.677048218956959325e+00
-7.383939777157154083e+01
-1.187133075196330481e+02
-1.762850639022472876e+02
-1.050566721673278039e+02
-2.423754126475265736e+01
5.724527261963966396e+01
-9.322115963510695735e+01
-1.507753250890765742e+02
-1.709708062478587465e+02
-3.464310043793133786e+01
-7.275186127320377238e+01
-5.228844558404266252e+01
-1.438255863922080664e+02
-3.077204647377550728e+01
-2.260413467860232117e+02
-5.127283265943220840e+02
-5.820812929940555023e+02
-3.778586856300193517e+02
-5.761698797741522782e+01
2.678253041521244313e+02
7.460563388142216468e+01
-4.334488912246712289e+01
-3.336572048927456535e+02
-2.153536418230614515e+02
-2.136229075704925719e+02
-1.804271200355764790e+02
-9.375539047459439246e+01
2.326360982852867565e+01
-9.974226559131079739e+01
-2.563795094327697939e+02
-2.586476918295425094e+02
-7.653354334019071814e+01
-7.411937801249649738e+00
-6.444125572967463711e+01
-2.250113760324145744e+02
-2.471473743594687562e+02
-2.769717082666008423e+02
-1.401439143983995166e+02
-1.063451049849956433e+02
-1.896466903676719937e+02
-4.417425227991666929e+02
-3.760651892489198076e+02
-4.898497740377132459e+02
-1.607416174924574648e+01
-6.747966670977064041e+01
6.251864776506692323e+01
-1.559763942760297937e+02
-1.520038823505491621e+02
-1.809662342345507398e+02
-1.137597634589986484e+02
-4.397821235456488154e+01
-5.669973854171278305e+00
-1.421779076737825847e+02
-2.109136907972819870e+02
-2.906289301964179685e+02
-6.949988225290285015e+01
-9.610329180760773227e+01
-1.398501531440768808e+01
-3.128190377203339878e+01
1.566264511437581746e+02
-2.138853171955437915e+01
2.305158173602043004e+00
-7.323070098403960628e+02
-5.730842302833558506e+02
-9.305372727412984659e+02
-3.756306474913123452e+02
-3.161547941617719744e+02
-4.105539628530175378e+02
-6.561664329125842414e+02
-4.424811554937370772e+01
9.114353143791875311e+01
-1.178636511707457259e+02
-3.298131380242649584e+02
-4.321728150300956486e+02
-4.784323600663025218e+02
-3.280595733533726843e+02
-7.261753847933786119e+02
-1.134684072355867102e+02
-1.734491904241227473e+02
2.901361860081462041e+01
-1.841094328766145622e+02
-2.625163657755350073e+02
-3.760904269062129970e+02
-1.432494313279712799e+02
-1.933949072402208742e+02
-1.164822209178265666e+02
-5.503920768968076800e+02
-6.492465994345366198e+02
-4.938723955232646858e+02
2.071903636247923828e+02
1.674716084857614931e+02
-5.471786786556777997e+02
-1.804259828355913896e+03
-9.691580697106651314e+02
-4.439125347906105503e+02
1.029826468708756266e+02
-2.691075571831713091e+02
-3.694113147446562380e+02
-4.610964431177092706e+02
-4.246786187213775179e+02
-2.286016162425702021e+02
-2.430683617608631408e+01
-2.507138374113812631e+02
-2.636954127185040875e+02
-4.200767894021822144e+02
-6.092019462192487111e+01
1.228731992500572403e+02
3.182603615767178695e+01
-5.324655397258921994e+02
-3.027341050625901175e+02
-4.277228262573331676e+02
-1.067549322113135077e+03
-3.349852793570878930e+03
-6.262048927652122075e+03
1.153044220337389788e+03
2.249149919129972375e+01
1.098544512990528574e+03
4.750892940626272321e+02
7.343803498575698541e+02
2.825624964661136218e+01
-4.592808402548701565e+02
-3.876108668200998864e+01
5.467620365040879449e+01
5.178356271641060715e+01
-4.255308547963203409e+02
-4.002888093304869699e+02
-6.950623478583098631e+02
-6.237728782455320697e+02
-6.764440376699487842e+02
-2.824661396860058176e+02
-3.490256486605551345e+02
2.421463575612559680e+02
3.644244039270665780e+02
4.955555082773919366e+02
-2.066310404957578442e+02
-9.849446484209345272e+02
-1.719874826976166560e+03
-1.722612652459921776e+02
-7.856458867340539598e+01
-3.672135351533629546e+02
-1.838412816539252162e+03
-8.500198431250282738e+02
-7.604481236958441741e+02
-6.976794229613331026e+02
-8.818052232580591863e+02
-1.395914544162942832e+02
-3.745728464483856328e+02
-4.204042437046053919e+02
-6.073431107978539103e+02
-2.250081176420570159e+02
-3.202663523265312051e+02
-4.260614919108406866e+02
-3.792725572697499388e+02
-8.925762974063293598e+01
-1.310851033361667987e+03
-2.439485863491730015e+03
-3.580693168851074915e+03
1.894222698896920519e+03
-5.399328636507592819e+03
-2.699664318253796409e+03
-1.054514393657048913e+03
-9.028395513133951056e+01
2.291949119526221637e+02
-1.910141053448337516e+02
-3.148375801274507353e+02
-1.762304598608646131e+02
-7.804560680880732093e+01
8.969875131050855543e+01
-6.403397185746266587e+02
-4.327551592130820950e+02
-2.042038697825084057e+02
3.209020740102675973e+02
2.847082405988460891e+02
4.547249216900764281e+02
-9.240832173409117445e+01
-1.527681574317760180e+02
-4.625089294062627232e+02
-4.444526667338289485e+02
-5.183894928077857003e+02
-9.852228883785732023e+02
-1.236008028348989455e+03
-1.911184998455771051e+02
-6.978313553747661899e+02
-1.137585320243109209e+03
3.246634284850216318e+03
2.299170640488302888e+04
-1.323857330068075953e+03
-1.311471034441153733e+03
-1.150059664505681440e+03
9.419569728434744320e+02
5.439231586552771205e+02
-1.335453493386924038e+02
-8.573972250396813024e+02
-2.372028352200899235e+02
3.752375561150582257e+02
1.744256086075689041e+02
-6.970143300033405467e+02
-5.907262993066357240e+02
-4.110431429634502933e+02
9.708614148535080801e+01
-7.117816424151561705e+02
-9.252800447630020244e+02
-7.755396697898015645e+02
-1.155262975722767607e+02
-2.007608516166213519e+02
3.633016819041558279e+02
1.866244411946254615e+02
6.527736329980297114e+02
5.694567140339072466e+02
9.785413744740354787e+02
-2.821350629094701503e+02
7.747074123092536865e+03
-7.419809276769366079e+03
-5.265340419773714530e+03
-4.206312551552635341e+03
3.604880785413570266e+02
-1.696554353391712084e+03
-7.271211960379940820e+02
2.352403386538597090e+02
5.694604447598210299e+02
-1.207933813939034593e+02
-3.805508635190170139e+02
-9.615254901899115794e+02
-7.718698991518034518e+02
-8.964239939583596879e+02
-1.925965355948208924e+02
-6.276078047978429595e+02
-6.760392155849542917e+01
-5.380698454031665960e+02
2.852557259017244746e+02
-4.178039109361065471e+02
-6.443939306558118005e+02
-8.339853036035689229e+02
-3.030816580956845883e+02
3.578897917678715856e+01
-1.144221119267505316e+02
-7.922341280972432287e+02
-1.167063942849749083e+03
-2.361172749246381045e+03
-1.209090140029617760e+04
4.978435717625052348e+03
1.995748013090224049e+03
-2.374510238429172750e+04
