5.609833333333333030e+03
5.760500000000000000e+03
4.415000000000000000e+02
5.706666666666666288e+02
1.057166666666666515e+03
1.431833333333333258e+03
1.585333333333333258e+03
1.385333333333333258e+03
1.471333333333333258e+03
1.541666666666666515e+03
1.532333333333333258e+03
1.356666666666666515e+03
1.471333333333333258e+03
1.594333333333333258e+03
1.594000000000000000e+03
1.404333333333333258e+03
1.470166666666666515e+03
1.577000000000000000e+03
1.652166666666666515e+03
1.505166666666666515e+03
1.692166666666666515e+03
1.800499999999999773e+03
1.820000000000000000e+03
1.581666666666666515e+03
1.666500000000000000e+03
1.717000000000000000e+03
1.717000000000000000e+03
1.525000000000000000e+03
1.627666666666666515e+03
1.703000000000000000e+03
1.706666666666666515e+03
1.554500000000000000e+03
1.703500000000000000e+03
1.762999999999999773e+03
1.761833333333333258e+03
1.549166666666666515e+03
1.656333333333333258e+03
1.734000000000000000e+03
1.703499999999999773e+03
1.524666666666666515e+03
1.623833333333333258e+03
1.737833333333333258e+03
1.735333333333333030e+03
1.551500000000000000e+03
1.638333333333333258e+03
1.740666666666666515e+03
1.765999999999999773e+03
1.649166666666666515e+03
1.771666666666666515e+03
1.831333333333333258e+03
1.748666666666666515e+03
1.527333333333333030e+03
1.653500000000000000e+03
1.760500000000000000e+03
1.791666666666666515e+03
1.611500000000000000e+03
1.690333333333333258e+03
1.695500000000000000e+03
1.671666666666666515e+03
1.504000000000000000e+03
1.645000000000000000e+03
1.753333333333333258e+03
1.757666666666666515e+03
1.560666666666666515e+03
1.649166666666666515e+03
1.744500000000000000e+03
1.727833333333333258e+03
1.565500000000000000e+03
1.706666666666666515e+03
1.841333333333333258e+03
1.849333333333333030e+03
1.649499999999999773e+03
1.750000000000000000e+03
1.810000000000000000e+03
1.787833333333333030e+03
1.614500000000000000e+03
1.702500000000000000e+03
1.767666666666666515e+03
1.711000000000000000e+03
1.554333333333333258e+03
1.656833333333333258e+03
1.732500000000000000e+03
1.686333333333333258e+03
1.506333333333333258e+03
1.611666666666666515e+03
1.718666666666666515e+03
1.731500000000000000e+03
1.594000000000000000e+03
1.684000000000000000e+03
1.720500000000000000e+03
1.715166666666666515e+03
1.536833333333333258e+03
1.654833333333333258e+03
1.735499999999999773e+03
1.725833333333333258e+03
1.618666666666666515e+03
1.741000000000000000e+03
1.833166666666666515e+03
1.768999999999999773e+03
1.557166666666666515e+03
1.650333333333333258e+03
1.738666666666666515e+03
1.728500000000000000e+03
1.538166666666666515e+03
1.617166666666666515e+03
1.659500000000000000e+03
1.649999999999999773e+03
1.493000000000000000e+03
1.637166666666666515e+03
1.730166666666666515e+03
1.734166666666666515e+03
1.555000000000000000e+03
1.705166666666666515e+03
1.820166666666666515e+03
1.840999999999999773e+03
1.624666666666666515e+03
1.690500000000000000e+03
1.726666666666666515e+03
1.707833333333333258e+03
1.524500000000000000e+03
1.659166666666666515e+03
1.743833333333333258e+03
1.742833333333333030e+03
1.534333333333333030e+03
1.630666666666666515e+03
1.671000000000000000e+03
1.644500000000000000e+03
1.485166666666666515e+03
1.655333333333333258e+03
1.765666666666666515e+03
1.714499999999999773e+03
1.459666666666666515e+03
1.569333333333333258e+03
1.703166666666666515e+03
1.731166666666666515e+03
1.553833333333333258e+03
1.626500000000000000e+03
1.701666666666666515e+03
1.672833333333333258e+03
1.504833333333333258e+03
1.640333333333333258e+03
1.789833333333333258e+03
1.835166666666666515e+03
1.621833333333333030e+03
1.629000000000000000e+03
1.670833333333333258e+03
1.707999999999999773e+03
1.569833333333333258e+03
1.633166666666666515e+03
1.684500000000000000e+03
1.697333333333333258e+03
1.567166666666666515e+03
1.684833333333333258e+03
1.749833333333333258e+03
1.726833333333333030e+03
1.541833333333333258e+03
1.655666666666666515e+03
1.745500000000000000e+03
1.754999999999999773e+03
1.589666666666666515e+03
1.661000000000000000e+03
1.705666666666666515e+03
1.676166666666666515e+03
1.528166666666666515e+03
1.615000000000000000e+03
1.678499999999999773e+03
1.686166666666666515e+03
1.556333333333333258e+03
1.669500000000000000e+03
1.749166666666666515e+03
1.713833333333333030e+03
1.519166666666666515e+03
1.563833333333333258e+03
1.665833333333333030e+03
1.738833333333333258e+03
1.587333333333333258e+03
1.648666666666666515e+03
1.702166666666666515e+03
1.745333333333333258e+03
1.593833333333333258e+03
1.673333333333333258e+03
1.703500000000000000e+03
1.686666666666666515e+03
1.525833333333333258e+03
1.642833333333333258e+03
1.714333333333333030e+03
1.702333333333333258e+03
1.507333333333333030e+03
1.653000000000000000e+03
1.740666666666666515e+03
1.720666666666666515e+03
1.529500000000000000e+03
1.622666666666666515e+03
1.729833333333333258e+03
1.763666666666666515e+03
1.603833333333333258e+03
1.705833333333333258e+03
1.735000000000000000e+03
1.718000000000000000e+03
1.559833333333333030e+03
1.687500000000000000e+03
1.744333333333333258e+03
1.752999999999999773e+03
1.573666666666666515e+03
1.657166666666666515e+03
1.694333333333333258e+03
1.691500000000000000e+03
1.562999999999999773e+03
1.692500000000000000e+03
1.748500000000000000e+03
1.721499999999999773e+03
1.545166666666666515e+03
1.648500000000000000e+03
1.711666666666666515e+03
1.624333333333333258e+03
1.415500000000000000e+03
1.555166666666666515e+03
1.762500000000000000e+03
1.830000000000000000e+03
1.627000000000000000e+03
1.641166666666666515e+03
1.678666666666666515e+03
1.704000000000000000e+03
1.551333333333333030e+03
1.663666666666666515e+03
1.741166666666666515e+03
1.783333333333333258e+03
1.616000000000000000e+03
1.697333333333333258e+03
1.733333333333333258e+03
1.748833333333333030e+03
1.591000000000000000e+03
1.650666666666666515e+03
1.642000000000000000e+03
1.634166666666666515e+03
1.508166666666666515e+03
1.663833333333333258e+03
1.698999999999999773e+03
1.695000000000000000e+03
1.526333333333333258e+03
1.653000000000000000e+03
1.698000000000000000e+03
1.653666666666666515e+03
1.476000000000000000e+03
1.573833333333333258e+03
1.664333333333333030e+03
1.641666666666666515e+03
1.470000000000000000e+03
1.579666666666666515e+03
1.685166666666666515e+03
1.720500000000000000e+03
1.570166666666666515e+03
1.689166666666666515e+03
1.735999999999999773e+03
1.731000000000000000e+03
1.566833333333333258e+03
1.663666666666666515e+03
1.703666666666666515e+03
1.679999999999999773e+03
1.505166666666666515e+03
1.590333333333333258e+03
1.668500000000000000e+03
1.714999999999999773e+03
1.597666666666666515e+03
1.697833333333333030e+03
1.733666666666666515e+03
1.710500000000000000e+03
1.500333333333333258e+03
1.567166666666666515e+03
1.625666666666666515e+03
1.659666666666666515e+03
1.533833333333333030e+03
1.658333333333333258e+03
1.672000000000000000e+03
1.650000000000000000e+03
1.458000000000000000e+03
1.573666666666666515e+03
1.635500000000000000e+03
1.630333333333333258e+03
1.480333333333333258e+03
1.636333333333333258e+03
1.729833333333333258e+03
1.744500000000000000e+03
1.521833333333333258e+03
1.590000000000000000e+03
1.674666666666666515e+03
1.765333333333333258e+03
1.636666666666666515e+03
1.709500000000000000e+03
1.689000000000000000e+03
1.698833333333333258e+03
1.557333333333333258e+03
1.653166666666666515e+03
1.682833333333333258e+03
1.667833333333333258e+03
1.547500000000000000e+03
1.682833333333333258e+03
1.763500000000000000e+03
1.767666666666666515e+03
1.568166666666666515e+03
1.638333333333333258e+03
1.675833333333333030e+03
1.651166666666666515e+03
1.504166666666666515e+03
1.606833333333333258e+03
1.711999999999999773e+03
1.701333333333333030e+03
1.576166666666666515e+03
1.677000000000000000e+03
1.761000000000000000e+03
1.762000000000000000e+03
1.645666666666666515e+03
1.719500000000000000e+03
1.705000000000000000e+03
1.626999999999999773e+03
1.489000000000000000e+03
1.646500000000000000e+03
1.713666666666666515e+03
1.708666666666666515e+03
1.484666666666666515e+03
1.531833333333333258e+03
1.535166666666666515e+03
1.541500000000000000e+03
1.433000000000000000e+03
1.526666666666666515e+03
1.606666666666666515e+03
1.619333333333333258e+03
1.497166666666666515e+03
1.567333333333333258e+03
1.618333333333333258e+03
1.631333333333333258e+03
1.501333333333333030e+03
1.578166666666666515e+03
1.660000000000000000e+03
1.677666666666666515e+03
1.571333333333333258e+03
1.621166666666666515e+03
1.686833333333333258e+03
1.719500000000000000e+03
1.608166666666666515e+03
1.665499999999999773e+03
1.674166666666666515e+03
1.669000000000000000e+03
1.556499999999999773e+03
1.649166666666666515e+03
1.670499999999999773e+03
1.630999999999999773e+03
1.482833333333333030e+03
1.618000000000000000e+03
1.730499999999999773e+03
1.725166666666666515e+03
1.554166666666666515e+03
1.627333333333333258e+03
1.683333333333333258e+03
1.686666666666666515e+03
1.480333333333333030e+03
1.546166666666666515e+03
1.602500000000000000e+03
1.669166666666666515e+03
1.559666666666666515e+03
1.597000000000000000e+03
1.629499999999999773e+03
1.615333333333333258e+03
1.510000000000000000e+03
1.583666666666666515e+03
1.637499999999999773e+03
1.684500000000000000e+03
1.577666666666666515e+03
1.691000000000000000e+03
1.702166666666666515e+03
1.686666666666666515e+03
1.506166666666666515e+03
1.555000000000000000e+03
1.622166666666666515e+03
1.718500000000000000e+03
1.644500000000000000e+03
1.705499999999999773e+03
1.651000000000000000e+03
1.632166666666666515e+03
1.528166666666666515e+03
1.638499999999999773e+03
1.671999999999999773e+03
1.641166666666666515e+03
1.496833333333333258e+03
1.591833333333333258e+03
1.651833333333333258e+03
1.678500000000000000e+03
1.559499999999999773e+03
1.622833333333333258e+03
1.651166666666666515e+03
1.622333333333333258e+03
1.465500000000000000e+03
1.537833333333333258e+03
1.587333333333333258e+03
1.611333333333333258e+03
1.486500000000000000e+03
1.556666666666666515e+03
1.588833333333333030e+03
1.604666666666666515e+03
1.502333333333333258e+03
1.648833333333333258e+03
1.681000000000000000e+03
1.639166666666666515e+03
1.460833333333333258e+03
1.539000000000000000e+03
1.609833333333333258e+03
1.631166666666666515e+03
1.536500000000000000e+03
1.633666666666666515e+03
1.635666666666666515e+03
1.634999999999999773e+03
1.525166666666666515e+03
1.649333333333333258e+03
1.693000000000000000e+03
1.723000000000000000e+03
1.635499999999999773e+03
1.693166666666666515e+03
1.687166666666666515e+03
1.641000000000000000e+03
1.505333333333333258e+03
1.571000000000000000e+03
1.595000000000000000e+03
1.628166666666666515e+03
1.545000000000000000e+03
1.648166666666666515e+03
1.662333333333333258e+03
1.641999999999999773e+03
1.536166666666666515e+03
1.655666666666666515e+03
1.722666666666666515e+03
1.745499999999999773e+03
1.563833333333333030e+03
1.616166666666666515e+03
1.622333333333333258e+03
1.664999999999999773e+03
1.542833333333333258e+03
1.594333333333333258e+03
1.573833333333333258e+03
1.585666666666666515e+03
1.529333333333333258e+03
1.655000000000000000e+03
1.681833333333333030e+03
1.645666666666666515e+03
1.506999999999999773e+03
1.563833333333333258e+03
1.594833333333333258e+03
1.655000000000000000e+03
1.604666666666666515e+03
1.672333333333333030e+03
1.666333333333333258e+03
1.652333333333333030e+03
1.560666666666666515e+03
1.646333333333333030e+03
1.693333333333333030e+03
1.681666666666666515e+03
1.589000000000000000e+03
1.614166666666666515e+03
1.680000000000000000e+03
1.740000000000000000e+03
1.655333333333333030e+03
1.701499999999999773e+03
1.677000000000000000e+03
1.689000000000000000e+03
1.582333333333333030e+03
1.641000000000000000e+03
1.659500000000000000e+03
1.654166666666666515e+03
1.550000000000000000e+03
1.619500000000000000e+03
1.678999999999999773e+03
1.705166666666666515e+03
1.585166666666666515e+03
1.620666666666666515e+03
1.626000000000000000e+03
1.629666666666666515e+03
1.504166666666666515e+03
1.568000000000000000e+03
1.618999999999999773e+03
1.665999999999999773e+03
1.579333333333333030e+03
1.658500000000000000e+03
1.689499999999999773e+03
1.704666666666666515e+03
1.567833333333333030e+03
1.599333333333333030e+03
1.601000000000000000e+03
1.638833333333333258e+03
1.540333333333333258e+03
1.571500000000000000e+03
1.527333333333333258e+03
1.542000000000000000e+03
1.475166666666666515e+03
1.583666666666666515e+03
1.647499999999999773e+03
1.684666666666666515e+03
1.598666666666666515e+03
1.639000000000000000e+03
1.618000000000000000e+03
1.628333333333333030e+03
1.510499999999999773e+03
1.591333333333333258e+03
1.640666666666666515e+03
1.682666666666666515e+03
1.569000000000000000e+03
1.599000000000000000e+03
1.603499999999999773e+03
1.633166666666666515e+03
1.581166666666666515e+03
1.710500000000000000e+03
1.741999999999999773e+03
1.693166666666666515e+03
1.539833333333333258e+03
1.643333333333333258e+03
1.715999999999999773e+03
1.785499999999999773e+03
1.641499999999999773e+03
1.633333333333333030e+03
1.585666666666666515e+03
1.608000000000000000e+03
1.553500000000000000e+03
1.624833333333333258e+03
1.655333333333333030e+03
1.717499999999999773e+03
1.634166666666666515e+03
1.666333333333333258e+03
1.616166666666666515e+03
1.613000000000000000e+03
1.510833333333333030e+03
1.582666666666666515e+03
1.579499999999999773e+03
1.597166666666666515e+03
1.512333333333333258e+03
1.636000000000000000e+03
1.711333333333333030e+03
1.751999999999999773e+03
1.643166666666666515e+03
1.651166666666666515e+03
1.628833333333333258e+03
1.641666666666666515e+03
1.584333333333333258e+03
1.661000000000000000e+03
1.661000000000000000e+03
1.666499999999999773e+03
1.578000000000000000e+03
1.654666666666666515e+03
1.669666666666666515e+03
1.718000000000000000e+03
1.642333333333333258e+03
1.706833333333333258e+03
1.695333333333333258e+03
1.735833333333333258e+03
1.630500000000000000e+03
1.684333333333333258e+03
1.639000000000000000e+03
1.642000000000000000e+03
1.506999999999999773e+03
1.582333333333333258e+03
1.626833333333333258e+03
1.711000000000000000e+03
1.636666666666666515e+03
1.720666666666666515e+03
1.723833333333333030e+03
1.711666666666666515e+03
1.594833333333333030e+03
1.659833333333333030e+03
1.690166666666666515e+03
1.706500000000000000e+03
1.610833333333333258e+03
1.695000000000000000e+03
1.691000000000000000e+03
1.699166666666666515e+03
1.551833333333333030e+03
1.647166666666666515e+03
1.709500000000000000e+03
1.814000000000000000e+03
1.749333333333333030e+03
1.772166666666666515e+03
1.726000000000000000e+03
1.690000000000000000e+03
1.568499999999999773e+03
1.625166666666666515e+03
1.646500000000000000e+03
1.684833333333333030e+03
1.590999999999999773e+03
1.621833333333333258e+03
1.629666666666666515e+03
1.674000000000000000e+03
1.608999999999999773e+03
1.653666666666666515e+03
1.611166666666666515e+03
1.625666666666666515e+03
1.574666666666666515e+03
1.670166666666666515e+03
1.678166666666666515e+03
1.727000000000000000e+03
1.670500000000000000e+03
1.782333333333333030e+03
1.796500000000000000e+03
1.838000000000000000e+03
1.740166666666666515e+03
1.749833333333333258e+03
1.734833333333333030e+03
1.746166666666666515e+03
1.684333333333333258e+03
1.723166666666666515e+03
1.706333333333333258e+03
1.748666666666666515e+03
1.723666666666666515e+03
1.826333333333333258e+03
1.797833333333333258e+03
1.779666666666666515e+03
1.690666666666666515e+03
1.775500000000000000e+03
1.784499999999999773e+03
1.735833333333333258e+03
1.605999999999999773e+03
1.647166666666666515e+03
1.690500000000000000e+03
1.723166666666666515e+03
1.644499999999999773e+03
1.677000000000000000e+03
1.654500000000000000e+03
1.660333333333333030e+03
1.591166666666666515e+03
1.664499999999999773e+03
1.694833333333333258e+03
1.748500000000000000e+03
1.678333333333333030e+03
1.741666666666666515e+03
1.774000000000000000e+03
1.838500000000000000e+03
1.752333333333333030e+03
1.774166666666666515e+03
1.762000000000000000e+03
1.797666666666666515e+03
1.743666666666666515e+03
1.800833333333333030e+03
1.792833333333333258e+03
1.822833333333333258e+03
1.773499999999999773e+03
1.866333333333333030e+03
1.830666666666666515e+03
1.800166666666666515e+03
1.673833333333333258e+03
1.743833333333333030e+03
1.817166666666666515e+03
1.915333333333333258e+03
1.869333333333333030e+03
1.891499999999999773e+03
1.822666666666666515e+03
1.843333333333333258e+03
1.745333333333333258e+03
1.781833333333333030e+03
1.757000000000000000e+03
1.815499999999999773e+03
1.791333333333333258e+03
1.867333333333333258e+03
1.852166666666666515e+03
1.871999999999999773e+03
1.738833333333333258e+03
1.747499999999999773e+03
1.751333333333333030e+03
1.847000000000000000e+03
1.845666666666666515e+03
1.904166666666666515e+03
1.878499999999999773e+03
1.921666666666666515e+03
1.841500000000000000e+03
1.910666666666666515e+03
1.858333333333333258e+03
1.896000000000000000e+03
1.802833333333333258e+03
1.873000000000000000e+03
1.850166666666666515e+03
1.926500000000000000e+03
1.894500000000000000e+03
1.963833333333333030e+03
1.922499999999999773e+03
1.917333333333333258e+03
1.840833333333333030e+03
1.933333333333333258e+03
1.950500000000000000e+03
2.023666666666666515e+03
1.921666666666666515e+03
1.965166666666666515e+03
1.971833333333333258e+03
2.099333333333333030e+03
2.078500000000000000e+03
2.126000000000000000e+03
2.054833333333333030e+03
2.050833333333333030e+03
1.930833333333333258e+03
1.929999999999999773e+03
1.895000000000000000e+03
1.903000000000000000e+03
1.913499999999999773e+03
2.021833333333333258e+03
2.056500000000000000e+03
2.054833333333333030e+03
1.928833333333333258e+03
1.965166666666666515e+03
1.968666666666666515e+03
2.056500000000000000e+03
2.016500000000000000e+03
2.094833333333333030e+03
2.058500000000000000e+03
2.067000000000000000e+03
2.000833333333333258e+03
2.113333333333333030e+03
2.175500000000000000e+03
2.166166666666666515e+03
2.053666666666666515e+03
2.084166666666666515e+03
2.157500000000000000e+03
2.185833333333333030e+03
2.107333333333333030e+03
2.141000000000000000e+03
2.160833333333333030e+03
2.218833333333333030e+03
2.115333333333333030e+03
2.167500000000000000e+03
2.178833333333333030e+03
2.224333333333333030e+03
2.181500000000000000e+03
2.205666666666666515e+03
2.233666666666666515e+03
2.265500000000000000e+03
2.185666666666666515e+03
2.172833333333333030e+03
2.140666666666666515e+03
2.188500000000000000e+03
2.161666666666666515e+03
2.186666666666666515e+03
2.206000000000000000e+03
2.280833333333333030e+03
2.249500000000000000e+03
2.332833333333333030e+03
2.353166666666666515e+03
2.418000000000000000e+03
2.301833333333333030e+03
2.276666666666666515e+03
2.222000000000000000e+03
2.248666666666666515e+03
2.186000000000000000e+03
2.295666666666666515e+03
2.393166666666666515e+03
2.439000000000000000e+03
2.296666666666666515e+03
2.230833333333333030e+03
2.239833333333333030e+03
2.339833333333333030e+03
2.325333333333333030e+03
2.375666666666666515e+03
2.361000000000000000e+03
2.417500000000000000e+03
2.408666666666666515e+03
2.480666666666666515e+03
2.467833333333333030e+03
2.495833333333333030e+03
2.441166666666666515e+03
2.515500000000000000e+03
2.501166666666666515e+03
2.506000000000000000e+03
2.430666666666666515e+03
2.482833333333333030e+03
2.544166666666666515e+03
2.543166666666666515e+03
2.446666666666666515e+03
2.455166666666666515e+03
2.500833333333333030e+03
2.571166666666666515e+03
2.513166666666666515e+03
2.582333333333333030e+03
2.616500000000000000e+03
2.714500000000000000e+03
2.631333333333333030e+03
2.648166666666666515e+03
2.612000000000000000e+03
2.621833333333333030e+03
2.558166666666666515e+03
2.628166666666666515e+03
2.647000000000000000e+03
2.670333333333333030e+03
2.559333333333333030e+03
2.608333333333333030e+03
2.608166666666666515e+03
2.651166666666666515e+03
2.575833333333333030e+03
2.648000000000000000e+03
2.683166666666666515e+03
2.771833333333333030e+03
2.723166666666666515e+03
2.739833333333333030e+03
2.718833333333333030e+03
2.766333333333333030e+03
2.733333333333333030e+03
2.845833333333333030e+03
2.861833333333333030e+03
2.917166666666666515e+03
2.823333333333333030e+03
2.857833333333333030e+03
2.842666666666666515e+03
2.848500000000000000e+03
2.790500000000000000e+03
2.825500000000000000e+03
2.829166666666666515e+03
2.853000000000000000e+03
2.801000000000000000e+03
2.910000000000000000e+03
2.914833333333333030e+03
2.951833333333333030e+03
2.864666666666666515e+03
2.948000000000000000e+03
2.947666666666666515e+03
2.957999999999999545e+03
2.871666666666666515e+03
2.950166666666666515e+03
2.984166666666666515e+03
3.021166666666666060e+03
2.952500000000000000e+03
3.033666666666666515e+03
3.083166666666666515e+03
3.168333333333333030e+03
3.087333333333333030e+03
3.156166666666666060e+03
3.130000000000000000e+03
3.093333333333333030e+03
2.958166666666666515e+03
3.037333333333333030e+03
3.119833333333333030e+03
3.156499999999999545e+03
3.082499999999999545e+03
3.155333333333333030e+03
3.227500000000000000e+03
3.284333333333333030e+03
3.256166666666666060e+03
3.342166666666666060e+03
3.356166666666666515e+03
3.355999999999999545e+03
3.238333333333333030e+03
3.274833333333333030e+03
3.294166666666666515e+03
3.340166666666666515e+03
3.274333333333333030e+03
3.341833333333333030e+03
3.376000000000000000e+03
3.425666666666666060e+03
3.367166666666666515e+03
3.456666666666666060e+03
3.524999999999999545e+03
3.566333333333333030e+03
3.446000000000000000e+03
3.456499999999999545e+03
3.447500000000000000e+03
3.528500000000000000e+03
3.495499999999999545e+03
3.595000000000000000e+03
3.609500000000000000e+03
3.641833333333333030e+03
3.604000000000000000e+03
3.691666666666666515e+03
3.695333333333333030e+03
3.714499999999999545e+03
3.641666666666666060e+03
3.774833333333333030e+03
3.785833333333333030e+03
3.789000000000000000e+03
3.678166666666666515e+03
3.774000000000000000e+03
3.824000000000000000e+03
3.875500000000000000e+03
3.776833333333333030e+03
3.836666666666666060e+03
3.840833333333333030e+03
3.903666666666666515e+03
3.839499999999999545e+03
3.940499999999999545e+03
3.961666666666666060e+03
4.021833333333333030e+03
3.941666666666666515e+03
4.001499999999999545e+03
4.030666666666666515e+03
4.090500000000000000e+03
4.057166666666666060e+03
4.120333333333333030e+03
4.102333333333333030e+03
4.137666666666666060e+03
4.111333333333333030e+03
4.215333333333333030e+03
4.189833333333333030e+03
4.160166666666666060e+03
4.069999999999999545e+03
4.190500000000000000e+03
4.241666666666666060e+03
4.226166666666666060e+03
4.124333333333333030e+03
4.204666666666666060e+03
4.305666666666666060e+03
4.371166666666666060e+03
4.307666666666666060e+03
4.390333333333333030e+03
4.410333333333333030e+03
4.422333333333333030e+03
4.350833333333333030e+03
4.441000000000000000e+03
4.489000000000000000e+03
4.534166666666666060e+03
4.456500000000000000e+03
4.537166666666666060e+03
4.576166666666666060e+03
4.581333333333333030e+03
4.446666666666666060e+03
4.409166666666666060e+03
4.477000000000000000e+03
4.637000000000000000e+03
4.649166666666666060e+03
4.738666666666666060e+03
4.735000000000000000e+03
4.758666666666666060e+03
4.636500000000000000e+03
4.700166666666666060e+03
4.768166666666666060e+03
4.837666666666666060e+03
4.741666666666666060e+03
4.780333333333333030e+03
4.809833333333333030e+03
4.865166666666666060e+03
4.819166666666666060e+03
4.939500000000000000e+03
4.998500000000000000e+03
5.075500000000000000e+03
4.972833333333333030e+03
5.010333333333333030e+03
5.012666666666666060e+03
5.075166666666666060e+03
5.054166666666666060e+03
5.162833333333333030e+03
5.214333333333333030e+03
5.247833333333333030e+03
5.136833333333333030e+03
5.172166666666666060e+03
5.172000000000000000e+03
5.207500000000000000e+03
5.151000000000000000e+03
5.216833333333333030e+03
5.281666666666666060e+03
5.310333333333333030e+03
5.264500000000000000e+03
5.329833333333333030e+03
5.391000000000000000e+03
5.486166666666666060e+03
5.437333333333333030e+03
5.442833333333333030e+03
5.381500000000000000e+03
5.351000000000000000e+03
5.310166666666666060e+03
5.407333333333333030e+03
5.465833333333333030e+03
5.487000000000000000e+03
5.386500000000000000e+03
5.447833333333333030e+03
5.508833333333333030e+03
5.549833333333333030e+03
5.458333333333333030e+03
5.460000000000000000e+03
5.516333333333333030e+03
5.557166666666666060e+03
5.512500000000000000e+03
5.556000000000000000e+03
5.593833333333333030e+03
5.597666666666666060e+03
5.546666666666666060e+03
5.632666666666666060e+03
5.732833333333333030e+03
5.797000000000000000e+03
5.799833333333333030e+03
5.871666666666666060e+03
5.834500000000000000e+03
5.733666666666666060e+03
5.627500000000000000e+03
5.744000000000000000e+03
5.784333333333333030e+03
5.814500000000000000e+03
5.720666666666666060e+03
5.835666666666666060e+03
5.841333333333333030e+03
5.838500000000000000e+03
5.725500000000000000e+03
5.849500000000000000e+03
5.944000000000000000e+03
6.065666666666666060e+03
6.013500000000000000e+03
6.140500000000000000e+03
6.160499999999999091e+03
6.173166666666666060e+03
5.992833333333333030e+03
6.053666666666666060e+03
6.094166666666666060e+03
6.244333333333333030e+03
6.230166666666666060e+03
6.353666666666666060e+03
6.334166666666666060e+03
6.310166666666666060e+03
6.210333333333333030e+03
6.323166666666666060e+03
6.418999999999999091e+03
6.495500000000000000e+03
6.518333333333333030e+03
6.660000000000000000e+03
6.747833333333333030e+03
6.747833333333333030e+03
6.669333333333333030e+03
6.728333333333333030e+03
6.755166666666666060e+03
6.786499999999999091e+03
6.771999999999999091e+03
6.918499999999999091e+03
7.075833333333332121e+03
7.164000000000000000e+03
7.077999999999999091e+03
7.089500000000000000e+03
7.125500000000000000e+03
7.252666666666666060e+03
7.303833333333333030e+03
7.437833333333333030e+03
7.461000000000000000e+03
7.415499999999999091e+03
7.349833333333333030e+03
7.475666666666666060e+03
7.604666666666666060e+03
7.649833333333333030e+03
7.640166666666666060e+03
7.658166666666666060e+03
7.702499999999999091e+03
7.745999999999999091e+03
7.749999999999999091e+03
7.841833333333332121e+03
7.892500000000000000e+03
7.978499999999999091e+03
8.013333333333333030e+03
8.092666666666666060e+03
8.134000000000000000e+03
8.177000000000000000e+03
8.167499999999999091e+03
8.264166666666666060e+03
8.278666666666666060e+03
8.323333333333332121e+03
8.273500000000000000e+03
8.358333333333332121e+03
8.417666666666666060e+03
8.506833333333332121e+03
8.518166666666666060e+03
8.617500000000000000e+03
8.646166666666666060e+03
8.700500000000000000e+03
8.662166666666666060e+03
8.817833333333332121e+03
8.941500000000000000e+03
9.082000000000000000e+03
9.040000000000000000e+03
9.113333333333332121e+03
9.125333333333332121e+03
9.197166666666666060e+03
9.177000000000000000e+03
9.276833333333332121e+03
9.286333333333332121e+03
9.296000000000000000e+03
9.270500000000000000e+03
9.403333333333332121e+03
9.488166666666666060e+03
9.573833333333332121e+03
9.638833333333332121e+03
9.796666666666666060e+03
9.820166666666666060e+03
9.824833333333332121e+03
9.763000000000000000e+03
9.925166666666666060e+03
1.001350000000000000e+04
1.010316666666666606e+04
1.009350000000000000e+04
1.019816666666666606e+04
1.030833333333333212e+04
1.035800000000000000e+04
1.031200000000000000e+04
1.033183333333333212e+04
1.035666666666666606e+04
1.042150000000000000e+04
1.046583333333333212e+04
1.066500000000000000e+04
1.081666666666666606e+04
1.091050000000000000e+04
1.087016666666666606e+04
1.095466666666666606e+04
1.109666666666666606e+04
1.126916666666666606e+04
1.129183333333333212e+04
1.138200000000000000e+04
1.139716666666666606e+04
1.148900000000000000e+04
1.147433333333333212e+04
1.160700000000000000e+04
1.170983333333333212e+04
1.181583333333333212e+04
1.182050000000000000e+04
1.192566666666666606e+04
1.200033333333333212e+04
1.209383333333333212e+04
1.206566666666666606e+04
1.216850000000000000e+04
1.227483333333333212e+04
1.242483333333333212e+04
1.242750000000000000e+04
1.247783333333333212e+04
1.254150000000000000e+04
1.263116666666666606e+04
1.270683333333333212e+04
1.288166666666666606e+04
1.300183333333333212e+04
1.307066666666666424e+04
1.301650000000000000e+04
1.311149999999999818e+04
1.319583333333333212e+04
1.330799999999999818e+04
1.334733333333333212e+04
1.346600000000000000e+04
1.354766666666666424e+04
1.362150000000000000e+04
1.361200000000000000e+04
1.366716666666666606e+04
1.368716666666666424e+04
1.371666666666666424e+04
1.370116666666666606e+04
1.377049999999999818e+04
1.382183333333333212e+04
1.386349999999999818e+04
1.385316666666666424e+04
1.391300000000000000e+04
1.392849999999999818e+04
1.395183333333333212e+04
1.395216666666666424e+04
1.401266666666666606e+04
1.405316666666666606e+04
1.405366666666666424e+04
1.406116666666666606e+04
1.411966666666666606e+04
1.418383333333333212e+04
1.422016666666666606e+04
1.420566666666666606e+04
1.423916666666666606e+04
1.426800000000000000e+04
1.429116666666666424e+04
1.428733333333333212e+04
1.434816666666666606e+04
1.441033333333333212e+04
1.447733333333333212e+04
1.448433333333333212e+04
1.452833333333333212e+04
1.455100000000000000e+04
1.455666666666666424e+04
1.455200000000000000e+04
1.459833333333333212e+04
1.463383333333333212e+04
1.465066666666666606e+04
1.464350000000000000e+04
1.470683333333333212e+04
1.475883333333333212e+04
1.476516666666666424e+04
1.475650000000000000e+04
1.480066666666666424e+04
1.484816666666666424e+04
1.488183333333333212e+04
1.489716666666666606e+04
1.496166666666666424e+04
1.498283333333333212e+04
1.496733333333333212e+04
1.494283333333333212e+04
1.499416666666666606e+04
1.504100000000000000e+04
1.506383333333333212e+04
1.501883333333333212e+04
1.502066666666666424e+04
1.506216666666666606e+04
1.510400000000000000e+04
1.514383333333333212e+04
1.521733333333333212e+04
1.528533333333333212e+04
1.530166666666666606e+04
1.528516666666666606e+04
1.530283333333333212e+04
1.535349999999999818e+04
1.533816666666666424e+04
1.534566666666666606e+04
1.535600000000000000e+04
1.537416666666666606e+04
1.536766666666666606e+04
1.536150000000000000e+04
1.543600000000000000e+04
1.551416666666666424e+04
1.558799999999999818e+04
1.558133333333333212e+04
1.559200000000000000e+04
1.559999999999999818e+04
1.561533333333333212e+04
1.562083333333333212e+04
1.567033333333333212e+04
1.569183333333333212e+04
1.573649999999999818e+04
1.575416666666666424e+04
1.582133333333333212e+04
1.581316666666666606e+04
1.584033333333333212e+04
1.587633333333333212e+04
1.593516666666666424e+04
1.597483333333333212e+04
1.598116666666666606e+04
1.601133333333333212e+04
1.603216666666666606e+04
1.606516666666666606e+04
1.611666666666666606e+04
1.616150000000000000e+04
1.622183333333333212e+04
1.626383333333333212e+04
1.627416666666666606e+04
1.624316666666666606e+04
1.626766666666666606e+04
1.630700000000000000e+04
1.636216666666666606e+04
1.636233333333333212e+04
1.636233333333333212e+04
1.637966666666666606e+04
1.638300000000000000e+04
1.638300000000000000e+04
1.638300000000000000e+04
1.638300000000000000e+04
1.638300000000000000e+04
1.638300000000000000e+04
1.638300000000000000e+04
1.638300000000000000e+04
1.638300000000000000e+04
1.638300000000000000e+04
1.638300000000000000e+04
1.638300000000000000e+04
1.638300000000000000e+04
1.638300000000000000e+04
1.638300000000000000e+04
1.638300000000000000e+04
1.638300000000000000e+04
1.638300000000000000e+04
1.638300000000000000e+04
1.638300000000000000e+04
1.638300000000000000e+04
1.638300000000000000e+04
1.638300000000000000e+04
1.638300000000000000e+04
1.638300000000000000e+04
1.638300000000000000e+04
1.638300000000000000e+04
1.638300000000000000e+04
1.638300000000000000e+04
1.638300000000000000e+04
1.638300000000000000e+04
1.638300000000000000e+04
1.638300000000000000e+04
1.638300000000000000e+04
1.638300000000000000e+04
1.638300000000000000e+04
1.638300000000000000e+04
1.638300000000000000e+04
1.638300000000000000e+04
1.638300000000000000e+04
1.638300000000000000e+04
1.638300000000000000e+04
1.638300000000000000e+04
1.638300000000000000e+04
1.638300000000000000e+04
1.638300000000000000e+04
1.638300000000000000e+04
1.638300000000000000e+04
1.638300000000000000e+04
1.638300000000000000e+04
1.638300000000000000e+04
1.638300000000000000e+04
1.638300000000000000e+04
1.638300000000000000e+04
1.638300000000000000e+04
1.638300000000000000e+04
1.638300000000000000e+04
1.638300000000000000e+04
1.638300000000000000e+04
1.638300000000000000e+04
1.638300000000000000e+04
1.638300000000000000e+04
1.638300000000000000e+04
1.638300000000000000e+04
1.638300000000000000e+04
1.638300000000000000e+04
1.638300000000000000e+04
1.638300000000000000e+04
1.638300000000000000e+04
1.638300000000000000e+04
1.638300000000000000e+04
1.638300000000000000e+04
1.638300000000000000e+04
1.638300000000000000e+04
1.638300000000000000e+04
1.638300000000000000e+04
1.638300000000000000e+04
1.638300000000000000e+04
1.638300000000000000e+04
1.638300000000000000e+04
1.638300000000000000e+04
1.638300000000000000e+04
1.638300000000000000e+04
1.638300000000000000e+04
1.638300000000000000e+04
1.638300000000000000e+04
1.638300000000000000e+04
1.638300000000000000e+04
1.638300000000000000e+04
1.638300000000000000e+04
1.638300000000000000e+04
1.638300000000000000e+04
1.638300000000000000e+04
1.638300000000000000e+04
1.638300000000000000e+04
1.638300000000000000e+04
1.638300000000000000e+04
1.638300000000000000e+04
1.638300000000000000e+04
1.638300000000000000e+04
1.638300000000000000e+04
1.638300000000000000e+04
1.638300000000000000e+04
1.638300000000000000e+04
1.638300000000000000e+04
1.638300000000000000e+04
1.638300000000000000e+04
1.638300000000000000e+04
1.638300000000000000e+04
1.638300000000000000e+04
1.638300000000000000e+04
1.638300000000000000e+04
1.638300000000000000e+04
1.638300000000000000e+04
1.638300000000000000e+04
1.638300000000000000e+04
1.638300000000000000e+04
1.638300000000000000e+04
1.638300000000000000e+04
1.638300000000000000e+04
1.638300000000000000e+04
1.638300000000000000e+04
1.638300000000000000e+04
1.638300000000000000e+04
1.638300000000000000e+04
1.638300000000000000e+04
1.638300000000000000e+04
1.638300000000000000e+04
1.638300000000000000e+04
1.638300000000000000e+04
1.638300000000000000e+04
1.638300000000000000e+04
1.638300000000000000e+04
1.638300000000000000e+04
1.638300000000000000e+04
1.638300000000000000e+04
1.638300000000000000e+04
1.638300000000000000e+04
1.638300000000000000e+04
1.638300000000000000e+04
1.638300000000000000e+04
1.638300000000000000e+04
1.638300000000000000e+04
1.638300000000000000e+04
1.638300000000000000e+04
1.638300000000000000e+04
1.638300000000000000e+04
1.638300000000000000e+04
1.638300000000000000e+04
1.638300000000000000e+04
1.638300000000000000e+04
1.638300000000000000e+04
1.638300000000000000e+04
1.638300000000000000e+04
1.638300000000000000e+04
1.638300000000000000e+04
1.638300000000000000e+04
1.638300000000000000e+04
1.638300000000000000e+04
1.638300000000000000e+04
1.638300000000000000e+04
1.638300000000000000e+04
1.638300000000000000e+04
1.638300000000000000e+04
1.638300000000000000e+04
1.638300000000000000e+04
1.638300000000000000e+04
1.638300000000000000e+04
1.638300000000000000e+04
1.638300000000000000e+04
1.638300000000000000e+04
1.638300000000000000e+04
1.638300000000000000e+04
1.638300000000000000e+04
1.638300000000000000e+04
1.638300000000000000e+04
1.638300000000000000e+04
1.638300000000000000e+04
1.638300000000000000e+04
1.638300000000000000e+04
1.638300000000000000e+04
1.638300000000000000e+04
1.638300000000000000e+04
1.638300000000000000e+04
1.638300000000000000e+04
1.638300000000000000e+04
1.638300000000000000e+04
1.638300000000000000e+04
1.638300000000000000e+04
1.638300000000000000e+04
1.638300000000000000e+04
1.638300000000000000e+04
1.638300000000000000e+04
1.638300000000000000e+04
1.638300000000000000e+04
1.638300000000000000e+04
1.638300000000000000e+04
1.638300000000000000e+04
1.638300000000000000e+04
1.638300000000000000e+04
1.638300000000000000e+04
1.638300000000000000e+04
1.638300000000000000e+04
1.638300000000000000e+04
1.638300000000000000e+04
1.638300000000000000e+04
1.638300000000000000e+04
1.638300000000000000e+04
1.638300000000000000e+04
1.638300000000000000e+04
1.638300000000000000e+04
1.638300000000000000e+04
1.638300000000000000e+04
1.638300000000000000e+04
1.638300000000000000e+04
1.638300000000000000e+04
1.638300000000000000e+04
1.638300000000000000e+04
1.638300000000000000e+04
1.638300000000000000e+04
1.638300000000000000e+04
1.638300000000000000e+04
1.638300000000000000e+04
1.638300000000000000e+04
1.638300000000000000e+04
1.638300000000000000e+04
1.638300000000000000e+04
1.638300000000000000e+04
1.638300000000000000e+04
1.638300000000000000e+04
1.638300000000000000e+04
1.638300000000000000e+04
1.638300000000000000e+04
1.638300000000000000e+04
1.638300000000000000e+04
1.638300000000000000e+04
1.638300000000000000e+04
1.638300000000000000e+04
1.638300000000000000e+04
1.638300000000000000e+04
1.638300000000000000e+04
1.638300000000000000e+04
1.638300000000000000e+04
1.638300000000000000e+04
1.638300000000000000e+04
1.638300000000000000e+04
1.638300000000000000e+04
1.638300000000000000e+04
1.638300000000000000e+04
1.638300000000000000e+04
1.638300000000000000e+04
1.638300000000000000e+04
1.638300000000000000e+04
1.638300000000000000e+04
1.638300000000000000e+04
1.638300000000000000e+04
1.638300000000000000e+04
1.638300000000000000e+04
1.638300000000000000e+04
1.638300000000000000e+04
1.638300000000000000e+04
1.638300000000000000e+04
1.638300000000000000e+04
1.638300000000000000e+04
1.638300000000000000e+04
1.638300000000000000e+04
1.638300000000000000e+04
1.638300000000000000e+04
1.638300000000000000e+04
1.638300000000000000e+04
1.638300000000000000e+04
1.638300000000000000e+04
1.638300000000000000e+04
1.638300000000000000e+04
1.638300000000000000e+04
1.638300000000000000e+04
1.638300000000000000e+04
1.638300000000000000e+04
1.638300000000000000e+04
1.638300000000000000e+04
1.638300000000000000e+04
1.638300000000000000e+04
1.638300000000000000e+04
1.638300000000000000e+04
1.638300000000000000e+04
1.638300000000000000e+04
1.638300000000000000e+04
1.638300000000000000e+04
1.638300000000000000e+04
1.638300000000000000e+04
1.638300000000000000e+04
1.638300000000000000e+04
1.638300000000000000e+04
1.638300000000000000e+04
1.638300000000000000e+04
1.638300000000000000e+04
1.638300000000000000e+04
1.638300000000000000e+04
1.638300000000000000e+04
1.638300000000000000e+04
1.638300000000000000e+04
1.638300000000000000e+04
1.638300000000000000e+04
1.638300000000000000e+04
1.638300000000000000e+04
1.638300000000000000e+04
1.638300000000000000e+04
1.638300000000000000e+04
1.638300000000000000e+04
1.638300000000000000e+04
1.638300000000000000e+04
1.638300000000000000e+04
1.638300000000000000e+04
1.638300000000000000e+04
1.638300000000000000e+04
1.638300000000000000e+04
1.638300000000000000e+04
1.638300000000000000e+04
1.638300000000000000e+04
1.638300000000000000e+04
1.638300000000000000e+04
1.638300000000000000e+04
1.638300000000000000e+04
1.638300000000000000e+04
1.638300000000000000e+04
1.638300000000000000e+04
1.638300000000000000e+04
1.638300000000000000e+04
1.638300000000000000e+04
1.638300000000000000e+04
1.638300000000000000e+04
1.638300000000000000e+04
1.638300000000000000e+04
1.638300000000000000e+04
1.638300000000000000e+04
1.638300000000000000e+04
1.638300000000000000e+04
1.638300000000000000e+04
1.638300000000000000e+04
1.638300000000000000e+04
1.638300000000000000e+04
1.638300000000000000e+04
1.638300000000000000e+04
1.638300000000000000e+04
1.638300000000000000e+04
1.638300000000000000e+04
1.638300000000000000e+04
1.638300000000000000e+04
1.638300000000000000e+04
1.638300000000000000e+04
1.638300000000000000e+04
1.638300000000000000e+04
1.638300000000000000e+04
1.638300000000000000e+04
1.638300000000000000e+04
1.638300000000000000e+04
1.638300000000000000e+04
1.638300000000000000e+04
1.638300000000000000e+04
1.638300000000000000e+04
1.638300000000000000e+04
1.638300000000000000e+04
1.638300000000000000e+04
1.638300000000000000e+04
1.638300000000000000e+04
1.638300000000000000e+04
1.638300000000000000e+04
1.638300000000000000e+04
1.638300000000000000e+04
1.638300000000000000e+04
1.638300000000000000e+04
1.638300000000000000e+04
1.638300000000000000e+04
1.638300000000000000e+04
1.638300000000000000e+04
1.638300000000000000e+04
1.638300000000000000e+04
1.638300000000000000e+04
1.638300000000000000e+04
1.638300000000000000e+04
1.638300000000000000e+04
1.638300000000000000e+04
1.638300000000000000e+04
1.638300000000000000e+04
1.638300000000000000e+04
1.638300000000000000e+04
1.638300000000000000e+04
1.638300000000000000e+04
1.638300000000000000e+04
1.638300000000000000e+04
1.638300000000000000e+04
1.638300000000000000e+04
1.638300000000000000e+04
1.638300000000000000e+04
1.638300000000000000e+04
1.638300000000000000e+04
1.638300000000000000e+04
1.638300000000000000e+04
1.638300000000000000e+04
1.638300000000000000e+04
1.638300000000000000e+04
1.638300000000000000e+04
1.638300000000000000e+04
1.638300000000000000e+04
1.638300000000000000e+04
1.638300000000000000e+04
1.638300000000000000e+04
1.638300000000000000e+04
1.638300000000000000e+04
1.638300000000000000e+04
1.638300000000000000e+04
1.638300000000000000e+04
1.638300000000000000e+04
1.638300000000000000e+04
1.638300000000000000e+04
1.638300000000000000e+04
1.638300000000000000e+04
1.638300000000000000e+04
1.638300000000000000e+04
1.638300000000000000e+04
1.638300000000000000e+04
1.638300000000000000e+04
1.638300000000000000e+04
1.638300000000000000e+04
1.638300000000000000e+04
1.638300000000000000e+04
1.638300000000000000e+04
1.638300000000000000e+04
1.638300000000000000e+04
1.638300000000000000e+04
1.638300000000000000e+04
1.638300000000000000e+04
1.638300000000000000e+04
1.638300000000000000e+04
1.638300000000000000e+04
1.638300000000000000e+04
1.638300000000000000e+04
1.638300000000000000e+04
1.638300000000000000e+04
1.638300000000000000e+04
1.638300000000000000e+04
1.638300000000000000e+04
1.638300000000000000e+04
1.638300000000000000e+04
1.638300000000000000e+04
1.638300000000000000e+04
1.638300000000000000e+04
1.638300000000000000e+04
1.638300000000000000e+04
1.638300000000000000e+04
1.638300000000000000e+04
1.638300000000000000e+04
1.638300000000000000e+04
1.638300000000000000e+04
1.638300000000000000e+04
1.638300000000000000e+04
1.638300000000000000e+04
1.638300000000000000e+04
1.638300000000000000e+04
1.638300000000000000e+04
1.638300000000000000e+04
1.638300000000000000e+04
1.638300000000000000e+04
1.638300000000000000e+04
1.638300000000000000e+04
1.638300000000000000e+04
1.638300000000000000e+04
1.638300000000000000e+04
1.638300000000000000e+04
1.638300000000000000e+04
1.638300000000000000e+04
1.638300000000000000e+04
1.638300000000000000e+04
1.638300000000000000e+04
1.638300000000000000e+04
1.638300000000000000e+04
1.638300000000000000e+04
1.638300000000000000e+04
1.638300000000000000e+04
1.638300000000000000e+04
1.638300000000000000e+04
1.638300000000000000e+04
1.638300000000000000e+04
1.638300000000000000e+04
1.638300000000000000e+04
1.638300000000000000e+04
1.638300000000000000e+04
1.638300000000000000e+04
1.638300000000000000e+04
1.638300000000000000e+04
1.638300000000000000e+04
1.638300000000000000e+04
1.638300000000000000e+04
1.638300000000000000e+04
1.638300000000000000e+04
1.638300000000000000e+04
1.638300000000000000e+04
1.638300000000000000e+04
1.638300000000000000e+04
1.638300000000000000e+04
1.638300000000000000e+04
1.638300000000000000e+04
1.638300000000000000e+04
1.638300000000000000e+04
1.638300000000000000e+04
1.638300000000000000e+04
1.638300000000000000e+04
1.638300000000000000e+04
1.638300000000000000e+04
1.638300000000000000e+04
1.638300000000000000e+04
1.638300000000000000e+04
1.638300000000000000e+04
1.638300000000000000e+04
1.638300000000000000e+04
1.638300000000000000e+04
1.638300000000000000e+04
1.638300000000000000e+04
1.638300000000000000e+04
1.638300000000000000e+04
1.638300000000000000e+04
1.638300000000000000e+04
1.638300000000000000e+04
1.638300000000000000e+04
1.638300000000000000e+04
1.638300000000000000e+04
1.638300000000000000e+04
1.638300000000000000e+04
1.638300000000000000e+04
1.638300000000000000e+04
1.638300000000000000e+04
1.638300000000000000e+04
1.638300000000000000e+04
1.638300000000000000e+04
1.638300000000000000e+04
1.638300000000000000e+04
1.638300000000000000e+04
1.638300000000000000e+04
1.638300000000000000e+04
1.638300000000000000e+04
1.638300000000000000e+04
1.638300000000000000e+04
1.638300000000000000e+04
1.638300000000000000e+04
1.638300000000000000e+04
1.638300000000000000e+04
1.638300000000000000e+04
1.638300000000000000e+04
1.638300000000000000e+04
1.638300000000000000e+04
1.638300000000000000e+04
1.638300000000000000e+04
1.638300000000000000e+04
1.638300000000000000e+04
1.638300000000000000e+04
1.638300000000000000e+04
1.638300000000000000e+04
1.638300000000000000e+04
1.638300000000000000e+04
1.638300000000000000e+04
1.638300000000000000e+04
1.638300000000000000e+04
1.638300000000000000e+04
1.638300000000000000e+04
1.638300000000000000e+04
1.638300000000000000e+04
1.638300000000000000e+04
1.638300000000000000e+04
1.638300000000000000e+04
1.638300000000000000e+04
1.638300000000000000e+04
1.638300000000000000e+04
1.638300000000000000e+04
1.638300000000000000e+04
1.638300000000000000e+04
1.638300000000000000e+04
1.638300000000000000e+04
1.638300000000000000e+04
1.638300000000000000e+04
1.638300000000000000e+04
1.638300000000000000e+04
1.638300000000000000e+04
1.638300000000000000e+04
1.638300000000000000e+04
1.638300000000000000e+04
1.638300000000000000e+04
1.638300000000000000e+04
1.638300000000000000e+04
1.638300000000000000e+04
1.638300000000000000e+04
1.638300000000000000e+04
1.638300000000000000e+04
1.638300000000000000e+04
1.638300000000000000e+04
1.638300000000000000e+04
1.638300000000000000e+04
1.638300000000000000e+04
1.638300000000000000e+04
1.638300000000000000e+04
1.638300000000000000e+04
1.638300000000000000e+04
1.638300000000000000e+04
1.638300000000000000e+04
1.638300000000000000e+04
1.638300000000000000e+04
1.638300000000000000e+04
1.638300000000000000e+04
1.638300000000000000e+04
1.638300000000000000e+04
1.638300000000000000e+04
1.638300000000000000e+04
1.638300000000000000e+04
1.638300000000000000e+04
1.638300000000000000e+04
1.638300000000000000e+04
1.638300000000000000e+04
1.638300000000000000e+04
1.638300000000000000e+04
1.638300000000000000e+04
1.638300000000000000e+04
1.638300000000000000e+04
1.638300000000000000e+04
1.638300000000000000e+04
1.638300000000000000e+04
1.638300000000000000e+04
1.638300000000000000e+04
1.638300000000000000e+04
1.638300000000000000e+04
1.638300000000000000e+04
1.638300000000000000e+04
1.638300000000000000e+04
1.638300000000000000e+04
1.638300000000000000e+04
1.638300000000000000e+04
1.638300000000000000e+04
1.638300000000000000e+04
1.638300000000000000e+04
1.638300000000000000e+04
1.638300000000000000e+04
1.638300000000000000e+04
1.638300000000000000e+04
1.638300000000000000e+04
1.638300000000000000e+04
1.638300000000000000e+04
1.638300000000000000e+04
1.638300000000000000e+04
1.638300000000000000e+04
1.638300000000000000e+04
1.638300000000000000e+04
1.638300000000000000e+04
1.638300000000000000e+04
1.638300000000000000e+04
1.638300000000000000e+04
1.638300000000000000e+04
1.638300000000000000e+04
1.638300000000000000e+04
1.638300000000000000e+04
1.638300000000000000e+04
1.638300000000000000e+04
1.638300000000000000e+04
1.638300000000000000e+04
1.638300000000000000e+04
1.638300000000000000e+04
1.638300000000000000e+04
1.638300000000000000e+04
1.638300000000000000e+04
1.638300000000000000e+04
1.638300000000000000e+04
1.638300000000000000e+04
1.638300000000000000e+04
1.638300000000000000e+04
1.638300000000000000e+04
1.638300000000000000e+04
1.638300000000000000e+04
1.638300000000000000e+04
1.638300000000000000e+04
1.638300000000000000e+04
1.638300000000000000e+04
1.638300000000000000e+04
1.638300000000000000e+04
1.638300000000000000e+04
1.638300000000000000e+04
1.638300000000000000e+04
1.638300000000000000e+04
1.638300000000000000e+04
1.638300000000000000e+04
1.638300000000000000e+04
1.638300000000000000e+04
1.638300000000000000e+04
1.638300000000000000e+04
1.638300000000000000e+04
1.638300000000000000e+04
1.638300000000000000e+04
1.638300000000000000e+04
1.638300000000000000e+04
1.638300000000000000e+04
1.638300000000000000e+04
1.638300000000000000e+04
1.638300000000000000e+04
1.638300000000000000e+04
1.638300000000000000e+04
1.638300000000000000e+04
1.638300000000000000e+04
1.638300000000000000e+04
1.638300000000000000e+04
1.638300000000000000e+04
1.638300000000000000e+04
1.638300000000000000e+04
1.638300000000000000e+04
1.638300000000000000e+04
1.638300000000000000e+04
1.638300000000000000e+04
1.638300000000000000e+04
1.638300000000000000e+04
1.638300000000000000e+04
1.638300000000000000e+04
1.638300000000000000e+04
1.638300000000000000e+04
1.638300000000000000e+04
1.638300000000000000e+04
1.638300000000000000e+04
1.638300000000000000e+04
1.638300000000000000e+04
1.638300000000000000e+04
1.638300000000000000e+04
1.638300000000000000e+04
1.638300000000000000e+04
1.638300000000000000e+04
1.638300000000000000e+04
1.638300000000000000e+04
1.638300000000000000e+04
1.638300000000000000e+04
1.638300000000000000e+04
1.638300000000000000e+04
1.638300000000000000e+04
1.638300000000000000e+04
1.638300000000000000e+04
1.638300000000000000e+04
1.638300000000000000e+04
1.638300000000000000e+04
1.638300000000000000e+04
1.638300000000000000e+04
1.638300000000000000e+04
1.638300000000000000e+04
1.638300000000000000e+04
1.638300000000000000e+04
1.638300000000000000e+04
1.638300000000000000e+04
1.638300000000000000e+04
1.638300000000000000e+04
1.638300000000000000e+04
1.638300000000000000e+04
1.638300000000000000e+04
1.638300000000000000e+04
1.638300000000000000e+04
1.638300000000000000e+04
1.638300000000000000e+04
1.638300000000000000e+04
1.638300000000000000e+04
1.638300000000000000e+04
1.638300000000000000e+04
1.638300000000000000e+04
1.638300000000000000e+04
1.638300000000000000e+04
1.638300000000000000e+04
1.638300000000000000e+04
1.638300000000000000e+04
1.638300000000000000e+04
1.638300000000000000e+04
1.638300000000000000e+04
1.638300000000000000e+04
1.638300000000000000e+04
1.638300000000000000e+04
1.638300000000000000e+04
1.638300000000000000e+04
1.638300000000000000e+04
1.638300000000000000e+04
1.638300000000000000e+04
1.638300000000000000e+04
1.638300000000000000e+04
1.638300000000000000e+04
1.638300000000000000e+04
1.638300000000000000e+04
1.638300000000000000e+04
1.638300000000000000e+04
1.638300000000000000e+04
1.638300000000000000e+04
1.638300000000000000e+04
1.638300000000000000e+04
1.638300000000000000e+04
1.638300000000000000e+04
1.638300000000000000e+04
1.638300000000000000e+04
1.638300000000000000e+04
1.638300000000000000e+04
1.638300000000000000e+04
1.638300000000000000e+04
1.638300000000000000e+04
1.638300000000000000e+04
1.638300000000000000e+04
1.638300000000000000e+04
1.638300000000000000e+04
1.638300000000000000e+04
1.638300000000000000e+04
1.638300000000000000e+04
1.638300000000000000e+04
1.638300000000000000e+04
1.638300000000000000e+04
1.638300000000000000e+04
1.638300000000000000e+04
1.638300000000000000e+04
1.638300000000000000e+04
1.638300000000000000e+04
1.638300000000000000e+04
1.638300000000000000e+04
1.638300000000000000e+04
1.638300000000000000e+04
1.638300000000000000e+04
1.638300000000000000e+04
1.638300000000000000e+04
1.638300000000000000e+04
1.638300000000000000e+04
1.638300000000000000e+04
1.638300000000000000e+04
1.638300000000000000e+04
1.638300000000000000e+04
1.638300000000000000e+04
1.638300000000000000e+04
1.638300000000000000e+04
1.638300000000000000e+04
1.638300000000000000e+04
1.638300000000000000e+04
1.638300000000000000e+04
1.638300000000000000e+04
1.638300000000000000e+04
1.638300000000000000e+04
1.638300000000000000e+04
1.638300000000000000e+04
1.638300000000000000e+04
1.638300000000000000e+04
1.638300000000000000e+04
1.638300000000000000e+04
1.638300000000000000e+04
1.638300000000000000e+04
1.638300000000000000e+04
1.638300000000000000e+04
1.638300000000000000e+04
1.638300000000000000e+04
1.638300000000000000e+04
1.638300000000000000e+04
1.638300000000000000e+04
1.638300000000000000e+04
1.638300000000000000e+04
1.638300000000000000e+04
1.638300000000000000e+04
1.638300000000000000e+04
1.638300000000000000e+04
1.638300000000000000e+04
1.638300000000000000e+04
1.638300000000000000e+04
1.638300000000000000e+04
1.638300000000000000e+04
1.638300000000000000e+04
1.638300000000000000e+04
1.638300000000000000e+04
1.638300000000000000e+04
1.638300000000000000e+04
1.638300000000000000e+04
1.638300000000000000e+04
1.638300000000000000e+04
1.638300000000000000e+04
1.638300000000000000e+04
1.638300000000000000e+04
1.638300000000000000e+04
1.638300000000000000e+04
1.638300000000000000e+04
1.638300000000000000e+04
1.638300000000000000e+04
1.638300000000000000e+04
1.638300000000000000e+04
1.638300000000000000e+04
1.638300000000000000e+04
1.638300000000000000e+04
1.638300000000000000e+04
1.638300000000000000e+04
1.638300000000000000e+04
1.638300000000000000e+04
1.638300000000000000e+04
1.638300000000000000e+04
1.638300000000000000e+04
1.638300000000000000e+04
1.638300000000000000e+04
1.638300000000000000e+04
1.638300000000000000e+04
1.638300000000000000e+04
1.638300000000000000e+04
1.638300000000000000e+04
1.638300000000000000e+04
1.638300000000000000e+04
1.638300000000000000e+04
1.638300000000000000e+04
1.638300000000000000e+04
1.638300000000000000e+04
1.638300000000000000e+04
1.638300000000000000e+04
1.638300000000000000e+04
1.638300000000000000e+04
1.638300000000000000e+04
1.638300000000000000e+04
1.638300000000000000e+04
1.638300000000000000e+04
1.638300000000000000e+04
1.638300000000000000e+04
1.638300000000000000e+04
1.638300000000000000e+04
1.638300000000000000e+04
1.638300000000000000e+04
1.638300000000000000e+04
1.638300000000000000e+04
1.638300000000000000e+04
1.638300000000000000e+04
1.638300000000000000e+04
1.638300000000000000e+04
1.638300000000000000e+04
1.638300000000000000e+04
1.638300000000000000e+04
1.638300000000000000e+04
1.638300000000000000e+04
1.638300000000000000e+04
1.638300000000000000e+04
1.638300000000000000e+04
1.638300000000000000e+04
1.638300000000000000e+04
1.638300000000000000e+04
1.638300000000000000e+04
1.638300000000000000e+04
1.638300000000000000e+04
1.638300000000000000e+04
1.638300000000000000e+04
1.638300000000000000e+04
1.638300000000000000e+04
1.638300000000000000e+04
1.638300000000000000e+04
1.638300000000000000e+04
1.638300000000000000e+04
1.638300000000000000e+04
1.638300000000000000e+04
1.638300000000000000e+04
1.638300000000000000e+04
1.638300000000000000e+04
1.638300000000000000e+04
1.638300000000000000e+04
1.638300000000000000e+04
1.638300000000000000e+04
1.638300000000000000e+04
1.638300000000000000e+04
1.638300000000000000e+04
1.638300000000000000e+04
1.638300000000000000e+04
1.638300000000000000e+04
1.638300000000000000e+04
1.638300000000000000e+04
1.638300000000000000e+04
1.638300000000000000e+04
1.638300000000000000e+04
1.638300000000000000e+04
1.638300000000000000e+04
1.638300000000000000e+04
1.638300000000000000e+04
1.638300000000000000e+04
1.638300000000000000e+04
1.638300000000000000e+04
1.638300000000000000e+04
1.638300000000000000e+04
1.638300000000000000e+04
1.638300000000000000e+04
1.638300000000000000e+04
1.638300000000000000e+04
1.638300000000000000e+04
1.638300000000000000e+04
1.638300000000000000e+04
1.638300000000000000e+04
1.638300000000000000e+04
1.638300000000000000e+04
1.638300000000000000e+04
1.638300000000000000e+04
1.638300000000000000e+04
1.638300000000000000e+04
1.638300000000000000e+04
1.638300000000000000e+04
1.638300000000000000e+04
1.638300000000000000e+04
1.638300000000000000e+04
1.638300000000000000e+04
1.638300000000000000e+04
1.638300000000000000e+04
1.638300000000000000e+04
1.638300000000000000e+04
1.638300000000000000e+04
1.638300000000000000e+04
1.638300000000000000e+04
1.638300000000000000e+04
1.638300000000000000e+04
1.638300000000000000e+04
1.638300000000000000e+04
1.638300000000000000e+04
1.638300000000000000e+04
1.638300000000000000e+04
1.638300000000000000e+04
1.638300000000000000e+04
1.638300000000000000e+04
1.638300000000000000e+04
1.638300000000000000e+04
1.638300000000000000e+04
1.638300000000000000e+04
1.638300000000000000e+04
1.638300000000000000e+04
1.638300000000000000e+04
1.638300000000000000e+04
1.638300000000000000e+04
1.638300000000000000e+04
1.638300000000000000e+04
1.638300000000000000e+04
1.638300000000000000e+04
1.638300000000000000e+04
1.638300000000000000e+04
1.638300000000000000e+04
1.638300000000000000e+04
1.638300000000000000e+04
1.638300000000000000e+04
1.638300000000000000e+04
1.638300000000000000e+04
1.638300000000000000e+04
1.638300000000000000e+04
1.638300000000000000e+04
1.638300000000000000e+04
1.638300000000000000e+04
1.638300000000000000e+04
1.638300000000000000e+04
1.638300000000000000e+04
1.638300000000000000e+04
1.638300000000000000e+04
1.638300000000000000e+04
1.638300000000000000e+04
1.638300000000000000e+04
1.638300000000000000e+04
1.638300000000000000e+04
1.638300000000000000e+04
1.638300000000000000e+04
1.638300000000000000e+04
1.638300000000000000e+04
1.638300000000000000e+04
1.638300000000000000e+04
1.638300000000000000e+04
1.638300000000000000e+04
1.638300000000000000e+04
1.638300000000000000e+04
1.638300000000000000e+04
1.638300000000000000e+04
1.638300000000000000e+04
1.638300000000000000e+04
1.638300000000000000e+04
1.638300000000000000e+04
1.638300000000000000e+04
1.638300000000000000e+04
1.638300000000000000e+04
1.638300000000000000e+04
1.638300000000000000e+04
1.638300000000000000e+04
1.638300000000000000e+04
1.638300000000000000e+04
1.638300000000000000e+04
1.638300000000000000e+04
1.638300000000000000e+04
1.638300000000000000e+04
1.638300000000000000e+04
1.638300000000000000e+04
1.638300000000000000e+04
1.638300000000000000e+04
1.638300000000000000e+04
1.638300000000000000e+04
1.638300000000000000e+04
1.638300000000000000e+04
1.638300000000000000e+04
1.638300000000000000e+04
1.638300000000000000e+04
1.638300000000000000e+04
1.638300000000000000e+04
1.638300000000000000e+04
1.638300000000000000e+04
1.638300000000000000e+04
1.638300000000000000e+04
1.638300000000000000e+04
1.638300000000000000e+04
1.638300000000000000e+04
1.638300000000000000e+04
1.638300000000000000e+04
1.638300000000000000e+04
1.638300000000000000e+04
1.638300000000000000e+04
1.638300000000000000e+04
1.638300000000000000e+04
1.638300000000000000e+04
1.638300000000000000e+04
1.638300000000000000e+04
1.638300000000000000e+04
1.638300000000000000e+04
1.638300000000000000e+04
1.638300000000000000e+04
1.638300000000000000e+04
1.638300000000000000e+04
1.638300000000000000e+04
1.638300000000000000e+04
1.638300000000000000e+04
1.638300000000000000e+04
1.638300000000000000e+04
1.638300000000000000e+04
1.638300000000000000e+04
1.638300000000000000e+04
1.638300000000000000e+04
1.638300000000000000e+04
1.638300000000000000e+04
1.638300000000000000e+04
1.638300000000000000e+04
1.638300000000000000e+04
1.638300000000000000e+04
1.638300000000000000e+04
1.638300000000000000e+04
1.638300000000000000e+04
1.638300000000000000e+04
1.638300000000000000e+04
1.638300000000000000e+04
1.638300000000000000e+04
1.638300000000000000e+04
1.638300000000000000e+04
1.638300000000000000e+04
1.638300000000000000e+04
1.638300000000000000e+04
1.638300000000000000e+04
1.638300000000000000e+04
1.638300000000000000e+04
1.638300000000000000e+04
1.638300000000000000e+04
1.638300000000000000e+04
1.638300000000000000e+04
1.638300000000000000e+04
1.638300000000000000e+04
1.638300000000000000e+04
1.638300000000000000e+04
1.638300000000000000e+04
1.638300000000000000e+04
1.638300000000000000e+04
1.638300000000000000e+04
1.638300000000000000e+04
1.638300000000000000e+04
1.638300000000000000e+04
1.638300000000000000e+04
1.638300000000000000e+04
1.638300000000000000e+04
1.638300000000000000e+04
1.638300000000000000e+04
1.638300000000000000e+04
1.638300000000000000e+04
1.638300000000000000e+04
1.638300000000000000e+04
1.638300000000000000e+04
1.638300000000000000e+04
1.638300000000000000e+04
1.638300000000000000e+04
1.638300000000000000e+04
1.638300000000000000e+04
1.638300000000000000e+04
1.638300000000000000e+04
1.638300000000000000e+04
1.638300000000000000e+04
1.638300000000000000e+04
1.638300000000000000e+04
1.638300000000000000e+04
1.638300000000000000e+04
1.638300000000000000e+04
1.638300000000000000e+04
1.638300000000000000e+04
1.638300000000000000e+04
1.638300000000000000e+04
1.638300000000000000e+04
1.638300000000000000e+04
1.638300000000000000e+04
1.638300000000000000e+04
1.638300000000000000e+04
1.638300000000000000e+04
1.638300000000000000e+04
1.638300000000000000e+04
1.638300000000000000e+04
1.638300000000000000e+04
1.638300000000000000e+04
1.638300000000000000e+04
1.638300000000000000e+04
1.638300000000000000e+04
1.638300000000000000e+04
1.638300000000000000e+04
1.638300000000000000e+04
1.638300000000000000e+04
1.638300000000000000e+04
1.638300000000000000e+04
1.638300000000000000e+04
1.638300000000000000e+04
1.638300000000000000e+04
1.638300000000000000e+04
1.638300000000000000e+04
1.638300000000000000e+04
1.638300000000000000e+04
1.638300000000000000e+04
1.638300000000000000e+04
1.638300000000000000e+04
1.638300000000000000e+04
1.638300000000000000e+04
1.638300000000000000e+04
1.638300000000000000e+04
1.638300000000000000e+04
1.638300000000000000e+04
1.638300000000000000e+04
1.638300000000000000e+04
1.638300000000000000e+04
1.638300000000000000e+04
1.638300000000000000e+04
1.638300000000000000e+04
1.638300000000000000e+04
1.638300000000000000e+04
1.638300000000000000e+04
1.638300000000000000e+04
1.638300000000000000e+04
1.638300000000000000e+04
1.638300000000000000e+04
1.638300000000000000e+04
1.638300000000000000e+04
1.638300000000000000e+04
1.638300000000000000e+04
1.638300000000000000e+04
1.638300000000000000e+04
1.638300000000000000e+04
1.638300000000000000e+04
1.638300000000000000e+04
1.638300000000000000e+04
1.638300000000000000e+04
1.638300000000000000e+04
1.638300000000000000e+04
1.638300000000000000e+04
1.638300000000000000e+04
1.638300000000000000e+04
1.638300000000000000e+04
1.638300000000000000e+04
1.638300000000000000e+04
1.638300000000000000e+04
1.638300000000000000e+04
1.638300000000000000e+04
1.638300000000000000e+04
1.638300000000000000e+04
1.638300000000000000e+04
1.638300000000000000e+04
1.638300000000000000e+04
1.638300000000000000e+04
1.638300000000000000e+04
1.638300000000000000e+04
1.638300000000000000e+04
1.638300000000000000e+04
1.638300000000000000e+04
1.638300000000000000e+04
1.638300000000000000e+04
1.638300000000000000e+04
1.638300000000000000e+04
1.638300000000000000e+04
1.638300000000000000e+04
1.638300000000000000e+04
1.638300000000000000e+04
1.638300000000000000e+04
1.638300000000000000e+04
1.638300000000000000e+04
1.638300000000000000e+04
1.638300000000000000e+04
1.638300000000000000e+04
1.638300000000000000e+04
1.638300000000000000e+04
1.638300000000000000e+04
1.638300000000000000e+04
1.638300000000000000e+04
1.638300000000000000e+04
1.638300000000000000e+04
1.638300000000000000e+04
1.638300000000000000e+04
1.638300000000000000e+04
1.638300000000000000e+04
1.638300000000000000e+04
1.638300000000000000e+04
1.638300000000000000e+04
1.638300000000000000e+04
1.638300000000000000e+04
1.638300000000000000e+04
1.638300000000000000e+04
1.638300000000000000e+04
1.638300000000000000e+04
1.638300000000000000e+04
1.638300000000000000e+04
1.638300000000000000e+04
1.638300000000000000e+04
1.638300000000000000e+04
1.638300000000000000e+04
1.638300000000000000e+04
1.638300000000000000e+04
1.638300000000000000e+04
1.638300000000000000e+04
1.638300000000000000e+04
1.638300000000000000e+04
1.638300000000000000e+04
1.638300000000000000e+04
1.638300000000000000e+04
1.638300000000000000e+04
1.638300000000000000e+04
1.638300000000000000e+04
1.638300000000000000e+04
1.638300000000000000e+04
1.638300000000000000e+04
1.638300000000000000e+04
1.638300000000000000e+04
1.638300000000000000e+04
1.638300000000000000e+04
1.638300000000000000e+04
1.638300000000000000e+04
1.638300000000000000e+04
1.638300000000000000e+04
1.638300000000000000e+04
1.638300000000000000e+04
1.638300000000000000e+04
1.638300000000000000e+04
1.638300000000000000e+04
1.638300000000000000e+04
1.638300000000000000e+04
1.638300000000000000e+04
1.638300000000000000e+04
1.638300000000000000e+04
1.638300000000000000e+04
1.638300000000000000e+04
1.638300000000000000e+04
1.638300000000000000e+04
1.638300000000000000e+04
1.638300000000000000e+04
1.638300000000000000e+04
1.638300000000000000e+04
1.638300000000000000e+04
1.638300000000000000e+04
1.638300000000000000e+04
1.638300000000000000e+04
1.638300000000000000e+04
1.638300000000000000e+04
1.638300000000000000e+04
1.638300000000000000e+04
1.638300000000000000e+04
1.638300000000000000e+04
1.638300000000000000e+04
1.638300000000000000e+04
1.638300000000000000e+04
1.638300000000000000e+04
1.638300000000000000e+04
1.638300000000000000e+04
1.638300000000000000e+04
1.638300000000000000e+04
1.638300000000000000e+04
1.638300000000000000e+04
1.638300000000000000e+04
1.638300000000000000e+04
1.638300000000000000e+04
1.638300000000000000e+04
1.638300000000000000e+04
1.638300000000000000e+04
1.638300000000000000e+04
1.638300000000000000e+04
1.638300000000000000e+04
1.638300000000000000e+04
1.638300000000000000e+04
1.638300000000000000e+04
1.638300000000000000e+04
1.638300000000000000e+04
1.638300000000000000e+04
1.638300000000000000e+04
1.638300000000000000e+04
1.638300000000000000e+04
1.638300000000000000e+04
1.638300000000000000e+04
1.638300000000000000e+04
1.638300000000000000e+04
1.638300000000000000e+04
1.638300000000000000e+04
1.638300000000000000e+04
1.638300000000000000e+04
1.638300000000000000e+04
1.638300000000000000e+04
1.638300000000000000e+04
1.638300000000000000e+04
1.638300000000000000e+04
1.638300000000000000e+04
1.638300000000000000e+04
1.638300000000000000e+04
1.638300000000000000e+04
1.638300000000000000e+04
1.638300000000000000e+04
1.638300000000000000e+04
1.638300000000000000e+04
1.638300000000000000e+04
1.638300000000000000e+04
1.638300000000000000e+04
1.638300000000000000e+04
1.638300000000000000e+04
1.638300000000000000e+04
1.638300000000000000e+04
1.638300000000000000e+04
1.638300000000000000e+04
1.638300000000000000e+04
1.638300000000000000e+04
1.638300000000000000e+04
1.638300000000000000e+04
1.638300000000000000e+04
1.638300000000000000e+04
1.638300000000000000e+04
1.638300000000000000e+04
1.638300000000000000e+04
1.638300000000000000e+04
1.638300000000000000e+04
1.638300000000000000e+04
1.638300000000000000e+04
1.638300000000000000e+04
1.638300000000000000e+04
1.638300000000000000e+04
1.638300000000000000e+04
1.638300000000000000e+04
1.638300000000000000e+04
1.638300000000000000e+04
1.638300000000000000e+04
1.638300000000000000e+04
1.638300000000000000e+04
1.638300000000000000e+04
1.638300000000000000e+04
1.638300000000000000e+04
1.638300000000000000e+04
1.638300000000000000e+04
1.638300000000000000e+04
1.638300000000000000e+04
1.638300000000000000e+04
1.638300000000000000e+04
1.638300000000000000e+04
1.638300000000000000e+04
1.638300000000000000e+04
1.638300000000000000e+04
1.638300000000000000e+04
1.638300000000000000e+04
1.638300000000000000e+04
1.638300000000000000e+04
1.638300000000000000e+04
1.638300000000000000e+04
1.638300000000000000e+04
1.638300000000000000e+04
1.638300000000000000e+04
1.638300000000000000e+04
1.638300000000000000e+04
1.638300000000000000e+04
1.638300000000000000e+04
1.638300000000000000e+04
1.638300000000000000e+04
1.638300000000000000e+04
1.638300000000000000e+04
1.638300000000000000e+04
1.638300000000000000e+04
1.638300000000000000e+04
1.638300000000000000e+04
1.638300000000000000e+04
1.638300000000000000e+04
1.638300000000000000e+04
1.638300000000000000e+04
1.638300000000000000e+04
1.638300000000000000e+04
1.638300000000000000e+04
1.638300000000000000e+04
1.638300000000000000e+04
1.638300000000000000e+04
1.638300000000000000e+04
1.638300000000000000e+04
1.638300000000000000e+04
1.638300000000000000e+04
1.638300000000000000e+04
1.638300000000000000e+04
1.638300000000000000e+04
1.638300000000000000e+04
1.638300000000000000e+04
1.638300000000000000e+04
1.638300000000000000e+04
1.638300000000000000e+04
1.638300000000000000e+04
1.638300000000000000e+04
1.638300000000000000e+04
1.638300000000000000e+04
1.638300000000000000e+04
1.638300000000000000e+04
1.638300000000000000e+04
1.638300000000000000e+04
1.638300000000000000e+04
1.638300000000000000e+04
1.638300000000000000e+04
1.638300000000000000e+04
1.638300000000000000e+04
1.638300000000000000e+04
1.638300000000000000e+04
1.638300000000000000e+04
1.638300000000000000e+04
1.638300000000000000e+04
1.638300000000000000e+04
1.638300000000000000e+04
1.638300000000000000e+04
1.638300000000000000e+04
1.638300000000000000e+04
1.638300000000000000e+04
1.638300000000000000e+04
1.638300000000000000e+04
1.638300000000000000e+04
1.638300000000000000e+04
1.638300000000000000e+04
1.638300000000000000e+04
1.638300000000000000e+04
1.638300000000000000e+04
1.638300000000000000e+04
1.638300000000000000e+04
1.638300000000000000e+04
1.638300000000000000e+04
1.638300000000000000e+04
1.638300000000000000e+04
1.638300000000000000e+04
1.638300000000000000e+04
1.638300000000000000e+04
1.638300000000000000e+04
1.638300000000000000e+04
1.638300000000000000e+04
1.638300000000000000e+04
1.638300000000000000e+04
1.638300000000000000e+04
1.638300000000000000e+04
1.638300000000000000e+04
1.638300000000000000e+04
1.638300000000000000e+04
1.638300000000000000e+04
1.638300000000000000e+04
1.638300000000000000e+04
1.638300000000000000e+04
1.638300000000000000e+04
1.638300000000000000e+04
1.638300000000000000e+04
1.638300000000000000e+04
1.638300000000000000e+04
1.638300000000000000e+04
1.638300000000000000e+04
1.638300000000000000e+04
1.638300000000000000e+04
1.638300000000000000e+04
1.638300000000000000e+04
1.638300000000000000e+04
1.638300000000000000e+04
1.638300000000000000e+04
1.638300000000000000e+04
1.638300000000000000e+04
1.638300000000000000e+04
1.638300000000000000e+04
1.638300000000000000e+04
1.638300000000000000e+04
1.638300000000000000e+04
1.638300000000000000e+04
1.638300000000000000e+04
1.638300000000000000e+04
1.638300000000000000e+04
1.638300000000000000e+04
1.638300000000000000e+04
1.638300000000000000e+04
1.638300000000000000e+04
1.638300000000000000e+04
1.638300000000000000e+04
1.638300000000000000e+04
1.638300000000000000e+04
1.638300000000000000e+04
1.638300000000000000e+04
1.638300000000000000e+04
1.638300000000000000e+04
1.638300000000000000e+04
1.638300000000000000e+04
1.638300000000000000e+04
1.638300000000000000e+04
1.638300000000000000e+04
1.638300000000000000e+04
1.638300000000000000e+04
1.638300000000000000e+04
1.638300000000000000e+04
1.638300000000000000e+04
1.638300000000000000e+04
1.638300000000000000e+04
1.638300000000000000e+04
1.638300000000000000e+04
1.638300000000000000e+04
1.638300000000000000e+04
1.638300000000000000e+04
1.638300000000000000e+04
1.638300000000000000e+04
1.638300000000000000e+04
1.638300000000000000e+04
1.638300000000000000e+04
1.638300000000000000e+04
1.638300000000000000e+04
1.638300000000000000e+04
1.638300000000000000e+04
1.638300000000000000e+04
1.638300000000000000e+04
1.638300000000000000e+04
1.638300000000000000e+04
1.638300000000000000e+04
1.638300000000000000e+04
1.638300000000000000e+04
1.638300000000000000e+04
1.638300000000000000e+04
1.638300000000000000e+04
1.638300000000000000e+04
1.638300000000000000e+04
1.638300000000000000e+04
1.638300000000000000e+04
1.638300000000000000e+04
1.638300000000000000e+04
1.638300000000000000e+04
1.638300000000000000e+04
1.638300000000000000e+04
1.638300000000000000e+04
1.638300000000000000e+04
1.638300000000000000e+04
1.638300000000000000e+04
1.638300000000000000e+04
1.638300000000000000e+04
1.638300000000000000e+04
1.638300000000000000e+04
1.638300000000000000e+04
1.638300000000000000e+04
1.638300000000000000e+04
1.638300000000000000e+04
1.638300000000000000e+04
1.609083333333333212e+04
1.460283333333333212e+04
1.415966666666666424e+04
1.295133333333333212e+04
1.398849999999999818e+04
1.291666666666666606e+04
1.397633333333333212e+04
1.294216666666666606e+04
1.401200000000000000e+04
1.294949999999999818e+04
1.399200000000000000e+04
1.294516666666666606e+04
1.400150000000000000e+04
1.293816666666666606e+04
1.398450000000000000e+04
1.293083333333333212e+04
1.398550000000000000e+04
1.291483333333333212e+04
1.397200000000000000e+04
1.293450000000000000e+04
1.399949999999999818e+04
1.292383333333333212e+04
1.396233333333333212e+04
1.290466666666666606e+04
1.397149999999999818e+04
1.290383333333333212e+04
1.396399999999999818e+04
1.291133333333333212e+04
1.397783333333333212e+04
1.291033333333333212e+04
1.396733333333333212e+04
1.291533333333333212e+04
1.398100000000000000e+04
1.288483333333333212e+04
1.386716666666666606e+04
1.209033333333333212e+04
1.125933333333333212e+04
9.370333333333332121e+03
9.218666666666666060e+03
9.196666666666666060e+03
9.205000000000000000e+03
9.171666666666666060e+03
9.188500000000000000e+03
9.209666666666666060e+03
9.230666666666666060e+03
9.208333333333332121e+03
9.216500000000000000e+03
9.221166666666666060e+03
9.242666666666666060e+03
9.220833333333332121e+03
9.240000000000000000e+03
9.236833333333332121e+03
9.240333333333332121e+03
9.204833333333332121e+03
9.226000000000000000e+03
9.210666666666666060e+03
9.213333333333332121e+03
9.153500000000000000e+03
9.175500000000000000e+03
9.173333333333332121e+03
9.211166666666666060e+03
9.187000000000000000e+03
9.222833333333332121e+03
9.213000000000000000e+03
9.229833333333332121e+03
9.196166666666666060e+03
9.194333333333332121e+03
9.192833333333332121e+03
9.237666666666666060e+03
9.224833333333332121e+03
9.229166666666666060e+03
9.188166666666666060e+03
9.210666666666666060e+03
9.194166666666666060e+03
9.202333333333332121e+03
9.205000000000000000e+03
9.232500000000000000e+03
9.214833333333332121e+03
9.194333333333332121e+03
9.149666666666666060e+03
9.155666666666666060e+03
9.156833333333332121e+03
9.208666666666666060e+03
9.206500000000000000e+03
9.227666666666666060e+03
9.190666666666666060e+03
9.206500000000000000e+03
9.187500000000000000e+03
9.199833333333332121e+03
9.166833333333332121e+03
9.171500000000000000e+03
9.150166666666666060e+03
9.154333333333332121e+03
9.122333333333332121e+03
9.147333333333332121e+03
9.142333333333332121e+03
9.166833333333332121e+03
9.137500000000000000e+03
9.160833333333332121e+03
9.139666666666666060e+03
9.162833333333332121e+03
9.148333333333332121e+03
9.172500000000000000e+03
9.170333333333332121e+03
9.181833333333332121e+03
9.160666666666666060e+03
9.173333333333332121e+03
9.146500000000000000e+03
9.148166666666666060e+03
9.115166666666666060e+03
9.147500000000000000e+03
9.151000000000000000e+03
9.173166666666666060e+03
9.150833333333332121e+03
9.166500000000000000e+03
9.141666666666666060e+03
9.131666666666666060e+03
9.096333333333332121e+03
9.112833333333332121e+03
9.128666666666666060e+03
9.161333333333332121e+03
9.132666666666666060e+03
9.144500000000000000e+03
9.116833333333332121e+03
9.121666666666666060e+03
9.076666666666666060e+03
9.109000000000000000e+03
9.110000000000000000e+03
9.135000000000000000e+03
9.101500000000000000e+03
9.116333333333332121e+03
9.096666666666666060e+03
9.112666666666666060e+03
9.100500000000000000e+03
9.156000000000000000e+03
9.153166666666666060e+03
9.173666666666666060e+03
9.121833333333332121e+03
9.130500000000000000e+03
9.112833333333332121e+03
9.129666666666666060e+03
9.108833333333332121e+03
9.109666666666666060e+03
9.106000000000000000e+03
9.125166666666666060e+03
9.116000000000000000e+03
9.115500000000000000e+03
9.087666666666666060e+03
9.097166666666666060e+03
9.073833333333332121e+03
9.101666666666666060e+03
9.093000000000000000e+03
9.095500000000000000e+03
9.056166666666666060e+03
9.082000000000000000e+03
9.089166666666666060e+03
9.110833333333332121e+03
9.072500000000000000e+03
9.086666666666666060e+03
9.077833333333332121e+03
9.099333333333332121e+03
9.063166666666666060e+03
9.072500000000000000e+03
9.049833333333332121e+03
9.084666666666666060e+03
9.060500000000000000e+03
9.086166666666666060e+03
9.063000000000000000e+03
9.082333333333332121e+03
9.048833333333332121e+03
9.077666666666666060e+03
9.090833333333332121e+03
9.118666666666666060e+03
9.099500000000000000e+03
9.099500000000000000e+03
9.094500000000000000e+03
9.083833333333332121e+03
9.045666666666666060e+03
9.052500000000000000e+03
9.062833333333332121e+03
9.071500000000000000e+03
9.028166666666666060e+03
9.016500000000000000e+03
9.005000000000000000e+03
9.022666666666666060e+03
9.024500000000000000e+03
9.063333333333332121e+03
9.073000000000000000e+03
9.100333333333332121e+03
9.101000000000000000e+03
9.122000000000000000e+03
9.088833333333332121e+03
9.051166666666666060e+03
9.005000000000000000e+03
9.030833333333332121e+03
9.056333333333332121e+03
9.113000000000000000e+03
9.088500000000000000e+03
9.095500000000000000e+03
9.055333333333332121e+03
9.061166666666666060e+03
9.023333333333332121e+03
9.020500000000000000e+03
9.014500000000000000e+03
9.034833333333332121e+03
9.021833333333332121e+03
9.038500000000000000e+03
9.026166666666666060e+03
9.029666666666666060e+03
8.984333333333332121e+03
8.990666666666666060e+03
8.993833333333332121e+03
9.006166666666666060e+03
9.000833333333332121e+03
9.035666666666666060e+03
9.048833333333332121e+03
9.071500000000000000e+03
9.027833333333332121e+03
9.058333333333332121e+03
9.095000000000000000e+03
9.117666666666666060e+03
9.094833333333332121e+03
9.054833333333332121e+03
9.042666666666666060e+03
9.049500000000000000e+03
9.024000000000000000e+03
9.032666666666666060e+03
9.012500000000000000e+03
9.041833333333332121e+03
9.013666666666666060e+03
9.025500000000000000e+03
8.997333333333332121e+03
9.010166666666666060e+03
8.996500000000000000e+03
9.020500000000000000e+03
9.025333333333332121e+03
9.028166666666666060e+03
9.005666666666666060e+03
9.041333333333332121e+03
9.046500000000000000e+03
9.047666666666666060e+03
9.003000000000000000e+03
9.016166666666666060e+03
9.025666666666666060e+03
9.047333333333332121e+03
9.003166666666666060e+03
9.001833333333332121e+03
8.981166666666666060e+03
9.023166666666666060e+03
8.998333333333332121e+03
9.014833333333332121e+03
8.998500000000000000e+03
9.041000000000000000e+03
9.019166666666666060e+03
9.024500000000000000e+03
8.980333333333332121e+03
8.993666666666666060e+03
8.976833333333332121e+03
9.016166666666666060e+03
9.005166666666666060e+03
9.024000000000000000e+03
8.988666666666666060e+03
9.005666666666666060e+03
9.006500000000000000e+03
9.031333333333332121e+03
9.013666666666666060e+03
9.008500000000000000e+03
8.998333333333332121e+03
9.016833333333332121e+03
8.989166666666666060e+03
8.986666666666666060e+03
8.970833333333332121e+03
8.992833333333332121e+03
8.979000000000000000e+03
9.004500000000000000e+03
8.995666666666666060e+03
9.014666666666666060e+03
8.985833333333332121e+03
9.008666666666666060e+03
9.011500000000000000e+03
9.028833333333332121e+03
8.998000000000000000e+03
8.994333333333332121e+03
8.969000000000000000e+03
9.001833333333332121e+03
9.005500000000000000e+03
9.064333333333332121e+03
9.047833333333332121e+03
9.035333333333332121e+03
8.969333333333332121e+03
8.976666666666666060e+03
8.959500000000000000e+03
8.993500000000000000e+03
8.988166666666666060e+03
9.029166666666666060e+03
9.020500000000000000e+03
9.020833333333332121e+03
8.988333333333332121e+03
9.007500000000000000e+03
9.013833333333332121e+03
9.029500000000000000e+03
9.006166666666666060e+03
9.024833333333332121e+03
9.002000000000000000e+03
9.003500000000000000e+03
8.980333333333332121e+03
9.030166666666666060e+03
9.032333333333332121e+03
9.037000000000000000e+03
9.006333333333332121e+03
9.028500000000000000e+03
9.022333333333332121e+03
9.044666666666666060e+03
8.999000000000000000e+03
8.997666666666666060e+03
8.953666666666666060e+03
8.979500000000000000e+03
8.958666666666666060e+03
8.993166666666666060e+03
8.986000000000000000e+03
9.015833333333332121e+03
8.981666666666666060e+03
8.983500000000000000e+03
8.974500000000000000e+03
9.004833333333332121e+03
8.994333333333332121e+03
9.020000000000000000e+03
9.012500000000000000e+03
9.031000000000000000e+03
9.007333333333332121e+03
9.016500000000000000e+03
9.000666666666666060e+03
9.007000000000000000e+03
9.001833333333332121e+03
9.022666666666666060e+03
9.005500000000000000e+03
8.998166666666666060e+03
8.964166666666666060e+03
8.973333333333332121e+03
8.963833333333332121e+03
8.992000000000000000e+03
8.981000000000000000e+03
8.998500000000000000e+03
8.986166666666666060e+03
8.994333333333332121e+03
8.960166666666666060e+03
8.977666666666666060e+03
8.958500000000000000e+03
8.984166666666666060e+03
8.960333333333332121e+03
9.002500000000000000e+03
8.989833333333332121e+03
8.992333333333332121e+03
8.954833333333332121e+03
8.965166666666666060e+03
8.956666666666666060e+03
8.959500000000000000e+03
8.958000000000000000e+03
8.977666666666666060e+03
8.956000000000000000e+03
8.957833333333332121e+03
8.938333333333332121e+03
8.975500000000000000e+03
8.976000000000000000e+03
8.984166666666666060e+03
8.963000000000000000e+03
8.985500000000000000e+03
8.985500000000000000e+03
9.012333333333332121e+03
8.982666666666666060e+03
8.989000000000000000e+03
8.977000000000000000e+03
8.990000000000000000e+03
8.973833333333332121e+03
8.999666666666666060e+03
9.005333333333332121e+03
9.019000000000000000e+03
8.962166666666666060e+03
8.969833333333332121e+03
8.980166666666666060e+03
9.029500000000000000e+03
8.995333333333332121e+03
8.992333333333332121e+03
8.984666666666666060e+03
9.020500000000000000e+03
9.012166666666666060e+03
9.012666666666666060e+03
8.977833333333332121e+03
8.969833333333332121e+03
8.948333333333332121e+03
8.974500000000000000e+03
8.962666666666666060e+03
8.976500000000000000e+03
8.946166666666666060e+03
8.964000000000000000e+03
8.951166666666666060e+03
8.963666666666666060e+03
8.961833333333332121e+03
8.977333333333332121e+03
8.953166666666666060e+03
8.963500000000000000e+03
8.954666666666666060e+03
9.000333333333332121e+03
9.007000000000000000e+03
9.011333333333332121e+03
8.975666666666666060e+03
8.979666666666666060e+03
8.970166666666666060e+03
8.979833333333332121e+03
8.945333333333332121e+03
8.959166666666666060e+03
8.962000000000000000e+03
8.993666666666666060e+03
8.954833333333332121e+03
8.967166666666666060e+03
8.942333333333332121e+03
8.984833333333332121e+03
8.987166666666666060e+03
9.001333333333332121e+03
8.997000000000000000e+03
8.991166666666666060e+03
8.964666666666666060e+03
8.964166666666666060e+03
8.951000000000000000e+03
8.973833333333332121e+03
8.949500000000000000e+03
8.952000000000000000e+03
8.934666666666666060e+03
8.953000000000000000e+03
8.951666666666666060e+03
8.977166666666666060e+03
8.960500000000000000e+03
8.965000000000000000e+03
8.926000000000000000e+03
8.934500000000000000e+03
8.914833333333332121e+03
8.940166666666666060e+03
8.925333333333332121e+03
8.938166666666666060e+03
8.931666666666666060e+03
8.978833333333332121e+03
8.994166666666666060e+03
9.023000000000000000e+03
8.968333333333332121e+03
8.957333333333332121e+03
8.924666666666666060e+03
8.965833333333332121e+03
8.959000000000000000e+03
8.962666666666666060e+03
8.929333333333332121e+03
8.952333333333332121e+03
8.957833333333332121e+03
8.977333333333332121e+03
8.948833333333332121e+03
8.965166666666666060e+03
8.970166666666666060e+03
8.999666666666666060e+03
8.968500000000000000e+03
8.952833333333332121e+03
8.926000000000000000e+03
8.934833333333332121e+03
8.926166666666666060e+03
8.950166666666666060e+03
8.934333333333332121e+03
8.929000000000000000e+03
8.883833333333332121e+03
8.894166666666666060e+03
8.902166666666666060e+03
8.930333333333332121e+03
8.915833333333332121e+03
8.922333333333332121e+03
8.895500000000000000e+03
8.910500000000000000e+03
8.899666666666666060e+03
8.935166666666666060e+03
8.936833333333332121e+03
8.970333333333332121e+03
8.952666666666666060e+03
8.981833333333332121e+03
8.943166666666666060e+03
8.939000000000000000e+03
8.910333333333332121e+03
8.944500000000000000e+03
8.954166666666666060e+03
8.970333333333332121e+03
8.953000000000000000e+03
8.980500000000000000e+03
8.973333333333332121e+03
8.972500000000000000e+03
8.933000000000000000e+03
8.948500000000000000e+03
8.968666666666666060e+03
8.990666666666666060e+03
8.976333333333332121e+03
8.983666666666666060e+03
8.978833333333332121e+03
8.972833333333332121e+03
8.942833333333332121e+03
8.945333333333332121e+03
8.942333333333332121e+03
8.948666666666666060e+03
8.937833333333332121e+03
8.964500000000000000e+03
8.957333333333332121e+03
8.981833333333332121e+03
8.954000000000000000e+03
8.962166666666666060e+03
8.921666666666666060e+03
8.922833333333332121e+03
8.902000000000000000e+03
8.930333333333332121e+03
8.928000000000000000e+03
8.947500000000000000e+03
8.920500000000000000e+03
8.933500000000000000e+03
8.924500000000000000e+03
8.936166666666666060e+03
8.912166666666666060e+03
8.928833333333332121e+03
8.931333333333332121e+03
8.961666666666666060e+03
8.924333333333332121e+03
8.924500000000000000e+03
8.920666666666666060e+03
8.960333333333332121e+03
8.942833333333332121e+03
8.929833333333332121e+03
8.910000000000000000e+03
8.939333333333332121e+03
8.938500000000000000e+03
8.951666666666666060e+03
8.940333333333332121e+03
8.945166666666666060e+03
8.940333333333332121e+03
8.960166666666666060e+03
8.965833333333332121e+03
8.978833333333332121e+03
8.944666666666666060e+03
8.937333333333332121e+03
8.926833333333332121e+03
8.957500000000000000e+03
8.953666666666666060e+03
8.962166666666666060e+03
8.953500000000000000e+03
8.961166666666666060e+03
8.939666666666666060e+03
8.927500000000000000e+03
8.914166666666666060e+03
8.940000000000000000e+03
8.958166666666666060e+03
8.999166666666666060e+03
8.976666666666666060e+03
8.969333333333332121e+03
8.925333333333332121e+03
8.934833333333332121e+03
8.930333333333332121e+03
8.951500000000000000e+03
8.955833333333332121e+03
8.967166666666666060e+03
8.950833333333332121e+03
8.934333333333332121e+03
8.928500000000000000e+03
8.936000000000000000e+03
8.930666666666666060e+03
8.924500000000000000e+03
8.908666666666666060e+03
8.909333333333332121e+03
8.904166666666666060e+03
8.924833333333332121e+03
8.921333333333332121e+03
8.927500000000000000e+03
8.905666666666666060e+03
8.925500000000000000e+03
8.915500000000000000e+03
8.942500000000000000e+03
8.926333333333332121e+03
8.942666666666666060e+03
8.912166666666666060e+03
8.913333333333332121e+03
8.893000000000000000e+03
8.911500000000000000e+03
8.910166666666666060e+03
8.923000000000000000e+03
8.897500000000000000e+03
8.902833333333332121e+03
8.893333333333332121e+03
8.928833333333332121e+03
8.924666666666666060e+03
8.947500000000000000e+03
8.944000000000000000e+03
8.976000000000000000e+03
8.949333333333332121e+03
8.951333333333332121e+03
8.896333333333332121e+03
8.904833333333332121e+03
8.885833333333332121e+03
8.921833333333332121e+03
8.913166666666666060e+03
8.917666666666666060e+03
8.895833333333332121e+03
8.913000000000000000e+03
8.913333333333332121e+03
8.910166666666666060e+03
8.895500000000000000e+03
8.905500000000000000e+03
8.901666666666666060e+03
8.923500000000000000e+03
8.906333333333332121e+03
8.935500000000000000e+03
8.923000000000000000e+03
8.940166666666666060e+03
8.916166666666666060e+03
8.907000000000000000e+03
8.884833333333332121e+03
8.903500000000000000e+03
8.893166666666666060e+03
8.906500000000000000e+03
8.890833333333332121e+03
8.901500000000000000e+03
8.908000000000000000e+03
8.941666666666666060e+03
8.932000000000000000e+03
8.907833333333332121e+03
8.869333333333332121e+03
8.895000000000000000e+03
8.905500000000000000e+03
8.937666666666666060e+03
8.924833333333332121e+03
8.919000000000000000e+03
8.891333333333332121e+03
8.890166666666666060e+03
8.894666666666666060e+03
8.919333333333332121e+03
8.902333333333332121e+03
8.914666666666666060e+03
8.909166666666666060e+03
8.947500000000000000e+03
8.948833333333332121e+03
8.958500000000000000e+03
8.931833333333332121e+03
8.945000000000000000e+03
8.934833333333332121e+03
8.930833333333332121e+03
8.894166666666666060e+03
8.903666666666666060e+03
8.913666666666666060e+03
8.937500000000000000e+03
8.918833333333332121e+03
8.944500000000000000e+03
8.947833333333332121e+03
8.955666666666666060e+03
8.939333333333332121e+03
8.966666666666666060e+03
8.965333333333332121e+03
8.971833333333332121e+03
8.938000000000000000e+03
8.952166666666666060e+03
8.935166666666666060e+03
8.948166666666666060e+03
8.921000000000000000e+03
8.939500000000000000e+03
8.930833333333332121e+03
8.969666666666666060e+03
8.970833333333332121e+03
8.977833333333332121e+03
8.935666666666666060e+03
8.929666666666666060e+03
8.914166666666666060e+03
8.953000000000000000e+03
8.946333333333332121e+03
8.947000000000000000e+03
8.909833333333332121e+03
8.921500000000000000e+03
8.907833333333332121e+03
8.914166666666666060e+03
8.897666666666666060e+03
8.924000000000000000e+03
8.905166666666666060e+03
8.906500000000000000e+03
8.892166666666666060e+03
8.919500000000000000e+03
8.905666666666666060e+03
8.915333333333332121e+03
8.917333333333332121e+03
8.941166666666666060e+03
8.927833333333332121e+03
8.929500000000000000e+03
8.916666666666666060e+03
8.943833333333332121e+03
8.929333333333332121e+03
8.940833333333332121e+03
8.934500000000000000e+03
8.962833333333332121e+03
8.969166666666666060e+03
8.966000000000000000e+03
8.954333333333332121e+03
8.960000000000000000e+03
8.951833333333332121e+03
8.961000000000000000e+03
8.935333333333332121e+03
8.952000000000000000e+03
8.952666666666666060e+03
8.992000000000000000e+03
8.978666666666666060e+03
8.989000000000000000e+03
8.953000000000000000e+03
8.942833333333332121e+03
8.910666666666666060e+03
8.912000000000000000e+03
8.895500000000000000e+03
8.900166666666666060e+03
8.898333333333332121e+03
8.933166666666666060e+03
8.918500000000000000e+03
8.926500000000000000e+03
8.917333333333332121e+03
8.928833333333332121e+03
8.917166666666666060e+03
8.926000000000000000e+03
8.931666666666666060e+03
8.964500000000000000e+03
8.962000000000000000e+03
8.958000000000000000e+03
8.935166666666666060e+03
8.952833333333332121e+03
8.957833333333332121e+03
8.958833333333332121e+03
8.914333333333332121e+03
8.933500000000000000e+03
8.929166666666666060e+03
8.955333333333332121e+03
8.920166666666666060e+03
8.929000000000000000e+03
8.915166666666666060e+03
8.945000000000000000e+03
8.935500000000000000e+03
8.969500000000000000e+03
8.958500000000000000e+03
8.994666666666666060e+03
8.984166666666666060e+03
8.994333333333332121e+03
8.943500000000000000e+03
8.928500000000000000e+03
8.927333333333332121e+03
8.980833333333332121e+03
8.993500000000000000e+03
8.970666666666666060e+03
8.932500000000000000e+03
8.940500000000000000e+03
8.954166666666666060e+03
8.980000000000000000e+03
8.937166666666666060e+03
8.934833333333332121e+03
8.903000000000000000e+03
8.931833333333332121e+03
8.928500000000000000e+03
8.966666666666666060e+03
8.955166666666666060e+03
8.966833333333332121e+03
8.933333333333332121e+03
8.954833333333332121e+03
8.904500000000000000e+03
8.898500000000000000e+03
8.872333333333332121e+03
8.914166666666666060e+03
8.920000000000000000e+03
8.928333333333332121e+03
8.906500000000000000e+03
8.914500000000000000e+03
8.903666666666666060e+03
8.923166666666666060e+03
8.894500000000000000e+03
8.907166666666666060e+03
5.930500000000000000e+03
