3.805853903693316624e+02
5.254187237026649200e+02
1.754187237026649768e+02
3.072520570359982912e+02
7.994187237026649200e+02
1.173918723702664920e+03
1.327085390369331662e+03
1.127418723702664920e+03
1.212752057035998178e+03
1.283085390369331435e+03
1.271085390369331435e+03
1.092085390369331662e+03
1.211252057035998178e+03
1.336918723702664920e+03
1.340252057035998178e+03
1.153418723702664920e+03
1.222585390369331662e+03
1.334585390369331662e+03
1.397752057035998178e+03
1.242418723702664920e+03
1.417252057035998178e+03
1.525085390369331662e+03
1.543418723702664693e+03
1.302252057035998178e+03
1.389085390369331662e+03
1.447252057035998178e+03
1.449585390369331662e+03
1.255418723702664920e+03
1.355918723702664920e+03
1.434418723702664693e+03
1.434918723702664920e+03
1.273918723702664920e+03
1.419585390369331662e+03
1.477085390369331435e+03
1.484918723702664693e+03
1.273918723702664920e+03
1.381752057035998178e+03
1.449918723702664920e+03
1.413085390369331662e+03
1.238585390369331662e+03
1.338585390369331662e+03
1.454418723702664920e+03
1.443918723702664693e+03
1.255918723702664920e+03
1.342918723702664920e+03
1.447418723702664693e+03
1.480752057035998178e+03
1.362585390369331662e+03
1.491752057035998178e+03
1.551752057035998178e+03
1.473085390369331662e+03
1.247585390369331662e+03
1.371752057035998178e+03
1.478085390369331435e+03
1.511918723702664693e+03
1.333918723702664920e+03
1.416585390369331662e+03
1.425918723702664920e+03
1.398085390369331662e+03
1.225918723702664920e+03
1.361585390369331662e+03
1.472418723702664920e+03
1.477918723702664920e+03
1.282752057035998178e+03
1.373752057035998178e+03
1.472252057035998178e+03
1.455585390369331435e+03
1.282252057035998178e+03
1.416085390369331662e+03
1.547252057035998178e+03
1.564752057035998178e+03
1.371252057035998178e+03
1.475252057035998178e+03
1.531085390369331435e+03
1.512752057035998178e+03
1.340418723702664693e+03
1.426918723702664920e+03
1.483252057035998178e+03
1.425918723702664920e+03
1.275752057035998178e+03
1.383585390369331662e+03
1.459085390369331435e+03
1.418752057035998178e+03
1.239252057035998178e+03
1.341418723702664920e+03
1.438085390369331662e+03
1.446752057035998178e+03
1.310918723702664693e+03
1.403085390369331662e+03
1.450252057035998178e+03
1.444252057035998178e+03
1.266418723702664920e+03
1.373918723702664920e+03
1.452752057035998178e+03
1.443918723702664920e+03
1.339585390369331662e+03
1.463752057035998178e+03
1.552918723702664693e+03
1.482418723702664920e+03
1.262918723702664693e+03
1.359918723702664920e+03
1.458585390369331662e+03
1.455252057035998178e+03
1.260252057035998178e+03
1.331752057035998178e+03
1.373752057035998178e+03
1.366252057035998178e+03
1.202418723702664920e+03
1.344918723702664920e+03
1.437918723702664693e+03
1.445918723702664920e+03
1.269918723702664920e+03
1.416085390369331662e+03
1.531752057035998178e+03
1.551085390369331662e+03
1.337585390369331435e+03
1.406918723702664920e+03
1.440585390369331435e+03
1.423085390369331435e+03
1.241752057035998178e+03
1.387752057035998178e+03
1.471918723702664920e+03
1.470585390369331662e+03
1.256252057035998178e+03
1.354752057035998178e+03
1.396085390369331662e+03
1.366585390369331662e+03
1.207585390369331662e+03
1.379085390369331662e+03
1.488085390369331662e+03
1.432752057035998178e+03
1.179918723702664920e+03
1.299585390369331662e+03
1.438418723702664920e+03
1.461752057035998178e+03
1.280585390369331662e+03
1.349418723702664920e+03
1.424252057035998178e+03
1.395252057035998178e+03
1.227252057035998178e+03
1.365085390369331662e+03
1.514752057035998178e+03
1.565252057035998178e+03
1.348252057035998178e+03
1.352918723702664693e+03
1.396252057035998178e+03
1.435252057035998178e+03
1.296752057035998178e+03
1.351252057035998178e+03
1.399585390369331662e+03
1.409752057035998178e+03
1.282918723702664920e+03
1.398752057035998178e+03
1.462085390369331435e+03
1.439252057035998178e+03
1.260918723702664920e+03
1.377918723702664920e+03
1.465752057035998178e+03
1.470085390369331435e+03
1.306752057035998178e+03
1.377918723702664920e+03
1.417918723702664920e+03
1.382918723702664920e+03
1.237918723702664920e+03
1.334418723702664920e+03
1.403085390369331662e+03
1.409418723702664920e+03
1.278418723702664920e+03
1.393752057035998178e+03
1.480085390369331662e+03
1.451085390369331435e+03
1.254252057035998178e+03
1.283752057035998178e+03
1.375418723702664920e+03
1.448252057035998178e+03
1.305418723702664920e+03
1.370585390369331662e+03
1.426085390369331662e+03
1.465418723702664693e+03
1.306252057035998178e+03
1.382752057035998178e+03
1.415752057035998178e+03
1.402585390369331435e+03
1.244585390369331662e+03
1.366418723702664920e+03
1.436418723702664920e+03
1.426752057035998178e+03
1.236752057035998178e+03
1.389918723702664920e+03
1.473752057035998178e+03
1.445585390369331435e+03
1.257252057035998178e+03
1.354752057035998178e+03
1.460418723702664920e+03
1.484085390369331435e+03
1.313085390369331662e+03
1.415918723702664693e+03
1.449085390369331662e+03
1.435585390369331662e+03
1.278085390369331435e+03
1.403252057035998178e+03
1.464252057035998178e+03
1.467752057035998178e+03
1.289418723702664920e+03
1.374252057035998178e+03
1.417918723702664920e+03
1.419918723702664920e+03
1.286585390369331662e+03
1.407252057035998178e+03
1.459918723702664920e+03
1.433752057035998178e+03
1.260918723702664920e+03
1.359918723702664920e+03
1.422585390369331662e+03
1.342085390369331435e+03
1.140418723702664920e+03
1.284252057035998178e+03
1.490252057035998178e+03
1.560418723702664920e+03
1.353752057035998178e+03
1.364918723702664920e+03
1.396752057035998178e+03
1.416418723702664920e+03
1.262418723702664920e+03
1.372252057035998178e+03
1.455752057035998178e+03
1.503918723702664693e+03
1.335585390369331435e+03
1.411752057035998178e+03
1.439418723702664920e+03
1.455252057035998178e+03
1.306585390369331662e+03
1.369252057035998178e+03
1.361585390369331662e+03
1.356918723702664920e+03
1.242752057035998178e+03
1.398585390369331662e+03
1.427085390369331435e+03
1.415418723702664693e+03
1.249752057035998178e+03
1.379085390369331662e+03
1.424918723702664920e+03
1.379918723702664693e+03
1.196085390369331662e+03
1.292085390369331662e+03
1.384585390369331662e+03
1.361918723702664693e+03
1.180585390369331662e+03
1.278418723702664920e+03
1.384918723702664693e+03
1.430918723702664693e+03
1.284752057035998178e+03
1.401752057035998178e+03
1.440918723702664920e+03
1.437918723702664920e+03
1.272752057035998178e+03
1.373752057035998178e+03
1.424585390369331662e+03
1.411085390369331662e+03
1.234418723702664693e+03
1.316085390369331662e+03
1.387585390369331662e+03
1.435252057035998178e+03
1.313085390369331662e+03
1.413585390369331662e+03
1.451918723702664693e+03
1.431252057035998178e+03
1.225585390369331662e+03
1.300752057035998178e+03
1.358418723702664693e+03
1.383585390369331662e+03
1.245418723702664920e+03
1.369085390369331662e+03
1.392418723702664920e+03
1.371085390369331435e+03
1.177918723702664920e+03
1.287918723702664920e+03
1.347752057035998178e+03
1.345418723702664920e+03
1.198752057035998178e+03
1.360252057035998178e+03
1.456752057035998178e+03
1.469752057035998178e+03
1.244752057035998178e+03
1.309918723702664920e+03
1.395418723702664693e+03
1.477252057035998178e+03
1.339585390369331435e+03
1.405752057035998178e+03
1.386252057035998178e+03
1.400252057035998178e+03
1.265252057035998178e+03
1.360585390369331662e+03
1.381918723702664693e+03
1.365918723702664920e+03
1.259085390369331662e+03
1.405085390369331662e+03
1.486585390369331435e+03
1.480918723702664920e+03
1.278585390369331435e+03
1.342918723702664920e+03
1.390085390369331662e+03
1.367752057035998178e+03
1.228252057035998178e+03
1.321418723702664920e+03
1.415085390369331662e+03
1.401585390369331662e+03
1.285085390369331662e+03
1.398752057035998178e+03
1.485918723702664920e+03
1.478252057035998178e+03
1.353752057035998178e+03
1.422418723702664920e+03
1.415918723702664920e+03
1.346752057035998178e+03
1.210252057035998178e+03
1.355918723702664920e+03
1.416085390369331435e+03
1.413252057035998178e+03
1.204085390369331662e+03
1.257418723702664920e+03
1.259418723702664920e+03
1.253252057035998178e+03
1.143918723702664920e+03
1.236252057035998178e+03
1.322918723702664920e+03
1.331585390369331662e+03
1.212085390369331662e+03
1.284918723702664920e+03
1.341752057035998178e+03
1.348085390369331435e+03
1.213752057035998178e+03
1.287252057035998178e+03
1.370418723702664920e+03
1.392585390369331662e+03
1.287418723702664693e+03
1.331918723702664920e+03
1.385918723702664693e+03
1.411252057035998178e+03
1.307752057035998178e+03
1.361918723702664920e+03
1.368752057035998178e+03
1.362418723702664693e+03
1.264085390369331662e+03
1.367418723702664920e+03
1.397085390369331435e+03
1.352585390369331662e+03
1.200418723702664920e+03
1.324585390369331662e+03
1.435252057035998178e+03
1.431085390369331435e+03
1.262252057035998178e+03
1.335918723702664920e+03
1.384252057035998178e+03
1.385418723702664920e+03
1.181418723702664920e+03
1.249085390369331662e+03
1.304752057035998178e+03
1.369585390369331662e+03
1.261418723702664693e+03
1.304418723702664920e+03
1.336585390369331435e+03
1.331918723702664920e+03
1.227918723702664920e+03
1.304585390369331662e+03
1.351252057035998178e+03
1.391085390369331435e+03
1.280585390369331662e+03
1.397418723702664920e+03
1.413085390369331662e+03
1.392752057035998178e+03
1.202918723702664920e+03
1.249252057035998178e+03
1.324752057035998178e+03
1.431752057035998178e+03
1.363918723702664920e+03
1.425418723702664693e+03
1.364918723702664693e+03
1.341252057035998178e+03
1.231418723702664920e+03
1.345418723702664920e+03
1.382252057035998178e+03
1.352752057035998178e+03
1.200085390369331662e+03
1.284252057035998178e+03
1.338918723702664920e+03
1.369918723702664920e+03
1.261585390369331662e+03
1.331918723702664920e+03
1.365418723702664920e+03
1.329418723702664920e+03
1.170585390369331662e+03
1.235085390369331662e+03
1.287418723702664920e+03
1.313585390369331662e+03
1.188918723702664920e+03
1.264085390369331662e+03
1.298585390369331662e+03
1.315085390369331435e+03
1.206585390369331662e+03
1.347085390369331662e+03
1.389585390369331435e+03
1.350752057035998178e+03
1.172918723702664920e+03
1.242418723702664920e+03
1.307252057035998178e+03
1.327918723702664920e+03
1.237585390369331662e+03
1.337585390369331662e+03
1.341252057035998178e+03
1.333085390369331435e+03
1.223918723702664920e+03
1.348585390369331662e+03
1.399752057035998178e+03
1.427585390369331662e+03
1.338085390369331435e+03
1.399418723702664920e+03
1.399918723702664693e+03
1.359918723702664920e+03
1.215918723702664920e+03
1.269252057035998178e+03
1.286252057035998178e+03
1.316918723702664920e+03
1.240752057035998178e+03
1.350085390369331662e+03
1.369918723702664920e+03
1.353418723702664920e+03
1.241585390369331435e+03
1.355085390369331662e+03
1.418752057035998178e+03
1.448252057035998178e+03
1.274252057035998178e+03
1.326918723702664693e+03
1.329418723702664920e+03
1.362252057035998178e+03
1.234085390369331662e+03
1.285918723702664920e+03
1.266252057035998178e+03
1.279752057035998178e+03
1.220418723702664920e+03
1.345918723702664920e+03
1.366585390369331662e+03
1.325085390369331435e+03
1.189252057035998178e+03
1.256752057035998178e+03
1.289418723702664920e+03
1.342752057035998178e+03
1.290585390369331662e+03
1.363918723702664920e+03
1.362752057035998178e+03
1.351918723702664693e+03
1.255752057035998178e+03
1.342252057035998178e+03
1.387418723702664920e+03
1.375418723702664693e+03
1.281085390369331662e+03
1.300752057035998178e+03
1.371585390369331662e+03
1.443585390369331662e+03
1.362585390369331662e+03
1.407585390369331662e+03
1.372418723702664920e+03
1.381085390369331662e+03
1.260585390369331662e+03
1.313252057035998178e+03
1.330085390369331662e+03
1.335918723702664920e+03
1.239252057035998178e+03
1.317418723702664920e+03
1.375418723702664920e+03
1.398918723702664920e+03
1.273752057035998178e+03
1.310252057035998178e+03
1.320585390369331662e+03
1.322085390369331662e+03
1.200418723702664920e+03
1.261752057035998178e+03
1.312752057035998178e+03
1.356085390369331662e+03
1.267918723702664920e+03
1.347418723702664920e+03
1.380418723702664920e+03
1.394418723702664920e+03
1.256918723702664920e+03
1.284252057035998178e+03
1.294085390369331662e+03
1.333752057035998178e+03
1.233085390369331662e+03
1.257418723702664920e+03
1.213085390369331662e+03
1.229752057035998178e+03
1.160085390369331662e+03
1.258085390369331662e+03
1.318585390369331435e+03
1.353085390369331435e+03
1.275918723702664693e+03
1.321752057035998178e+03
1.307585390369331662e+03
1.320752057035998178e+03
1.199752057035998178e+03
1.278918723702664920e+03
1.318752057035998178e+03
1.355918723702664920e+03
1.242252057035998178e+03
1.282085390369331662e+03
1.292085390369331435e+03
1.311752057035998178e+03
1.254085390369331662e+03
1.383918723702664693e+03
1.421585390369331662e+03
1.371752057035998178e+03
1.218585390369331662e+03
1.317918723702664920e+03
1.391085390369331662e+03
1.456252057035998178e+03
1.316918723702664920e+03
1.313918723702664693e+03
1.273252057035998178e+03
1.296252057035998178e+03
1.230752057035998178e+03
1.288085390369331662e+03
1.312252057035998178e+03
1.379918723702664920e+03
1.298418723702664920e+03
1.332585390369331435e+03
1.285085390369331435e+03
1.281585390369331435e+03
1.183085390369331662e+03
1.256752057035998178e+03
1.254085390369331662e+03
1.266418723702664693e+03
1.178752057035998178e+03
1.304918723702664920e+03
1.382085390369331435e+03
1.424085390369331435e+03
1.313918723702664693e+03
1.320585390369331662e+03
1.301585390369331435e+03
1.315085390369331662e+03
1.256085390369331662e+03
1.325918723702664920e+03
1.328918723702664693e+03
1.336085390369331662e+03
1.244752057035998178e+03
1.319085390369331662e+03
1.336752057035998178e+03
1.385418723702664920e+03
1.305752057035998178e+03
1.365752057035998178e+03
1.354418723702664693e+03
1.401418723702664920e+03
1.303752057035998178e+03
1.362418723702664920e+03
1.316252057035998178e+03
1.318252057035998178e+03
1.172752057035998178e+03
1.242418723702664920e+03
1.273252057035998178e+03
1.352752057035998178e+03
1.278085390369331662e+03
1.366252057035998178e+03
1.374585390369331662e+03
1.361418723702664920e+03
1.253252057035998178e+03
1.321752057035998178e+03
1.350585390369331435e+03
1.359418723702664920e+03
1.263252057035998178e+03
1.347918723702664920e+03
1.339252057035998178e+03
1.339585390369331435e+03
1.196585390369331662e+03
1.293085390369331662e+03
1.352252057035998178e+03
1.455918723702664693e+03
1.388918723702664693e+03
1.416918723702664920e+03
1.362252057035998178e+03
1.325918723702664920e+03
1.200918723702664920e+03
1.265752057035998178e+03
1.291752057035998178e+03
1.329585390369331435e+03
1.225252057035998178e+03
1.246752057035998178e+03
1.257752057035998178e+03
1.305252057035998178e+03
1.241752057035998178e+03
1.279752057035998178e+03
1.230085390369331435e+03
1.238918723702664693e+03
1.192752057035998178e+03
1.285085390369331662e+03
1.293752057035998178e+03
1.339085390369331662e+03
1.284752057035998178e+03
1.396752057035998178e+03
1.405252057035998178e+03
1.443252057035998178e+03
1.339418723702664920e+03
1.346085390369331662e+03
1.325752057035998178e+03
1.339418723702664693e+03
1.273585390369331435e+03
1.314585390369331662e+03
1.299252057035998178e+03
1.342918723702664920e+03
1.324085390369331662e+03
1.425418723702664693e+03
1.391085390369331662e+03
1.368752057035998178e+03
1.278418723702664693e+03
1.365085390369331435e+03
1.362252057035998178e+03
1.308252057035998178e+03
1.185085390369331662e+03
1.229085390369331662e+03
1.270085390369331435e+03
1.289085390369331662e+03
1.209752057035998178e+03
1.242585390369331662e+03
1.224418723702664920e+03
1.231752057035998178e+03
1.160585390369331662e+03
1.229585390369331662e+03
1.250918723702664920e+03
1.299585390369331662e+03
1.221752057035998178e+03
1.284085390369331662e+03
1.306585390369331662e+03
1.370585390369331662e+03
1.278752057035998178e+03
1.301918723702664920e+03
1.287918723702664693e+03
1.325752057035998178e+03
1.272752057035998178e+03
1.328752057035998178e+03
1.316585390369331662e+03
1.330752057035998178e+03
1.274918723702664920e+03
1.369418723702664920e+03
1.351418723702664920e+03
1.322418723702664920e+03
1.191252057035998178e+03
1.261085390369331662e+03
1.339418723702664693e+03
1.441752057035998178e+03
1.387585390369331662e+03
1.398752057035998178e+03
1.319085390369331662e+03
1.327918723702664920e+03
1.229418723702664920e+03
1.273252057035998178e+03
1.254418723702664693e+03
1.308418723702664920e+03
1.276752057035998178e+03
1.348252057035998178e+03
1.335585390369331662e+03
1.356418723702664920e+03
1.224085390369331435e+03
1.227418723702664920e+03
1.225918723702664920e+03
1.321918723702664920e+03
1.323918723702664920e+03
1.381918723702664920e+03
1.346085390369331662e+03
1.385085390369331662e+03
1.301418723702664920e+03
1.366585390369331662e+03
1.303752057035998178e+03
1.337585390369331662e+03
1.242918723702664920e+03
1.315418723702664920e+03
1.286752057035998178e+03
1.358752057035998178e+03
1.317085390369331662e+03
1.384752057035998178e+03
1.341085390369331435e+03
1.328252057035998178e+03
1.232418723702664920e+03
1.311252057035998178e+03
1.325918723702664920e+03
1.399918723702664920e+03
1.297585390369331435e+03
1.335752057035998178e+03
1.333752057035998178e+03
1.443918723702664920e+03
1.411418723702664920e+03
1.447252057035998178e+03
1.373585390369331435e+03
1.370252057035998178e+03
1.251418723702664920e+03
1.249252057035998178e+03
1.209585390369331662e+03
1.218252057035998178e+03
1.222252057035998178e+03
1.320085390369331662e+03
1.343752057035998178e+03
1.338085390369331662e+03
1.205418723702664920e+03
1.236418723702664920e+03
1.228918723702664920e+03
1.312252057035998178e+03
1.259085390369331662e+03
1.337418723702664920e+03
1.292085390369331662e+03
1.294252057035998178e+03
1.205585390369331662e+03
1.305918723702664920e+03
1.367752057035998178e+03
1.361752057035998178e+03
1.253585390369331435e+03
1.271752057035998178e+03
1.328585390369331662e+03
1.339085390369331435e+03
1.247418723702664920e+03
1.276752057035998178e+03
1.293752057035998178e+03
1.349752057035998178e+03
1.239585390369331662e+03
1.285418723702664920e+03
1.288752057035998178e+03
1.338918723702664920e+03
1.297918723702664693e+03
1.328752057035998178e+03
1.337918723702664920e+03
1.358252057035998178e+03
1.272585390369331662e+03
1.265585390369331662e+03
1.226085390369331662e+03
1.255418723702664920e+03
1.218085390369331662e+03
1.238585390369331662e+03
1.255752057035998178e+03
1.320918723702664920e+03
1.280918723702664920e+03
1.351585390369331662e+03
1.367752057035998178e+03
1.424252057035998178e+03
1.301585390369331662e+03
1.269418723702664920e+03
1.207918723702664920e+03
1.224918723702664920e+03
1.138418723702664920e+03
1.225418723702664920e+03
1.306752057035998178e+03
1.360752057035998178e+03
1.220085390369331435e+03
1.149752057035998178e+03
1.139252057035998178e+03
1.232418723702664920e+03
1.218752057035998178e+03
1.266252057035998178e+03
1.242252057035998178e+03
1.293918723702664920e+03
1.287085390369331662e+03
1.355085390369331662e+03
1.335418723702664920e+03
1.357752057035998178e+03
1.299252057035998178e+03
1.358752057035998178e+03
1.324085390369331662e+03
1.313252057035998178e+03
1.224085390369331662e+03
1.272418723702664920e+03
1.332585390369331435e+03
1.334585390369331662e+03
1.234585390369331662e+03
1.233252057035998178e+03
1.264918723702664920e+03
1.325085390369331662e+03
1.259085390369331662e+03
1.313085390369331662e+03
1.329585390369331662e+03
1.411418723702664920e+03
1.321918723702664920e+03
1.331085390369331435e+03
1.288252057035998178e+03
1.298418723702664920e+03
1.237585390369331662e+03
1.294585390369331662e+03
1.303752057035998178e+03
1.317418723702664693e+03
1.204918723702664920e+03
1.244252057035998178e+03
1.225085390369331662e+03
1.260918723702664920e+03
1.174085390369331662e+03
1.238085390369331662e+03
1.253752057035998178e+03
1.331252057035998178e+03
1.279585390369331435e+03
1.306418723702664920e+03
1.275085390369331435e+03
1.297752057035998178e+03
1.242085390369331662e+03
1.339252057035998178e+03
1.366585390369331435e+03
1.413418723702664920e+03
1.315918723702664920e+03
1.326752057035998178e+03
1.309252057035998178e+03
1.324252057035998178e+03
1.271752057035998178e+03
1.301918723702664920e+03
1.283918723702664920e+03
1.285418723702664693e+03
1.208918723702664920e+03
1.308918723702664920e+03
1.309752057035998178e+03
1.347585390369331662e+03
1.240085390369331662e+03
1.311752057035998178e+03
1.298918723702664693e+03
1.309918723702664920e+03
1.211585390369331662e+03
1.281085390369331662e+03
1.292752057035998178e+03
1.312585390369331662e+03
1.214752057035998178e+03
1.289418723702664920e+03
1.316085390369331435e+03
1.382085390369331435e+03
1.279085390369331435e+03
1.344252057035998178e+03
1.317252057035998178e+03
1.286752057035998178e+03
1.139585390369331662e+03
1.189585390369331662e+03
1.235585390369331435e+03
1.243585390369331435e+03
1.166252057035998178e+03
1.251252057035998178e+03
1.327085390369331662e+03
1.368585390369331662e+03
1.303918723702664693e+03
1.368752057035998178e+03
1.377085390369331435e+03
1.370752057035998178e+03
1.233752057035998178e+03
1.231918723702664920e+03
1.229418723702664920e+03
1.267418723702664920e+03
1.190752057035998178e+03
1.235418723702664920e+03
1.244752057035998178e+03
1.291085390369331662e+03
1.230418723702664920e+03
1.295252057035998178e+03
1.348085390369331662e+03
1.363418723702664693e+03
1.250585390369331435e+03
1.243918723702664920e+03
1.238085390369331435e+03
1.296752057035998178e+03
1.225252057035998178e+03
1.292418723702664920e+03
1.286918723702664920e+03
1.325585390369331662e+03
1.251918723702664920e+03
1.312252057035998178e+03
1.297585390369331435e+03
1.312585390369331435e+03
1.231752057035998178e+03
1.344418723702664920e+03
1.345752057035998178e+03
1.347252057035998178e+03
1.223085390369331662e+03
1.309585390369331662e+03
1.311585390369331662e+03
1.332918723702664693e+03
1.208752057035998178e+03
1.279752057035998178e+03
1.289085390369331662e+03
1.332585390369331662e+03
1.235418723702664920e+03
1.303418723702664920e+03
1.301252057035998178e+03
1.347918723702664920e+03
1.258752057035998178e+03
1.309918723702664920e+03
1.302585390369331662e+03
1.325585390369331435e+03
1.274418723702664693e+03
1.342752057035998178e+03
1.322085390369331662e+03
1.339585390369331435e+03
1.287918723702664920e+03
1.354252057035998178e+03
1.302085390369331662e+03
1.262252057035998178e+03
1.172252057035998178e+03
1.266752057035998178e+03
1.280085390369331435e+03
1.268752057035998178e+03
1.166585390369331662e+03
1.255252057035998178e+03
1.306752057035998178e+03
1.350418723702664693e+03
1.260418723702664920e+03
1.343418723702664920e+03
1.362918723702664693e+03
1.378252057035998178e+03
1.268252057035998178e+03
1.312585390369331662e+03
1.303085390369331435e+03
1.332418723702664920e+03
1.227752057035998178e+03
1.285585390369331662e+03
1.294752057035998178e+03
1.297918723702664920e+03
1.176252057035998178e+03
1.149252057035998178e+03
1.176085390369331662e+03
1.284752057035998178e+03
1.240752057035998178e+03
1.286252057035998178e+03
1.237252057035998178e+03
1.241085390369331662e+03
1.126085390369331662e+03
1.192418723702664920e+03
1.247918723702664920e+03
1.297585390369331662e+03
1.178585390369331662e+03
1.196252057035998178e+03
1.190085390369331662e+03
1.220418723702664920e+03
1.159418723702664920e+03
1.268252057035998178e+03
1.314252057035998178e+03
1.349918723702664920e+03
1.220918723702664693e+03
1.230918723702664920e+03
1.236752057035998178e+03
1.284252057035998178e+03
1.249585390369331662e+03
1.311752057035998178e+03
1.324252057035998178e+03
1.329918723702664920e+03
1.216085390369331662e+03
1.243752057035998178e+03
1.243418723702664920e+03
1.264585390369331662e+03
1.179085390369331662e+03
1.205918723702664920e+03
1.206585390369331435e+03
1.223918723702664693e+03
1.179918723702664920e+03
1.260252057035998178e+03
1.323085390369331662e+03
1.392418723702664693e+03
1.341085390369331435e+03
1.321085390369331662e+03
1.235585390369331662e+03
1.191418723702664920e+03
1.128252057035998178e+03
1.231418723702664920e+03
1.311418723702664693e+03
1.356085390369331662e+03
1.279252057035998178e+03
1.321085390369331662e+03
1.337418723702664920e+03
1.327585390369331662e+03
1.190752057035998178e+03
1.202085390369331662e+03
1.260918723702664920e+03
1.305752057035998178e+03
1.261918723702664920e+03
1.297085390369331662e+03
1.327085390369331662e+03
1.304252057035998178e+03
1.182085390369331662e+03
1.228418723702664920e+03
1.296585390369331662e+03
1.350752057035998178e+03
1.282585390369331662e+03
1.310918723702664920e+03
1.277918723702664693e+03
1.230752057035998178e+03
1.142752057035998178e+03
1.250585390369331662e+03
1.273752057035998178e+03
1.277585390369331435e+03
1.145252057035998178e+03
1.208752057035998178e+03
1.203085390369331662e+03
1.208085390369331662e+03
1.099585390369331662e+03
1.170252057035998178e+03
1.206418723702664920e+03
1.265418723702664693e+03
1.204752057035998178e+03
1.310418723702664920e+03
1.329085390369331435e+03
1.352585390369331662e+03
1.203085390369331662e+03
1.226585390369331662e+03
1.206418723702664920e+03
1.269918723702664920e+03
1.223252057035998178e+03
1.316918723702664920e+03
1.293418723702664920e+03
1.269418723702664693e+03
1.113585390369331662e+03
1.157085390369331662e+03
1.201252057035998178e+03
1.258085390369331662e+03
1.209918723702664920e+03
1.277085390369331662e+03
1.312252057035998178e+03
1.305252057035998178e+03
1.193252057035998178e+03
1.215085390369331662e+03
1.200585390369331662e+03
1.216252057035998178e+03
1.160418723702664920e+03
1.271918723702664920e+03
1.337918723702664693e+03
1.372752057035998178e+03
1.262918723702664920e+03
1.266418723702664920e+03
1.249418723702664920e+03
1.272252057035998178e+03
1.230752057035998178e+03
1.331918723702664920e+03
1.363085390369331662e+03
1.300752057035998178e+03
1.150585390369331662e+03
1.192418723702664920e+03
1.264752057035998178e+03
1.301252057035998178e+03
1.224085390369331662e+03
1.222418723702664920e+03
1.228085390369331662e+03
1.262418723702664920e+03
1.220585390369331662e+03
1.268418723702664920e+03
1.270585390369331662e+03
1.334918723702664920e+03
1.333418723702664693e+03
1.359252057035998178e+03
1.297918723702664693e+03
1.251418723702664920e+03
1.160252057035998178e+03
1.207918723702664920e+03
1.181418723702664693e+03
1.209585390369331662e+03
1.133252057035998178e+03
1.231752057035998178e+03
1.262418723702664920e+03
1.292752057035998178e+03
1.186585390369331662e+03
1.216418723702664920e+03
1.200585390369331662e+03
1.183418723702664920e+03
1.099252057035998178e+03
1.213585390369331662e+03
1.305252057035998178e+03
1.353085390369331662e+03
1.265752057035998178e+03
1.292585390369331662e+03
1.296085390369331662e+03
1.273918723702664920e+03
1.203252057035998178e+03
1.264752057035998178e+03
1.287085390369331662e+03
1.253752057035998178e+03
1.138918723702664920e+03
1.183085390369331662e+03
1.224085390369331435e+03
1.251252057035998178e+03
1.215752057035998178e+03
1.293418723702664920e+03
1.303085390369331662e+03
1.281252057035998178e+03
1.159752057035998178e+03
1.243252057035998178e+03
1.296918723702664693e+03
1.326252057035998178e+03
1.224918723702664920e+03
1.230085390369331662e+03
1.273085390369331435e+03
1.302418723702664693e+03
1.210418723702664920e+03
1.174752057035998178e+03
1.125918723702664920e+03
1.132252057035998178e+03
1.128918723702664920e+03
1.272252057035998178e+03
1.349585390369331662e+03
1.353752057035998178e+03
1.212085390369331662e+03
1.225252057035998178e+03
1.285418723702664920e+03
1.390085390369331662e+03
1.352085390369331662e+03
1.395752057035998178e+03
1.333418723702664920e+03
1.339418723702664693e+03
1.228252057035998178e+03
1.287918723702664920e+03
1.297085390369331435e+03
1.322252057035998178e+03
1.233418723702664693e+03
1.279252057035998178e+03
1.274585390369331662e+03
1.306085390369331662e+03
1.188918723702664920e+03
1.230418723702664920e+03
1.252585390369331662e+03
1.333252057035998178e+03
1.263585390369331662e+03
1.264418723702664920e+03
1.240252057035998178e+03
1.238085390369331435e+03
1.193918723702664920e+03
1.278585390369331662e+03
1.323252057035998178e+03
1.320252057035998178e+03
1.204252057035998178e+03
1.239918723702664920e+03
1.267418723702664920e+03
1.298085390369331435e+03
1.237418723702664920e+03
1.294252057035998178e+03
1.350085390369331662e+03
1.400085390369331662e+03
1.298085390369331435e+03
1.322085390369331662e+03
1.303085390369331662e+03
1.325752057035998178e+03
1.226918723702664920e+03
1.304918723702664920e+03
1.343418723702664920e+03
1.345752057035998178e+03
1.222752057035998178e+03
1.280085390369331662e+03
1.294418723702664920e+03
1.277085390369331662e+03
1.194918723702664920e+03
1.247752057035998178e+03
1.284418723702664920e+03
1.258752057035998178e+03
1.194918723702664920e+03
1.276252057035998178e+03
1.311085390369331435e+03
1.312252057035998178e+03
1.222418723702664920e+03
1.253752057035998178e+03
1.271585390369331662e+03
1.225085390369331435e+03
1.133585390369331662e+03
1.159752057035998178e+03
1.241085390369331662e+03
1.298085390369331662e+03
1.247085390369331662e+03
1.257085390369331662e+03
1.238418723702664920e+03
1.233918723702664920e+03
1.175918723702664920e+03
1.274918723702664920e+03
1.319585390369331435e+03
1.329252057035998178e+03
1.235418723702664693e+03
1.264418723702664920e+03
1.266585390369331662e+03
1.226418723702664920e+03
1.138585390369331662e+03
1.212418723702664920e+03
1.265418723702664920e+03
1.288085390369331662e+03
1.210252057035998178e+03
1.267418723702664920e+03
1.271085390369331435e+03
1.259585390369331662e+03
1.161918723702664920e+03
1.221085390369331662e+03
1.243418723702664920e+03
1.263752057035998178e+03
1.167752057035998178e+03
1.202918723702664920e+03
1.234252057035998178e+03
1.282418723702664693e+03
1.242752057035998178e+03
1.340252057035998178e+03
1.345252057035998178e+03
1.319752057035998178e+03
1.162085390369331662e+03
1.201585390369331662e+03
1.243918723702664920e+03
1.244918723702664920e+03
1.180752057035998178e+03
1.225085390369331662e+03
1.235585390369331662e+03
1.201085390369331662e+03
1.097252057035998178e+03
1.185085390369331662e+03
1.253252057035998178e+03
1.304085390369331662e+03
1.203085390369331662e+03
1.256752057035998178e+03
1.246085390369331435e+03
1.285752057035998178e+03
1.210418723702664920e+03
1.269418723702664920e+03
1.267418723702664920e+03
1.257418723702664920e+03
1.181418723702664920e+03
1.230918723702664920e+03
1.201418723702664920e+03
1.225752057035998178e+03
1.149085390369331662e+03
1.231418723702664920e+03
1.286252057035998178e+03
1.327918723702664920e+03
1.264918723702664920e+03
1.272752057035998178e+03
1.254752057035998178e+03
1.318252057035998178e+03
1.249585390369331662e+03
1.308252057035998178e+03
1.306252057035998178e+03
1.339918723702664920e+03
1.279418723702664693e+03
1.318918723702664693e+03
1.325918723702664920e+03
1.297585390369331435e+03
1.197585390369331435e+03
1.232418723702664920e+03
1.298252057035998178e+03
1.312252057035998178e+03
1.241418723702664920e+03
1.290418723702664920e+03
1.300418723702664920e+03
1.285252057035998178e+03
1.198252057035998178e+03
1.264918723702664920e+03
1.284585390369331435e+03
1.288085390369331662e+03
1.215252057035998178e+03
1.297085390369331662e+03
1.323752057035998178e+03
1.340085390369331662e+03
1.218418723702664920e+03
1.257252057035998178e+03
1.241585390369331662e+03
1.237752057035998178e+03
1.163752057035998178e+03
1.240418723702664920e+03
1.294585390369331435e+03
1.311085390369331662e+03
1.251418723702664920e+03
1.320918723702664920e+03
1.343918723702664693e+03
1.329752057035998178e+03
1.259752057035998178e+03
1.314252057035998178e+03
1.352918723702664920e+03
1.318418723702664920e+03
1.224418723702664693e+03
1.253085390369331662e+03
1.290252057035998178e+03
1.327918723702664920e+03
1.228585390369331662e+03
1.287918723702664693e+03
1.256418723702664920e+03
1.240252057035998178e+03
1.169418723702664920e+03
1.282085390369331662e+03
1.351585390369331662e+03
1.337752057035998178e+03
1.220752057035998178e+03
1.244585390369331662e+03
1.257418723702664920e+03
1.246918723702664920e+03
1.161918723702664920e+03
1.213585390369331662e+03
1.252252057035998178e+03
1.314085390369331662e+03
1.281918723702664920e+03
1.346752057035998178e+03
1.338418723702664920e+03
1.317085390369331662e+03
1.260252057035998178e+03
1.311752057035998178e+03
1.340585390369331662e+03
1.338918723702664920e+03
1.269585390369331662e+03
1.335085390369331662e+03
1.340585390369331662e+03
1.347252057035998178e+03
1.234085390369331662e+03
1.289752057035998178e+03
1.300752057035998178e+03
1.302585390369331662e+03
1.183918723702664920e+03
1.226085390369331662e+03
1.235418723702664920e+03
1.244418723702664920e+03
1.186085390369331662e+03
1.269085390369331662e+03
1.285085390369331662e+03
1.274252057035998178e+03
1.193918723702664920e+03
1.316085390369331662e+03
1.355418723702664920e+03
1.369752057035998178e+03
1.237585390369331662e+03
1.260085390369331662e+03
1.258918723702664920e+03
1.275918723702664920e+03
1.240585390369331662e+03
1.285752057035998178e+03
1.290252057035998178e+03
1.271585390369331662e+03
1.193918723702664920e+03
1.244418723702664920e+03
1.274752057035998178e+03
1.299585390369331662e+03
1.232252057035998178e+03
1.293752057035998178e+03
1.350418723702664920e+03
1.359085390369331435e+03
1.242752057035998178e+03
1.250585390369331662e+03
1.267918723702664693e+03
1.295752057035998178e+03
1.250252057035998178e+03
1.351752057035998178e+03
1.365918723702664920e+03
1.341252057035998178e+03
1.191918723702664920e+03
1.238085390369331662e+03
1.254252057035998178e+03
1.276085390369331662e+03
1.193418723702664920e+03
1.273252057035998178e+03
1.360585390369331662e+03
1.383918723702664920e+03
1.274752057035998178e+03
1.289418723702664920e+03
1.293252057035998178e+03
1.272085390369331662e+03
1.171752057035998178e+03
1.250585390369331662e+03
1.295085390369331662e+03
1.324752057035998178e+03
1.231918723702664920e+03
1.305085390369331662e+03
1.335418723702664920e+03
1.366918723702664693e+03
1.287752057035998178e+03
1.312252057035998178e+03
1.334918723702664920e+03
1.388918723702664693e+03
1.307418723702664920e+03
1.326752057035998178e+03
1.288252057035998178e+03
1.314585390369331662e+03
1.251585390369331662e+03
1.317585390369331662e+03
1.338085390369331662e+03
1.361252057035998178e+03
1.286085390369331662e+03
1.335585390369331662e+03
1.346252057035998178e+03
1.321918723702664693e+03
1.233252057035998178e+03
1.337418723702664920e+03
1.393418723702664693e+03
1.420752057035998178e+03
1.329085390369331662e+03
1.372085390369331662e+03
1.422085390369331435e+03
1.422252057035998178e+03
1.316752057035998178e+03
1.322752057035998178e+03
1.332085390369331662e+03
1.376918723702664920e+03
1.311752057035998178e+03
1.339418723702664920e+03
1.338752057035998178e+03
1.387752057035998178e+03
1.306752057035998178e+03
1.346252057035998178e+03
1.330585390369331662e+03
1.347585390369331662e+03
1.302085390369331435e+03
1.335585390369331662e+03
1.375252057035998178e+03
1.411918723702664920e+03
1.375752057035998178e+03
1.436085390369331662e+03
1.447085390369331662e+03
1.428918723702664693e+03
1.311918723702664693e+03
1.343418723702664920e+03
1.342252057035998178e+03
1.353252057035998178e+03
1.289418723702664693e+03
1.361085390369331662e+03
1.376752057035998178e+03
1.363252057035998178e+03
1.251585390369331662e+03
1.302918723702664920e+03
1.303918723702664693e+03
1.354252057035998178e+03
1.303752057035998178e+03
1.416585390369331662e+03
1.418252057035998178e+03
1.395085390369331662e+03
1.286918723702664920e+03
1.369252057035998178e+03
1.429918723702664693e+03
1.481418723702664920e+03
1.453085390369331662e+03
1.503252057035998178e+03
1.467918723702664920e+03
1.407418723702664920e+03
1.290418723702664920e+03
1.350418723702664920e+03
1.395085390369331662e+03
1.423918723702664693e+03
1.360418723702664920e+03
1.416085390369331435e+03
1.474918723702664920e+03
1.523085390369331662e+03
1.408585390369331435e+03
1.386585390369331662e+03
1.369252057035998178e+03
1.424752057035998178e+03
1.403752057035998178e+03
1.474252057035998178e+03
1.454752057035998178e+03
1.447585390369331435e+03
1.322918723702664693e+03
1.329918723702664920e+03
1.337752057035998178e+03
1.399252057035998178e+03
1.391252057035998178e+03
1.505585390369331662e+03
1.499918723702664920e+03
1.505418723702664920e+03
1.385918723702664920e+03
1.447585390369331662e+03
1.474252057035998178e+03
1.495252057035998178e+03
1.462918723702664920e+03
1.551918723702664920e+03
1.561585390369331662e+03
1.564252057035998178e+03
1.454418723702664693e+03
1.488918723702664693e+03
1.452918723702664920e+03
1.441418723702664693e+03
1.393918723702664693e+03
1.538085390369331662e+03
1.602252057035998178e+03
1.644585390369331662e+03
1.492418723702664920e+03
1.466252057035998178e+03
1.419418723702664693e+03
1.420918723702664920e+03
1.386418723702664693e+03
1.452418723702664693e+03
1.462085390369331662e+03
1.495918723702664920e+03
1.427585390369331435e+03
1.515752057035998178e+03
1.532252057035998178e+03
1.602918723702664920e+03
1.546085390369331662e+03
1.572252057035998178e+03
1.524252057035998178e+03
1.511252057035998178e+03
1.421252057035998178e+03
1.482252057035998178e+03
1.538918723702664693e+03
1.611752057035998178e+03
1.516085390369331435e+03
1.491752057035998178e+03
1.492252057035998178e+03
1.537585390369331662e+03
1.503585390369331435e+03
1.569085390369331662e+03
1.566252057035998178e+03
1.584918723702664920e+03
1.504752057035998178e+03
1.547752057035998178e+03
1.550752057035998178e+03
1.550085390369331662e+03
1.529918723702664693e+03
1.576585390369331662e+03
1.582752057035998178e+03
1.564918723702664920e+03
1.488585390369331435e+03
1.540252057035998178e+03
1.523085390369331662e+03
1.545752057035998178e+03
1.481585390369331435e+03
1.566252057035998178e+03
1.571418723702664693e+03
1.562418723702664920e+03
1.483085390369331662e+03
1.590918723702664920e+03
1.608085390369331662e+03
1.615585390369331662e+03
1.476752057035998178e+03
1.549918723702664693e+03
1.594252057035998178e+03
1.633918723702664920e+03
1.597752057035998178e+03
1.683585390369331662e+03
1.700252057035998178e+03
1.651252057035998178e+03
1.536418723702664920e+03
1.572252057035998178e+03
1.593418723702664693e+03
1.600418723702664920e+03
1.515252057035998178e+03
1.545585390369331662e+03
1.556085390369331435e+03
1.628752057035998178e+03
1.606418723702664693e+03
1.632418723702664920e+03
1.577585390369331662e+03
1.565918723702664920e+03
1.496252057035998178e+03
1.562585390369331435e+03
1.578085390369331662e+03
1.620585390369331662e+03
1.563752057035998178e+03
1.619752057035998178e+03
1.645085390369331662e+03
1.694752057035998178e+03
1.659918723702664693e+03
1.706585390369331662e+03
1.684918723702664920e+03
1.667752057035998178e+03
1.580418723702664920e+03
1.642418723702664920e+03
1.649752057035998178e+03
1.667918723702664920e+03
1.573085390369331662e+03
1.632918723702664693e+03
1.678418723702664920e+03
1.747085390369331435e+03
1.675418723702664920e+03
1.690918723702664920e+03
1.700585390369331662e+03
1.751418723702664920e+03
1.727085390369331662e+03
1.754752057035998178e+03
1.741585390369331662e+03
1.745585390369331662e+03
1.641585390369331662e+03
1.667585390369331662e+03
1.656585390369331662e+03
1.666418723702664920e+03
1.576418723702664693e+03
1.612418723702664693e+03
1.649752057035998178e+03
1.683418723702664920e+03
1.608918723702664693e+03
1.680085390369331662e+03
1.741085390369331435e+03
1.797752057035998178e+03
1.717752057035998178e+03
1.721418723702664920e+03
1.713252057035998178e+03
1.722085390369331435e+03
1.666585390369331662e+03
1.715252057035998178e+03
1.727918723702664920e+03
1.788585390369331662e+03
1.730585390369331435e+03
1.794252057035998178e+03
1.770918723702664920e+03
1.774918723702664920e+03
1.660752057035998178e+03
1.669252057035998178e+03
1.639585390369331662e+03
1.644085390369331662e+03
1.583918723702664693e+03
1.686085390369331435e+03
1.724918723702664920e+03
1.769418723702664693e+03
1.694418723702664920e+03
1.747085390369331662e+03
1.769418723702664920e+03
1.784752057035998178e+03
1.749085390369331435e+03
1.775585390369331662e+03
1.749918723702664920e+03
1.683918723702664920e+03
1.588252057035998178e+03
1.661252057035998178e+03
1.734752057035998178e+03
1.776752057035998178e+03
1.692585390369331435e+03
1.717752057035998178e+03
1.726418723702664920e+03
1.751752057035998178e+03
1.685418723702664693e+03
1.719585390369331662e+03
1.717752057035998178e+03
1.705752057035998178e+03
1.601585390369331662e+03
1.641585390369331435e+03
1.651752057035998178e+03
1.690085390369331435e+03
1.615418723702664693e+03
1.669752057035998178e+03
1.666585390369331662e+03
1.683585390369331662e+03
1.612252057035998178e+03
1.694752057035998178e+03
1.745585390369331662e+03
1.797918723702664693e+03
1.733752057035998178e+03
1.766918723702664693e+03
1.755585390369331435e+03
1.745418723702664920e+03
1.660752057035998178e+03
1.704252057035998178e+03
1.767252057035998178e+03
1.820585390369331662e+03
1.712752057035998178e+03
1.679585390369331662e+03
1.643752057035998178e+03
1.729752057035998178e+03
1.736752057035998178e+03
1.807085390369331662e+03
1.784418723702664920e+03
1.781252057035998178e+03
1.671585390369331662e+03
1.678752057035998178e+03
1.674085390369331435e+03
1.756085390369331662e+03
1.714252057035998178e+03
1.717585390369331662e+03
1.666252057035998178e+03
1.677252057035998178e+03
1.618752057035998178e+03
1.667585390369331662e+03
1.672752057035998178e+03
1.681085390369331662e+03
1.618085390369331662e+03
1.692252057035998178e+03
1.712252057035998178e+03
1.690585390369331662e+03
1.566585390369331662e+03
1.643418723702664920e+03
1.734918723702664920e+03
1.839918723702664693e+03
1.746418723702664920e+03
1.750585390369331662e+03
1.717252057035998178e+03
1.754252057035998178e+03
1.685585390369331662e+03
1.719585390369331662e+03
1.718752057035998178e+03
1.705585390369331435e+03
1.612418723702664920e+03
1.636252057035998178e+03
1.689418723702664920e+03
1.726085390369331662e+03
1.619585390369331435e+03
1.643752057035998178e+03
1.659752057035998178e+03
1.739418723702664920e+03
1.664752057035998178e+03
1.678418723702664920e+03
1.654585390369331662e+03
1.695585390369331662e+03
1.656918723702664693e+03
1.691585390369331435e+03
1.687252057035998178e+03
1.685918723702664920e+03
1.645252057035998178e+03
1.708918723702664920e+03
1.767752057035998178e+03
1.802752057035998178e+03
1.704585390369331662e+03
1.707752057035998178e+03
1.693418723702664920e+03
1.724418723702664693e+03
1.697252057035998178e+03
1.753585390369331662e+03
1.780918723702664920e+03
1.782252057035998178e+03
1.696252057035998178e+03
1.714752057035998178e+03
1.736418723702664693e+03
1.776418723702664693e+03
1.751918723702664920e+03
1.822585390369331662e+03
1.861252057035998178e+03
1.822585390369331662e+03
1.660585390369331435e+03
1.673085390369331435e+03
1.735752057035998178e+03
1.808085390369331662e+03
1.753752057035998178e+03
1.745918723702664693e+03
1.696085390369331435e+03
1.650418723702664920e+03
1.541918723702664693e+03
1.590585390369331662e+03
1.617918723702664693e+03
1.685418723702664693e+03
1.647418723702664920e+03
1.688752057035998178e+03
1.664585390369331662e+03
1.666418723702664920e+03
1.570252057035998178e+03
1.588085390369331435e+03
1.550418723702664693e+03
1.536918723702664920e+03
1.479918723702664920e+03
1.594918723702664693e+03
1.695418723702664920e+03
1.757085390369331662e+03
1.682085390369331662e+03
1.700418723702664693e+03
1.677085390369331662e+03
1.643085390369331662e+03
1.548252057035998178e+03
1.600252057035998178e+03
1.632585390369331662e+03
1.635418723702664693e+03
1.524085390369331435e+03
1.528585390369331662e+03
1.530085390369331662e+03
1.516752057035998178e+03
1.426918723702664693e+03
1.491418723702664693e+03
1.550585390369331662e+03
1.599252057035998178e+03
1.512252057035998178e+03
1.578085390369331662e+03
1.585252057035998178e+03
1.561085390369331662e+03
1.478752057035998178e+03
1.563752057035998178e+03
1.640918723702664693e+03
1.652418723702664693e+03
1.567918723702664920e+03
1.581085390369331435e+03
1.584918723702664920e+03
1.552085390369331662e+03
1.520918723702664693e+03
1.563918723702664920e+03
1.586252057035998178e+03
1.549585390369331662e+03
1.448918723702664920e+03
1.473918723702664920e+03
1.476918723702664920e+03
1.505418723702664920e+03
1.457918723702664920e+03
1.491585390369331662e+03
1.486252057035998178e+03
1.520752057035998178e+03
1.468085390369331662e+03
1.517085390369331662e+03
1.451585390369331662e+03
1.426418723702664920e+03
1.365418723702664920e+03
1.462085390369331662e+03
1.514085390369331435e+03
1.539085390369331662e+03
1.451252057035998178e+03
1.493752057035998178e+03
1.457752057035998178e+03
1.440418723702664920e+03
1.348752057035998178e+03
1.392918723702664693e+03
1.397752057035998178e+03
1.367418723702664920e+03
1.288752057035998178e+03
1.346585390369331662e+03
1.396585390369331435e+03
1.421918723702664920e+03
1.349418723702664693e+03
1.371752057035998178e+03
1.413752057035998178e+03
1.482752057035998178e+03
1.420752057035998178e+03
1.418252057035998178e+03
1.383418723702664920e+03
1.389252057035998178e+03
1.312418723702664920e+03
1.327752057035998178e+03
1.339085390369331435e+03
1.350752057035998178e+03
1.313252057035998178e+03
1.401252057035998178e+03
1.454252057035998178e+03
1.454585390369331662e+03
1.371918723702664693e+03
1.404918723702664693e+03
1.406918723702664920e+03
1.370418723702664693e+03
1.240418723702664693e+03
1.293252057035998178e+03
1.340085390369331662e+03
1.377752057035998178e+03
1.313085390369331662e+03
1.344085390369331662e+03
1.331918723702664693e+03
1.340585390369331435e+03
1.249252057035998178e+03
1.286085390369331662e+03
1.262085390369331662e+03
1.257418723702664920e+03
1.199085390369331662e+03
1.263918723702664920e+03
1.277752057035998178e+03
1.268252057035998178e+03
1.189252057035998178e+03
1.279585390369331662e+03
1.361752057035998178e+03
1.377418723702664920e+03
1.308752057035998178e+03
1.364585390369331662e+03
1.425752057035998178e+03
1.444085390369331435e+03
1.313418723702664920e+03
1.339918723702664920e+03
1.371752057035998178e+03
1.401085390369331435e+03
1.293085390369331662e+03
1.269252057035998178e+03
1.252252057035998178e+03
1.252752057035998178e+03
1.179418723702664920e+03
1.225752057035998178e+03
1.225418723702664920e+03
1.241918723702664920e+03
1.191085390369331662e+03
1.272418723702664920e+03
1.309418723702664920e+03
1.342752057035998178e+03
1.233585390369331435e+03
1.274418723702664920e+03
1.340418723702664693e+03
1.420085390369331662e+03
1.307585390369331435e+03
1.273585390369331662e+03
1.266918723702664920e+03
1.345585390369331662e+03
1.305918723702664920e+03
1.339418723702664920e+03
1.363752057035998178e+03
1.371752057035998178e+03
1.257752057035998178e+03
1.260252057035998178e+03
1.279418723702664693e+03
1.349752057035998178e+03
1.276752057035998178e+03
1.324085390369331662e+03
1.312585390369331662e+03
1.522252057035998178e+03
1.947418723702664693e+03
2.071252057035998405e+03
1.898752057035998178e+03
1.400918723702664920e+03
1.240918723702664920e+03
1.259918723702664920e+03
1.270252057035998178e+03
1.322752057035998178e+03
1.268585390369331435e+03
1.299585390369331662e+03
1.279752057035998178e+03
1.279085390369331662e+03
1.207752057035998178e+03
1.265918723702664920e+03
1.317252057035998178e+03
1.367918723702664920e+03
1.289252057035998178e+03
1.303085390369331662e+03
1.308918723702664920e+03
1.339085390369331435e+03
1.303585390369331435e+03
1.362085390369331435e+03
1.429585390369331435e+03
1.467418723702664693e+03
1.408252057035998178e+03
1.422252057035998178e+03
1.446585390369331662e+03
1.445585390369331662e+03
1.361252057035998178e+03
1.368585390369331435e+03
1.398918723702664920e+03
1.443418723702664920e+03
1.385252057035998178e+03
1.405585390369331435e+03
1.423752057035998178e+03
1.481085390369331662e+03
1.432085390369331435e+03
1.463918723702664920e+03
1.482585390369331662e+03
1.529752057035998178e+03
1.469418723702664693e+03
1.517418723702664693e+03
1.533918723702664920e+03
1.585418723702664693e+03
1.546752057035998178e+03
1.660752057035998178e+03
1.712918723702664920e+03
1.731918723702664920e+03
1.639585390369331662e+03
1.689752057035998178e+03
1.711918723702664693e+03
1.740918723702664693e+03
1.648585390369331662e+03
1.695585390369331662e+03
1.738918723702664920e+03
1.802585390369331662e+03
1.774085390369331662e+03
1.832585390369331662e+03
1.858085390369331662e+03
1.879585390369331662e+03
1.814085390369331662e+03
1.865918723702664693e+03
1.941752057035998178e+03
2.026918723702664693e+03
1.996418723702664693e+03
2.018918723702664693e+03
2.034752057035998178e+03
2.078252057035998405e+03
2.043752057035998178e+03
2.107918723702664465e+03
2.111418723702664465e+03
2.114418723702664465e+03
2.074085390369331435e+03
2.189418723702664465e+03
2.286085390369331435e+03
2.319252057035998405e+03
2.242585390369331435e+03
2.266085390369331435e+03
2.296085390369331435e+03
2.355252057035998405e+03
2.305085390369331435e+03
2.318918723702664465e+03
2.302585390369331435e+03
2.331585390369331435e+03
2.307418723702664465e+03
2.368585390369331435e+03
2.383252057035998405e+03
2.429752057035998405e+03
2.397752057035998405e+03
2.507085390369331435e+03
2.521918723702664465e+03
2.516085390369331435e+03
2.374085390369331435e+03
2.396585390369331435e+03
2.425085390369331435e+03
2.475752057035998405e+03
2.445918723702664465e+03
2.535418723702664465e+03
2.565752057035998405e+03
2.561752057035998405e+03
2.472085390369331435e+03
2.524085390369331435e+03
2.549918723702664465e+03
2.582918723702664465e+03
2.537752057035998405e+03
2.528752057035998405e+03
2.487418723702664465e+03
2.490585390369331435e+03
2.471918723702664465e+03
2.571418723702664465e+03
2.560418723702664465e+03
2.585752057035998405e+03
2.514085390369331435e+03
2.557585390369331435e+03
2.574085390369331435e+03
2.591585390369331435e+03
2.497418723702664465e+03
2.532585390369331435e+03
2.587585390369331435e+03
2.638252057035998405e+03
2.577585390369331435e+03
2.567085390369331435e+03
2.592752057035998405e+03
2.610585390369331435e+03
2.522918723702664465e+03
2.562252057035998405e+03
2.552752057035998405e+03
2.561252057035998405e+03
2.471252057035998405e+03
2.564085390369331435e+03
2.623752057035998405e+03
2.618585390369331435e+03
2.502918723702664465e+03
2.534418723702664465e+03
2.559252057035998405e+03
2.572585390369331435e+03
2.445918723702664465e+03
2.483418723702664465e+03
2.448752057035998405e+03
2.472418723702664465e+03
2.401585390369331435e+03
2.481418723702664465e+03
2.520085390369331435e+03
2.557752057035998405e+03
2.463418723702664465e+03
2.462418723702664465e+03
2.408752057035998405e+03
2.360085390369331435e+03
2.270418723702664465e+03
2.319752057035998405e+03
2.358752057035998405e+03
2.367918723702664465e+03
2.289918723702664465e+03
2.350918723702664465e+03
2.359085390369331435e+03
2.338085390369331435e+03
2.228918723702664465e+03
2.310585390369331435e+03
2.384252057035998405e+03
2.406918723702664465e+03
2.272918723702664465e+03
2.250918723702664465e+03
2.212918723702664465e+03
2.221918723702664465e+03
2.162418723702664465e+03
2.237418723702664465e+03
2.249752057035998405e+03
2.253252057035998405e+03
2.191918723702664465e+03
2.232418723702664465e+03
2.212585390369331435e+03
2.155418723702664465e+03
2.017752057035998178e+03
2.047085390369331662e+03
2.087085390369331435e+03
2.131752057035998405e+03
2.067252057035998405e+03
2.124252057035998405e+03
2.147752057035998405e+03
2.131752057035998405e+03
2.021585390369331662e+03
2.041085390369331662e+03
2.069418723702664465e+03
2.050252057035998405e+03
1.967918723702664693e+03
2.001252057035998178e+03
2.032752057035998178e+03
2.054918723702664465e+03
1.968918723702664693e+03
2.048918723702664465e+03
2.049085390369331435e+03
2.033418723702664693e+03
1.884085390369331662e+03
1.927418723702664693e+03
1.932418723702664693e+03
1.917918723702664693e+03
1.802085390369331662e+03
1.874918723702664693e+03
1.958085390369331662e+03
2.002085390369331662e+03
1.894085390369331662e+03
1.892752057035998178e+03
1.848085390369331662e+03
1.830085390369331662e+03
1.680918723702664693e+03
1.714418723702664920e+03
1.745085390369331435e+03
1.800585390369331662e+03
1.731752057035998178e+03
1.825918723702664693e+03
1.850085390369331662e+03
1.827085390369331662e+03
1.658085390369331662e+03
1.677085390369331435e+03
1.689085390369331662e+03
1.722585390369331662e+03
1.648252057035998178e+03
1.720752057035998178e+03
1.714252057035998178e+03
1.719418723702664693e+03
1.612918723702664693e+03
1.640752057035998178e+03
1.628918723702664920e+03
1.633585390369331435e+03
1.537752057035998178e+03
1.569585390369331662e+03
1.580252057035998178e+03
1.621585390369331435e+03
1.595252057035998178e+03
1.660252057035998178e+03
1.673252057035998178e+03
1.634585390369331662e+03
1.511418723702664920e+03
1.525085390369331662e+03
1.512918723702664920e+03
1.537918723702664920e+03
1.482918723702664920e+03
1.543918723702664920e+03
1.595918723702664920e+03
1.641418723702664920e+03
1.580418723702664920e+03
1.631252057035998178e+03
1.614918723702664693e+03
1.631418723702664920e+03
1.503418723702664693e+03
1.564252057035998178e+03
1.572252057035998178e+03
1.598585390369331662e+03
1.490418723702664920e+03
1.506585390369331662e+03
1.497752057035998178e+03
1.506418723702664920e+03
1.455085390369331435e+03
1.522418723702664920e+03
1.525085390369331662e+03
1.502585390369331435e+03
1.438752057035998178e+03
1.511085390369331662e+03
1.570252057035998178e+03
1.569085390369331662e+03
1.472252057035998178e+03
1.532085390369331435e+03
1.549085390369331662e+03
1.598418723702664920e+03
1.521918723702664920e+03
1.573752057035998178e+03
1.573418723702664693e+03
1.572752057035998178e+03
1.476418723702664920e+03
1.487585390369331435e+03
1.483418723702664920e+03
1.505085390369331662e+03
1.427085390369331435e+03
1.501418723702664920e+03
1.540085390369331435e+03
1.567918723702664693e+03
1.437252057035998178e+03
1.442585390369331662e+03
1.472585390369331662e+03
1.509585390369331662e+03
1.456752057035998178e+03
1.496752057035998178e+03
1.512418723702664920e+03
1.491752057035998178e+03
1.411418723702664920e+03
1.482918723702664920e+03
1.528918723702664693e+03
1.558085390369331662e+03
1.488252057035998178e+03
1.561252057035998178e+03
1.573918723702664693e+03
1.551752057035998178e+03
1.429918723702664920e+03
1.472085390369331435e+03
1.510252057035998178e+03
1.531918723702664920e+03
1.433585390369331662e+03
1.476418723702664920e+03
1.472418723702664920e+03
1.465085390369331662e+03
1.330418723702664693e+03
1.367085390369331662e+03
1.429085390369331662e+03
1.486585390369331662e+03
1.410585390369331662e+03
1.450752057035998178e+03
1.458085390369331662e+03
1.492252057035998178e+03
1.374418723702664920e+03
1.443085390369331662e+03
1.441752057035998178e+03
1.445585390369331435e+03
1.332085390369331662e+03
1.412585390369331662e+03
1.447418723702664693e+03
1.460585390369331435e+03
1.303252057035998178e+03
1.328752057035998178e+03
1.380585390369331662e+03
1.476585390369331662e+03
1.434585390369331662e+03
1.492585390369331662e+03
1.507752057035998178e+03
1.506418723702664920e+03
1.367918723702664693e+03
1.417085390369331662e+03
1.454252057035998178e+03
1.523085390369331662e+03
1.435585390369331662e+03
1.483752057035998178e+03
1.419252057035998178e+03
1.396252057035998178e+03
1.355418723702664920e+03
1.487918723702664920e+03
1.526418723702664920e+03
1.494085390369331662e+03
1.340252057035998178e+03
1.411585390369331435e+03
1.474918723702664920e+03
1.503918723702664693e+03
1.405585390369331662e+03
1.449918723702664693e+03
1.503085390369331435e+03
1.494418723702664920e+03
1.381085390369331435e+03
1.450752057035998178e+03
1.485752057035998178e+03
1.486585390369331662e+03
1.378752057035998178e+03
1.438752057035998178e+03
1.465752057035998178e+03
1.480252057035998178e+03
1.385085390369331662e+03
1.437252057035998178e+03
1.429918723702664920e+03
1.417752057035998178e+03
1.308418723702664920e+03
1.384252057035998178e+03
1.435085390369331435e+03
1.468752057035998178e+03
1.392918723702664920e+03
1.464585390369331662e+03
1.483252057035998178e+03
1.510418723702664920e+03
1.427918723702664920e+03
1.477585390369331662e+03
1.450085390369331662e+03
1.414752057035998178e+03
1.332585390369331435e+03
1.434085390369331662e+03
1.486418723702664920e+03
1.491585390369331662e+03
1.373418723702664920e+03
1.426585390369331662e+03
1.480585390369331662e+03
1.501252057035998178e+03
1.390918723702664920e+03
1.413252057035998178e+03
1.405585390369331435e+03
1.391252057035998178e+03
1.275252057035998178e+03
1.322585390369331662e+03
1.377085390369331662e+03
1.413752057035998178e+03
1.366752057035998178e+03
1.430085390369331435e+03
1.451418723702664920e+03
1.451585390369331435e+03
1.350418723702664693e+03
1.385085390369331662e+03
1.345085390369331435e+03
1.337918723702664920e+03
1.281752057035998178e+03
1.420418723702664920e+03
1.472752057035998178e+03
1.487918723702664920e+03
1.377585390369331662e+03
1.434585390369331435e+03
1.450085390369331662e+03
1.485918723702664920e+03
1.389918723702664920e+03
1.444085390369331662e+03
1.432418723702664920e+03
1.445918723702664920e+03
1.346752057035998178e+03
1.420085390369331662e+03
1.429585390369331435e+03
1.435418723702664920e+03
1.368252057035998178e+03
1.487752057035998178e+03
1.490585390369331662e+03
1.428752057035998178e+03
1.260085390369331662e+03
1.314085390369331662e+03
1.350418723702664920e+03
1.381918723702664693e+03
1.342585390369331435e+03
1.424585390369331662e+03
1.460918723702664920e+03
1.447085390369331662e+03
1.338418723702664920e+03
1.402418723702664920e+03
1.434252057035998178e+03
1.499918723702664920e+03
1.444585390369331662e+03
1.498418723702664693e+03
1.491752057035998178e+03
1.438918723702664920e+03
1.350418723702664693e+03
1.415085390369331662e+03
1.480585390369331435e+03
1.493418723702664920e+03
1.383585390369331662e+03
1.431918723702664693e+03
1.426918723702664920e+03
1.439752057035998178e+03
1.332252057035998178e+03
1.433252057035998178e+03
1.446918723702664693e+03
1.427418723702664693e+03
1.298418723702664920e+03
1.363918723702664920e+03
1.420418723702664693e+03
1.473085390369331662e+03
1.366585390369331662e+03
1.405918723702664920e+03
1.404918723702664693e+03
1.455418723702664693e+03
1.354918723702664920e+03
1.409585390369331435e+03
1.415085390369331662e+03
1.441585390369331662e+03
1.348918723702664693e+03
1.386252057035998178e+03
1.434418723702664693e+03
1.438752057035998178e+03
1.333418723702664693e+03
1.366085390369331662e+03
1.366418723702664920e+03
1.387085390369331435e+03
1.306585390369331435e+03
1.410418723702664693e+03
1.452585390369331662e+03
1.440585390369331435e+03
1.343252057035998178e+03
1.405752057035998178e+03
1.440085390369331662e+03
1.430085390369331435e+03
1.312585390369331662e+03
1.349918723702664920e+03
1.402085390369331662e+03
1.457752057035998178e+03
1.418252057035998178e+03
1.475085390369331435e+03
1.471918723702664920e+03
1.456085390369331662e+03
1.336418723702664693e+03
1.404252057035998178e+03
1.448252057035998178e+03
1.466752057035998178e+03
1.372585390369331662e+03
1.434918723702664920e+03
1.468418723702664693e+03
1.497085390369331435e+03
1.350918723702664920e+03
1.397085390369331435e+03
1.373085390369331435e+03
1.387752057035998178e+03
1.279418723702664920e+03
1.331918723702664920e+03
1.366085390369331662e+03
1.393418723702664920e+03
1.294918723702664920e+03
1.337085390369331435e+03
1.337085390369331435e+03
1.329752057035998178e+03
1.259085390369331662e+03
1.381085390369331662e+03
1.464418723702664920e+03
1.466085390369331435e+03
1.345585390369331435e+03
1.411418723702664693e+03
1.416585390369331662e+03
1.443752057035998178e+03
1.302085390369331662e+03
1.390752057035998178e+03
1.374752057035998178e+03
1.406252057035998178e+03
1.304085390369331662e+03
1.322085390369331662e+03
1.347918723702664920e+03
1.381085390369331662e+03
1.333418723702664920e+03
1.377085390369331662e+03
1.401585390369331662e+03
1.408918723702664693e+03
1.283918723702664920e+03
1.317752057035998178e+03
1.339752057035998178e+03
1.371918723702664693e+03
1.270585390369331662e+03
1.344585390369331662e+03
1.414752057035998178e+03
1.431918723702664920e+03
1.318085390369331435e+03
1.337752057035998178e+03
1.399918723702664920e+03
1.409418723702664920e+03
1.361418723702664920e+03
1.391752057035998178e+03
1.430918723702664920e+03
1.429418723702664920e+03
1.327918723702664920e+03
1.387585390369331662e+03
1.435418723702664920e+03
1.442418723702664920e+03
1.345585390369331435e+03
1.397418723702664920e+03
1.395918723702664920e+03
1.380918723702664920e+03
1.223585390369331662e+03
1.339252057035998178e+03
1.395752057035998178e+03
1.445585390369331662e+03
1.332752057035998178e+03
1.383585390369331662e+03
1.381418723702664920e+03
1.397418723702664693e+03
1.334585390369331435e+03
1.388585390369331662e+03
1.388252057035998178e+03
1.392252057035998178e+03
1.306085390369331435e+03
1.375085390369331435e+03
1.397085390369331435e+03
1.484585390369331435e+03
1.399085390369331435e+03
1.454585390369331435e+03
1.414418723702664693e+03
1.439085390369331662e+03
1.319918723702664693e+03
1.358418723702664693e+03
1.327918723702664920e+03
1.347418723702664693e+03
1.272418723702664693e+03
1.367918723702664920e+03
1.396585390369331435e+03
1.432585390369331662e+03
1.383752057035998178e+03
1.441918723702664920e+03
1.427585390369331435e+03
1.377418723702664920e+03
1.262418723702664920e+03
1.341918723702664920e+03
1.410918723702664920e+03
1.462585390369331662e+03
1.363752057035998178e+03
1.394085390369331435e+03
1.419752057035998178e+03
1.453918723702664693e+03
1.335752057035998178e+03
1.357418723702664920e+03
1.337252057035998178e+03
1.328752057035998178e+03
1.227918723702664920e+03
1.311918723702664920e+03
1.348585390369331435e+03
1.348752057035998178e+03
1.209252057035998178e+03
1.271085390369331662e+03
1.260085390369331435e+03
1.253418723702664920e+03
1.180918723702664920e+03
1.290085390369331662e+03
1.359918723702664693e+03
1.374918723702664693e+03
1.268418723702664920e+03
1.277252057035998178e+03
1.261252057035998178e+03
1.293252057035998178e+03
1.248418723702664920e+03
1.297918723702664920e+03
1.269418723702664920e+03
1.289252057035998178e+03
1.247752057035998178e+03
1.378752057035998178e+03
1.390918723702664693e+03
1.396585390369331435e+03
1.246585390369331662e+03
1.286752057035998178e+03
1.284585390369331662e+03
1.300752057035998178e+03
1.225585390369331662e+03
1.305252057035998178e+03
1.304918723702664920e+03
1.274085390369331435e+03
1.140918723702664920e+03
1.208585390369331662e+03
1.246252057035998178e+03
1.280418723702664920e+03
1.191752057035998178e+03
1.243252057035998178e+03
1.275585390369331662e+03
1.278752057035998178e+03
1.208585390369331662e+03
1.228585390369331662e+03
1.245085390369331662e+03
1.246085390369331435e+03
1.185752057035998178e+03
1.236585390369331662e+03
1.240752057035998178e+03
1.284085390369331662e+03
1.223585390369331662e+03
1.318585390369331662e+03
1.315252057035998178e+03
1.363918723702664920e+03
1.276585390369331662e+03
1.316918723702664920e+03
1.299085390369331662e+03
1.323252057035998178e+03
1.220918723702664920e+03
1.281252057035998178e+03
1.287585390369331662e+03
1.332418723702664693e+03
1.256752057035998178e+03
1.263418723702664920e+03
1.233418723702664693e+03
1.276918723702664693e+03
1.274585390369331662e+03
1.375918723702664920e+03
1.360752057035998178e+03
1.336085390369331435e+03
1.285752057035998178e+03
1.362752057035998178e+03
1.561418723702664920e+03
2.053085390369331435e+03
2.003252057035998178e+03
1.874418723702664693e+03
1.308585390369331662e+03
1.236752057035998178e+03
1.169252057035998178e+03
1.279585390369331662e+03
1.310418723702664920e+03
1.297252057035998178e+03
1.218085390369331662e+03
1.275585390369331662e+03
1.274252057035998178e+03
1.275752057035998178e+03
1.174085390369331662e+03
1.237085390369331662e+03
1.252585390369331662e+03
1.258085390369331662e+03
1.203252057035998178e+03
1.260085390369331662e+03
1.305085390369331662e+03
1.294418723702664693e+03
1.174252057035998178e+03
1.155918723702664920e+03
1.121418723702664920e+03
1.189752057035998178e+03
1.202918723702664920e+03
1.349418723702664920e+03
1.354585390369331435e+03
1.351585390369331662e+03
1.217918723702664920e+03
1.238752057035998178e+03
1.258585390369331662e+03
1.287752057035998178e+03
1.220418723702664920e+03
1.229752057035998178e+03
1.239752057035998178e+03
1.272918723702664920e+03
1.246752057035998178e+03
1.301418723702664920e+03
1.287252057035998178e+03
1.255918723702664693e+03
1.170085390369331662e+03
1.262918723702664920e+03
1.293918723702664693e+03
1.308918723702664920e+03
1.220585390369331662e+03
1.261918723702664920e+03
1.285252057035998178e+03
1.299585390369331662e+03
1.237418723702664920e+03
1.289752057035998178e+03
1.286918723702664920e+03
1.303585390369331662e+03
1.208418723702664920e+03
1.225585390369331662e+03
1.182585390369331662e+03
1.199252057035998178e+03
1.143585390369331662e+03
1.246752057035998178e+03
1.285752057035998178e+03
1.332918723702664920e+03
1.221252057035998178e+03
1.258585390369331662e+03
1.279085390369331662e+03
1.321418723702664920e+03
1.237085390369331662e+03
1.268585390369331662e+03
1.273918723702664693e+03
1.276585390369331435e+03
1.171085390369331662e+03
1.201918723702664920e+03
1.227585390369331662e+03
1.269418723702664920e+03
1.204752057035998178e+03
1.234585390369331662e+03
1.246252057035998178e+03
1.332418723702664920e+03
1.260085390369331662e+03
1.268585390369331662e+03
1.223585390369331662e+03
1.257585390369331662e+03
1.231918723702664920e+03
1.304418723702664920e+03
1.308085390369331662e+03
1.344918723702664693e+03
1.258418723702664920e+03
1.291418723702664920e+03
1.239585390369331662e+03
1.253752057035998178e+03
1.185418723702664920e+03
1.258085390369331662e+03
1.241085390369331662e+03
1.291918723702664693e+03
1.230085390369331662e+03
1.277418723702664920e+03
1.247585390369331662e+03
1.258085390369331662e+03
1.173418723702664920e+03
1.226252057035998178e+03
1.210252057035998178e+03
1.259752057035998178e+03
1.158085390369331662e+03
1.160752057035998178e+03
1.167418723702664920e+03
1.219752057035998178e+03
1.218585390369331662e+03
1.280085390369331662e+03
1.303085390369331435e+03
1.304918723702664920e+03
1.216752057035998178e+03
1.280585390369331662e+03
1.329585390369331662e+03
1.375752057035998178e+03
1.294918723702664920e+03
1.297085390369331662e+03
1.238918723702664920e+03
1.220585390369331662e+03
1.123585390369331662e+03
1.185918723702664920e+03
1.205585390369331662e+03
1.287752057035998178e+03
1.255585390369331662e+03
1.317918723702664920e+03
1.303918723702664920e+03
1.300585390369331662e+03
1.204085390369331662e+03
1.248585390369331662e+03
1.237085390369331662e+03
1.290418723702664920e+03
1.241085390369331662e+03
1.302085390369331662e+03
1.279085390369331435e+03
1.259085390369331662e+03
1.186918723702664920e+03
1.244585390369331662e+03
1.246252057035998178e+03
1.268085390369331435e+03
1.185252057035998178e+03
1.220918723702664920e+03
1.223918723702664920e+03
1.231085390369331435e+03
1.157585390369331662e+03
1.202585390369331662e+03
1.238585390369331435e+03
1.313252057035998178e+03
1.275418723702664920e+03
1.288252057035998178e+03
1.274252057035998178e+03
1.291752057035998178e+03
1.224918723702664920e+03
1.258418723702664920e+03
1.217085390369331662e+03
1.253752057035998178e+03
1.186918723702664920e+03
1.260418723702664920e+03
1.247918723702664920e+03
1.264252057035998178e+03
1.122752057035998178e+03
1.144918723702664920e+03
1.138918723702664920e+03
1.220752057035998178e+03
1.177585390369331662e+03
1.247418723702664920e+03
1.220418723702664920e+03
1.232585390369331662e+03
1.129752057035998178e+03
1.186252057035998178e+03
1.187752057035998178e+03
1.188752057035998178e+03
1.120752057035998178e+03
1.191585390369331662e+03
1.203252057035998178e+03
1.230918723702664920e+03
1.127585390369331662e+03
1.176252057035998178e+03
1.207585390369331662e+03
1.263418723702664920e+03
1.195918723702664920e+03
1.226085390369331662e+03
1.232418723702664920e+03
1.287585390369331662e+03
1.191418723702664920e+03
1.189918723702664920e+03
1.162418723702664920e+03
1.189252057035998178e+03
1.135085390369331662e+03
1.199085390369331662e+03
1.232752057035998178e+03
1.330418723702664920e+03
1.308752057035998178e+03
1.371252057035998178e+03
1.342418723702664920e+03
1.333418723702664920e+03
1.251918723702664920e+03
1.239585390369331662e+03
1.218418723702664920e+03
1.239918723702664920e+03
1.221418723702664920e+03
1.267585390369331662e+03
1.220585390369331662e+03
1.196585390369331662e+03
1.117252057035998178e+03
1.193252057035998178e+03
1.212418723702664920e+03
1.233585390369331662e+03
1.162918723702664920e+03
1.209085390369331662e+03
1.220918723702664920e+03
1.225252057035998178e+03
1.162752057035998178e+03
1.226418723702664920e+03
1.259585390369331662e+03
1.262918723702664920e+03
1.151418723702664920e+03
1.158418723702664920e+03
1.186252057035998178e+03
1.218752057035998178e+03
1.158752057035998178e+03
1.206918723702664920e+03
1.253418723702664693e+03
1.296418723702664920e+03
1.230085390369331662e+03
1.210585390369331662e+03
1.203752057035998178e+03
1.223252057035998178e+03
1.208252057035998178e+03
1.239918723702664920e+03
1.207418723702664920e+03
1.196585390369331662e+03
1.117918723702664920e+03
1.172252057035998178e+03
1.195918723702664920e+03
1.267418723702664920e+03
1.256085390369331662e+03
1.298085390369331662e+03
1.247918723702664920e+03
1.225585390369331662e+03
1.176418723702664920e+03
1.235752057035998178e+03
1.239585390369331662e+03
1.254585390369331662e+03
1.189918723702664920e+03
1.217918723702664920e+03
1.208085390369331662e+03
1.258252057035998178e+03
1.189418723702664920e+03
1.184085390369331662e+03
1.177085390369331662e+03
1.257252057035998178e+03
1.240918723702664920e+03
1.271252057035998178e+03
1.248085390369331662e+03
1.243585390369331435e+03
1.175252057035998178e+03
1.224418723702664920e+03
1.216918723702664920e+03
1.202918723702664693e+03
1.081752057035998178e+03
1.136585390369331662e+03
1.146252057035998178e+03
1.189585390369331662e+03
1.129085390369331662e+03
1.173918723702664920e+03
1.190752057035998178e+03
1.235585390369331662e+03
1.224752057035998178e+03
1.309252057035998178e+03
1.311752057035998178e+03
1.296918723702664920e+03
1.167918723702664920e+03
1.172252057035998178e+03
1.152752057035998178e+03
1.173918723702664920e+03
1.124918723702664920e+03
1.182252057035998178e+03
1.229085390369331435e+03
1.322418723702664693e+03
1.288252057035998178e+03
1.285085390369331662e+03
1.225418723702664920e+03
1.273585390369331662e+03
1.245918723702664920e+03
1.322752057035998178e+03
1.276085390369331662e+03
1.257585390369331662e+03
1.150252057035998178e+03
1.193418723702664920e+03
1.203752057035998178e+03
1.238418723702664693e+03
1.162252057035998178e+03
1.207918723702664920e+03
1.194252057035998178e+03
1.218918723702664920e+03
1.146918723702664920e+03
1.203085390369331662e+03
1.192085390369331662e+03
1.205918723702664920e+03
1.139918723702664920e+03
1.188085390369331662e+03
1.210918723702664920e+03
1.209252057035998178e+03
1.143252057035998178e+03
1.146585390369331662e+03
1.138252057035998178e+03
1.168918723702664920e+03
1.137418723702664920e+03
1.203752057035998178e+03
1.187085390369331662e+03
1.207585390369331662e+03
1.115085390369331662e+03
1.165085390369331662e+03
1.175918723702664920e+03
1.240418723702664920e+03
1.223252057035998178e+03
1.265418723702664920e+03
1.260252057035998178e+03
1.284585390369331662e+03
1.202085390369331662e+03
1.212252057035998178e+03
1.170918723702664920e+03
1.193252057035998178e+03
1.129918723702664920e+03
1.164085390369331662e+03
1.151418723702664920e+03
1.190918723702664920e+03
1.133085390369331662e+03
1.216585390369331662e+03
1.248585390369331662e+03
1.304085390369331662e+03
1.204585390369331662e+03
1.220918723702664920e+03
1.204585390369331662e+03
1.237418723702664920e+03
1.137585390369331662e+03
1.148252057035998178e+03
1.165085390369331662e+03
1.240752057035998178e+03
1.206418723702664920e+03
1.226085390369331662e+03
1.216585390369331662e+03
1.282752057035998178e+03
1.220418723702664693e+03
1.228252057035998178e+03
1.151418723702664920e+03
1.161418723702664920e+03
1.137085390369331662e+03
1.188585390369331662e+03
1.212418723702664920e+03
1.219418723702664920e+03
1.175918723702664920e+03
1.216585390369331662e+03
1.226918723702664920e+03
1.267418723702664920e+03
1.196252057035998178e+03
1.189585390369331662e+03
1.135085390369331662e+03
1.153418723702664920e+03
1.134418723702664920e+03
1.214252057035998178e+03
1.217418723702664920e+03
1.241918723702664920e+03
1.169752057035998178e+03
1.217085390369331662e+03
1.217085390369331662e+03
1.258752057035998178e+03
1.203752057035998178e+03
1.246418723702664920e+03
1.259418723702664920e+03
1.308085390369331662e+03
1.233752057035998178e+03
1.227918723702664920e+03
1.184918723702664920e+03
1.206252057035998178e+03
1.142252057035998178e+03
1.178085390369331662e+03
1.210418723702664920e+03
1.292918723702664920e+03
1.228752057035998178e+03
1.194418723702664920e+03
1.138085390369331662e+03
1.189252057035998178e+03
1.177752057035998178e+03
1.245085390369331662e+03
1.220752057035998178e+03
1.224252057035998178e+03
1.172252057035998178e+03
1.269918723702664920e+03
1.273918723702664693e+03
1.280418723702664920e+03
1.161085390369331662e+03
1.173585390369331662e+03
1.168085390369331662e+03
1.194085390369331662e+03
1.137252057035998178e+03
1.156085390369331662e+03
1.149085390369331662e+03
1.177752057035998178e+03
1.108585390369331662e+03
1.139918723702664920e+03
1.171418723702664920e+03
1.215918723702664920e+03
1.170252057035998178e+03
1.196252057035998178e+03
1.211918723702664920e+03
1.247752057035998178e+03
1.201585390369331662e+03
1.228085390369331662e+03
1.223918723702664693e+03
1.234752057035998178e+03
1.174918723702664920e+03
1.224418723702664920e+03
1.202585390369331662e+03
1.215585390369331662e+03
1.113418723702664920e+03
1.158418723702664920e+03
1.162085390369331662e+03
1.232585390369331662e+03
1.179085390369331662e+03
1.236918723702664920e+03
1.199918723702664920e+03
1.236585390369331662e+03
1.172085390369331662e+03
1.188085390369331662e+03
1.184418723702664920e+03
1.279085390369331662e+03
1.253085390369331662e+03
1.265752057035998178e+03
1.189085390369331662e+03
1.227252057035998178e+03
1.194918723702664920e+03
1.209418723702664920e+03
1.222585390369331662e+03
1.281418723702664920e+03
1.244918723702664920e+03
1.210585390369331662e+03
1.116752057035998178e+03
1.127585390369331662e+03
1.129585390369331662e+03
1.239252057035998178e+03
1.241585390369331662e+03
1.286418723702664693e+03
1.215085390369331662e+03
1.248752057035998178e+03
1.210085390369331662e+03
1.243252057035998178e+03
1.186752057035998178e+03
1.185085390369331662e+03
1.144085390369331662e+03
1.156252057035998178e+03
1.117252057035998178e+03
1.178418723702664920e+03
1.165918723702664920e+03
1.218752057035998178e+03
1.156418723702664920e+03
1.202085390369331662e+03
1.157918723702664920e+03
1.199752057035998178e+03
1.175085390369331662e+03
1.222918723702664920e+03
1.217252057035998178e+03
1.233585390369331662e+03
1.183752057035998178e+03
1.207418723702664920e+03
1.173418723702664920e+03
1.200252057035998178e+03
1.153085390369331662e+03
1.216585390369331662e+03
1.215085390369331662e+03
1.256252057035998178e+03
1.218252057035998178e+03
1.253918723702664693e+03
1.208585390369331662e+03
1.180918723702664920e+03
1.111918723702664920e+03
1.142418723702664920e+03
1.175252057035998178e+03
1.246585390369331662e+03
1.200752057035998178e+03
1.235252057035998178e+03
1.178752057035998178e+03
1.184585390369331662e+03
1.090918723702664920e+03
1.156085390369331662e+03
1.160752057035998178e+03
1.212252057035998178e+03
1.148918723702664920e+03
1.177418723702664920e+03
1.146085390369331662e+03
1.194585390369331662e+03
1.184085390369331662e+03
1.295752057035998178e+03
1.279752057035998178e+03
1.311752057035998178e+03
1.214252057035998178e+03
1.238418723702664920e+03
1.209085390369331662e+03
1.235418723702664920e+03
1.183418723702664920e+03
1.187918723702664920e+03
1.183252057035998178e+03
1.228918723702664920e+03
1.210918723702664920e+03
1.217252057035998178e+03
1.171585390369331662e+03
1.188752057035998178e+03
1.146918723702664920e+03
1.199252057035998178e+03
1.196418723702664693e+03
1.212085390369331662e+03
1.140418723702664920e+03
1.193085390369331662e+03
1.209252057035998178e+03
1.249418723702664920e+03
1.165085390369331662e+03
1.174085390369331662e+03
1.148752057035998178e+03
1.198585390369331662e+03
1.141418723702664920e+03
1.177085390369331662e+03
1.127252057035998178e+03
1.188418723702664920e+03
1.141252057035998178e+03
1.193918723702664920e+03
1.158418723702664920e+03
1.202418723702664920e+03
1.147418723702664920e+03
1.198252057035998178e+03
1.214752057035998178e+03
1.274085390369331662e+03
1.254085390369331662e+03
1.269918723702664920e+03
1.266585390369331662e+03
1.233252057035998178e+03
1.152418723702664920e+03
1.153085390369331662e+03
1.186085390369331662e+03
1.209585390369331662e+03
1.137252057035998178e+03
1.126418723702664920e+03
1.098252057035998178e+03
1.125585390369331662e+03
1.111752057035998178e+03
1.190418723702664920e+03
1.217918723702664920e+03
1.284418723702664920e+03
1.294085390369331662e+03
1.337252057035998178e+03
1.269252057035998178e+03
1.194252057035998178e+03
1.107252057035998178e+03
1.169085390369331662e+03
1.220752057035998178e+03
1.324918723702664693e+03
1.256252057035998178e+03
1.265252057035998178e+03
1.190585390369331662e+03
1.219918723702664920e+03
1.160752057035998178e+03
1.163085390369331662e+03
1.150752057035998178e+03
1.178085390369331662e+03
1.149085390369331662e+03
1.180418723702664920e+03
1.173918723702664920e+03
1.183918723702664920e+03
1.094085390369331662e+03
1.091252057035998178e+03
1.087085390369331662e+03
1.112085390369331662e+03
1.107252057035998178e+03
1.193418723702664920e+03
1.223585390369331435e+03
1.265585390369331435e+03
1.175918723702664920e+03
1.239418723702664920e+03
1.319918723702664693e+03
1.371752057035998178e+03
1.331752057035998178e+03
1.246752057035998178e+03
1.216752057035998178e+03
1.226752057035998178e+03
1.188752057035998178e+03
1.217418723702664920e+03
1.190918723702664920e+03
1.258252057035998178e+03
1.199252057035998178e+03
1.217418723702664920e+03
1.150752057035998178e+03
1.173418723702664920e+03
1.145752057035998178e+03
1.198252057035998178e+03
1.210252057035998178e+03
1.213085390369331662e+03
1.166585390369331662e+03
1.236752057035998178e+03
1.258085390369331662e+03
1.269752057035998178e+03
1.188085390369331662e+03
1.204752057035998178e+03
1.223085390369331662e+03
1.269085390369331662e+03
1.188585390369331662e+03
1.173918723702664920e+03
1.127918723702664920e+03
1.211752057035998178e+03
1.173418723702664920e+03
1.208918723702664920e+03
1.176585390369331662e+03
1.255585390369331662e+03
1.209752057035998178e+03
1.206918723702664920e+03
1.116585390369331662e+03
1.146252057035998178e+03
1.122752057035998178e+03
1.205418723702664920e+03
1.183085390369331435e+03
1.227085390369331435e+03
1.157585390369331662e+03
1.198918723702664920e+03
1.197085390369331662e+03
1.248252057035998178e+03
1.206418723702664920e+03
1.200252057035998178e+03
1.185085390369331662e+03
1.222418723702664920e+03
1.156252057035998178e+03
1.144418723702664920e+03
1.115752057035998178e+03
1.168585390369331662e+03
1.135918723702664920e+03
1.183918723702664920e+03
1.173918723702664920e+03
1.214418723702664920e+03
1.161752057035998178e+03
1.205418723702664920e+03
1.218085390369331662e+03
1.249585390369331662e+03
1.182585390369331662e+03
1.177585390369331662e+03
1.134418723702664920e+03
1.202918723702664920e+03
1.205252057035998178e+03
1.320418723702664920e+03
1.298752057035998178e+03
1.282085390369331662e+03
1.151252057035998178e+03
1.162418723702664920e+03
1.132418723702664920e+03
1.207085390369331662e+03
1.195085390369331662e+03
1.265252057035998178e+03
1.233585390369331662e+03
1.227085390369331662e+03
1.167085390369331662e+03
1.214752057035998178e+03
1.230418723702664920e+03
1.261752057035998178e+03
1.211252057035998178e+03
1.251085390369331662e+03
1.214418723702664920e+03
1.219585390369331662e+03
1.175585390369331662e+03
1.265085390369331662e+03
1.272752057035998178e+03
1.289585390369331662e+03
1.231752057035998178e+03
1.274918723702664920e+03
1.262085390369331662e+03
1.310918723702664920e+03
1.225752057035998178e+03
1.214752057035998178e+03
1.128918723702664920e+03
1.177918723702664920e+03
1.141252057035998178e+03
1.212418723702664920e+03
1.203085390369331662e+03
1.259585390369331662e+03
1.192085390369331662e+03
1.191918723702664920e+03
1.174252057035998178e+03
1.235418723702664920e+03
1.219085390369331662e+03
1.265085390369331662e+03
1.244085390369331662e+03
1.274918723702664920e+03
1.248085390369331662e+03
1.268585390369331662e+03
1.233252057035998178e+03
1.230918723702664920e+03
1.229918723702664920e+03
1.281252057035998178e+03
1.242752057035998178e+03
1.216752057035998178e+03
1.150085390369331662e+03
1.172085390369331662e+03
1.157252057035998178e+03
1.208585390369331662e+03
1.197252057035998178e+03
1.241752057035998178e+03
1.218252057035998178e+03
1.228418723702664920e+03
1.159752057035998178e+03
1.203252057035998178e+03
1.167085390369331662e+03
1.212085390369331662e+03
1.163752057035998178e+03
1.242918723702664920e+03
1.213918723702664920e+03
1.210585390369331662e+03
1.134918723702664920e+03
1.154585390369331662e+03
1.140585390369331662e+03
1.161585390369331662e+03
1.168085390369331662e+03
1.210252057035998178e+03
1.165918723702664920e+03
1.174418723702664920e+03
1.135585390369331662e+03
1.197418723702664920e+03
1.183752057035998178e+03
1.199918723702664920e+03
1.166252057035998178e+03
1.222085390369331662e+03
1.221252057035998178e+03
1.277752057035998178e+03
1.220085390369331662e+03
1.237585390369331662e+03
1.220085390369331662e+03
1.238418723702664920e+03
1.203085390369331662e+03
1.245418723702664920e+03
1.258585390369331662e+03
1.291252057035998178e+03
1.184585390369331662e+03
1.210918723702664920e+03
1.230918723702664920e+03
1.323252057035998178e+03
1.254918723702664693e+03
1.257752057035998178e+03
1.247918723702664693e+03
1.314585390369331435e+03
1.286418723702664693e+03
1.278918723702664920e+03
1.212418723702664920e+03
1.198085390369331435e+03
1.160085390369331662e+03
1.209918723702664920e+03
1.186752057035998178e+03
1.213585390369331662e+03
1.142418723702664920e+03
1.175585390369331662e+03
1.155418723702664920e+03
1.199918723702664920e+03
1.190085390369331662e+03
1.210418723702664920e+03
1.156252057035998178e+03
1.188252057035998178e+03
1.187918723702664920e+03
1.287585390369331662e+03
1.292918723702664920e+03
1.288918723702664920e+03
1.213418723702664920e+03
1.232585390369331662e+03
1.219252057035998178e+03
1.225252057035998178e+03
1.152418723702664920e+03
1.180585390369331662e+03
1.192418723702664920e+03
1.256085390369331662e+03
1.186085390369331435e+03
1.224418723702664693e+03
1.176918723702664920e+03
1.248585390369331662e+03
1.240918723702664920e+03
1.268085390369331662e+03
1.273085390369331662e+03
1.267085390369331662e+03
1.214085390369331662e+03
1.205752057035998178e+03
1.184085390369331662e+03
1.230085390369331662e+03
1.179252057035998178e+03
1.177918723702664920e+03
1.149085390369331662e+03
1.187918723702664920e+03
1.191585390369331662e+03
1.244418723702664920e+03
1.220918723702664920e+03
1.232418723702664920e+03
1.157752057035998178e+03
1.164918723702664920e+03
1.121085390369331662e+03
1.160085390369331662e+03
1.133752057035998178e+03
1.163585390369331662e+03
1.153752057035998178e+03
1.250252057035998178e+03
1.274752057035998178e+03
1.340752057035998178e+03
1.222585390369331435e+03
1.194418723702664920e+03
1.124752057035998178e+03
1.220752057035998178e+03
1.219252057035998178e+03
1.223585390369331662e+03
1.147252057035998178e+03
1.188085390369331662e+03
1.200918723702664920e+03
1.241585390369331662e+03
1.185418723702664920e+03
1.215918723702664920e+03
1.225918723702664920e+03
1.281918723702664920e+03
1.217418723702664920e+03
1.187918723702664920e+03
1.135752057035998178e+03
1.155918723702664920e+03
1.138252057035998178e+03
1.192752057035998178e+03
1.163752057035998178e+03
1.152418723702664920e+03
1.053252057035998178e+03
1.074418723702664920e+03
1.085252057035998178e+03
1.150418723702664920e+03
1.122252057035998178e+03
1.139585390369331662e+03
1.078252057035998178e+03
1.104918723702664920e+03
1.094918723702664920e+03
1.177085390369331662e+03
1.190418723702664920e+03
1.249252057035998178e+03
1.203085390369331662e+03
1.249085390369331662e+03
1.175585390369331662e+03
1.165752057035998178e+03
1.104752057035998178e+03
1.164918723702664920e+03
1.194418723702664920e+03
1.237418723702664920e+03
1.205918723702664920e+03
1.256918723702664920e+03
1.246085390369331435e+03
1.254252057035998178e+03
1.167585390369331662e+03
1.186752057035998178e+03
1.211918723702664920e+03
1.260752057035998178e+03
1.239418723702664920e+03
1.266085390369331662e+03
1.264752057035998178e+03
1.253918723702664920e+03
1.188418723702664920e+03
1.181085390369331662e+03
1.171085390369331662e+03
1.194252057035998178e+03
1.180918723702664920e+03
1.240085390369331662e+03
1.219752057035998178e+03
1.270418723702664920e+03
1.210252057035998178e+03
1.221752057035998178e+03
1.135585390369331662e+03
1.141085390369331662e+03
1.108085390369331662e+03
1.179918723702664920e+03
1.178918723702664920e+03
1.204752057035998178e+03
1.137752057035998178e+03
1.155418723702664920e+03
1.149085390369331662e+03
1.184418723702664920e+03
1.137918723702664920e+03
1.165752057035998178e+03
1.158252057035998178e+03
1.215918723702664920e+03
1.142418723702664920e+03
1.141752057035998178e+03
1.150418723702664920e+03
1.236085390369331662e+03
1.198418723702664920e+03
1.163918723702664920e+03
1.125418723702664920e+03
1.187752057035998178e+03
1.185918723702664920e+03
1.206752057035998178e+03
1.186085390369331662e+03
1.189918723702664920e+03
1.178585390369331662e+03
1.222752057035998178e+03
1.236418723702664920e+03
1.266585390369331662e+03
1.202252057035998178e+03
1.194752057035998178e+03
1.169252057035998178e+03
1.224918723702664920e+03
1.213418723702664920e+03
1.236418723702664920e+03
1.216085390369331662e+03
1.231752057035998178e+03
1.183085390369331662e+03
1.159585390369331662e+03
1.140418723702664920e+03
1.200252057035998178e+03
1.243085390369331662e+03
1.318752057035998178e+03
1.272918723702664693e+03
1.259418723702664920e+03
1.175918723702664920e+03
1.185085390369331662e+03
1.165918723702664920e+03
1.203418723702664920e+03
1.220085390369331662e+03
1.246918723702664920e+03
1.211585390369331662e+03
1.176918723702664920e+03
1.170418723702664920e+03
1.188918723702664920e+03
1.175752057035998178e+03
1.162252057035998178e+03
1.124418723702664920e+03
1.124085390369331662e+03
1.107252057035998178e+03
1.152252057035998178e+03
1.155252057035998178e+03
1.173918723702664920e+03
1.137585390369331662e+03
1.171752057035998178e+03
1.148418723702664920e+03
1.210252057035998178e+03
1.171418723702664920e+03
1.197418723702664920e+03
1.132418723702664920e+03
1.148585390369331662e+03
1.116752057035998178e+03
1.141752057035998178e+03
1.133252057035998178e+03
1.158085390369331662e+03
1.115418723702664920e+03
1.131085390369331662e+03
1.115752057035998178e+03
1.187085390369331662e+03
1.177418723702664920e+03
1.217752057035998178e+03
1.206418723702664920e+03
1.259918723702664920e+03
1.206252057035998178e+03
1.212752057035998178e+03
1.115752057035998178e+03
1.138418723702664920e+03
1.095752057035998178e+03
1.159085390369331662e+03
1.135085390369331662e+03
1.145252057035998178e+03
1.106252057035998178e+03
1.152918723702664920e+03
1.157418723702664920e+03
1.150085390369331662e+03
1.110252057035998178e+03
1.125752057035998178e+03
1.123085390369331662e+03
1.167918723702664920e+03
1.135918723702664920e+03
1.190085390369331662e+03
1.162252057035998178e+03
1.200252057035998178e+03
1.154085390369331662e+03
1.141418723702664920e+03
1.100252057035998178e+03
1.138252057035998178e+03
1.125252057035998178e+03
1.149252057035998178e+03
1.114918723702664920e+03
1.132918723702664920e+03
1.148752057035998178e+03
1.211918723702664920e+03
1.188585390369331662e+03
1.129418723702664920e+03
1.050418723702664920e+03
1.100585390369331662e+03
1.123918723702664920e+03
1.189585390369331662e+03
1.163085390369331662e+03
1.160752057035998178e+03
1.120085390369331662e+03
1.123585390369331662e+03
1.129752057035998178e+03
1.168252057035998178e+03
1.134418723702664920e+03
1.161585390369331662e+03
1.158918723702664920e+03
1.235252057035998178e+03
1.235085390369331662e+03
1.250585390369331662e+03
1.193252057035998178e+03
1.223918723702664920e+03
1.204918723702664920e+03
1.197085390369331662e+03
1.117752057035998178e+03
1.133752057035998178e+03
1.158585390369331662e+03
1.210418723702664920e+03
1.173418723702664920e+03
1.228252057035998178e+03
1.238252057035998178e+03
1.250752057035998178e+03
1.202085390369331662e+03
1.244752057035998178e+03
1.244418723702664920e+03
1.267252057035998178e+03
1.214418723702664920e+03
1.250752057035998178e+03
1.211252057035998178e+03
1.225252057035998178e+03
1.165085390369331662e+03
1.210918723702664920e+03
1.200085390369331662e+03
1.272752057035998178e+03
1.274752057035998178e+03
1.290585390369331662e+03
1.217918723702664920e+03
1.207418723702664920e+03
1.165085390369331662e+03
1.222918723702664920e+03
1.205418723702664920e+03
1.209918723702664920e+03
1.149752057035998178e+03
1.171752057035998178e+03
1.145085390369331662e+03
1.151085390369331662e+03
1.115585390369331662e+03
1.173918723702664920e+03
1.142252057035998178e+03
1.152918723702664920e+03
1.122418723702664920e+03
1.176085390369331662e+03
1.148252057035998178e+03
1.164752057035998178e+03
1.173752057035998178e+03
1.208752057035998178e+03
1.180252057035998178e+03
1.188085390369331662e+03
1.178418723702664920e+03
1.238585390369331662e+03
1.204918723702664920e+03
1.223752057035998178e+03
1.214585390369331662e+03
1.264918723702664920e+03
1.273918723702664693e+03
1.255252057035998178e+03
1.232418723702664920e+03
1.242752057035998178e+03
1.223418723702664920e+03
1.243252057035998178e+03
1.197252057035998178e+03
1.236418723702664920e+03
1.236418723702664920e+03
1.311085390369331662e+03
1.288085390369331662e+03
1.311418723702664693e+03
1.249918723702664693e+03
1.239585390369331662e+03
1.183085390369331662e+03
1.186918723702664920e+03
1.151085390369331662e+03
1.148918723702664920e+03
1.131752057035998178e+03
1.199252057035998178e+03
1.175085390369331662e+03
1.192918723702664920e+03
1.175252057035998178e+03
1.203585390369331662e+03
1.175252057035998178e+03
1.192252057035998178e+03
1.206752057035998178e+03
1.277752057035998178e+03
1.264418723702664920e+03
1.249752057035998178e+03
1.211418723702664920e+03
1.252252057035998178e+03
1.261585390369331435e+03
1.256085390369331662e+03
1.169585390369331662e+03
1.202252057035998178e+03
1.191918723702664920e+03
1.235585390369331662e+03
1.167252057035998178e+03
1.187085390369331662e+03
1.168252057035998178e+03
1.230752057035998178e+03
1.210418723702664920e+03
1.278418723702664920e+03
1.262585390369331662e+03
1.331085390369331662e+03
1.303752057035998178e+03
1.317918723702664920e+03
1.226418723702664693e+03
1.208418723702664920e+03
1.201418723702664920e+03
1.296252057035998178e+03
1.314085390369331662e+03
1.274085390369331662e+03
1.215752057035998178e+03
1.233252057035998178e+03
1.262085390369331662e+03
1.301918723702664920e+03
1.215752057035998178e+03
1.201918723702664920e+03
1.136252057035998178e+03
1.190418723702664920e+03
1.180418723702664920e+03
1.262418723702664920e+03
1.238585390369331662e+03
1.272752057035998178e+03
1.202918723702664920e+03
1.244918723702664920e+03
1.138752057035998178e+03
1.115752057035998178e+03
1.060252057035998178e+03
1.147918723702664920e+03
1.176918723702664920e+03
1.197918723702664920e+03
1.148918723702664920e+03
1.160918723702664920e+03
1.140918723702664920e+03
1.187585390369331662e+03
1.136418723702664920e+03
1.167085390369331662e+03
6.782520570359982912e+02
