6.396666666666666288e+02
7.781666666666666288e+02
4.268333333333333144e+02
5.593333333333332575e+02
1.057666666666666515e+03
1.434333333333333258e+03
1.580500000000000000e+03
1.382833333333333258e+03
1.469500000000000000e+03
1.549500000000000000e+03
1.531500000000000000e+03
1.350333333333333258e+03
1.464000000000000000e+03
1.594333333333333258e+03
1.597333333333333258e+03
1.408833333333333258e+03
1.481666666666666515e+03
1.590999999999999773e+03
1.651666666666666515e+03
1.485500000000000000e+03
1.661500000000000000e+03
1.772833333333333258e+03
1.794999999999999773e+03
1.552833333333333030e+03
1.643833333333333258e+03
1.700500000000000000e+03
1.699833333333333258e+03
1.503000000000000000e+03
1.599833333333333258e+03
1.683000000000000000e+03
1.691833333333333258e+03
1.548333333333333258e+03
1.703666666666666515e+03
1.756000000000000000e+03
1.750166666666666515e+03
1.524666666666666515e+03
1.632666666666666515e+03
1.707333333333333030e+03
1.677333333333333258e+03
1.504500000000000000e+03
1.603333333333333258e+03
1.724666666666666515e+03
1.720000000000000000e+03
1.533500000000000000e+03
1.616666666666666515e+03
1.717500000000000000e+03
1.750000000000000000e+03
1.627500000000000000e+03
1.750500000000000000e+03
1.808000000000000000e+03
1.734500000000000000e+03
1.513666666666666515e+03
1.638666666666666515e+03
1.740833333333333030e+03
1.769999999999999773e+03
1.592666666666666515e+03
1.673833333333333258e+03
1.684666666666666515e+03
1.657500000000000000e+03
1.486000000000000000e+03
1.616833333333333258e+03
1.727500000000000000e+03
1.734833333333333030e+03
1.543166666666666515e+03
1.629833333333333258e+03
1.726999999999999773e+03
1.709833333333333030e+03
1.542166666666666515e+03
1.685166666666666515e+03
1.819666666666666515e+03
1.827333333333333258e+03
1.619833333333333258e+03
1.719333333333333030e+03
1.788833333333333258e+03
1.777666666666666515e+03
1.611000000000000000e+03
1.698666666666666515e+03
1.757666666666666515e+03
1.697333333333333030e+03
1.538000000000000000e+03
1.641666666666666515e+03
1.713000000000000000e+03
1.670166666666666515e+03
1.487000000000000000e+03
1.596500000000000000e+03
1.701499999999999773e+03
1.716500000000000000e+03
1.575333333333333258e+03
1.662833333333333258e+03
1.703666666666666515e+03
1.698833333333333258e+03
1.522500000000000000e+03
1.631000000000000000e+03
1.711500000000000000e+03
1.702166666666666515e+03
1.600833333333333030e+03
1.722500000000000000e+03
1.810166666666666515e+03
1.740333333333333258e+03
1.524833333333333030e+03
1.618166666666666515e+03
1.710000000000000000e+03
1.701333333333333258e+03
1.508999999999999773e+03
1.588833333333333258e+03
1.634833333333333258e+03
1.633166666666666515e+03
1.475000000000000000e+03
1.619166666666666515e+03
1.712500000000000000e+03
1.712166666666666515e+03
1.530000000000000000e+03
1.676500000000000000e+03
1.794500000000000000e+03
1.817500000000000000e+03
1.605333333333333258e+03
1.674000000000000000e+03
1.706666666666666515e+03
1.684833333333333258e+03
1.499333333333333258e+03
1.637666666666666515e+03
1.721499999999999773e+03
1.719500000000000000e+03
1.511166666666666515e+03
1.603000000000000000e+03
1.639666666666666515e+03
1.611833333333333258e+03
1.455166666666666515e+03
1.633500000000000000e+03
1.743999999999999773e+03
1.693833333333333258e+03
1.440333333333333030e+03
1.554833333333333258e+03
1.683166666666666515e+03
1.707500000000000000e+03
1.527166666666666515e+03
1.606666666666666515e+03
1.687666666666666515e+03
1.663833333333333030e+03
1.495166666666666515e+03
1.627666666666666515e+03
1.774166666666666515e+03
1.818666666666666515e+03
1.601333333333333030e+03
1.605833333333333258e+03
1.644500000000000000e+03
1.683166666666666515e+03
1.547500000000000000e+03
1.609166666666666515e+03
1.655833333333333258e+03
1.676500000000000000e+03
1.555333333333333030e+03
1.673000000000000000e+03
1.729500000000000000e+03
1.709166666666666515e+03
1.530166666666666515e+03
1.637666666666666515e+03
1.719000000000000000e+03
1.732333333333333258e+03
1.573333333333333030e+03
1.644333333333333258e+03
1.678500000000000000e+03
1.648166666666666515e+03
1.504500000000000000e+03
1.606000000000000000e+03
1.667499999999999773e+03
1.676000000000000000e+03
1.539333333333333258e+03
1.657500000000000000e+03
1.734166666666666515e+03
1.699333333333333030e+03
1.500833333333333258e+03
1.540833333333333258e+03
1.634333333333333030e+03
1.707333333333333258e+03
1.560499999999999773e+03
1.628333333333333258e+03
1.688000000000000000e+03
1.727999999999999773e+03
1.569333333333333258e+03
1.637333333333333030e+03
1.670000000000000000e+03
1.660833333333333030e+03
1.515833333333333258e+03
1.634333333333333258e+03
1.699333333333333030e+03
1.683666666666666515e+03
1.493000000000000000e+03
1.643833333333333258e+03
1.725000000000000000e+03
1.697833333333333030e+03
1.504333333333333258e+03
1.597166666666666515e+03
1.703666666666666515e+03
1.735833333333333030e+03
1.571833333333333258e+03
1.677666666666666515e+03
1.708166666666666515e+03
1.694333333333333030e+03
1.541833333333333258e+03
1.674166666666666515e+03
1.737833333333333258e+03
1.732833333333333258e+03
1.545666666666666515e+03
1.624000000000000000e+03
1.669833333333333258e+03
1.672666666666666515e+03
1.544166666666666515e+03
1.664333333333333258e+03
1.713999999999999773e+03
1.684833333333333258e+03
1.503666666666666515e+03
1.614833333333333258e+03
1.690166666666666515e+03
1.623666666666666515e+03
1.415666666666666515e+03
1.545333333333333258e+03
1.747166666666666515e+03
1.818333333333333030e+03
1.610500000000000000e+03
1.617666666666666515e+03
1.652166666666666515e+03
1.684666666666666515e+03
1.541833333333333258e+03
1.648833333333333258e+03
1.720166666666666515e+03
1.754999999999999773e+03
1.587500000000000000e+03
1.668833333333333030e+03
1.706500000000000000e+03
1.722333333333333258e+03
1.560333333333333258e+03
1.619333333333333258e+03
1.610833333333333258e+03
1.613166666666666515e+03
1.490833333333333258e+03
1.643666666666666515e+03
1.674500000000000000e+03
1.668166666666666515e+03
1.504666666666666515e+03
1.639666666666666515e+03
1.680000000000000000e+03
1.628499999999999773e+03
1.442833333333333258e+03
1.542500000000000000e+03
1.641666666666666515e+03
1.620500000000000000e+03
1.447833333333333258e+03
1.551000000000000000e+03
1.652666666666666515e+03
1.683166666666666515e+03
1.531000000000000000e+03
1.653500000000000000e+03
1.710000000000000000e+03
1.712833333333333258e+03
1.544666666666666515e+03
1.633000000000000000e+03
1.673166666666666515e+03
1.655000000000000000e+03
1.482000000000000000e+03
1.569500000000000000e+03
1.651833333333333258e+03
1.704500000000000000e+03
1.588333333333333258e+03
1.688500000000000000e+03
1.721833333333333258e+03
1.698500000000000000e+03
1.489666666666666515e+03
1.564500000000000000e+03
1.620000000000000000e+03
1.647833333333333258e+03
1.513333333333333258e+03
1.633000000000000000e+03
1.654666666666666515e+03
1.635333333333333258e+03
1.448333333333333258e+03
1.556333333333333258e+03
1.614333333333333258e+03
1.603166666666666515e+03
1.453666666666666515e+03
1.615000000000000000e+03
1.718833333333333258e+03
1.734833333333333030e+03
1.511000000000000000e+03
1.575333333333333258e+03
1.660833333333333030e+03
1.746166666666666515e+03
1.611166666666666515e+03
1.679666666666666515e+03
1.658500000000000000e+03
1.665666666666666515e+03
1.520833333333333258e+03
1.613166666666666515e+03
1.640833333333333258e+03
1.630000000000000000e+03
1.518166666666666515e+03
1.658833333333333258e+03
1.740666666666666515e+03
1.747333333333333258e+03
1.551666666666666515e+03
1.614666666666666515e+03
1.651166666666666515e+03
1.623999999999999773e+03
1.480833333333333030e+03
1.576000000000000000e+03
1.666833333333333030e+03
1.653499999999999773e+03
1.534000000000000000e+03
1.647333333333333258e+03
1.740166666666666515e+03
1.737999999999999773e+03
1.622333333333333258e+03
1.693999999999999773e+03
1.688666666666666515e+03
1.615166666666666515e+03
1.474000000000000000e+03
1.618666666666666515e+03
1.684500000000000000e+03
1.681333333333333258e+03
1.466500000000000000e+03
1.514333333333333258e+03
1.515333333333333258e+03
1.514000000000000000e+03
1.400833333333333258e+03
1.494166666666666515e+03
1.579999999999999773e+03
1.591333333333333030e+03
1.470500000000000000e+03
1.540833333333333258e+03
1.595333333333333030e+03
1.606000000000000000e+03
1.472000000000000000e+03
1.541500000000000000e+03
1.617833333333333258e+03
1.634166666666666515e+03
1.532500000000000000e+03
1.582666666666666515e+03
1.643499999999999773e+03
1.680500000000000000e+03
1.581000000000000000e+03
1.640666666666666515e+03
1.642833333333333030e+03
1.630666666666666515e+03
1.524833333333333030e+03
1.626166666666666515e+03
1.654666666666666515e+03
1.615333333333333258e+03
1.466166666666666515e+03
1.596000000000000000e+03
1.701833333333333030e+03
1.694333333333333258e+03
1.527500000000000000e+03
1.611333333333333258e+03
1.666666666666666515e+03
1.663833333333333030e+03
1.450000000000000000e+03
1.506333333333333258e+03
1.560833333333333258e+03
1.627333333333333030e+03
1.526833333333333258e+03
1.571333333333333258e+03
1.605833333333333030e+03
1.594833333333333258e+03
1.489666666666666515e+03
1.572000000000000000e+03
1.624333333333333258e+03
1.665166666666666515e+03
1.548499999999999773e+03
1.659833333333333030e+03
1.667000000000000000e+03
1.643666666666666515e+03
1.457833333333333258e+03
1.511666666666666515e+03
1.582166666666666515e+03
1.685500000000000000e+03
1.613833333333333030e+03
1.675666666666666515e+03
1.618333333333333258e+03
1.598833333333333030e+03
1.495000000000000000e+03
1.600500000000000000e+03
1.633333333333333258e+03
1.602333333333333258e+03
1.458333333333333258e+03
1.548000000000000000e+03
1.607833333333333258e+03
1.639166666666666515e+03
1.525166666666666515e+03
1.588166666666666515e+03
1.615000000000000000e+03
1.580833333333333258e+03
1.421833333333333258e+03
1.493333333333333258e+03
1.544166666666666515e+03
1.572500000000000000e+03
1.449833333333333258e+03
1.526500000000000000e+03
1.564000000000000000e+03
1.574499999999999773e+03
1.465333333333333258e+03
1.603000000000000000e+03
1.634999999999999773e+03
1.602333333333333030e+03
1.426666666666666515e+03
1.503000000000000000e+03
1.557166666666666515e+03
1.572500000000000000e+03
1.485666666666666515e+03
1.588833333333333258e+03
1.597500000000000000e+03
1.588666666666666515e+03
1.478000000000000000e+03
1.607833333333333258e+03
1.660500000000000000e+03
1.697666666666666515e+03
1.601666666666666515e+03
1.650500000000000000e+03
1.642333333333333258e+03
1.604000000000000000e+03
1.475833333333333258e+03
1.534500000000000000e+03
1.552333333333333258e+03
1.583500000000000000e+03
1.500333333333333258e+03
1.601500000000000000e+03
1.606333333333333258e+03
1.587500000000000000e+03
1.482833333333333258e+03
1.610333333333333258e+03
1.680333333333333258e+03
1.710666666666666515e+03
1.531500000000000000e+03
1.585000000000000000e+03
1.585666666666666515e+03
1.628833333333333258e+03
1.507500000000000000e+03
1.564166666666666515e+03
1.536500000000000000e+03
1.540000000000000000e+03
1.475166666666666515e+03
1.604333333333333030e+03
1.626333333333333030e+03
1.583000000000000000e+03
1.446333333333333258e+03
1.510666666666666515e+03
1.539499999999999773e+03
1.589666666666666515e+03
1.545000000000000000e+03
1.628499999999999773e+03
1.628166666666666515e+03
1.612833333333333258e+03
1.514000000000000000e+03
1.599500000000000000e+03
1.646666666666666515e+03
1.633166666666666515e+03
1.533499999999999773e+03
1.554833333333333258e+03
1.624333333333333258e+03
1.701333333333333258e+03
1.622500000000000000e+03
1.671166666666666515e+03
1.636333333333333258e+03
1.638833333333333030e+03
1.522833333333333030e+03
1.579500000000000000e+03
1.599500000000000000e+03
1.601000000000000000e+03
1.494666666666666515e+03
1.566833333333333258e+03
1.622166666666666515e+03
1.647333333333333258e+03
1.521500000000000000e+03
1.556166666666666515e+03
1.568999999999999773e+03
1.575666666666666515e+03
1.455833333333333258e+03
1.517500000000000000e+03
1.568333333333333258e+03
1.611666666666666515e+03
1.524166666666666515e+03
1.609333333333333258e+03
1.641333333333333030e+03
1.654833333333333258e+03
1.509499999999999773e+03
1.541166666666666515e+03
1.548333333333333030e+03
1.587333333333333258e+03
1.485333333333333258e+03
1.516500000000000000e+03
1.479499999999999773e+03
1.501333333333333030e+03
1.431666666666666515e+03
1.534166666666666515e+03
1.596333333333333258e+03
1.630499999999999773e+03
1.548166666666666515e+03
1.585166666666666515e+03
1.566000000000000000e+03
1.572166666666666515e+03
1.450666666666666515e+03
1.529500000000000000e+03
1.573333333333333258e+03
1.610500000000000000e+03
1.499166666666666515e+03
1.543833333333333258e+03
1.559333333333333258e+03
1.584166666666666515e+03
1.517166666666666515e+03
1.640500000000000000e+03
1.675666666666666515e+03
1.636500000000000000e+03
1.487833333333333258e+03
1.588666666666666515e+03
1.661666666666666515e+03
1.724000000000000000e+03
1.579666666666666515e+03
1.568166666666666515e+03
1.525833333333333258e+03
1.546499999999999773e+03
1.486166666666666515e+03
1.551333333333333258e+03
1.582333333333333258e+03
1.653333333333333030e+03
1.567000000000000000e+03
1.601166666666666515e+03
1.548666666666666515e+03
1.549833333333333030e+03
1.450000000000000000e+03
1.521000000000000000e+03
1.512000000000000000e+03
1.525500000000000000e+03
1.437333333333333258e+03
1.568166666666666515e+03
1.641666666666666515e+03
1.681999999999999773e+03
1.568833333333333258e+03
1.572499999999999773e+03
1.555499999999999773e+03
1.563999999999999773e+03
1.505500000000000000e+03
1.581333333333333258e+03
1.586833333333333258e+03
1.593666666666666515e+03
1.500166666666666515e+03
1.574666666666666515e+03
1.588666666666666515e+03
1.636166666666666515e+03
1.560500000000000000e+03
1.624666666666666515e+03
1.613500000000000000e+03
1.658333333333333258e+03
1.561500000000000000e+03
1.622333333333333258e+03
1.578333333333333258e+03
1.580500000000000000e+03
1.435500000000000000e+03
1.503666666666666515e+03
1.537833333333333258e+03
1.619000000000000000e+03
1.538000000000000000e+03
1.627500000000000000e+03
1.635166666666666515e+03
1.630333333333333258e+03
1.510500000000000000e+03
1.569000000000000000e+03
1.598166666666666515e+03
1.614999999999999773e+03
1.523500000000000000e+03
1.603333333333333258e+03
1.592000000000000000e+03
1.598833333333333258e+03
1.454666666666666515e+03
1.555000000000000000e+03
1.609166666666666515e+03
1.711833333333333258e+03
1.650500000000000000e+03
1.686666666666666515e+03
1.641333333333333258e+03
1.602333333333333258e+03
1.466500000000000000e+03
1.515833333333333258e+03
1.534166666666666515e+03
1.581333333333333030e+03
1.491000000000000000e+03
1.514666666666666515e+03
1.509166666666666515e+03
1.552833333333333030e+03
1.493166666666666515e+03
1.537333333333333258e+03
1.487499999999999773e+03
1.491166666666666515e+03
1.446000000000000000e+03
1.537666666666666515e+03
1.549499999999999773e+03
1.599500000000000000e+03
1.548833333333333258e+03
1.662333333333333258e+03
1.664833333333333030e+03
1.702333333333333258e+03
1.602833333333333258e+03
1.616499999999999773e+03
1.597499999999999773e+03
1.609833333333333030e+03
1.547000000000000000e+03
1.584833333333333258e+03
1.554999999999999773e+03
1.588000000000000000e+03
1.559666666666666515e+03
1.672000000000000000e+03
1.654500000000000000e+03
1.643666666666666515e+03
1.543833333333333258e+03
1.615666666666666515e+03
1.615333333333333030e+03
1.565500000000000000e+03
1.438000000000000000e+03
1.477500000000000000e+03
1.519000000000000000e+03
1.543833333333333030e+03
1.465666666666666515e+03
1.497500000000000000e+03
1.477666666666666515e+03
1.480999999999999773e+03
1.413333333333333258e+03
1.492333333333333258e+03
1.528166666666666515e+03
1.581500000000000000e+03
1.490499999999999773e+03
1.539166666666666515e+03
1.562333333333333030e+03
1.633500000000000000e+03
1.549166666666666515e+03
1.570500000000000000e+03
1.561666666666666515e+03
1.598833333333333030e+03
1.550666666666666515e+03
1.600833333333333258e+03
1.592999999999999773e+03
1.605833333333333030e+03
1.555833333333333258e+03
1.646333333333333258e+03
1.624499999999999773e+03
1.591833333333333030e+03
1.462333333333333258e+03
1.530000000000000000e+03
1.603833333333333258e+03
1.704833333333333258e+03
1.655833333333333258e+03
1.677000000000000000e+03
1.594166666666666515e+03
1.605999999999999773e+03
1.508000000000000000e+03
1.546500000000000000e+03
1.516833333333333258e+03
1.568166666666666515e+03
1.536833333333333030e+03
1.609833333333333030e+03
1.595666666666666515e+03
1.621166666666666515e+03
1.489166666666666515e+03
1.485166666666666515e+03
1.483166666666666515e+03
1.583333333333333258e+03
1.587833333333333258e+03
1.644833333333333030e+03
1.612166666666666515e+03
1.652500000000000000e+03
1.566166666666666515e+03
1.623833333333333258e+03
1.562166666666666515e+03
1.594500000000000000e+03
1.495499999999999773e+03
1.561833333333333258e+03
1.528666666666666515e+03
1.600333333333333258e+03
1.561833333333333258e+03
1.631666666666666515e+03
1.590999999999999773e+03
1.581166666666666515e+03
1.492000000000000000e+03
1.575166666666666515e+03
1.586833333333333030e+03
1.656333333333333030e+03
1.554833333333333258e+03
1.601166666666666515e+03
1.606000000000000000e+03
1.721333333333333258e+03
1.681833333333333258e+03
1.719000000000000000e+03
1.642333333333333030e+03
1.633166666666666515e+03
1.506000000000000000e+03
1.498500000000000000e+03
1.464666666666666515e+03
1.480333333333333258e+03
1.487000000000000000e+03
1.581333333333333030e+03
1.605666666666666515e+03
1.598000000000000000e+03
1.466833333333333258e+03
1.493333333333333258e+03
1.487500000000000000e+03
1.574000000000000000e+03
1.522833333333333258e+03
1.603666666666666515e+03
1.552166666666666515e+03
1.549333333333333258e+03
1.457833333333333258e+03
1.561333333333333258e+03
1.623333333333333258e+03
1.619333333333333030e+03
1.505333333333333030e+03
1.524166666666666515e+03
1.580833333333333258e+03
1.601833333333333030e+03
1.511000000000000000e+03
1.536333333333333258e+03
1.546833333333333030e+03
1.608833333333333258e+03
1.503333333333333030e+03
1.558000000000000000e+03
1.565666666666666515e+03
1.609833333333333258e+03
1.550333333333333258e+03
1.563499999999999773e+03
1.581666666666666515e+03
1.616833333333333258e+03
1.544833333333333258e+03
1.536833333333333258e+03
1.498333333333333258e+03
1.530000000000000000e+03
1.489000000000000000e+03
1.506333333333333258e+03
1.516000000000000000e+03
1.572666666666666515e+03
1.529166666666666515e+03
1.605000000000000000e+03
1.629333333333333258e+03
1.687666666666666515e+03
1.564833333333333030e+03
1.539333333333333258e+03
1.476166666666666515e+03
1.487666666666666515e+03
1.395000000000000000e+03
1.484666666666666515e+03
1.567500000000000000e+03
1.620333333333333030e+03
1.481999999999999773e+03
1.415333333333333258e+03
1.405666666666666515e+03
1.493500000000000000e+03
1.475500000000000000e+03
1.521000000000000000e+03
1.499833333333333258e+03
1.548000000000000000e+03
1.536500000000000000e+03
1.606666666666666515e+03
1.591666666666666515e+03
1.619666666666666515e+03
1.559166666666666515e+03
1.618666666666666515e+03
1.584166666666666515e+03
1.574666666666666515e+03
1.494000000000000000e+03
1.545500000000000000e+03
1.600833333333333258e+03
1.594166666666666515e+03
1.491333333333333030e+03
1.491666666666666515e+03
1.528333333333333030e+03
1.596166666666666515e+03
1.536833333333333258e+03
1.584666666666666515e+03
1.595333333333333030e+03
1.675666666666666515e+03
1.590500000000000000e+03
1.599166666666666515e+03
1.551000000000000000e+03
1.559666666666666515e+03
1.506333333333333258e+03
1.574666666666666515e+03
1.587166666666666515e+03
1.594666666666666515e+03
1.476666666666666515e+03
1.514000000000000000e+03
1.497333333333333258e+03
1.532000000000000000e+03
1.443666666666666515e+03
1.508000000000000000e+03
1.523000000000000000e+03
1.599333333333333258e+03
1.541166666666666515e+03
1.568333333333333258e+03
1.539166666666666515e+03
1.563999999999999773e+03
1.504833333333333030e+03
1.596500000000000000e+03
1.624833333333333030e+03
1.674499999999999773e+03
1.582500000000000000e+03
1.590166666666666515e+03
1.575166666666666515e+03
1.587499999999999773e+03
1.534333333333333030e+03
1.564333333333333030e+03
1.546500000000000000e+03
1.547333333333333258e+03
1.464666666666666515e+03
1.560833333333333258e+03
1.561333333333333258e+03
1.605666666666666515e+03
1.503500000000000000e+03
1.572333333333333258e+03
1.554666666666666515e+03
1.567666666666666515e+03
1.474833333333333258e+03
1.545333333333333258e+03
1.552666666666666515e+03
1.571833333333333030e+03
1.473166666666666515e+03
1.547666666666666515e+03
1.579333333333333258e+03
1.654833333333333030e+03
1.553500000000000000e+03
1.610166666666666515e+03
1.564833333333333258e+03
1.535500000000000000e+03
1.397500000000000000e+03
1.469666666666666515e+03
1.511333333333333258e+03
1.513166666666666515e+03
1.424833333333333258e+03
1.503833333333333258e+03
1.575666666666666515e+03
1.621000000000000000e+03
1.561166666666666515e+03
1.626000000000000000e+03
1.627833333333333258e+03
1.625333333333333258e+03
1.491666666666666515e+03
1.492000000000000000e+03
1.491500000000000000e+03
1.530499999999999773e+03
1.454833333333333258e+03
1.504000000000000000e+03
1.516666666666666515e+03
1.560499999999999773e+03
1.487000000000000000e+03
1.547833333333333258e+03
1.598833333333333258e+03
1.613166666666666515e+03
1.498166666666666515e+03
1.492666666666666515e+03
1.494833333333333030e+03
1.560833333333333258e+03
1.494000000000000000e+03
1.558833333333333258e+03
1.547000000000000000e+03
1.587000000000000000e+03
1.517500000000000000e+03
1.584833333333333258e+03
1.570666666666666515e+03
1.582666666666666515e+03
1.500333333333333258e+03
1.609333333333333258e+03
1.618333333333333258e+03
1.614000000000000000e+03
1.490000000000000000e+03
1.571500000000000000e+03
1.576500000000000000e+03
1.598833333333333030e+03
1.470166666666666515e+03
1.539666666666666515e+03
1.545000000000000000e+03
1.591333333333333030e+03
1.493333333333333030e+03
1.559333333333333258e+03
1.552999999999999773e+03
1.600166666666666515e+03
1.511499999999999773e+03
1.569833333333333258e+03
1.571166666666666515e+03
1.596000000000000000e+03
1.538500000000000000e+03
1.602833333333333258e+03
1.586499999999999773e+03
1.608333333333333258e+03
1.551500000000000000e+03
1.617499999999999773e+03
1.569833333333333258e+03
1.541666666666666515e+03
1.454000000000000000e+03
1.543166666666666515e+03
1.544833333333333030e+03
1.528666666666666515e+03
1.427166666666666515e+03
1.524500000000000000e+03
1.579333333333333258e+03
1.629833333333333258e+03
1.535166666666666515e+03
1.616833333333333258e+03
1.628666666666666515e+03
1.641833333333333258e+03
1.537000000000000000e+03
1.587166666666666515e+03
1.579999999999999773e+03
1.601500000000000000e+03
1.492333333333333258e+03
1.551833333333333258e+03
1.561833333333333030e+03
1.566000000000000000e+03
1.442000000000000000e+03
1.420333333333333258e+03
1.452666666666666515e+03
1.562166666666666515e+03
1.518666666666666515e+03
1.564666666666666515e+03
1.517333333333333258e+03
1.516166666666666515e+03
1.399000000000000000e+03
1.464166666666666515e+03
1.516000000000000000e+03
1.555500000000000000e+03
1.429666666666666515e+03
1.451166666666666515e+03
1.450333333333333258e+03
1.488000000000000000e+03
1.435333333333333258e+03
1.539333333333333258e+03
1.578666666666666515e+03
1.605333333333333030e+03
1.479833333333333258e+03
1.492166666666666515e+03
1.494000000000000000e+03
1.541833333333333030e+03
1.506166666666666515e+03
1.573166666666666515e+03
1.578166666666666515e+03
1.581833333333333030e+03
1.463500000000000000e+03
1.499833333333333258e+03
1.503166666666666515e+03
1.531333333333333258e+03
1.444666666666666515e+03
1.474833333333333258e+03
1.467000000000000000e+03
1.485666666666666515e+03
1.443000000000000000e+03
1.535333333333333258e+03
1.598166666666666515e+03
1.661666666666666515e+03
1.597833333333333258e+03
1.574333333333333258e+03
1.489833333333333258e+03
1.453500000000000000e+03
1.393666666666666515e+03
1.497500000000000000e+03
1.577833333333333258e+03
1.625666666666666515e+03
1.548333333333333258e+03
1.588333333333333258e+03
1.599000000000000000e+03
1.588666666666666515e+03
1.455666666666666515e+03
1.462166666666666515e+03
1.522666666666666515e+03
1.565833333333333030e+03
1.532833333333333258e+03
1.569666666666666515e+03
1.597333333333333258e+03
1.573000000000000000e+03
1.455500000000000000e+03
1.508000000000000000e+03
1.572333333333333258e+03
1.620000000000000000e+03
1.544999999999999773e+03
1.575166666666666515e+03
1.539166666666666515e+03
1.498333333333333258e+03
1.416333333333333258e+03
1.528500000000000000e+03
1.545666666666666515e+03
1.535666666666666515e+03
1.403666666666666515e+03
1.468666666666666515e+03
1.470000000000000000e+03
1.476166666666666515e+03
1.372666666666666515e+03
1.447000000000000000e+03
1.486666666666666515e+03
1.544333333333333258e+03
1.482166666666666515e+03
1.589833333333333258e+03
1.615833333333333258e+03
1.640666666666666515e+03
1.482833333333333258e+03
1.487500000000000000e+03
1.461833333333333258e+03
1.530833333333333258e+03
1.496333333333333258e+03
1.593333333333333258e+03
1.568500000000000000e+03
1.538666666666666515e+03
1.384333333333333258e+03
1.424000000000000000e+03
1.466833333333333258e+03
1.523166666666666515e+03
1.479166666666666515e+03
1.552166666666666515e+03
1.588833333333333258e+03
1.585666666666666515e+03
1.473666666666666515e+03
1.499500000000000000e+03
1.476166666666666515e+03
1.489499999999999773e+03
1.429333333333333258e+03
1.541000000000000000e+03
1.605333333333333030e+03
1.639499999999999773e+03
1.534500000000000000e+03
1.536166666666666515e+03
1.521833333333333258e+03
1.540500000000000000e+03
1.494833333333333258e+03
1.590500000000000000e+03
1.624666666666666515e+03
1.569833333333333258e+03
1.421666666666666515e+03
1.466166666666666515e+03
1.541000000000000000e+03
1.577666666666666515e+03
1.498500000000000000e+03
1.498833333333333258e+03
1.504500000000000000e+03
1.540166666666666515e+03
1.492666666666666515e+03
1.537666666666666515e+03
1.543166666666666515e+03
1.614166666666666515e+03
1.616666666666666515e+03
1.637500000000000000e+03
1.571333333333333258e+03
1.528500000000000000e+03
1.435000000000000000e+03
1.486333333333333258e+03
1.459166666666666515e+03
1.486333333333333258e+03
1.409666666666666515e+03
1.502500000000000000e+03
1.537166666666666515e+03
1.564833333333333030e+03
1.455666666666666515e+03
1.475833333333333258e+03
1.460666666666666515e+03
1.457000000000000000e+03
1.389333333333333258e+03
1.505500000000000000e+03
1.587333333333333030e+03
1.630333333333333258e+03
1.538999999999999773e+03
1.570166666666666515e+03
1.566666666666666515e+03
1.544333333333333258e+03
1.473166666666666515e+03
1.540166666666666515e+03
1.564999999999999773e+03
1.527666666666666515e+03
1.411666666666666515e+03
1.455333333333333258e+03
1.498833333333333258e+03
1.528000000000000000e+03
1.491500000000000000e+03
1.570500000000000000e+03
1.588166666666666515e+03
1.574833333333333030e+03
1.452166666666666515e+03
1.508666666666666515e+03
1.550000000000000000e+03
1.581000000000000000e+03
1.503666666666666515e+03
1.517500000000000000e+03
1.559166666666666515e+03
1.584166666666666515e+03
1.489166666666666515e+03
1.451833333333333258e+03
1.396166666666666515e+03
1.401333333333333258e+03
1.392666666666666515e+03
1.539166666666666515e+03
1.626166666666666515e+03
1.641333333333333258e+03
1.505500000000000000e+03
1.513333333333333258e+03
1.576166666666666515e+03
1.681833333333333030e+03
1.647000000000000000e+03
1.683666666666666515e+03
1.620666666666666515e+03
1.623833333333333030e+03
1.509666666666666515e+03
1.564333333333333258e+03
1.570833333333333030e+03
1.600166666666666515e+03
1.514833333333333258e+03
1.565833333333333258e+03
1.565166666666666515e+03
1.603499999999999773e+03
1.486500000000000000e+03
1.522500000000000000e+03
1.533833333333333258e+03
1.613999999999999773e+03
1.556833333333333258e+03
1.566833333333333030e+03
1.545500000000000000e+03
1.543833333333333030e+03
1.502500000000000000e+03
1.585500000000000000e+03
1.624500000000000000e+03
1.615666666666666515e+03
1.492666666666666515e+03
1.523500000000000000e+03
1.553833333333333258e+03
1.592833333333333258e+03
1.532500000000000000e+03
1.587500000000000000e+03
1.645833333333333258e+03
1.696999999999999773e+03
1.592333333333333030e+03
1.615166666666666515e+03
1.604666666666666515e+03
1.626000000000000000e+03
1.528000000000000000e+03
1.597833333333333258e+03
1.645166666666666515e+03
1.654500000000000000e+03
1.542166666666666515e+03
1.594833333333333258e+03
1.601333333333333258e+03
1.584500000000000000e+03
1.509833333333333258e+03
1.563833333333333258e+03
1.591333333333333258e+03
1.555666666666666515e+03
1.492000000000000000e+03
1.577166666666666515e+03
1.615166666666666515e+03
1.613500000000000000e+03
1.525166666666666515e+03
1.561500000000000000e+03
1.583666666666666515e+03
1.537333333333333258e+03
1.447000000000000000e+03
1.472500000000000000e+03
1.554166666666666515e+03
1.608666666666666515e+03
1.557000000000000000e+03
1.571833333333333258e+03
1.555999999999999773e+03
1.551500000000000000e+03
1.489000000000000000e+03
1.581833333333333258e+03
1.625666666666666515e+03
1.630499999999999773e+03
1.537833333333333258e+03
1.571500000000000000e+03
1.575666666666666515e+03
1.533999999999999773e+03
1.438166666666666515e+03
1.515000000000000000e+03
1.579833333333333030e+03
1.607500000000000000e+03
1.532166666666666515e+03
1.583333333333333258e+03
1.589000000000000000e+03
1.573333333333333258e+03
1.479833333333333258e+03
1.542333333333333258e+03
1.566000000000000000e+03
1.585499999999999773e+03
1.484000000000000000e+03
1.520666666666666515e+03
1.550333333333333258e+03
1.598833333333333030e+03
1.560166666666666515e+03
1.658666666666666515e+03
1.666166666666666515e+03
1.640333333333333030e+03
1.488333333333333258e+03
1.531333333333333258e+03
1.578999999999999773e+03
1.576333333333333258e+03
1.510166666666666515e+03
1.552000000000000000e+03
1.564666666666666515e+03
1.539999999999999773e+03
1.440333333333333258e+03
1.525166666666666515e+03
1.586000000000000000e+03
1.635000000000000000e+03
1.535333333333333030e+03
1.587333333333333258e+03
1.579000000000000000e+03
1.617666666666666515e+03
1.544500000000000000e+03
1.609166666666666515e+03
1.605333333333333258e+03
1.599166666666666515e+03
1.519666666666666515e+03
1.579333333333333258e+03
1.547666666666666515e+03
1.566333333333333258e+03
1.482833333333333258e+03
1.567166666666666515e+03
1.628999999999999773e+03
1.677333333333333258e+03
1.614000000000000000e+03
1.616999999999999773e+03
1.596500000000000000e+03
1.664500000000000000e+03
1.602666666666666515e+03
1.660833333333333030e+03
1.655833333333333030e+03
1.681666666666666515e+03
1.624666666666666515e+03
1.664333333333333258e+03
1.671333333333333258e+03
1.651499999999999773e+03
1.558166666666666515e+03
1.600833333333333258e+03
1.658500000000000000e+03
1.666500000000000000e+03
1.589666666666666515e+03
1.635999999999999773e+03
1.646500000000000000e+03
1.640000000000000000e+03
1.558166666666666515e+03
1.633166666666666515e+03
1.655000000000000000e+03
1.655500000000000000e+03
1.579333333333333258e+03
1.659333333333333258e+03
1.688833333333333258e+03
1.704500000000000000e+03
1.588333333333333258e+03
1.630500000000000000e+03
1.614000000000000000e+03
1.605666666666666515e+03
1.529333333333333258e+03
1.603833333333333258e+03
1.656666666666666515e+03
1.683333333333333258e+03
1.632500000000000000e+03
1.698499999999999773e+03
1.705333333333333258e+03
1.683166666666666515e+03
1.621333333333333258e+03
1.693500000000000000e+03
1.740000000000000000e+03
1.706000000000000000e+03
1.604833333333333258e+03
1.634833333333333258e+03
1.673166666666666515e+03
1.709333333333333258e+03
1.611166666666666515e+03
1.670666666666666515e+03
1.643499999999999773e+03
1.632666666666666515e+03
1.565166666666666515e+03
1.673666666666666515e+03
1.731666666666666515e+03
1.710500000000000000e+03
1.597666666666666515e+03
1.628499999999999773e+03
1.645833333333333258e+03
1.637166666666666515e+03
1.555833333333333258e+03
1.613166666666666515e+03
1.653000000000000000e+03
1.715500000000000000e+03
1.683333333333333030e+03
1.749333333333333030e+03
1.738833333333333258e+03
1.719499999999999773e+03
1.677333333333333258e+03
1.737666666666666515e+03
1.769000000000000000e+03
1.763000000000000000e+03
1.698499999999999773e+03
1.760666666666666515e+03
1.757166666666666515e+03
1.748500000000000000e+03
1.639333333333333030e+03
1.702000000000000000e+03
1.715333333333333258e+03
1.713666666666666515e+03
1.589000000000000000e+03
1.637500000000000000e+03
1.653333333333333258e+03
1.670666666666666515e+03
1.612833333333333030e+03
1.695333333333333258e+03
1.714000000000000000e+03
1.710166666666666515e+03
1.630500000000000000e+03
1.752500000000000000e+03
1.789333333333333030e+03
1.798333333333333030e+03
1.661333333333333258e+03
1.676833333333333030e+03
1.677333333333333030e+03
1.699333333333333258e+03
1.670166666666666515e+03
1.722166666666666515e+03
1.726166666666666515e+03
1.712333333333333030e+03
1.643333333333333030e+03
1.699000000000000000e+03
1.723500000000000000e+03
1.737833333333333258e+03
1.662999999999999773e+03
1.729000000000000000e+03
1.793333333333333258e+03
1.813166666666666515e+03
1.701500000000000000e+03
1.703666666666666515e+03
1.709333333333333258e+03
1.733166666666666515e+03
1.693666666666666515e+03
1.805000000000000000e+03
1.821333333333333030e+03
1.797666666666666515e+03
1.647500000000000000e+03
1.693833333333333258e+03
1.707500000000000000e+03
1.734666666666666515e+03
1.659499999999999773e+03
1.745000000000000000e+03
1.828666666666666515e+03
1.848166666666666515e+03
1.737333333333333030e+03
1.752333333333333258e+03
1.764333333333333258e+03
1.746333333333333030e+03
1.651833333333333258e+03
1.726333333333333258e+03
1.770999999999999773e+03
1.798333333333333030e+03
1.703833333333333258e+03
1.780000000000000000e+03
1.813500000000000000e+03
1.847166666666666515e+03
1.772666666666666515e+03
1.796000000000000000e+03
1.821666666666666515e+03
1.868166666666666515e+03
1.792999999999999773e+03
1.813000000000000000e+03
1.783833333333333258e+03
1.809833333333333258e+03
1.754166666666666515e+03
1.828500000000000000e+03
1.856833333333333030e+03
1.872833333333333258e+03
1.785333333333333030e+03
1.822999999999999773e+03
1.836500000000000000e+03
1.823500000000000000e+03
1.742499999999999773e+03
1.845833333333333258e+03
1.898333333333333030e+03
1.926333333333333258e+03
1.840666666666666515e+03
1.885500000000000000e+03
1.936833333333333030e+03
1.937166666666666515e+03
1.826499999999999773e+03
1.830666666666666515e+03
1.844166666666666515e+03
1.898000000000000000e+03
1.842333333333333030e+03
1.878166666666666515e+03
1.881166666666666515e+03
1.927666666666666515e+03
1.842000000000000000e+03
1.885833333333333258e+03
1.887999999999999773e+03
1.913666666666666515e+03
1.870166666666666515e+03
1.895166666666666515e+03
1.939833333333333258e+03
1.969666666666666515e+03
1.928666666666666515e+03
1.983833333333333030e+03
2.003500000000000000e+03
1.997333333333333030e+03
1.887499999999999773e+03
1.921500000000000000e+03
1.918333333333333258e+03
1.929000000000000000e+03
1.870500000000000000e+03
1.949500000000000000e+03
1.961666666666666515e+03
1.952333333333333030e+03
1.846166666666666515e+03
1.907333333333333258e+03
1.907999999999999773e+03
1.959333333333333030e+03
1.920000000000000000e+03
2.041833333333333030e+03
2.049333333333333030e+03
2.014666666666666515e+03
1.897500000000000000e+03
1.977333333333333258e+03
2.052000000000000000e+03
2.125500000000000000e+03
2.114500000000000000e+03
2.167333333333333030e+03
2.131833333333333030e+03
2.071666666666666515e+03
1.973666666666666515e+03
2.040333333333333030e+03
2.087500000000000000e+03
2.104500000000000000e+03
2.042333333333333258e+03
2.104000000000000000e+03
2.170000000000000000e+03
2.229166666666666515e+03
2.120666666666666515e+03
2.112166666666666515e+03
2.102666666666666515e+03
2.167000000000000000e+03
2.150500000000000000e+03
2.221833333333333030e+03
2.208500000000000000e+03
2.212000000000000000e+03
2.093166666666666515e+03
2.093500000000000000e+03
2.093833333333333030e+03
2.160000000000000000e+03
2.174500000000000000e+03
2.312166666666666515e+03
2.316833333333333030e+03
2.326166666666666515e+03
2.210166666666666515e+03
2.279166666666666515e+03
2.310500000000000000e+03
2.338666666666666515e+03
2.328833333333333030e+03
2.433500000000000000e+03
2.449000000000000000e+03
2.446000000000000000e+03
2.351166666666666515e+03
2.396000000000000000e+03
2.372833333333333030e+03
2.359500000000000000e+03
2.312333333333333030e+03
2.450333333333333030e+03
2.515833333333333030e+03
2.574000000000000000e+03
2.442166666666666515e+03
2.426833333333333030e+03
2.382333333333333030e+03
2.391166666666666515e+03
2.367500000000000000e+03
2.447833333333333030e+03
2.466666666666666515e+03
2.518833333333333030e+03
2.469000000000000000e+03
2.574500000000000000e+03
2.591833333333333030e+03
2.670000000000000000e+03
2.615000000000000000e+03
2.651166666666666515e+03
2.608000000000000000e+03
2.613833333333333030e+03
2.535500000000000000e+03
2.611833333333333030e+03
2.669500000000000000e+03
2.756500000000000000e+03
2.658833333333333030e+03
2.651166666666666515e+03
2.655000000000000000e+03
2.719833333333333030e+03
2.689500000000000000e+03
2.765833333333333030e+03
2.772833333333333030e+03
2.809500000000000000e+03
2.741166666666666515e+03
2.791833333333333030e+03
2.810000000000000000e+03
2.828166666666666515e+03
2.834333333333333030e+03
2.890500000000000000e+03
2.914000000000000000e+03
2.897666666666666515e+03
2.826500000000000000e+03
2.882333333333333030e+03
2.876333333333333030e+03
2.917833333333333030e+03
2.867833333333333030e+03
2.966833333333333030e+03
2.978666666666666515e+03
2.994500000000000000e+03
2.943666666666666515e+03
3.081666666666666515e+03
3.107666666666666515e+03
3.126333333333333030e+03
2.992500000000000000e+03
3.077000000000000000e+03
3.130499999999999545e+03
3.187333333333333030e+03
3.164333333333333030e+03
3.270000000000000000e+03
3.304500000000000000e+03
3.272833333333333030e+03
3.165333333333333030e+03
3.212166666666666060e+03
3.251000000000000000e+03
3.284833333333333030e+03
3.223500000000000000e+03
3.264333333333333030e+03
3.280000000000000000e+03
3.360166666666666515e+03
3.351500000000000000e+03
3.397500000000000000e+03
3.366499999999999545e+03
3.387000000000000000e+03
3.339833333333333030e+03
3.424833333333333030e+03
3.456499999999999545e+03
3.510333333333333030e+03
3.469333333333333030e+03
3.550166666666666515e+03
3.598500000000000000e+03
3.661333333333333030e+03
3.635999999999999545e+03
3.706333333333333030e+03
3.714166666666666060e+03
3.715666666666666515e+03
3.644666666666666515e+03
3.716833333333333030e+03
3.736500000000000000e+03
3.777666666666666060e+03
3.705333333333333030e+03
3.787500000000000000e+03
3.838833333333333030e+03
3.911833333333333030e+03
3.850166666666666060e+03
3.886000000000000000e+03
3.913499999999999545e+03
3.982000000000000000e+03
3.986666666666666515e+03
4.057833333333333030e+03
4.086666666666666515e+03
4.101833333333333030e+03
4.005000000000000000e+03
4.042833333333333030e+03
4.055500000000000000e+03
4.085500000000000000e+03
4.019000000000000000e+03
4.078500000000000000e+03
4.133833333333333030e+03
4.183833333333333030e+03
4.125333333333333030e+03
4.217833333333333030e+03
4.297166666666666060e+03
4.372333333333333030e+03
4.320166666666666060e+03
4.351000000000000000e+03
4.369166666666666060e+03
4.390166666666666060e+03
4.346833333333333030e+03
4.421833333333333030e+03
4.472500000000000000e+03
4.561500000000000000e+03
4.507833333333333030e+03
4.581000000000000000e+03
4.571166666666666060e+03
4.598500000000000000e+03
4.502833333333333030e+03
4.537333333333333030e+03
4.539166666666666060e+03
4.583166666666666060e+03
4.549833333333333030e+03
4.669500000000000000e+03
4.707500000000000000e+03
4.756000000000000000e+03
4.694666666666666060e+03
4.779500000000000000e+03
4.843166666666666060e+03
4.890833333333333030e+03
4.867000000000000000e+03
4.898833333333333030e+03
4.896666666666666060e+03
4.864333333333333030e+03
4.795833333333333030e+03
4.877833333333333030e+03
4.958166666666666060e+03
5.029500000000000000e+03
4.977333333333333030e+03
5.009500000000000000e+03
5.020000000000000000e+03
5.057500000000000000e+03
5.022500000000000000e+03
5.070666666666666060e+03
5.075500000000000000e+03
5.078333333333333030e+03
4.995500000000000000e+03
5.057666666666666060e+03
5.087833333333333030e+03
5.150833333333333030e+03
5.103000000000000000e+03
5.177500000000000000e+03
5.190000000000000000e+03
5.216833333333333030e+03
5.161833333333333030e+03
5.271833333333333030e+03
5.345500000000000000e+03
5.408000000000000000e+03
5.340500000000000000e+03
5.380000000000000000e+03
5.378500000000000000e+03
5.397833333333333030e+03
5.339500000000000000e+03
5.424333333333333030e+03
5.509000000000000000e+03
5.588166666666666060e+03
5.492500000000000000e+03
5.477666666666666060e+03
5.442000000000000000e+03
5.538333333333333030e+03
5.556166666666666060e+03
5.647666666666666060e+03
5.645166666666666060e+03
5.648666666666666060e+03
5.550000000000000000e+03
5.579333333333333030e+03
5.603666666666666060e+03
5.714666666666666060e+03
5.687833333333333030e+03
5.698333333333333030e+03
5.668666666666666060e+03
5.687000000000000000e+03
5.651333333333333030e+03
5.714333333333333030e+03
5.742166666666666060e+03
5.763000000000000000e+03
5.704833333333333030e+03
5.793166666666666060e+03
5.825833333333333030e+03
5.820333333333333030e+03
5.706333333333333030e+03
5.795833333333333030e+03
5.883833333333333030e+03
6.000000000000000000e+03
5.921166666666666060e+03
5.954666666666666060e+03
5.950500000000000000e+03
6.000333333333333030e+03
5.952333333333333030e+03
5.989833333333333030e+03
6.002500000000000000e+03
6.015166666666666060e+03
5.952000000000000000e+03
6.003666666666666060e+03
6.061499999999999091e+03
6.112166666666666060e+03
6.029166666666666060e+03
6.083333333333333030e+03
6.122000000000000000e+03
6.223666666666666060e+03
6.154166666666666060e+03
6.166333333333333030e+03
6.153666666666666060e+03
6.207499999999999091e+03
6.202666666666666060e+03
6.250833333333333030e+03
6.282000000000000000e+03
6.294666666666666060e+03
6.256499999999999091e+03
6.318000000000000000e+03
6.369500000000000000e+03
6.421333333333332121e+03
6.330000000000000000e+03
6.348833333333333030e+03
6.360999999999999091e+03
6.420666666666666060e+03
6.409666666666666060e+03
6.477333333333333030e+03
6.518833333333333030e+03
6.530333333333333030e+03
6.425833333333333030e+03
6.435500000000000000e+03
6.467333333333333030e+03
6.526333333333333030e+03
6.514000000000000000e+03
6.588666666666666060e+03
6.638999999999999091e+03
6.600166666666666060e+03
6.453333333333332121e+03
6.476833333333333030e+03
6.544000000000000000e+03
6.625833333333333030e+03
6.576666666666666060e+03
6.580833333333332121e+03
6.521166666666666060e+03
6.467333333333333030e+03
6.355333333333332121e+03
6.402500000000000000e+03
6.431166666666666060e+03
6.497500000000000000e+03
6.449000000000000000e+03
6.473500000000000000e+03
6.434833333333333030e+03
6.433000000000000000e+03
6.341500000000000000e+03
6.351333333333332121e+03
6.303666666666666060e+03
6.277333333333332121e+03
6.227666666666666060e+03
6.354333333333332121e+03
6.460499999999999091e+03
6.504000000000000000e+03
6.404666666666666060e+03
6.390833333333333030e+03
6.350166666666666060e+03
6.309000000000000000e+03
6.231500000000000000e+03
6.282999999999999091e+03
6.319333333333333030e+03
6.302833333333333030e+03
6.178666666666666060e+03
6.163833333333333030e+03
6.158500000000000000e+03
6.124000000000000000e+03
6.006666666666666060e+03
6.038666666666666060e+03
6.081166666666666060e+03
6.114166666666666060e+03
6.009166666666666060e+03
6.068666666666666060e+03
6.062833333333333030e+03
6.023500000000000000e+03
5.925833333333333030e+03
6.013333333333333030e+03
6.097000000000000000e+03
6.104000000000000000e+03
6.002333333333333030e+03
6.001333333333333030e+03
5.998166666666666060e+03
5.958666666666666060e+03
5.918000000000000000e+03
5.956000000000000000e+03
5.972500000000000000e+03
5.933333333333333030e+03
5.825166666666666060e+03
5.833833333333333030e+03
5.821500000000000000e+03
5.830000000000000000e+03
5.761000000000000000e+03
5.787166666666666060e+03
5.793166666666666060e+03
5.847500000000000000e+03
5.780500000000000000e+03
5.806333333333333030e+03
5.713833333333333030e+03
5.667833333333333030e+03
5.579166666666666060e+03
5.666500000000000000e+03
5.722333333333333030e+03
5.741166666666666060e+03
5.630000000000000000e+03
5.635333333333333030e+03
5.573500000000000000e+03
5.537833333333333030e+03
5.424166666666666060e+03
5.432833333333333030e+03
5.402833333333333030e+03
5.351666666666666060e+03
5.260833333333333030e+03
5.304166666666666060e+03
5.336333333333333030e+03
5.333333333333333030e+03
5.213000000000000000e+03
5.193333333333333030e+03
5.190666666666666060e+03
5.233166666666666060e+03
5.124166666666666060e+03
5.076666666666666060e+03
4.994000000000000000e+03
4.966000000000000000e+03
4.841833333333333030e+03
4.816500000000000000e+03
4.788000000000000000e+03
4.788333333333333030e+03
4.721333333333333030e+03
4.758500000000000000e+03
4.746333333333333030e+03
4.704833333333333030e+03
4.598500000000000000e+03
4.601333333333333030e+03
4.558500000000000000e+03
4.475166666666666060e+03
4.304666666666666060e+03
4.316666666666666060e+03
4.316166666666666060e+03
4.309833333333333030e+03
4.197500000000000000e+03
4.190666666666666060e+03
4.146333333333333030e+03
4.133500000000000000e+03
4.012166666666666515e+03
4.015666666666666515e+03
3.957499999999999545e+03
3.924833333333333030e+03
3.833000000000000000e+03
3.865833333333333030e+03
3.841833333333333030e+03
3.797833333333333030e+03
3.680166666666666060e+03
3.733166666666666515e+03
3.785999999999999545e+03
3.781500000000000000e+03
3.693333333333333030e+03
3.721166666666666515e+03
3.743499999999999545e+03
3.732166666666666515e+03
3.576166666666666515e+03
3.580333333333333030e+03
3.591833333333333030e+03
3.615833333333333030e+03
3.492000000000000000e+03
3.440500000000000000e+03
3.390666666666666515e+03
3.372500000000000000e+03
3.287333333333333030e+03
3.315333333333333030e+03
3.298000000000000000e+03
3.306500000000000000e+03
3.254333333333333030e+03
3.337833333333333030e+03
3.373000000000000000e+03
3.405333333333333030e+03
3.289166666666666060e+03
3.328333333333333030e+03
3.383333333333333030e+03
3.455500000000000000e+03
3.338666666666666060e+03
3.293999999999999545e+03
3.287000000000000000e+03
3.365000000000000000e+03
3.325999999999999545e+03
3.346333333333333030e+03
3.349166666666666515e+03
3.352666666666666515e+03
3.229833333333333030e+03
3.240666666666666515e+03
3.267166666666666515e+03
3.350833333333333030e+03
3.287999999999999545e+03
3.337666666666666060e+03
3.321000000000000000e+03
3.509999999999999545e+03
3.905166666666666515e+03
4.046000000000000000e+03
3.908999999999999545e+03
3.460166666666666515e+03
3.314166666666666060e+03
3.341500000000000000e+03
3.358499999999999545e+03
3.436333333333333030e+03
3.393166666666666060e+03
3.454500000000000000e+03
3.456999999999999545e+03
3.495000000000000000e+03
3.460333333333333030e+03
3.563666666666666515e+03
3.655333333333333030e+03
3.750166666666666515e+03
3.706666666666666515e+03
3.768666666666666515e+03
3.815000000000000000e+03
3.886666666666666515e+03
3.906166666666666515e+03
4.021500000000000000e+03
4.155833333333333030e+03
4.260333333333333030e+03
4.273666666666666060e+03
4.360833333333333030e+03
4.449333333333333030e+03
4.514500000000000000e+03
4.495833333333333030e+03
4.594000000000000000e+03
4.709333333333333030e+03
4.851833333333333030e+03
4.865500000000000000e+03
4.964333333333333030e+03
5.062166666666666060e+03
5.195333333333333030e+03
5.229166666666666060e+03
5.353833333333333030e+03
5.468833333333333030e+03
5.617166666666666060e+03
5.640833333333333030e+03
5.784166666666666060e+03
5.892333333333333030e+03
6.016500000000000000e+03
6.054833333333333030e+03
6.241833333333333030e+03
6.394500000000000000e+03
6.496666666666666060e+03
6.479333333333333030e+03
6.593333333333333030e+03
6.688500000000000000e+03
6.797833333333333030e+03
6.790166666666666060e+03
6.906499999999999091e+03
7.006499999999999091e+03
7.110666666666666060e+03
7.136500000000000000e+03
7.265166666666666060e+03
7.363833333333332121e+03
7.436333333333332121e+03
7.407333333333333030e+03
7.502166666666666060e+03
7.623833333333333030e+03
7.768166666666666060e+03
7.773833333333332121e+03
7.853500000000000000e+03
7.915666666666666060e+03
8.010333333333333030e+03
8.008666666666666060e+03
8.097499999999999091e+03
8.147166666666666060e+03
8.191833333333333030e+03
8.186500000000000000e+03
8.307333333333332121e+03
8.411000000000000000e+03
8.465500000000000000e+03
8.423666666666666060e+03
8.466000000000000000e+03
8.515833333333332121e+03
8.568833333333332121e+03
8.536000000000000000e+03
8.550666666666666060e+03
8.544500000000000000e+03
8.582666666666666060e+03
8.575333333333332121e+03
8.653166666666666060e+03
8.673833333333332121e+03
8.704666666666666060e+03
8.662333333333332121e+03
8.754833333333332121e+03
8.787333333333332121e+03
8.799166666666666060e+03
8.665166666666666060e+03
8.679500000000000000e+03
8.703500000000000000e+03
8.757500000000000000e+03
8.734500000000000000e+03
8.821333333333332121e+03
8.861500000000000000e+03
8.846000000000000000e+03
8.745500000000000000e+03
8.766000000000000000e+03
8.763500000000000000e+03
8.771833333333332121e+03
8.708666666666666060e+03
8.675166666666666060e+03
8.593166666666666060e+03
8.558666666666666060e+03
8.524333333333332121e+03
8.610500000000000000e+03
8.598833333333332121e+03
8.611333333333332121e+03
8.537000000000000000e+03
8.560333333333332121e+03
8.552333333333332121e+03
8.535833333333332121e+03
8.426666666666666060e+03
8.456166666666666060e+03
8.486333333333332121e+03
8.515000000000000000e+03
8.420666666666666060e+03
8.405333333333332121e+03
8.401500000000000000e+03
8.395833333333332121e+03
8.279666666666666060e+03
8.286666666666666060e+03
8.254333333333332121e+03
8.236000000000000000e+03
8.133666666666666060e+03
8.190500000000000000e+03
8.214833333333332121e+03
8.160166666666666060e+03
8.004499999999999091e+03
8.010666666666666060e+03
8.018666666666666060e+03
7.994000000000000000e+03
7.836333333333333030e+03
7.852000000000000000e+03
7.812333333333333030e+03
7.821666666666666060e+03
7.723333333333332121e+03
7.768166666666666060e+03
7.744500000000000000e+03
7.734333333333333030e+03
7.607500000000000000e+03
7.590166666666666060e+03
7.500333333333332121e+03
7.409666666666666060e+03
7.279500000000000000e+03
7.301166666666666060e+03
7.317333333333333030e+03
7.300333333333333030e+03
7.191166666666666060e+03
7.228333333333332121e+03
7.209333333333333030e+03
7.159333333333332121e+03
6.997166666666666060e+03
7.046833333333332121e+03
7.095333333333332121e+03
7.103666666666666060e+03
6.945666666666666060e+03
6.892166666666666060e+03
6.821000000000000000e+03
6.793000000000000000e+03
6.688833333333333030e+03
6.722999999999999091e+03
6.690166666666666060e+03
6.655166666666666060e+03
6.559500000000000000e+03
6.580833333333332121e+03
6.537500000000000000e+03
6.454500000000000000e+03
6.280833333333333030e+03
6.272666666666666060e+03
6.281333333333333030e+03
6.290500000000000000e+03
6.191333333333333030e+03
6.215000000000000000e+03
6.197666666666666060e+03
6.152000000000000000e+03
6.005333333333333030e+03
6.012000000000000000e+03
6.022666666666666060e+03
5.984333333333333030e+03
5.856500000000000000e+03
5.849833333333333030e+03
5.842333333333333030e+03
5.830833333333333030e+03
5.697666666666666060e+03
5.734166666666666060e+03
5.714000000000000000e+03
5.667000000000000000e+03
5.484833333333333030e+03
5.472333333333333030e+03
5.444833333333333030e+03
5.389166666666666060e+03
5.222166666666666060e+03
5.255666666666666060e+03
5.300333333333333030e+03
5.334666666666666060e+03
5.196500000000000000e+03
5.159833333333333030e+03
5.072666666666666060e+03
5.016000000000000000e+03
4.834166666666666060e+03
4.826500000000000000e+03
4.826333333333333030e+03
4.856500000000000000e+03
4.753833333333333030e+03
4.822833333333333030e+03
4.812000000000000000e+03
4.763500000000000000e+03
4.549500000000000000e+03
4.533833333333333030e+03
4.512833333333333030e+03
4.522833333333333030e+03
4.413666666666666060e+03
4.437666666666666060e+03
4.396000000000000000e+03
4.379833333333333030e+03
4.273666666666666060e+03
4.273666666666666060e+03
4.239333333333333030e+03
4.201666666666666060e+03
4.077499999999999545e+03
4.075166666666666515e+03
4.063333333333333030e+03
4.085500000000000000e+03
4.034166666666666515e+03
4.080333333333333030e+03
4.066833333333333030e+03
4.001666666666666515e+03
3.861833333333333030e+03
3.868666666666666515e+03
3.840666666666666515e+03
3.847333333333333030e+03
3.766666666666666515e+03
3.807500000000000000e+03
3.828499999999999545e+03
3.846666666666666515e+03
3.761333333333333030e+03
3.796666666666666515e+03
3.765333333333333030e+03
3.781333333333333030e+03
3.648333333333333030e+03
3.696666666666666515e+03
3.687166666666666515e+03
3.704000000000000000e+03
3.590333333333333030e+03
3.589833333333333030e+03
3.563166666666666515e+03
3.545666666666666515e+03
3.475166666666666515e+03
3.524333333333333030e+03
3.511499999999999545e+03
3.474500000000000000e+03
3.395166666666666515e+03
3.460333333333333030e+03
3.511333333333333030e+03
3.499499999999999545e+03
3.384166666666666515e+03
3.440833333333333030e+03
3.444333333333333030e+03
3.479166666666666060e+03
3.380833333333333030e+03
3.418833333333333030e+03
3.410333333333333030e+03
3.396500000000000000e+03
3.292999999999999545e+03
3.301166666666666515e+03
3.305000000000000000e+03
3.320833333333333030e+03
3.235666666666666060e+03
3.293499999999999545e+03
3.306333333333333030e+03
3.323166666666666515e+03
3.193666666666666515e+03
3.208166666666666060e+03
3.229333333333333030e+03
3.237833333333333030e+03
3.159000000000000000e+03
3.177500000000000000e+03
3.185833333333333030e+03
3.163833333333333030e+03
3.080000000000000000e+03
3.145333333333333030e+03
3.176833333333333030e+03
3.187999999999999545e+03
3.110333333333333030e+03
3.179999999999999545e+03
3.188333333333333030e+03
3.148333333333333030e+03
3.020333333333333030e+03
3.058666666666666515e+03
3.090500000000000000e+03
3.098833333333333030e+03
3.001666666666666515e+03
3.036000000000000000e+03
3.028500000000000000e+03
3.013833333333333030e+03
2.879166666666666515e+03
2.917333333333333030e+03
2.973500000000000000e+03
3.030166666666666515e+03
2.944333333333333030e+03
2.973666666666666515e+03
2.976500000000000000e+03
3.001833333333333030e+03
2.872833333333333030e+03
2.931833333333333030e+03
2.925500000000000000e+03
2.928500000000000000e+03
2.818333333333333030e+03
2.897666666666666515e+03
2.931500000000000000e+03
2.936500000000000000e+03
2.782333333333333030e+03
2.802666666666666515e+03
2.846666666666666515e+03
2.935500000000000000e+03
2.895000000000000000e+03
2.941666666666666515e+03
2.942499999999999545e+03
2.924833333333333030e+03
2.782333333333333030e+03
2.824666666666666515e+03
2.868833333333333030e+03
2.936500000000000000e+03
2.846500000000000000e+03
2.881500000000000000e+03
2.813333333333333030e+03
2.793333333333333030e+03
2.747000000000000000e+03
2.872333333333333030e+03
2.896500000000000000e+03
2.857500000000000000e+03
2.715666666666666515e+03
2.799166666666666515e+03
2.866000000000000000e+03
2.881666666666666515e+03
2.774333333333333030e+03
2.813333333333333030e+03
2.868500000000000000e+03
2.850500000000000000e+03
2.731000000000000000e+03
2.796500000000000000e+03
2.835500000000000000e+03
2.843333333333333030e+03
2.738000000000000000e+03
2.803833333333333030e+03
2.833500000000000000e+03
2.846166666666666515e+03
2.738000000000000000e+03
2.772166666666666515e+03
2.751833333333333030e+03
2.742333333333333030e+03
2.639666666666666515e+03
2.718666666666666515e+03
2.766333333333333030e+03
2.802666666666666515e+03
2.724166666666666515e+03
2.796000000000000000e+03
2.806333333333333030e+03
2.824166666666666515e+03
2.728166666666666515e+03
2.779666666666666515e+03
2.752833333333333030e+03
2.722333333333333030e+03
2.641500000000000000e+03
2.742166666666666515e+03
2.791166666666666515e+03
2.785333333333333030e+03
2.664166666666666515e+03
2.724666666666666515e+03
2.785833333333333030e+03
2.814833333333333030e+03
2.696000000000000000e+03
2.711666666666666515e+03
2.692166666666666515e+03
2.679666666666666515e+03
2.571666666666666515e+03
2.622166666666666515e+03
2.667000000000000000e+03
2.694166666666666515e+03
2.641500000000000000e+03
2.699833333333333030e+03
2.713333333333333030e+03
2.713333333333333030e+03
2.609500000000000000e+03
2.643666666666666515e+03
2.608333333333333030e+03
2.612166666666666515e+03
2.558000000000000000e+03
2.686333333333333030e+03
2.730000000000000000e+03
2.741333333333333030e+03
2.633500000000000000e+03
2.690000000000000000e+03
2.700333333333333030e+03
2.731666666666666515e+03
2.638500000000000000e+03
2.696833333333333030e+03
2.690833333333333030e+03
2.697833333333333030e+03
2.587166666666666515e+03
2.654166666666666515e+03
2.662333333333333030e+03
2.678166666666666515e+03
2.615166666666666515e+03
2.737666666666666515e+03
2.742833333333333030e+03
2.674833333333333030e+03
2.502500000000000000e+03
2.551166666666666515e+03
2.579833333333333030e+03
2.609666666666666515e+03
2.567500000000000000e+03
2.650000000000000000e+03
2.689333333333333030e+03
2.678000000000000000e+03
2.566166666666666515e+03
2.617500000000000000e+03
2.639166666666666515e+03
2.704833333333333030e+03
2.654333333333333030e+03
2.712000000000000000e+03
2.701833333333333030e+03
2.645166666666666515e+03
2.547333333333333030e+03
2.617833333333333030e+03
2.692500000000000000e+03
2.709166666666666515e+03
2.607833333333333030e+03
2.658166666666666515e+03
2.662666666666666515e+03
2.660833333333333030e+03
2.535166666666666515e+03
2.614333333333333030e+03
2.623166666666666515e+03
2.609333333333333030e+03
2.485333333333333030e+03
2.555333333333333030e+03
2.617500000000000000e+03
2.678000000000000000e+03
2.565500000000000000e+03
2.592833333333333030e+03
2.582166666666666515e+03
2.635500000000000000e+03
2.543000000000000000e+03
2.595000000000000000e+03
2.598333333333333030e+03
2.618666666666666515e+03
2.528000000000000000e+03
2.567000000000000000e+03
2.607666666666666515e+03
2.610000000000000000e+03
2.493166666666666515e+03
2.526666666666666515e+03
2.526833333333333030e+03
2.550500000000000000e+03
2.472500000000000000e+03
2.582833333333333030e+03
2.631833333333333030e+03
2.616333333333333030e+03
2.509500000000000000e+03
2.561666666666666515e+03
2.593166666666666515e+03
2.584000000000000000e+03
2.474000000000000000e+03
2.515833333333333030e+03
2.572166666666666515e+03
2.627500000000000000e+03
2.590166666666666515e+03
2.646333333333333030e+03
2.633666666666666515e+03
2.615166666666666515e+03
2.492000000000000000e+03
2.566500000000000000e+03
2.599000000000000000e+03
2.607500000000000000e+03
2.492666666666666515e+03
2.546166666666666515e+03
2.580333333333333030e+03
2.617333333333333030e+03
2.479333333333333030e+03
2.523500000000000000e+03
2.499833333333333030e+03
2.513166666666666515e+03
2.411000000000000000e+03
2.467333333333333030e+03
2.503000000000000000e+03
2.514333333333333030e+03
2.406666666666666515e+03
2.442500000000000000e+03
2.449833333333333030e+03
2.441333333333333030e+03
2.372333333333333030e+03
2.497333333333333030e+03
2.579166666666666515e+03
2.577166666666666515e+03
2.459333333333333030e+03
2.522833333333333030e+03
2.527666666666666515e+03
2.546833333333333030e+03
2.413166666666666515e+03
2.500833333333333030e+03
2.480333333333333030e+03
2.505000000000000000e+03
2.391500000000000000e+03
2.408166666666666515e+03
2.441000000000000000e+03
2.488333333333333030e+03
2.444166666666666515e+03
2.474333333333333030e+03
2.487333333333333030e+03
2.490000000000000000e+03
2.365833333333333030e+03
2.396500000000000000e+03
2.416333333333333030e+03
2.436833333333333030e+03
2.335333333333333030e+03
2.405333333333333030e+03
2.484000000000000000e+03
2.502666666666666515e+03
2.384000000000000000e+03
2.393833333333333030e+03
2.447333333333333030e+03
2.453666666666666515e+03
2.413166666666666515e+03
2.449666666666666515e+03
2.490500000000000000e+03
2.489000000000000000e+03
2.385666666666666515e+03
2.441666666666666515e+03
2.488000000000000000e+03
2.488166666666666515e+03
2.383000000000000000e+03
2.420500000000000000e+03
2.407166666666666515e+03
2.387666666666666515e+03
2.225666666666666515e+03
2.334833333333333030e+03
2.385500000000000000e+03
2.431500000000000000e+03
2.325666666666666515e+03
2.385166666666666515e+03
2.386833333333333030e+03
2.396333333333333030e+03
2.322333333333333030e+03
2.365166666666666515e+03
2.363333333333333030e+03
2.367166666666666515e+03
2.283000000000000000e+03
2.351666666666666515e+03
2.376666666666666515e+03
2.463666666666666515e+03
2.376166666666666515e+03
2.424333333333333030e+03
2.382000000000000000e+03
2.402000000000000000e+03
2.281000000000000000e+03
2.308833333333333030e+03
2.273333333333333030e+03
2.282666666666666515e+03
2.199500000000000000e+03
2.290500000000000000e+03
2.318333333333333030e+03
2.356166666666666515e+03
2.299166666666666515e+03
2.349666666666666515e+03
2.329000000000000000e+03
2.280166666666666515e+03
2.161833333333333030e+03
2.237500000000000000e+03
2.303500000000000000e+03
2.361166666666666515e+03
2.259666666666666515e+03
2.275333333333333030e+03
2.282666666666666515e+03
2.319000000000000000e+03
2.212500000000000000e+03
2.239000000000000000e+03
2.213333333333333030e+03
2.194000000000000000e+03
2.080833333333333030e+03
2.160333333333333030e+03
2.193666666666666515e+03
2.199166666666666515e+03
2.054000000000000000e+03
2.118000000000000000e+03
2.101500000000000000e+03
2.086000000000000000e+03
1.993500000000000000e+03
2.086500000000000000e+03
2.143000000000000000e+03
2.160833333333333030e+03
2.059333333333333030e+03
2.072833333333333030e+03
2.043000000000000000e+03
2.058666666666666515e+03
2.011500000000000000e+03
2.055500000000000000e+03
2.023833333333333030e+03
2.036333333333333030e+03
1.999333333333333258e+03
2.132166666666666515e+03
2.132500000000000000e+03
2.121000000000000000e+03
1.969500000000000000e+03
2.012500000000000000e+03
2.016166666666666515e+03
2.021666666666666515e+03
1.942666666666666515e+03
2.014666666666666515e+03
2.016333333333333030e+03
1.981166666666666515e+03
1.851833333333333258e+03
1.907999999999999773e+03
1.937333333333333030e+03
1.956000000000000000e+03
1.865166666666666515e+03
1.909500000000000000e+03
1.939500000000000000e+03
1.946833333333333258e+03
1.883666666666666515e+03
1.905999999999999773e+03
1.916666666666666515e+03
1.909500000000000000e+03
1.843499999999999773e+03
1.890666666666666515e+03
1.898333333333333258e+03
1.945166666666666515e+03
1.876666666666666515e+03
1.967500000000000000e+03
1.956166666666666515e+03
2.003166666666666515e+03
1.913833333333333258e+03
1.949000000000000000e+03
1.931166666666666515e+03
1.952666666666666515e+03
1.855499999999999773e+03
1.918166666666666515e+03
1.923833333333333258e+03
1.962833333333333258e+03
1.877166666666666515e+03
1.878833333333333030e+03
1.852500000000000000e+03
1.895166666666666515e+03
1.886500000000000000e+03
1.974666666666666515e+03
1.958499999999999773e+03
1.929833333333333258e+03
1.886999999999999773e+03
1.963999999999999773e+03
2.176333333333333030e+03
2.705666666666666515e+03
2.659833333333333030e+03
2.523000000000000000e+03
1.909333333333333258e+03
1.828666666666666515e+03
1.751666666666666515e+03
1.861499999999999773e+03
1.887166666666666515e+03
1.873000000000000000e+03
1.789666666666666515e+03
1.842999999999999773e+03
1.840666666666666515e+03
1.839999999999999773e+03
1.740999999999999773e+03
1.799833333333333030e+03
1.811500000000000000e+03
1.814166666666666515e+03
1.766500000000000000e+03
1.830666666666666515e+03
1.873333333333333030e+03
1.853333333333333258e+03
1.721166666666666515e+03
1.698000000000000000e+03
1.664500000000000000e+03
1.734166666666666515e+03
1.752833333333333030e+03
1.890500000000000000e+03
1.893333333333333258e+03
1.893166666666666515e+03
1.761500000000000000e+03
1.776666666666666515e+03
1.786499999999999773e+03
1.817000000000000000e+03
1.757000000000000000e+03
1.764333333333333030e+03
1.771333333333333258e+03
1.798833333333333030e+03
1.767333333333333030e+03
1.813500000000000000e+03
1.791833333333333258e+03
1.758499999999999773e+03
1.675833333333333258e+03
1.772666666666666515e+03
1.800333333333333258e+03
1.814000000000000000e+03
1.723666666666666515e+03
1.765333333333333030e+03
1.790166666666666515e+03
1.804999999999999773e+03
1.746166666666666515e+03
1.794499999999999773e+03
1.789499999999999773e+03
1.801666666666666515e+03
1.700833333333333258e+03
1.712000000000000000e+03
1.675166666666666515e+03
1.703333333333333030e+03
1.654833333333333258e+03
1.750333333333333030e+03
1.774166666666666515e+03
1.814166666666666515e+03
1.700166666666666515e+03
1.738333333333333030e+03
1.760833333333333258e+03
1.803333333333333030e+03
1.720166666666666515e+03
1.747499999999999773e+03
1.754000000000000000e+03
1.765166666666666515e+03
1.664166666666666515e+03
1.686333333333333258e+03
1.700999999999999773e+03
1.736833333333333030e+03
1.666166666666666515e+03
1.688666666666666515e+03
1.698000000000000000e+03
1.784166666666666515e+03
1.712000000000000000e+03
1.716166666666666515e+03
1.673833333333333258e+03
1.705333333333333030e+03
1.679666666666666515e+03
1.753499999999999773e+03
1.763666666666666515e+03
1.801333333333333030e+03
1.713166666666666515e+03
1.739000000000000000e+03
1.684500000000000000e+03
1.695333333333333258e+03
1.625499999999999773e+03
1.696333333333333258e+03
1.677000000000000000e+03
1.724499999999999773e+03
1.658666666666666515e+03
1.706500000000000000e+03
1.675499999999999773e+03
1.689333333333333258e+03
1.607500000000000000e+03
1.665166666666666515e+03
1.647499999999999773e+03
1.691500000000000000e+03
1.589500000000000000e+03
1.591999999999999773e+03
1.601000000000000000e+03
1.658166666666666515e+03
1.660166666666666515e+03
1.718000000000000000e+03
1.724833333333333258e+03
1.718166666666666515e+03
1.625499999999999773e+03
1.685000000000000000e+03
1.729833333333333258e+03
1.780333333333333258e+03
1.710333333333333258e+03
1.717833333333333258e+03
1.669833333333333258e+03
1.651333333333333258e+03
1.550666666666666515e+03
1.597166666666666515e+03
1.611999999999999773e+03
1.689499999999999773e+03
1.653999999999999773e+03
1.714166666666666515e+03
1.710000000000000000e+03
1.708499999999999773e+03
1.609833333333333258e+03
1.645333333333333030e+03
1.639666666666666515e+03
1.695166666666666515e+03
1.644666666666666515e+03
1.697500000000000000e+03
1.667666666666666515e+03
1.648000000000000000e+03
1.578333333333333258e+03
1.640000000000000000e+03
1.638833333333333258e+03
1.655666666666666515e+03
1.574333333333333258e+03
1.612333333333333258e+03
1.610833333333333030e+03
1.617000000000000000e+03
1.543999999999999773e+03
1.594833333333333258e+03
1.630833333333333258e+03
1.693333333333333258e+03
1.652000000000000000e+03
1.659833333333333258e+03
1.648000000000000000e+03
1.660000000000000000e+03
1.591333333333333030e+03
1.629666666666666515e+03
1.594500000000000000e+03
1.631666666666666515e+03
1.564000000000000000e+03
1.632166666666666515e+03
1.618000000000000000e+03
1.627500000000000000e+03
1.492000000000000000e+03
1.509000000000000000e+03
1.500166666666666515e+03
1.573166666666666515e+03
1.538333333333333258e+03
1.617333333333333258e+03
1.591333333333333030e+03
1.601166666666666515e+03
1.490000000000000000e+03
1.544333333333333258e+03
1.543333333333333030e+03
1.549333333333333030e+03
1.484000000000000000e+03
1.547500000000000000e+03
1.554166666666666515e+03
1.580500000000000000e+03
1.479500000000000000e+03
1.533000000000000000e+03
1.567166666666666515e+03
1.628333333333333258e+03
1.567666666666666515e+03
1.599000000000000000e+03
1.604499999999999773e+03
1.652000000000000000e+03
1.553000000000000000e+03
1.544833333333333258e+03
1.509166666666666515e+03
1.528333333333333030e+03
1.477000000000000000e+03
1.538500000000000000e+03
1.572833333333333258e+03
1.667500000000000000e+03
1.653666666666666515e+03
1.724166666666666515e+03
1.702166666666666515e+03
1.695333333333333258e+03
1.610833333333333258e+03
1.586666666666666515e+03
1.559500000000000000e+03
1.576666666666666515e+03
1.555333333333333258e+03
1.599499999999999773e+03
1.551333333333333258e+03
1.530500000000000000e+03
1.452333333333333258e+03
1.535000000000000000e+03
1.561333333333333258e+03
1.581833333333333030e+03
1.495500000000000000e+03
1.544333333333333258e+03
1.563833333333333030e+03
1.577000000000000000e+03
1.499833333333333258e+03
1.546833333333333258e+03
1.575833333333333258e+03
1.585999999999999773e+03
1.481000000000000000e+03
1.497500000000000000e+03
1.526166666666666515e+03
1.560833333333333258e+03
1.493666666666666515e+03
1.541333333333333258e+03
1.593333333333333258e+03
1.638166666666666515e+03
1.569000000000000000e+03
1.540166666666666515e+03
1.532166666666666515e+03
1.554833333333333030e+03
1.535500000000000000e+03
1.565500000000000000e+03
1.528333333333333258e+03
1.521666666666666515e+03
1.441166666666666515e+03
1.496000000000000000e+03
1.515666666666666515e+03
1.588166666666666515e+03
1.572666666666666515e+03
1.619666666666666515e+03
1.569166666666666515e+03
1.546666666666666515e+03
1.490666666666666515e+03
1.543333333333333258e+03
1.543833333333333258e+03
1.560499999999999773e+03
1.501833333333333030e+03
1.527333333333333030e+03
1.518666666666666515e+03
1.566833333333333258e+03
1.506833333333333258e+03
1.504666666666666515e+03
1.496666666666666515e+03
1.573166666666666515e+03
1.556166666666666515e+03
1.589000000000000000e+03
1.562833333333333030e+03
1.558500000000000000e+03
1.491000000000000000e+03
1.546500000000000000e+03
1.537333333333333258e+03
1.517166666666666515e+03
1.390166666666666515e+03
1.442000000000000000e+03
1.454666666666666515e+03
1.496166666666666515e+03
1.435833333333333258e+03
1.481333333333333258e+03
1.500333333333333258e+03
1.541500000000000000e+03
1.530000000000000000e+03
1.619500000000000000e+03
1.632666666666666515e+03
1.623166666666666515e+03
1.488000000000000000e+03
1.482833333333333258e+03
1.461166666666666515e+03
1.485666666666666515e+03
1.447000000000000000e+03
1.506333333333333258e+03
1.552333333333333258e+03
1.634000000000000000e+03
1.597666666666666515e+03
1.596666666666666515e+03
1.537333333333333258e+03
1.576166666666666515e+03
1.552499999999999773e+03
1.633166666666666515e+03
1.593000000000000000e+03
1.573166666666666515e+03
1.465333333333333258e+03
1.504833333333333258e+03
1.501500000000000000e+03
1.533333333333333258e+03
1.455666666666666515e+03
1.505333333333333258e+03
1.485666666666666515e+03
1.513499999999999773e+03
1.444666666666666515e+03
1.504666666666666515e+03
1.497666666666666515e+03
1.514333333333333030e+03
1.444500000000000000e+03
1.480166666666666515e+03
1.501166666666666515e+03
1.510666666666666515e+03
1.450166666666666515e+03
1.447000000000000000e+03
1.431000000000000000e+03
1.462666666666666515e+03
1.433833333333333258e+03
1.503333333333333258e+03
1.490333333333333258e+03
1.515000000000000000e+03
1.425000000000000000e+03
1.475166666666666515e+03
1.487666666666666515e+03
1.551666666666666515e+03
1.530333333333333258e+03
1.569666666666666515e+03
1.556666666666666515e+03
1.583833333333333030e+03
1.500166666666666515e+03
1.513500000000000000e+03
1.471000000000000000e+03
1.494833333333333258e+03
1.425833333333333258e+03
1.453500000000000000e+03
1.432999999999999773e+03
1.479666666666666515e+03
1.423166666666666515e+03
1.511833333333333258e+03
1.541666666666666515e+03
1.595833333333333258e+03
1.499333333333333258e+03
1.519500000000000000e+03
1.508000000000000000e+03
1.534666666666666515e+03
1.429000000000000000e+03
1.438666666666666515e+03
1.456666666666666515e+03
1.536500000000000000e+03
1.496666666666666515e+03
1.510333333333333258e+03
1.493666666666666515e+03
1.561666666666666515e+03
1.503333333333333258e+03
1.519666666666666515e+03
1.440000000000000000e+03
1.453833333333333258e+03
1.426833333333333258e+03
1.478166666666666515e+03
1.496000000000000000e+03
1.503500000000000000e+03
1.464000000000000000e+03
1.510000000000000000e+03
1.521500000000000000e+03
1.565000000000000000e+03
1.489000000000000000e+03
1.479000000000000000e+03
1.422166666666666515e+03
1.443833333333333258e+03
1.421333333333333258e+03
1.501833333333333258e+03
1.498833333333333258e+03
1.521500000000000000e+03
1.440500000000000000e+03
1.490666666666666515e+03
1.491500000000000000e+03
1.528833333333333258e+03
1.474000000000000000e+03
1.517333333333333258e+03
1.530166666666666515e+03
1.578333333333333258e+03
1.507666666666666515e+03
1.511333333333333258e+03
1.466333333333333258e+03
1.484000000000000000e+03
1.424166666666666515e+03
1.464166666666666515e+03
1.489500000000000000e+03
1.555000000000000000e+03
1.484999999999999773e+03
1.455333333333333258e+03
1.410166666666666515e+03
1.464166666666666515e+03
1.451833333333333258e+03
1.518166666666666515e+03
1.490166666666666515e+03
1.496666666666666515e+03
1.448666666666666515e+03
1.549166666666666515e+03
1.553666666666666515e+03
1.554166666666666515e+03
1.437000000000000000e+03
1.446000000000000000e+03
1.439500000000000000e+03
1.461333333333333258e+03
1.407500000000000000e+03
1.426500000000000000e+03
1.419166666666666515e+03
1.445500000000000000e+03
1.379333333333333258e+03
1.412166666666666515e+03
1.452500000000000000e+03
1.498500000000000000e+03
1.452833333333333258e+03
1.479166666666666515e+03
1.488500000000000000e+03
1.521333333333333030e+03
1.459666666666666515e+03
1.488833333333333258e+03
1.489666666666666515e+03
1.508333333333333258e+03
1.454833333333333258e+03
1.506166666666666515e+03
1.484666666666666515e+03
1.490833333333333258e+03
1.384833333333333258e+03
1.427333333333333258e+03
1.428333333333333258e+03
1.493833333333333258e+03
1.437500000000000000e+03
1.500500000000000000e+03
1.469166666666666515e+03
1.501166666666666515e+03
1.430000000000000000e+03
1.442166666666666515e+03
1.446000000000000000e+03
1.543000000000000000e+03
1.520500000000000000e+03
1.534833333333333258e+03
1.458166666666666515e+03
1.494000000000000000e+03
1.460000000000000000e+03
1.474666666666666515e+03
1.484333333333333258e+03
1.540333333333333258e+03
1.505999999999999773e+03
1.472000000000000000e+03
1.382833333333333258e+03
1.394000000000000000e+03
1.405833333333333258e+03
1.514833333333333258e+03
1.512500000000000000e+03
1.555666666666666515e+03
1.485000000000000000e+03
1.521000000000000000e+03
1.476166666666666515e+03
1.503000000000000000e+03
1.443500000000000000e+03
1.449166666666666515e+03
1.407833333333333258e+03
1.425166666666666515e+03
1.380333333333333258e+03
1.440500000000000000e+03
1.427500000000000000e+03
1.476666666666666515e+03
1.417666666666666515e+03
1.467333333333333258e+03
1.424500000000000000e+03
1.468333333333333258e+03
1.442500000000000000e+03
1.491666666666666515e+03
1.483333333333333258e+03
1.494333333333333258e+03
1.444000000000000000e+03
1.469000000000000000e+03
1.435999999999999773e+03
1.459499999999999773e+03
1.411333333333333258e+03
1.482666666666666515e+03
1.482833333333333258e+03
1.514166666666666515e+03
1.463000000000000000e+03
1.501666666666666515e+03
1.463333333333333258e+03
1.442666666666666515e+03
1.373666666666666515e+03
1.408666666666666515e+03
1.444833333333333258e+03
1.510166666666666515e+03
1.460500000000000000e+03
1.493166666666666515e+03
1.447000000000000000e+03
1.450333333333333258e+03
1.355000000000000000e+03
1.414166666666666515e+03
1.425833333333333258e+03
1.474166666666666515e+03
1.410666666666666515e+03
1.435166666666666515e+03
1.404666666666666515e+03
1.453333333333333258e+03
1.438666666666666515e+03
1.550333333333333258e+03
1.532333333333333030e+03
1.574666666666666515e+03
1.475666666666666515e+03
1.497333333333333258e+03
1.463333333333333258e+03
1.493833333333333258e+03
1.445166666666666515e+03
1.448500000000000000e+03
1.448166666666666515e+03
1.497666666666666515e+03
1.482000000000000000e+03
1.483000000000000000e+03
1.432333333333333258e+03
1.456000000000000000e+03
1.415000000000000000e+03
1.469500000000000000e+03
1.455666666666666515e+03
1.466666666666666515e+03
1.395333333333333258e+03
1.453000000000000000e+03
1.473500000000000000e+03
1.515500000000000000e+03
1.430833333333333258e+03
1.442500000000000000e+03
1.420666666666666515e+03
1.469000000000000000e+03
1.404000000000000000e+03
1.430166666666666515e+03
1.381166666666666515e+03
1.446833333333333258e+03
1.403333333333333258e+03
1.453833333333333258e+03
1.416833333333333258e+03
1.460666666666666515e+03
1.403333333333333258e+03
1.452500000000000000e+03
1.471833333333333258e+03
1.536333333333333258e+03
1.515833333333333258e+03
1.531666666666666515e+03
1.528000000000000000e+03
1.505833333333333258e+03
1.425166666666666515e+03
1.428000000000000000e+03
1.452166666666666515e+03
1.477000000000000000e+03
1.402166666666666515e+03
1.384333333333333258e+03
1.354666666666666515e+03
1.387166666666666515e+03
1.379833333333333258e+03
1.456333333333333258e+03
1.484500000000000000e+03
1.551500000000000000e+03
1.557166666666666515e+03
1.594833333333333258e+03
1.528666666666666515e+03
1.451333333333333258e+03
1.361000000000000000e+03
1.422833333333333258e+03
1.484500000000000000e+03
1.594166666666666515e+03
1.527666666666666515e+03
1.538000000000000000e+03
1.465666666666666515e+03
1.493499999999999773e+03
1.425166666666666515e+03
1.420166666666666515e+03
1.407333333333333258e+03
1.441666666666666515e+03
1.414833333333333258e+03
1.446166666666666515e+03
1.434333333333333258e+03
1.447000000000000000e+03
1.353333333333333258e+03
1.353833333333333258e+03
1.355833333333333258e+03
1.384666666666666515e+03
1.375166666666666515e+03
1.448000000000000000e+03
1.477833333333333258e+03
1.532500000000000000e+03
1.449333333333333258e+03
1.514500000000000000e+03
1.588833333333333258e+03
1.638000000000000000e+03
1.597000000000000000e+03
1.511166666666666515e+03
1.480666666666666515e+03
1.494500000000000000e+03
1.453333333333333258e+03
1.479500000000000000e+03
1.445000000000000000e+03
1.510000000000000000e+03
1.454333333333333258e+03
1.479666666666666515e+03
1.419000000000000000e+03
1.438833333333333258e+03
1.404000000000000000e+03
1.455500000000000000e+03
1.476499999999999773e+03
1.475999999999999773e+03
1.426666666666666515e+03
1.485666666666666515e+03
1.510500000000000000e+03
1.520000000000000000e+03
1.438166666666666515e+03
1.455500000000000000e+03
1.472833333333333258e+03
1.517666666666666515e+03
1.435833333333333258e+03
1.432166666666666515e+03
1.392000000000000000e+03
1.475833333333333258e+03
1.425666666666666515e+03
1.461666666666666515e+03
1.433666666666666515e+03
1.523333333333333258e+03
1.481500000000000000e+03
1.481000000000000000e+03
1.384833333333333258e+03
1.410833333333333258e+03
1.385833333333333258e+03
1.472333333333333258e+03
1.448500000000000000e+03
1.490666666666666515e+03
1.423166666666666515e+03
1.474166666666666515e+03
1.473500000000000000e+03
1.519333333333333258e+03
1.472166666666666515e+03
1.461000000000000000e+03
1.444666666666666515e+03
1.476333333333333258e+03
1.414000000000000000e+03
1.398833333333333258e+03
1.373500000000000000e+03
1.426000000000000000e+03
1.400500000000000000e+03
1.447333333333333258e+03
1.437500000000000000e+03
1.479333333333333258e+03
1.429500000000000000e+03
1.480833333333333258e+03
1.490000000000000000e+03
1.521333333333333258e+03
1.447333333333333258e+03
1.437166666666666515e+03
1.390500000000000000e+03
1.461666666666666515e+03
1.478333333333333258e+03
1.597833333333333258e+03
1.570833333333333030e+03
1.543833333333333258e+03
1.413333333333333258e+03
1.424166666666666515e+03
1.389333333333333258e+03
1.460000000000000000e+03
1.455833333333333258e+03
1.535166666666666515e+03
1.507499999999999773e+03
1.497333333333333030e+03
1.438166666666666515e+03
1.479833333333333258e+03
1.491333333333333258e+03
1.516499999999999773e+03
1.468166666666666515e+03
1.509500000000000000e+03
1.464166666666666515e+03
1.469000000000000000e+03
1.419333333333333258e+03
1.519166666666666515e+03
1.529666666666666515e+03
1.551500000000000000e+03
1.494000000000000000e+03
1.539666666666666515e+03
1.530666666666666515e+03
1.579333333333333258e+03
1.488833333333333030e+03
1.476333333333333258e+03
1.386500000000000000e+03
1.432000000000000000e+03
1.387833333333333258e+03
1.459833333333333258e+03
1.453833333333333258e+03
1.514666666666666515e+03
1.447833333333333258e+03
1.449833333333333258e+03
1.431833333333333258e+03
1.501833333333333258e+03
1.480666666666666515e+03
1.525000000000000000e+03
1.494333333333333258e+03
1.528666666666666515e+03
1.499666666666666515e+03
1.519000000000000000e+03
1.478666666666666515e+03
1.475500000000000000e+03
1.471833333333333258e+03
1.524666666666666515e+03
1.495999999999999773e+03
1.476999999999999773e+03
1.415666666666666515e+03
1.438000000000000000e+03
1.420833333333333258e+03
1.475166666666666515e+03
1.455833333333333258e+03
1.494499999999999773e+03
1.467000000000000000e+03
1.486333333333333258e+03
1.422833333333333258e+03
1.461833333333333258e+03
1.421166666666666515e+03
1.472333333333333258e+03
1.429000000000000000e+03
1.507666666666666515e+03
1.478833333333333258e+03
1.473500000000000000e+03
1.399166666666666515e+03
1.422833333333333258e+03
1.410666666666666515e+03
1.433333333333333258e+03
1.434833333333333258e+03
1.478666666666666515e+03
1.437333333333333258e+03
1.443166666666666515e+03
1.400500000000000000e+03
1.460833333333333258e+03
1.456666666666666515e+03
1.476000000000000000e+03
1.438000000000000000e+03
1.483000000000000000e+03
1.483333333333333258e+03
1.539833333333333258e+03
1.483333333333333258e+03
1.492833333333333258e+03
1.472500000000000000e+03
1.492166666666666515e+03
1.461333333333333258e+03
1.503666666666666515e+03
1.513500000000000000e+03
1.542833333333333258e+03
1.433833333333333258e+03
1.454833333333333258e+03
1.469666666666666515e+03
1.563499999999999773e+03
1.503333333333333258e+03
1.514333333333333030e+03
1.507000000000000000e+03
1.567999999999999773e+03
1.540833333333333258e+03
1.535333333333333258e+03
1.470833333333333258e+03
1.459333333333333258e+03
1.423166666666666515e+03
1.481666666666666515e+03
1.456833333333333030e+03
1.484000000000000000e+03
1.414000000000000000e+03
1.445833333333333258e+03
1.428333333333333258e+03
1.466833333333333258e+03
1.456666666666666515e+03
1.473666666666666515e+03
1.414500000000000000e+03
1.442666666666666515e+03
1.437833333333333258e+03
1.539166666666666515e+03
1.552333333333333030e+03
1.550833333333333030e+03
1.475166666666666515e+03
1.492000000000000000e+03
1.481000000000000000e+03
1.489500000000000000e+03
1.408000000000000000e+03
1.435166666666666515e+03
1.448833333333333258e+03
1.521500000000000000e+03
1.447833333333333258e+03
1.484666666666666515e+03
1.437166666666666515e+03
1.511166666666666515e+03
1.500833333333333258e+03
1.524000000000000000e+03
1.524833333333333258e+03
1.522333333333333258e+03
1.472666666666666515e+03
1.468666666666666515e+03
1.442666666666666515e+03
1.487666666666666515e+03
1.437000000000000000e+03
1.436666666666666515e+03
1.411833333333333258e+03
1.454333333333333258e+03
1.460500000000000000e+03
1.512000000000000000e+03
1.479499999999999773e+03
1.485166666666666515e+03
1.402333333333333258e+03
1.409500000000000000e+03
1.367500000000000000e+03
1.404166666666666515e+03
1.379166666666666515e+03
1.415666666666666515e+03
1.417000000000000000e+03
1.512833333333333258e+03
1.532666666666666515e+03
1.587166666666666515e+03
1.475333333333333258e+03
1.453833333333333258e+03
1.390333333333333258e+03
1.478500000000000000e+03
1.473000000000000000e+03
1.481166666666666515e+03
1.418666666666666515e+03
1.464500000000000000e+03
1.477166666666666515e+03
1.510166666666666515e+03
1.446666666666666515e+03
1.475666666666666515e+03
1.485666666666666515e+03
1.537166666666666515e+03
1.470333333333333258e+03
1.440000000000000000e+03
1.396333333333333258e+03
1.421166666666666515e+03
1.402333333333333258e+03
1.446500000000000000e+03
1.412666666666666515e+03
1.400000000000000000e+03
1.308000000000000000e+03
1.336500000000000000e+03
1.353166666666666515e+03
1.416666666666666515e+03
1.386166666666666515e+03
1.404333333333333258e+03
1.344500000000000000e+03
1.367666666666666515e+03
1.345666666666666515e+03
1.423500000000000000e+03
1.431333333333333258e+03
1.498666666666666515e+03
1.448333333333333258e+03
1.496500000000000000e+03
1.423833333333333258e+03
1.428833333333333258e+03
1.370333333333333258e+03
1.429000000000000000e+03
1.454166666666666515e+03
1.498666666666666515e+03
1.466500000000000000e+03
1.519833333333333258e+03
1.514499999999999773e+03
1.528833333333333030e+03
1.445166666666666515e+03
1.459500000000000000e+03
1.480666666666666515e+03
1.522333333333333258e+03
1.500333333333333030e+03
1.524833333333333258e+03
1.524333333333333258e+03
1.509999999999999773e+03
1.439333333333333258e+03
1.433333333333333258e+03
1.430833333333333258e+03
1.460000000000000000e+03
1.442333333333333258e+03
1.497666666666666515e+03
1.473166666666666515e+03
1.526166666666666515e+03
1.465333333333333258e+03
1.481833333333333258e+03
1.399666666666666515e+03
1.408000000000000000e+03
1.372500000000000000e+03
1.435000000000000000e+03
1.430666666666666515e+03
1.457833333333333258e+03
1.391833333333333258e+03
1.409333333333333258e+03
1.398000000000000000e+03
1.435500000000000000e+03
1.393500000000000000e+03
1.426833333333333258e+03
1.424333333333333258e+03
1.484333333333333258e+03
1.409333333333333258e+03
1.406666666666666515e+03
1.412500000000000000e+03
1.502666666666666515e+03
1.463166666666666515e+03
1.422166666666666515e+03
1.375166666666666515e+03
1.440000000000000000e+03
1.443166666666666515e+03
1.474333333333333258e+03
1.450833333333333258e+03
1.455000000000000000e+03
1.435000000000000000e+03
1.476833333333333258e+03
1.489000000000000000e+03
1.520666666666666515e+03
1.461833333333333258e+03
1.458333333333333258e+03
1.434500000000000000e+03
1.485333333333333258e+03
1.468833333333333258e+03
1.491000000000000000e+03
1.475666666666666515e+03
1.489166666666666515e+03
1.439333333333333258e+03
1.414000000000000000e+03
1.391666666666666515e+03
1.450500000000000000e+03
1.485833333333333030e+03
1.563833333333333030e+03
1.520500000000000000e+03
1.513000000000000000e+03
1.436500000000000000e+03
1.454333333333333258e+03
1.439166666666666515e+03
1.468833333333333258e+03
1.474166666666666515e+03
1.500000000000000000e+03
1.464666666666666515e+03
1.432833333333333258e+03
1.421833333333333258e+03
1.447166666666666515e+03
1.436500000000000000e+03
1.423500000000000000e+03
1.382833333333333258e+03
1.382500000000000000e+03
1.373333333333333258e+03
1.418833333333333258e+03
1.418166666666666515e+03
1.427166666666666515e+03
1.392166666666666515e+03
1.430333333333333258e+03
1.413166666666666515e+03
1.475000000000000000e+03
1.444333333333333258e+03
1.472833333333333258e+03
1.407166666666666515e+03
1.410500000000000000e+03
1.372833333333333258e+03
1.397500000000000000e+03
1.396666666666666515e+03
1.420000000000000000e+03
1.374833333333333258e+03
1.379333333333333258e+03
1.366000000000000000e+03
1.436666666666666515e+03
1.428833333333333258e+03
1.471833333333333258e+03
1.460000000000000000e+03
1.519666666666666515e+03
1.463166666666666515e+03
1.469166666666666515e+03
1.366166666666666515e+03
1.389500000000000000e+03
1.353166666666666515e+03
1.419666666666666515e+03
1.395166666666666515e+03
1.402833333333333258e+03
1.369500000000000000e+03
1.426833333333333258e+03
1.437000000000000000e+03
1.428000000000000000e+03
1.382833333333333258e+03
1.394500000000000000e+03
1.386333333333333258e+03
1.426166666666666515e+03
1.394000000000000000e+03
1.456000000000000000e+03
1.425666666666666515e+03
1.463166666666666515e+03
1.415166666666666515e+03
1.408333333333333258e+03
1.368166666666666515e+03
1.409000000000000000e+03
1.388333333333333258e+03
1.411166666666666515e+03
1.368666666666666515e+03
1.388500000000000000e+03
1.395666666666666515e+03
1.464166666666666515e+03
1.445500000000000000e+03
1.395500000000000000e+03
1.317833333333333258e+03
1.369166666666666515e+03
1.390333333333333258e+03
1.449333333333333258e+03
1.417500000000000000e+03
1.413000000000000000e+03
1.376000000000000000e+03
1.381000000000000000e+03
1.389166666666666515e+03
1.427333333333333258e+03
1.390333333333333258e+03
1.408333333333333258e+03
1.396500000000000000e+03
1.480666666666666515e+03
1.492833333333333258e+03
1.512500000000000000e+03
1.454166666666666515e+03
1.477833333333333258e+03
1.456999999999999773e+03
1.445666666666666515e+03
1.372500000000000000e+03
1.399166666666666515e+03
1.424500000000000000e+03
1.476166666666666515e+03
1.439833333333333258e+03
1.495500000000000000e+03
1.499166666666666515e+03
1.505166666666666515e+03
1.460333333333333258e+03
1.506833333333333258e+03
1.502833333333333030e+03
1.513833333333333258e+03
1.460333333333333258e+03
1.496333333333333258e+03
1.462000000000000000e+03
1.473166666666666515e+03
1.423000000000000000e+03
1.476666666666666515e+03
1.464166666666666515e+03
1.533333333333333258e+03
1.530333333333333258e+03
1.550999999999999773e+03
1.479666666666666515e+03
1.470500000000000000e+03
1.433500000000000000e+03
1.496500000000000000e+03
1.479333333333333030e+03
1.481833333333333258e+03
1.409833333333333258e+03
1.432000000000000000e+03
1.400333333333333258e+03
1.408333333333333258e+03
1.374500000000000000e+03
1.432333333333333258e+03
1.397000000000000000e+03
1.397666666666666515e+03
1.371000000000000000e+03
1.426000000000000000e+03
1.399666666666666515e+03
1.415500000000000000e+03
1.424000000000000000e+03
1.466666666666666515e+03
1.439500000000000000e+03
1.444666666666666515e+03
1.427500000000000000e+03
1.486500000000000000e+03
1.459166666666666515e+03
1.483166666666666515e+03
1.474333333333333258e+03
1.525500000000000000e+03
1.533833333333333030e+03
1.517333333333333258e+03
1.492833333333333258e+03
1.508333333333333258e+03
1.494000000000000000e+03
1.519166666666666515e+03
1.464666666666666515e+03
1.491000000000000000e+03
1.485333333333333258e+03
1.565500000000000000e+03
1.542666666666666515e+03
1.566999999999999773e+03
1.497833333333333030e+03
1.488833333333333258e+03
1.429000000000000000e+03
1.433333333333333258e+03
1.397166666666666515e+03
1.397666666666666515e+03
1.385000000000000000e+03
1.452500000000000000e+03
1.427500000000000000e+03
1.443333333333333258e+03
1.424666666666666515e+03
1.449833333333333258e+03
1.422000000000000000e+03
1.440166666666666515e+03
1.454333333333333258e+03
1.535666666666666515e+03
1.531666666666666515e+03
1.521000000000000000e+03
1.469833333333333258e+03
1.504166666666666515e+03
1.518166666666666515e+03
1.522333333333333030e+03
1.437833333333333258e+03
1.465666666666666515e+03
1.450333333333333258e+03
1.496333333333333258e+03
1.434833333333333258e+03
1.456166666666666515e+03
1.432833333333333258e+03
1.493000000000000000e+03
1.479166666666666515e+03
1.556666666666666515e+03
1.535333333333333258e+03
1.591666666666666515e+03
1.559833333333333258e+03
1.583833333333333258e+03
1.499999999999999773e+03
1.475166666666666515e+03
1.454666666666666515e+03
1.549333333333333258e+03
1.571000000000000000e+03
1.538333333333333030e+03
1.475166666666666515e+03
1.488166666666666515e+03
1.520666666666666515e+03
1.558833333333333258e+03
1.474833333333333030e+03
1.459666666666666515e+03
1.399666666666666515e+03
1.454000000000000000e+03
1.437833333333333258e+03
1.513166666666666515e+03
1.493833333333333030e+03
1.530000000000000000e+03
1.467500000000000000e+03
1.512666666666666515e+03
1.410999999999999773e+03
1.392666666666666515e+03
1.338666666666666515e+03
1.420000000000000000e+03
1.435000000000000000e+03
1.450166666666666515e+03
1.404333333333333258e+03
1.423166666666666515e+03
1.396333333333333258e+03
1.438000000000000000e+03
1.382000000000000000e+03
1.416333333333333258e+03
9.318333333333332575e+02
