3.746592566619915488e+02
5.214925899953248063e+02
1.721592566619915488e+02
3.056592566619915488e+02
7.949925899953248063e+02
1.167492589995324806e+03
1.318825923328658064e+03
1.121492589995324806e+03
1.208325923328658064e+03
1.281659256661991321e+03
1.266825923328658064e+03
1.091659256661991549e+03
1.210159256661991549e+03
1.331992589995324806e+03
1.334159256661991321e+03
1.149325923328658064e+03
1.222659256661991549e+03
1.329825923328658064e+03
1.394992589995324579e+03
1.241825923328658064e+03
1.427325923328658064e+03
1.533825923328658064e+03
1.547825923328658064e+03
1.299992589995324579e+03
1.383659256661991549e+03
1.440492589995324806e+03
1.445492589995324579e+03
1.253659256661991549e+03
1.352492589995324806e+03
1.427659256661991321e+03
1.429825923328658064e+03
1.276825923328658064e+03
1.424825923328658064e+03
1.484159256661991549e+03
1.484159256661991549e+03
1.270659256661991321e+03
1.377492589995324806e+03
1.458659256661991321e+03
1.424659256661991321e+03
1.248825923328658064e+03
1.344825923328658064e+03
1.460492589995324806e+03
1.448825923328658064e+03
1.262325923328658064e+03
1.346825923328658064e+03
1.456325923328658064e+03
1.486992589995324806e+03
1.377992589995324806e+03
1.497992589995324806e+03
1.547492589995324806e+03
1.459492589995324806e+03
1.241325923328658064e+03
1.375492589995324806e+03
1.485492589995324806e+03
1.518492589995324579e+03
1.335492589995324579e+03
1.411659256661991549e+03
1.415992589995324806e+03
1.391492589995324579e+03
1.218159256661991549e+03
1.350492589995324806e+03
1.459992589995324579e+03
1.464992589995324806e+03
1.269992589995324806e+03
1.359159256661991549e+03
1.463992589995324579e+03
1.451992589995324806e+03
1.278992589995324806e+03
1.408825923328658064e+03
1.533492589995324806e+03
1.547492589995324806e+03
1.347659256661991549e+03
1.458492589995324806e+03
1.520825923328658064e+03
1.504492589995324806e+03
1.324825923328658064e+03
1.409492589995324806e+03
1.476325923328658064e+03
1.427992589995324806e+03
1.274325923328658064e+03
1.377825923328658064e+03
1.447825923328658064e+03
1.407325923328658064e+03
1.228492589995324806e+03
1.332659256661991549e+03
1.434159256661991549e+03
1.443492589995324579e+03
1.308492589995324806e+03
1.406159256661991549e+03
1.450825923328658064e+03
1.446325923328658064e+03
1.263825923328658064e+03
1.378492589995324806e+03
1.462992589995324806e+03
1.453159256661991549e+03
1.351992589995324806e+03
1.470325923328658064e+03
1.562325923328658064e+03
1.483159256661991549e+03
1.258825923328658064e+03
1.353325923328658064e+03
1.448492589995324806e+03
1.445992589995324806e+03
1.249992589995324806e+03
1.327659256661991549e+03
1.377992589995324806e+03
1.372325923328658064e+03
1.208992589995324579e+03
1.355325923328658064e+03
1.449325923328658064e+03
1.457325923328658064e+03
1.273159256661991549e+03
1.422659256661991549e+03
1.535659256661991549e+03
1.557492589995324806e+03
1.338159256661991549e+03
1.407825923328658064e+03
1.441325923328658064e+03
1.422325923328658064e+03
1.236159256661991549e+03
1.374992589995324806e+03
1.462992589995324806e+03
1.467325923328658064e+03
1.262992589995324806e+03
1.361659256661991549e+03
1.397492589995324806e+03
1.360825923328658064e+03
1.198825923328658064e+03
1.375659256661991549e+03
1.491992589995324806e+03
1.438825923328658064e+03
1.184492589995324806e+03
1.293992589995324806e+03
1.425492589995324806e+03
1.443659256661991549e+03
1.261825923328658064e+03
1.340492589995324806e+03
1.426825923328658064e+03
1.403659256661991549e+03
1.234492589995324806e+03
1.360492589995324806e+03
1.513825923328658064e+03
1.560659256661991321e+03
1.346992589995324579e+03
1.347659256661991549e+03
1.391992589995324579e+03
1.428159256661991321e+03
1.281659256661991549e+03
1.331825923328658064e+03
1.381992589995324806e+03
1.406325923328658064e+03
1.288492589995324806e+03
1.410992589995324806e+03
1.473992589995324806e+03
1.453492589995324806e+03
1.268825923328658064e+03
1.374825923328658064e+03
1.462992589995324579e+03
1.478325923328658064e+03
1.317492589995324806e+03
1.382159256661991549e+03
1.418992589995324806e+03
1.389659256661991549e+03
1.246325923328658064e+03
1.346325923328658064e+03
1.409325923328658064e+03
1.412825923328658064e+03
1.267825923328658064e+03
1.380492589995324806e+03
1.458492589995324806e+03
1.430325923328658064e+03
1.238659256661991549e+03
1.287659256661991549e+03
1.389492589995324579e+03
1.466992589995324579e+03
1.317159256661991549e+03
1.378992589995324806e+03
1.435659256661991321e+03
1.471492589995324806e+03
1.313492589995324806e+03
1.386159256661991549e+03
1.423992589995324806e+03
1.408659256661991549e+03
1.248659256661991549e+03
1.359492589995324806e+03
1.429825923328658064e+03
1.414492589995324579e+03
1.225659256661991549e+03
1.376659256661991549e+03
1.462659256661991549e+03
1.441159256661991321e+03
1.252659256661991549e+03
1.351992589995324806e+03
1.454492589995324806e+03
1.479659256661991549e+03
1.307325923328658064e+03
1.411325923328658064e+03
1.441492589995324806e+03
1.431325923328658064e+03
1.276492589995324806e+03
1.406992589995324806e+03
1.467992589995324806e+03
1.471159256661991549e+03
1.296159256661991321e+03
1.377659256661991549e+03
1.417659256661991549e+03
1.414159256661991321e+03
1.287492589995324806e+03
1.415159256661991549e+03
1.467992589995324579e+03
1.438992589995324806e+03
1.253825923328658064e+03
1.355825923328658064e+03
1.423825923328658064e+03
1.355159256661991549e+03
1.154825923328658064e+03
1.291159256661991549e+03
1.488992589995324806e+03
1.551825923328658064e+03
1.343159256661991549e+03
1.353159256661991549e+03
1.390992589995324806e+03
1.420325923328658064e+03
1.274492589995324806e+03
1.382659256661991549e+03
1.457159256661991321e+03
1.496492589995324806e+03
1.328659256661991321e+03
1.414159256661991321e+03
1.451992589995324579e+03
1.473992589995324806e+03
1.315659256661991549e+03
1.372492589995324806e+03
1.358659256661991549e+03
1.359159256661991549e+03
1.243825923328658064e+03
1.403159256661991549e+03
1.430659256661991549e+03
1.421159256661991549e+03
1.248159256661991549e+03
1.372992589995324806e+03
1.412659256661991321e+03
1.363825923328658064e+03
1.179992589995324806e+03
1.277159256661991549e+03
1.371659256661991549e+03
1.353825923328658064e+03
1.182492589995324806e+03
1.284992589995324806e+03
1.387825923328658064e+03
1.423492589995324806e+03
1.272825923328658064e+03
1.394159256661991549e+03
1.445159256661991321e+03
1.450659256661991321e+03
1.284992589995324579e+03
1.381825923328658064e+03
1.420492589995324806e+03
1.398159256661991321e+03
1.223659256661991549e+03
1.316325923328658064e+03
1.400159256661991549e+03
1.443159256661991549e+03
1.324492589995324806e+03
1.419325923328658064e+03
1.454992589995324806e+03
1.426492589995324806e+03
1.223159256661991549e+03
1.297992589995324806e+03
1.359825923328658064e+03
1.388659256661991549e+03
1.261159256661991549e+03
1.378492589995324806e+03
1.397325923328658064e+03
1.364659256661991549e+03
1.168992589995324806e+03
1.271492589995324806e+03
1.333825923328658064e+03
1.331992589995324579e+03
1.193659256661991549e+03
1.358492589995324806e+03
1.463825923328658064e+03
1.477992589995324579e+03
1.251659256661991321e+03
1.311159256661991549e+03
1.400659256661991549e+03
1.489992589995324579e+03
1.356325923328658064e+03
1.421325923328658064e+03
1.399159256661991549e+03
1.408325923328658064e+03
1.271159256661991549e+03
1.364492589995324806e+03
1.392825923328658064e+03
1.372659256661991321e+03
1.260825923328658064e+03
1.406992589995324806e+03
1.489825923328658064e+03
1.492659256661991321e+03
1.292992589995324806e+03
1.358825923328658064e+03
1.393325923328658064e+03
1.360159256661991549e+03
1.219825923328658064e+03
1.323992589995324806e+03
1.433492589995324579e+03
1.416159256661991321e+03
1.289159256661991549e+03
1.389659256661991549e+03
1.474492589995324579e+03
1.475325923328658064e+03
1.356325923328658064e+03
1.425325923328658064e+03
1.413159256661991549e+03
1.340825923328658064e+03
1.209825923328658064e+03
1.359325923328658064e+03
1.426159256661991549e+03
1.421159256661991549e+03
1.203992589995324806e+03
1.248492589995324806e+03
1.252159256661991549e+03
1.253992589995324806e+03
1.142492589995324806e+03
1.236325923328658064e+03
1.321492589995324806e+03
1.328992589995324579e+03
1.202992589995324806e+03
1.278325923328658064e+03
1.339825923328658064e+03
1.352159256661991549e+03
1.213659256661991549e+03
1.286825923328658064e+03
1.376159256661991321e+03
1.398992589995324579e+03
1.295492589995324806e+03
1.333659256661991549e+03
1.392659256661991549e+03
1.421325923328658064e+03
1.319992589995324579e+03
1.376325923328658064e+03
1.377992589995324579e+03
1.371992589995324579e+03
1.269325923328658064e+03
1.375492589995324806e+03
1.403325923328658064e+03
1.360159256661991549e+03
1.203825923328658064e+03
1.327325923328658064e+03
1.439492589995324806e+03
1.437159256661991549e+03
1.268159256661991549e+03
1.339325923328658064e+03
1.392325923328658064e+03
1.391825923328658064e+03
1.182492589995324806e+03
1.242825923328658064e+03
1.300825923328658064e+03
1.375492589995324806e+03
1.269492589995324806e+03
1.306659256661991549e+03
1.331325923328658064e+03
1.320825923328658064e+03
1.217825923328658064e+03
1.296492589995324806e+03
1.347325923328658064e+03
1.391325923328658064e+03
1.276159256661991549e+03
1.391325923328658064e+03
1.404992589995324806e+03
1.385825923328658064e+03
1.199825923328658064e+03
1.249159256661991549e+03
1.325492589995324579e+03
1.424659256661991549e+03
1.347659256661991549e+03
1.404659256661991549e+03
1.349492589995324806e+03
1.332992589995324579e+03
1.232992589995324806e+03
1.344325923328658064e+03
1.376492589995324806e+03
1.344159256661991321e+03
1.199325923328658064e+03
1.294492589995324806e+03
1.352825923328658064e+03
1.387825923328658064e+03
1.272992589995324579e+03
1.338992589995324806e+03
1.365159256661991549e+03
1.327825923328658064e+03
1.163159256661991549e+03
1.229159256661991549e+03
1.283492589995324579e+03
1.314992589995324806e+03
1.191159256661991549e+03
1.265492589995324806e+03
1.304492589995324806e+03
1.319825923328658064e+03
1.210659256661991549e+03
1.345159256661991549e+03
1.373159256661991549e+03
1.336159256661991321e+03
1.165492589995324806e+03
1.250492589995324806e+03
1.314325923328658064e+03
1.330659256661991549e+03
1.238992589995324806e+03
1.336325923328658064e+03
1.334492589995324806e+03
1.321992589995324806e+03
1.211325923328658064e+03
1.343659256661991549e+03
1.403659256661991549e+03
1.433992589995324579e+03
1.342992589995324579e+03
1.393825923328658064e+03
1.388492589995324806e+03
1.339825923328658064e+03
1.202659256661991549e+03
1.265325923328658064e+03
1.290992589995324579e+03
1.324659256661991321e+03
1.243159256661991549e+03
1.346659256661991549e+03
1.355825923328658064e+03
1.334492589995324579e+03
1.225659256661991549e+03
1.349659256661991549e+03
1.425659256661991549e+03
1.456659256661991321e+03
1.274992589995324806e+03
1.325159256661991321e+03
1.325825923328658064e+03
1.364325923328658064e+03
1.238159256661991549e+03
1.288825923328658064e+03
1.266825923328658064e+03
1.277992589995324806e+03
1.220992589995324806e+03
1.351992589995324806e+03
1.373992589995324806e+03
1.335492589995324579e+03
1.195992589995324806e+03
1.260659256661991549e+03
1.289659256661991549e+03
1.345825923328658064e+03
1.291825923328658064e+03
1.359492589995324806e+03
1.349325923328658064e+03
1.340992589995324579e+03
1.254659256661991549e+03
1.348159256661991549e+03
1.399325923328658064e+03
1.386492589995324579e+03
1.290992589995324806e+03
1.304825923328658064e+03
1.377992589995324806e+03
1.447492589995324806e+03
1.365325923328658064e+03
1.404659256661991549e+03
1.368325923328658064e+03
1.375659256661991321e+03
1.257659256661991549e+03
1.312659256661991549e+03
1.333492589995324579e+03
1.335325923328658064e+03
1.234992589995324806e+03
1.304992589995324806e+03
1.361992589995324806e+03
1.385825923328658064e+03
1.266159256661991549e+03
1.307159256661991549e+03
1.318659256661991549e+03
1.317492589995324806e+03
1.190159256661991549e+03
1.255825923328658064e+03
1.312992589995324806e+03
1.362492589995324579e+03
1.273992589995324579e+03
1.351492589995324806e+03
1.381325923328658064e+03
1.391825923328658064e+03
1.254492589995324579e+03
1.283492589995324806e+03
1.290325923328658064e+03
1.326992589995324806e+03
1.227992589995324806e+03
1.255825923328658064e+03
1.214325923328658064e+03
1.228159256661991321e+03
1.159159256661991549e+03
1.262825923328658064e+03
1.329659256661991549e+03
1.371492589995324579e+03
1.293325923328658064e+03
1.335825923328658064e+03
1.309659256661991549e+03
1.317159256661991321e+03
1.198325923328658064e+03
1.285659256661991549e+03
1.325159256661991321e+03
1.358992589995324579e+03
1.240325923328658064e+03
1.280825923328658064e+03
1.283825923328658064e+03
1.308159256661991549e+03
1.250992589995324806e+03
1.384825923328658064e+03
1.418492589995324579e+03
1.367659256661991321e+03
1.212659256661991549e+03
1.318825923328658064e+03
1.394325923328658064e+03
1.464492589995324579e+03
1.320992589995324806e+03
1.313825923328658064e+03
1.276325923328658064e+03
1.297492589995324806e+03
1.237325923328658064e+03
1.295825923328658064e+03
1.315992589995324579e+03
1.384325923328658064e+03
1.298492589995324806e+03
1.342159256661991321e+03
1.294159256661991321e+03
1.287825923328658064e+03
1.184659256661991549e+03
1.254492589995324806e+03
1.256492589995324806e+03
1.267992589995324579e+03
1.174825923328658064e+03
1.296659256661991549e+03
1.375492589995324806e+03
1.424492589995324806e+03
1.318492589995324806e+03
1.320159256661991549e+03
1.294825923328658064e+03
1.305825923328658064e+03
1.249159256661991549e+03
1.324659256661991549e+03
1.330825923328658064e+03
1.337159256661991321e+03
1.245992589995324806e+03
1.321325923328658064e+03
1.338492589995324806e+03
1.385159256661991549e+03
1.303159256661991321e+03
1.368325923328658064e+03
1.363159256661991549e+03
1.407992589995324579e+03
1.305659256661991321e+03
1.357325923328658064e+03
1.310492589995324806e+03
1.312325923328658064e+03
1.175159256661991549e+03
1.249659256661991549e+03
1.286992589995324806e+03
1.363992589995324806e+03
1.278325923328658064e+03
1.357825923328658064e+03
1.360325923328658064e+03
1.351659256661991549e+03
1.237159256661991549e+03
1.304492589995324806e+03
1.337159256661991549e+03
1.360325923328658064e+03
1.267659256661991549e+03
1.349492589995324806e+03
1.337159256661991321e+03
1.341159256661991549e+03
1.196825923328658064e+03
1.292492589995324806e+03
1.352325923328658064e+03
1.459659256661991549e+03
1.387825923328658064e+03
1.409825923328658064e+03
1.353825923328658064e+03
1.320159256661991549e+03
1.198992589995324806e+03
1.259825923328658064e+03
1.284492589995324579e+03
1.324159256661991549e+03
1.226659256661991549e+03
1.255992589995324806e+03
1.260492589995324806e+03
1.302825923328658064e+03
1.234325923328658064e+03
1.271992589995324806e+03
1.224659256661991549e+03
1.235492589995324806e+03
1.196492589995324806e+03
1.297825923328658064e+03
1.306992589995324806e+03
1.349659256661991321e+03
1.288825923328658064e+03
1.404825923328658064e+03
1.405492589995324806e+03
1.434992589995324806e+03
1.319159256661991549e+03
1.332659256661991549e+03
1.322659256661991321e+03
1.348659256661991549e+03
1.291159256661991549e+03
1.327659256661991321e+03
1.300325923328658064e+03
1.328325923328658064e+03
1.301159256661991549e+03
1.407492589995324579e+03
1.383992589995324806e+03
1.372825923328658064e+03
1.282659256661991549e+03
1.367492589995324806e+03
1.363159256661991549e+03
1.310825923328658064e+03
1.181992589995324806e+03
1.227325923328658064e+03
1.270159256661991549e+03
1.292659256661991549e+03
1.209492589995324806e+03
1.237992589995324806e+03
1.217992589995324806e+03
1.228325923328658064e+03
1.158325923328658064e+03
1.226159256661991549e+03
1.247659256661991549e+03
1.304159256661991549e+03
1.228659256661991321e+03
1.284325923328658064e+03
1.305825923328658064e+03
1.372492589995324806e+03
1.285492589995324806e+03
1.303325923328658064e+03
1.287992589995324579e+03
1.330825923328658064e+03
1.282492589995324806e+03
1.338492589995324579e+03
1.330159256661991321e+03
1.344992589995324806e+03
1.289159256661991321e+03
1.375159256661991321e+03
1.346159256661991321e+03
1.316325923328658064e+03
1.191659256661991549e+03
1.266825923328658064e+03
1.344159256661991321e+03
1.444659256661991549e+03
1.393159256661991549e+03
1.407492589995324579e+03
1.319325923328658064e+03
1.326325923328658064e+03
1.220825923328658064e+03
1.265659256661991549e+03
1.241159256661991549e+03
1.299825923328658064e+03
1.270159256661991549e+03
1.343325923328658064e+03
1.330992589995324806e+03
1.353325923328658064e+03
1.220492589995324806e+03
1.219825923328658064e+03
1.218825923328658064e+03
1.321825923328658064e+03
1.326825923328658064e+03
1.385659256661991321e+03
1.347825923328658064e+03
1.386492589995324806e+03
1.302159256661991549e+03
1.366325923328658064e+03
1.304159256661991321e+03
1.337659256661991549e+03
1.241492589995324806e+03
1.310825923328658064e+03
1.277825923328658064e+03
1.348659256661991321e+03
1.311159256661991549e+03
1.381825923328658064e+03
1.335325923328658064e+03
1.323325923328658064e+03
1.229659256661991549e+03
1.314492589995324806e+03
1.327825923328658064e+03
1.397992589995324579e+03
1.292325923328658064e+03
1.335159256661991321e+03
1.341659256661991549e+03
1.463325923328658064e+03
1.427159256661991549e+03
1.458825923328658064e+03
1.383825923328658064e+03
1.378492589995324806e+03
1.252159256661991549e+03
1.242992589995324806e+03
1.204825923328658064e+03
1.219992589995324806e+03
1.224992589995324806e+03
1.320659256661991549e+03
1.340825923328658064e+03
1.326159256661991321e+03
1.194992589995324806e+03
1.229659256661991549e+03
1.230492589995324806e+03
1.314992589995324579e+03
1.263992589995324806e+03
1.345492589995324806e+03
1.300992589995324579e+03
1.300992589995324806e+03
1.208659256661991549e+03
1.308325923328658064e+03
1.366992589995324579e+03
1.361992589995324806e+03
1.250492589995324806e+03
1.267825923328658064e+03
1.321325923328658064e+03
1.333159256661991549e+03
1.239325923328658064e+03
1.271825923328658064e+03
1.293659256661991549e+03
1.357325923328658064e+03
1.252159256661991549e+03
1.299492589995324579e+03
1.305992589995324806e+03
1.350492589995324579e+03
1.302659256661991549e+03
1.330159256661991321e+03
1.340492589995324806e+03
1.358825923328658064e+03
1.258325923328658064e+03
1.246492589995324579e+03
1.213825923328658064e+03
1.260825923328658064e+03
1.226159256661991549e+03
1.244325923328658064e+03
1.255159256661991549e+03
1.314825923328658064e+03
1.267992589995324806e+03
1.338825923328658064e+03
1.361659256661991549e+03
1.419492589995324806e+03
1.302992589995324806e+03
1.275325923328658064e+03
1.218159256661991549e+03
1.231825923328658064e+03
1.138659256661991549e+03
1.227659256661991549e+03
1.311325923328658064e+03
1.365492589995324806e+03
1.220992589995324579e+03
1.145992589995324806e+03
1.137492589995324806e+03
1.227992589995324806e+03
1.215325923328658064e+03
1.264659256661991549e+03
1.249659256661991549e+03
1.300159256661991549e+03
1.289159256661991549e+03
1.355992589995324806e+03
1.337159256661991321e+03
1.360492589995324806e+03
1.295325923328658064e+03
1.351325923328658064e+03
1.316825923328658064e+03
1.311325923328658064e+03
1.230325923328658064e+03
1.285659256661991549e+03
1.343825923328658064e+03
1.344825923328658064e+03
1.242325923328658064e+03
1.238992589995324806e+03
1.272492589995324806e+03
1.338159256661991549e+03
1.273325923328658064e+03
1.324492589995324806e+03
1.332992589995324806e+03
1.417825923328658064e+03
1.331325923328658064e+03
1.339325923328658064e+03
1.290825923328658064e+03
1.297159256661991321e+03
1.241825923328658064e+03
1.307492589995324806e+03
1.317492589995324806e+03
1.327992589995324579e+03
1.208659256661991549e+03
1.245825923328658064e+03
1.231992589995324806e+03
1.271825923328658064e+03
1.182992589995324806e+03
1.238159256661991549e+03
1.252492589995324806e+03
1.332159256661991321e+03
1.279492589995324806e+03
1.306825923328658064e+03
1.272659256661991549e+03
1.301325923328658064e+03
1.250325923328658064e+03
1.346659256661991549e+03
1.372825923328658064e+03
1.413825923328658064e+03
1.312492589995324579e+03
1.320992589995324806e+03
1.299659256661991549e+03
1.314325923328658064e+03
1.258825923328658064e+03
1.293825923328658064e+03
1.288825923328658064e+03
1.290992589995324806e+03
1.213825923328658064e+03
1.302159256661991549e+03
1.301825923328658064e+03
1.339825923328658064e+03
1.239659256661991549e+03
1.315659256661991549e+03
1.300992589995324806e+03
1.307492589995324806e+03
1.204159256661991549e+03
1.272325923328658064e+03
1.284659256661991321e+03
1.310992589995324806e+03
1.216159256661991549e+03
1.290492589995324806e+03
1.311825923328658064e+03
1.376992589995324806e+03
1.276825923328658064e+03
1.337325923328658064e+03
1.307659256661991549e+03
1.278492589995324806e+03
1.139825923328658064e+03
1.197492589995324806e+03
1.243659256661991549e+03
1.251325923328658064e+03
1.165325923328658064e+03
1.236992589995324806e+03
1.312159256661991549e+03
1.362992589995324579e+03
1.307159256661991321e+03
1.370992589995324806e+03
1.376659256661991321e+03
1.373825923328658064e+03
1.234992589995324806e+03
1.228992589995324806e+03
1.218492589995324806e+03
1.261159256661991549e+03
1.188492589995324806e+03
1.243992589995324806e+03
1.250159256661991549e+03
1.289992589995324806e+03
1.221992589995324806e+03
1.290159256661991549e+03
1.343492589995324806e+03
1.357825923328658064e+03
1.238992589995324579e+03
1.232992589995324806e+03
1.230825923328658064e+03
1.297992589995324806e+03
1.229992589995324806e+03
1.292659256661991321e+03
1.283659256661991321e+03
1.325325923328658064e+03
1.262492589995324806e+03
1.324492589995324806e+03
1.306159256661991549e+03
1.317159256661991549e+03
1.236492589995324806e+03
1.346825923328658064e+03
1.349325923328658064e+03
1.344159256661991549e+03
1.221325923328658064e+03
1.301159256661991549e+03
1.306325923328658064e+03
1.329492589995324806e+03
1.210992589995324806e+03
1.277492589995324806e+03
1.287659256661991549e+03
1.334659256661991321e+03
1.241992589995324806e+03
1.299992589995324806e+03
1.288825923328658064e+03
1.337325923328658064e+03
1.252992589995324806e+03
1.314659256661991549e+03
1.315325923328658064e+03
1.342492589995324806e+03
1.284825923328658064e+03
1.342325923328658064e+03
1.319492589995324806e+03
1.335325923328658064e+03
1.286492589995324806e+03
1.356325923328658064e+03
1.314992589995324579e+03
1.273492589995324806e+03
1.175825923328658064e+03
1.256992589995324806e+03
1.273659256661991549e+03
1.270825923328658064e+03
1.167825923328658064e+03
1.249992589995324806e+03
1.296492589995324806e+03
1.347659256661991549e+03
1.260492589995324806e+03
1.346992589995324806e+03
1.368992589995324806e+03
1.381659256661991549e+03
1.271659256661991321e+03
1.314325923328658064e+03
1.309825923328658064e+03
1.336659256661991549e+03
1.227159256661991549e+03
1.284659256661991549e+03
1.296159256661991549e+03
1.300492589995324806e+03
1.177325923328658064e+03
1.151492589995324806e+03
1.182825923328658064e+03
1.286825923328658064e+03
1.238159256661991549e+03
1.285659256661991549e+03
1.241492589995324806e+03
1.243492589995324579e+03
1.121659256661991549e+03
1.181492589995324806e+03
1.233992589995324806e+03
1.282659256661991549e+03
1.167992589995324806e+03
1.190992589995324806e+03
1.191825923328658064e+03
1.226825923328658064e+03
1.171659256661991549e+03
1.273159256661991549e+03
1.310492589995324806e+03
1.337659256661991549e+03
1.208992589995324806e+03
1.219825923328658064e+03
1.227159256661991549e+03
1.277659256661991321e+03
1.245659256661991549e+03
1.310992589995324806e+03
1.324159256661991549e+03
1.330159256661991549e+03
1.214992589995324806e+03
1.246825923328658064e+03
1.248659256661991549e+03
1.269825923328658064e+03
1.178159256661991549e+03
1.204992589995324806e+03
1.204159256661991549e+03
1.222159256661991549e+03
1.179659256661991549e+03
1.263825923328658064e+03
1.327825923328658064e+03
1.394825923328658064e+03
1.334659256661991549e+03
1.310159256661991549e+03
1.222159256661991549e+03
1.188659256661991549e+03
1.129659256661991549e+03
1.236325923328658064e+03
1.311492589995324579e+03
1.355325923328658064e+03
1.273992589995324579e+03
1.313325923328658064e+03
1.332659256661991321e+03
1.329492589995324806e+03
1.203492589995324806e+03
1.206825923328658064e+03
1.263492589995324806e+03
1.299325923328658064e+03
1.256659256661991549e+03
1.286325923328658064e+03
1.317659256661991549e+03
1.297825923328658064e+03
1.179492589995324806e+03
1.229492589995324806e+03
1.298992589995324806e+03
1.352825923328658064e+03
1.281159256661991549e+03
1.314159256661991549e+03
1.280992589995324579e+03
1.231492589995324806e+03
1.138492589995324806e+03
1.247159256661991549e+03
1.269159256661991549e+03
1.268325923328658064e+03
1.132825923328658064e+03
1.199825923328658064e+03
1.197325923328658064e+03
1.209659256661991549e+03
1.102325923328658064e+03
1.174325923328658064e+03
1.205159256661991549e+03
1.263159256661991549e+03
1.206825923328658064e+03
1.318325923328658064e+03
1.340992589995324806e+03
1.360159256661991549e+03
1.204159256661991549e+03
1.215992589995324806e+03
1.194825923328658064e+03
1.263825923328658064e+03
1.230492589995324806e+03
1.325492589995324806e+03
1.299325923328658064e+03
1.270325923328658064e+03
1.112492589995324806e+03
1.153825923328658064e+03
1.197825923328658064e+03
1.256992589995324806e+03
1.212159256661991549e+03
1.281325923328658064e+03
1.317825923328658064e+03
1.315325923328658064e+03
1.204325923328658064e+03
1.222659256661991549e+03
1.199325923328658064e+03
1.211659256661991549e+03
1.156325923328658064e+03
1.272325923328658064e+03
1.345492589995324806e+03
1.381825923328658064e+03
1.274659256661991321e+03
1.271492589995324806e+03
1.257992589995324579e+03
1.280825923328658064e+03
1.238659256661991549e+03
1.324325923328658064e+03
1.345992589995324806e+03
1.282659256661991321e+03
1.144992589995324806e+03
1.195325923328658064e+03
1.273825923328658064e+03
1.306159256661991549e+03
1.224325923328658064e+03
1.219492589995324806e+03
1.225659256661991549e+03
1.258992589995324806e+03
1.218492589995324806e+03
1.267992589995324806e+03
1.273492589995324806e+03
1.338659256661991549e+03
1.335825923328658064e+03
1.359492589995324806e+03
1.298992589995324579e+03
1.256992589995324806e+03
1.158992589995324806e+03
1.201992589995324806e+03
1.170492589995324806e+03
1.204992589995324806e+03
1.134325923328658064e+03
1.234159256661991549e+03
1.264492589995324806e+03
1.290825923328658064e+03
1.184325923328658064e+03
1.212825923328658064e+03
1.199492589995324806e+03
1.186159256661991549e+03
1.102492589995324806e+03
1.209492589995324806e+03
1.289492589995324806e+03
1.344159256661991549e+03
1.266825923328658064e+03
1.306825923328658064e+03
1.307659256661991549e+03
1.278825923328658064e+03
1.206492589995324806e+03
1.269659256661991549e+03
1.295325923328658064e+03
1.258492589995324579e+03
1.142492589995324806e+03
1.184492589995324806e+03
1.222825923328658064e+03
1.241159256661991549e+03
1.202825923328658064e+03
1.288659256661991549e+03
1.312825923328658064e+03
1.300159256661991549e+03
1.172159256661991549e+03
1.234992589995324806e+03
1.279159256661991549e+03
1.308325923328658064e+03
1.221325923328658064e+03
1.225992589995324806e+03
1.274825923328658064e+03
1.302659256661991321e+03
1.211659256661991321e+03
1.172659256661991549e+03
1.118659256661991549e+03
1.129492589995324806e+03
1.122159256661991549e+03
1.264992589995324806e+03
1.345325923328658064e+03
1.356992589995324579e+03
1.224492589995324806e+03
1.235825923328658064e+03
1.296659256661991549e+03
1.402325923328658064e+03
1.363492589995324806e+03
1.398325923328658064e+03
1.329659256661991549e+03
1.332992589995324806e+03
1.226825923328658064e+03
1.287159256661991549e+03
1.294325923328658064e+03
1.323325923328658064e+03
1.241825923328658064e+03
1.290825923328658064e+03
1.286325923328658064e+03
1.316159256661991321e+03
1.195659256661991549e+03
1.232159256661991549e+03
1.253492589995324806e+03
1.334159256661991549e+03
1.267159256661991549e+03
1.262659256661991549e+03
1.238992589995324806e+03
1.232159256661991549e+03
1.187825923328658064e+03
1.272992589995324806e+03
1.319159256661991549e+03
1.318659256661991321e+03
1.200325923328658064e+03
1.235659256661991549e+03
1.261992589995324579e+03
1.296825923328658064e+03
1.239659256661991549e+03
1.297159256661991549e+03
1.352659256661991549e+03
1.394992589995324806e+03
1.290325923328658064e+03
1.311325923328658064e+03
1.306159256661991321e+03
1.334492589995324806e+03
1.235325923328658064e+03
1.297825923328658064e+03
1.333825923328658064e+03
1.336992589995324579e+03
1.223159256661991549e+03
1.280659256661991549e+03
1.298659256661991549e+03
1.279659256661991549e+03
1.194325923328658064e+03
1.239825923328658064e+03
1.272659256661991321e+03
1.245659256661991549e+03
1.187325923328658064e+03
1.275659256661991549e+03
1.319159256661991549e+03
1.322825923328658064e+03
1.229659256661991549e+03
1.258992589995324806e+03
1.277492589995324806e+03
1.232325923328658064e+03
1.141325923328658064e+03
1.162825923328658064e+03
1.242992589995324806e+03
1.302659256661991549e+03
1.261992589995324806e+03
1.279659256661991549e+03
1.259659256661991549e+03
1.252992589995324579e+03
1.188159256661991549e+03
1.285492589995324806e+03
1.327825923328658064e+03
1.332159256661991549e+03
1.233825923328658064e+03
1.261825923328658064e+03
1.266659256661991549e+03
1.225492589995324806e+03
1.129659256661991549e+03
1.205325923328658064e+03
1.264159256661991549e+03
1.286159256661991549e+03
1.202825923328658064e+03
1.250825923328658064e+03
1.253325923328658064e+03
1.242159256661991549e+03
1.154659256661991549e+03
1.223825923328658064e+03
1.246492589995324806e+03
1.260492589995324579e+03
1.159492589995324806e+03
1.200825923328658064e+03
1.235325923328658064e+03
1.285825923328658064e+03
1.242992589995324806e+03
1.333659256661991549e+03
1.333659256661991321e+03
1.307992589995324579e+03
1.161159256661991549e+03
1.208325923328658064e+03
1.254325923328658064e+03
1.249992589995324579e+03
1.176159256661991549e+03
1.217492589995324806e+03
1.235159256661991549e+03
1.208992589995324806e+03
1.105825923328658064e+03
1.189325923328658064e+03
1.253325923328658064e+03
1.303825923328658064e+03
1.198659256661991549e+03
1.250159256661991549e+03
1.239825923328658064e+03
1.279825923328658064e+03
1.208992589995324806e+03
1.275825923328658064e+03
1.275159256661991549e+03
1.268992589995324806e+03
1.190325923328658064e+03
1.247325923328658064e+03
1.217992589995324806e+03
1.234325923328658064e+03
1.145992589995324806e+03
1.224825923328658064e+03
1.282325923328658064e+03
1.334159256661991549e+03
1.274492589995324806e+03
1.284659256661991549e+03
1.266492589995324806e+03
1.333325923328658064e+03
1.265992589995324806e+03
1.319992589995324806e+03
1.310825923328658064e+03
1.339159256661991549e+03
1.282659256661991321e+03
1.324992589995324806e+03
1.329825923328658064e+03
1.297659256661991549e+03
1.194825923328658064e+03
1.237659256661991549e+03
1.306492589995324806e+03
1.326825923328658064e+03
1.255492589995324806e+03
1.303659256661991549e+03
1.309659256661991321e+03
1.291492589995324806e+03
1.204659256661991549e+03
1.272825923328658064e+03
1.302659256661991549e+03
1.306159256661991321e+03
1.235825923328658064e+03
1.315159256661991549e+03
1.349992589995324579e+03
1.361992589995324579e+03
1.238159256661991549e+03
1.272825923328658064e+03
1.261325923328658064e+03
1.261325923328658064e+03
1.192659256661991549e+03
1.275992589995324806e+03
1.338492589995324579e+03
1.356492589995324579e+03
1.291325923328658064e+03
1.348492589995324579e+03
1.367992589995324579e+03
1.353825923328658064e+03
1.290825923328658064e+03
1.355659256661991549e+03
1.410659256661991549e+03
1.381992589995324579e+03
1.283492589995324806e+03
1.303159256661991549e+03
1.338159256661991549e+03
1.375492589995324806e+03
1.287992589995324806e+03
1.350659256661991321e+03
1.325325923328658064e+03
1.304159256661991549e+03
1.238325923328658064e+03
1.351492589995324806e+03
1.418325923328658064e+03
1.397325923328658064e+03
1.273325923328658064e+03
1.303992589995324806e+03
1.323825923328658064e+03
1.323825923328658064e+03
1.243492589995324806e+03
1.300159256661991549e+03
1.335492589995324806e+03
1.390659256661991549e+03
1.361325923328658064e+03
1.429325923328658064e+03
1.421325923328658064e+03
1.390825923328658064e+03
1.339492589995324579e+03
1.406325923328658064e+03
1.447659256661991549e+03
1.454159256661991549e+03
1.388325923328658064e+03
1.452825923328658064e+03
1.451325923328658064e+03
1.453825923328658064e+03
1.343325923328658064e+03
1.400825923328658064e+03
1.411992589995324579e+03
1.413492589995324806e+03
1.292992589995324579e+03
1.335325923328658064e+03
1.343659256661991321e+03
1.358159256661991549e+03
1.300659256661991549e+03
1.394992589995324579e+03
1.421659256661991321e+03
1.412159256661991549e+03
1.328992589995324806e+03
1.449159256661991549e+03
1.496825923328658064e+03
1.511659256661991321e+03
1.373992589995324806e+03
1.394325923328658064e+03
1.403492589995324806e+03
1.433159256661991549e+03
1.403492589995324806e+03
1.449992589995324806e+03
1.459992589995324806e+03
1.440659256661991549e+03
1.356659256661991549e+03
1.399659256661991549e+03
1.426992589995324806e+03
1.453325923328658064e+03
1.388825923328658064e+03
1.460159256661991549e+03
1.530325923328658064e+03
1.543659256661991321e+03
1.432159256661991549e+03
1.433492589995324806e+03
1.451659256661991549e+03
1.477492589995324806e+03
1.437825923328658064e+03
1.540992589995324579e+03
1.553825923328658064e+03
1.529992589995324806e+03
1.380159256661991321e+03
1.434159256661991321e+03
1.455825923328658064e+03
1.480325923328658064e+03
1.395992589995324806e+03
1.470825923328658064e+03
1.554659256661991549e+03
1.580825923328658064e+03
1.476825923328658064e+03
1.503659256661991549e+03
1.507825923328658064e+03
1.482992589995324806e+03
1.377492589995324806e+03
1.463159256661991549e+03
1.518992589995324806e+03
1.557492589995324806e+03
1.459492589995324806e+03
1.532825923328658064e+03
1.566492589995324579e+03
1.602825923328658064e+03
1.526492589995324806e+03
1.546492589995324579e+03
1.567492589995324806e+03
1.621159256661991549e+03
1.553825923328658064e+03
1.580659256661991549e+03
1.540825923328658064e+03
1.550159256661991549e+03
1.481325923328658064e+03
1.552659256661991549e+03
1.586825923328658064e+03
1.618159256661991549e+03
1.542825923328658064e+03
1.588325923328658064e+03
1.595825923328658064e+03
1.568992589995324806e+03
1.477992589995324806e+03
1.582325923328658064e+03
1.639992589995324806e+03
1.670325923328658064e+03
1.582325923328658064e+03
1.632325923328658064e+03
1.684159256661991549e+03
1.685659256661991549e+03
1.574492589995324806e+03
1.586659256661991549e+03
1.602159256661991549e+03
1.656825923328658064e+03
1.592492589995324806e+03
1.614659256661991549e+03
1.604159256661991549e+03
1.651992589995324579e+03
1.575159256661991321e+03
1.619992589995324806e+03
1.604825923328658064e+03
1.623159256661991549e+03
1.581159256661991321e+03
1.619492589995324806e+03
1.670825923328658064e+03
1.703492589995324806e+03
1.660159256661991549e+03
1.714325923328658064e+03
1.731159256661991321e+03
1.725159256661991549e+03
1.613825923328658064e+03
1.655659256661991549e+03
1.655159256661991549e+03
1.670325923328658064e+03
1.607492589995324806e+03
1.688325923328658064e+03
1.704492589995324579e+03
1.696659256661991549e+03
1.591992589995324579e+03
1.646992589995324579e+03
1.648825923328658064e+03
1.701659256661991549e+03
1.655825923328658064e+03
1.773492589995324806e+03
1.773492589995324806e+03
1.747992589995324806e+03
1.639825923328658064e+03
1.725659256661991321e+03
1.797492589995324579e+03
1.856992589995324579e+03
1.837159256661991549e+03
1.888492589995324579e+03
1.858659256661991549e+03
1.796992589995324579e+03
1.689325923328658064e+03
1.753492589995324579e+03
1.804325923328658064e+03
1.831992589995324579e+03
1.767159256661991321e+03
1.831159256661991549e+03
1.899325923328658064e+03
1.959159256661991549e+03
1.843325923328658064e+03
1.824659256661991549e+03
1.817492589995324579e+03
1.888325923328658064e+03
1.863325923328658064e+03
1.921992589995324579e+03
1.903992589995324579e+03
1.916825923328658064e+03
1.804159256661991549e+03
1.797992589995324579e+03
1.802492589995324579e+03
1.867325923328658064e+03
1.872492589995324579e+03
1.992492589995324579e+03
1.989492589995324579e+03
1.995325923328658064e+03
1.873159256661991549e+03
1.938992589995324579e+03
1.971992589995324579e+03
1.995492589995324579e+03
1.971659256661991549e+03
2.063159256661991549e+03
2.078325923328658064e+03
2.076992589995324579e+03
1.974159256661991549e+03
2.007325923328658064e+03
1.974659256661991549e+03
1.966992589995324579e+03
1.920825923328658064e+03
2.059992589995324579e+03
2.117992589995324579e+03
2.157659256661991549e+03
2.008159256661991549e+03
1.987492589995324579e+03
1.948159256661991549e+03
1.950659256661991549e+03
1.914659256661991549e+03
1.982492589995324579e+03
1.987492589995324579e+03
2.027492589995324579e+03
1.963992589995324579e+03
2.062159256661991549e+03
2.078159256661991549e+03
2.153659256661991549e+03
2.107325923328658064e+03
2.142325923328658064e+03
2.093492589995324579e+03
2.077159256661991549e+03
1.979659256661991549e+03
2.039159256661991549e+03
2.094659256661991549e+03
2.179325923328658064e+03
2.089825923328658064e+03
2.078492589995324579e+03
2.065992589995324579e+03
2.107659256661991549e+03
2.066659256661991549e+03
2.132825923328658064e+03
2.128825923328658064e+03
2.149992589995324579e+03
2.064992589995324579e+03
2.112992589995324579e+03
2.129159256661991549e+03
2.150992589995324579e+03
2.143159256661991549e+03
2.178325923328658064e+03
2.180492589995324579e+03
2.153825923328658064e+03
2.078825923328658064e+03
2.133492589995324579e+03
2.112492589995324579e+03
2.127992589995324579e+03
2.058992589995324579e+03
2.159659256661991549e+03
2.175325923328658064e+03
2.172992589995324579e+03
2.092325923328658064e+03
2.205325923328658064e+03
2.225659256661991549e+03
2.237492589995324579e+03
2.097992589995324579e+03
2.169159256661991549e+03
2.209492589995324579e+03
2.257659256661991549e+03
2.228992589995324579e+03
2.319825923328658064e+03
2.332325923328658064e+03
2.277325923328658064e+03
2.158659256661991549e+03
2.200325923328658064e+03
2.224159256661991549e+03
2.240492589995324579e+03
2.157659256661991549e+03
2.188659256661991549e+03
2.193659256661991549e+03
2.261825923328658064e+03
2.239159256661991549e+03
2.270325923328658064e+03
2.226659256661991549e+03
2.228825923328658064e+03
2.158325923328658064e+03
2.219659256661991549e+03
2.230492589995324579e+03
2.276659256661991549e+03
2.222325923328658064e+03
2.283659256661991549e+03
2.306159256661991549e+03
2.355992589995324579e+03
2.323659256661991549e+03
2.378992589995324579e+03
2.361492589995324579e+03
2.342492589995324579e+03
2.251659256661991549e+03
2.309159256661991549e+03
2.318325923328658064e+03
2.335992589995324579e+03
2.239325923328658064e+03
2.305992589995324579e+03
2.356325923328658064e+03
2.430159256661991549e+03
2.347825923328658064e+03
2.364325923328658064e+03
2.382825923328658064e+03
2.446825923328658064e+03
2.427325923328658064e+03
2.452159256661991549e+03
2.445159256661991549e+03
2.442159256661991549e+03
2.332992589995324579e+03
2.344659256661991549e+03
2.335659256661991549e+03
2.351992589995324579e+03
2.270492589995324579e+03
2.309992589995324579e+03
2.351325923328658064e+03
2.379825923328658064e+03
2.299992589995324579e+03
2.369492589995324579e+03
2.434992589995324579e+03
2.496159256661991549e+03
2.421159256661991549e+03
2.426992589995324579e+03
2.420992589995324579e+03
2.421825923328658064e+03
2.372825923328658064e+03
2.430659256661991549e+03
2.447825923328658064e+03
2.499992589995324579e+03
2.428992589995324579e+03
2.486992589995324579e+03
2.463159256661991549e+03
2.476659256661991549e+03
2.367992589995324579e+03
2.381159256661991549e+03
2.347325923328658064e+03
2.359825923328658064e+03
2.304659256661991549e+03
2.416325923328658064e+03
2.443325923328658064e+03
2.479659256661991549e+03
2.393992589995324579e+03
2.454325923328658064e+03
2.472825923328658064e+03
2.490325923328658064e+03
2.446992589995324579e+03
2.477159256661991549e+03
2.451992589995324579e+03
2.396492589995324579e+03
2.304992589995324579e+03
2.378492589995324579e+03
2.443825923328658064e+03
2.488659256661991549e+03
2.412659256661991549e+03
2.434325923328658064e+03
2.424825923328658064e+03
2.433492589995324579e+03
2.364159256661991549e+03
2.397325923328658064e+03
2.396992589995324579e+03
2.385492589995324579e+03
2.291492589995324579e+03
2.328992589995324579e+03
2.341492589995324579e+03
2.374825923328658064e+03
2.301325923328658064e+03
2.353992589995324579e+03
2.357992589995324579e+03
2.379825923328658064e+03
2.302992589995324579e+03
2.382159256661991549e+03
2.428992589995324579e+03
2.480325923328658064e+03
2.402992589995324579e+03
2.430659256661991549e+03
2.423492589995324579e+03
2.429325923328658064e+03
2.346992589995324579e+03
2.388992589995324579e+03
2.444159256661991549e+03
2.482825923328658064e+03
2.369325923328658064e+03
2.331825923328658064e+03
2.305159256661991549e+03
2.396659256661991549e+03
2.406159256661991549e+03
2.476159256661991549e+03
2.444325923328658064e+03
2.426825923328658064e+03
2.312659256661991549e+03
2.323992589995324579e+03
2.333492589995324579e+03
2.421992589995324579e+03
2.376492589995324579e+03
2.372492589995324579e+03
2.327325923328658064e+03
2.341159256661991549e+03
2.283825923328658064e+03
2.317159256661991549e+03
2.320159256661991549e+03
2.325159256661991549e+03
2.263659256661991549e+03
2.338992589995324579e+03
2.361159256661991549e+03
2.345992589995324579e+03
2.218659256661991549e+03
2.295659256661991549e+03
2.381492589995324579e+03
2.490159256661991549e+03
2.383492589995324579e+03
2.381825923328658064e+03
2.345825923328658064e+03
2.392992589995324579e+03
2.334159256661991549e+03
2.363825923328658064e+03
2.361325923328658064e+03
2.348992589995324579e+03
2.256325923328658064e+03
2.276325923328658064e+03
2.320992589995324579e+03
2.370992589995324579e+03
2.274659256661991549e+03
2.313325923328658064e+03
2.324659256661991549e+03
2.400325923328658064e+03
2.315659256661991549e+03
2.319825923328658064e+03
2.292992589995324579e+03
2.328159256661991549e+03
2.288325923328658064e+03
2.318159256661991549e+03
2.316159256661991549e+03
2.319492589995324579e+03
2.282492589995324579e+03
2.345659256661991549e+03
2.393492589995324579e+03
2.422492589995324579e+03
2.311159256661991549e+03
2.318659256661991549e+03
2.312325923328658064e+03
2.353325923328658064e+03
2.322492589995324579e+03
2.374492589995324579e+03
2.392992589995324579e+03
2.389659256661991549e+03
2.291825923328658064e+03
2.300659256661991549e+03
2.320159256661991549e+03
2.356825923328658064e+03
2.339659256661991549e+03
2.409825923328658064e+03
2.453992589995324579e+03
2.409659256661991549e+03
2.237825923328658064e+03
2.235325923328658064e+03
2.289492589995324579e+03
2.357159256661991549e+03
2.298492589995324579e+03
2.286492589995324579e+03
2.230659256661991549e+03
2.182825923328658064e+03
2.076825923328658064e+03
2.127325923328658064e+03
2.154492589995324579e+03
2.213492589995324579e+03
2.156159256661991549e+03
2.185659256661991549e+03
2.158492589995324579e+03
2.159659256661991549e+03
2.048659256661991549e+03
2.046159256661991549e+03
2.004159256661991549e+03
1.996992589995324579e+03
1.936492589995324579e+03
2.049325923328658064e+03
2.142492589995324579e+03
2.197825923328658064e+03
2.106825923328658064e+03
2.112492589995324579e+03
2.086825923328658064e+03
2.048659256661991549e+03
1.950159256661991549e+03
1.996992589995324579e+03
2.035492589995324579e+03
2.034492589995324579e+03
1.914992589995324579e+03
1.904992589995324579e+03
1.898825923328658064e+03
1.880325923328658064e+03
1.786992589995324579e+03
1.848159256661991549e+03
1.910159256661991549e+03
1.960992589995324579e+03
1.866825923328658064e+03
1.917825923328658064e+03
1.911992589995324579e+03
1.887325923328658064e+03
1.806492589995324579e+03
1.899325923328658064e+03
1.978159256661991549e+03
1.990825923328658064e+03
1.903825923328658064e+03
1.914825923328658064e+03
1.915492589995324579e+03
1.869659256661991549e+03
1.837159256661991549e+03
1.877659256661991549e+03
1.906492589995324579e+03
1.867659256661991549e+03
1.771325923328658064e+03
1.794492589995324579e+03
1.795825923328658064e+03
1.818659256661991549e+03
1.760659256661991549e+03
1.792992589995324579e+03
1.792659256661991549e+03
1.839992589995324579e+03
1.789492589995324806e+03
1.838325923328658064e+03
1.769992589995324579e+03
1.735659256661991549e+03
1.662825923328658064e+03
1.751659256661991549e+03
1.798159256661991549e+03
1.828159256661991549e+03
1.745992589995324806e+03
1.786492589995324579e+03
1.742825923328658064e+03
1.719325923328658064e+03
1.633825923328658064e+03
1.678325923328658064e+03
1.665825923328658064e+03
1.626659256661991549e+03
1.542159256661991549e+03
1.606659256661991321e+03
1.649659256661991549e+03
1.668825923328658064e+03
1.593325923328658064e+03
1.623325923328658064e+03
1.660992589995324806e+03
1.723825923328658064e+03
1.652825923328658064e+03
1.651659256661991321e+03
1.617825923328658064e+03
1.613325923328658064e+03
1.521159256661991549e+03
1.522159256661991321e+03
1.526825923328658064e+03
1.542325923328658064e+03
1.505492589995324806e+03
1.596825923328658064e+03
1.645825923328658064e+03
1.652492589995324579e+03
1.572992589995324806e+03
1.602325923328658064e+03
1.587492589995324806e+03
1.534159256661991549e+03
1.395659256661991549e+03
1.444992589995324579e+03
1.491825923328658064e+03
1.535325923328658064e+03
1.463825923328658064e+03
1.486159256661991321e+03
1.462659256661991549e+03
1.478492589995324806e+03
1.377992589995324806e+03
1.403659256661991549e+03
1.371992589995324806e+03
1.376825923328658064e+03
1.320159256661991549e+03
1.377159256661991321e+03
1.387992589995324806e+03
1.385992589995324806e+03
1.311492589995324806e+03
1.395159256661991549e+03
1.465325923328658064e+03
1.478325923328658064e+03
1.408825923328658064e+03
1.472825923328658064e+03
1.529492589995324806e+03
1.548325923328658064e+03
1.414825923328658064e+03
1.443159256661991321e+03
1.475659256661991549e+03
1.504659256661991549e+03
1.392159256661991321e+03
1.364492589995324806e+03
1.337992589995324579e+03
1.336825923328658064e+03
1.259325923328658064e+03
1.299825923328658064e+03
1.295992589995324806e+03
1.311992589995324806e+03
1.267992589995324806e+03
1.354159256661991549e+03
1.387492589995324579e+03
1.421492589995324579e+03
1.311159256661991549e+03
1.359659256661991549e+03
1.430325923328658064e+03
1.519659256661991549e+03
1.408659256661991549e+03
1.366325923328658064e+03
1.351492589995324579e+03
1.433325923328658064e+03
1.395659256661991321e+03
1.422825923328658064e+03
1.439992589995324579e+03
1.448159256661991549e+03
1.330159256661991321e+03
1.334492589995324806e+03
1.355492589995324806e+03
1.429659256661991549e+03
1.358159256661991549e+03
1.403492589995324806e+03
1.399325923328658064e+03
1.616825923328658064e+03
2.053992589995324579e+03
2.181325923328658064e+03
2.009992589995324579e+03
1.513659256661991549e+03
1.358325923328658064e+03
1.370492589995324806e+03
1.366992589995324579e+03
1.414659256661991549e+03
1.360992589995324579e+03
1.401825923328658064e+03
1.390492589995324579e+03
1.401992589995324579e+03
1.338492589995324806e+03
1.396825923328658064e+03
1.443825923328658064e+03
1.496659256661991321e+03
1.421492589995324806e+03
1.448492589995324579e+03
1.464325923328658064e+03
1.503159256661991549e+03
1.465492589995324806e+03
1.529159256661991321e+03
1.603825923328658064e+03
1.663992589995324579e+03
1.621325923328658064e+03
1.648492589995324806e+03
1.674659256661991321e+03
1.680659256661991549e+03
1.611659256661991549e+03
1.648825923328658064e+03
1.694159256661991549e+03
1.749659256661991549e+03
1.694325923328658064e+03
1.725659256661991321e+03
1.762659256661991549e+03
1.831325923328658064e+03
1.800659256661991549e+03
1.855992589995324579e+03
1.899159256661991549e+03
1.969659256661991549e+03
1.925825923328658064e+03
1.990325923328658064e+03
2.021325923328658064e+03
2.085825923328658064e+03
2.067325923328658064e+03
2.201159256661991549e+03
2.278159256661991549e+03
2.323325923328658064e+03
2.249992589995324579e+03
2.318159256661991549e+03
2.355159256661991549e+03
2.398159256661991549e+03
2.323325923328658064e+03
2.387659256661991549e+03
2.456992589995324579e+03
2.542825923328658064e+03
2.543159256661991549e+03
2.626492589995324579e+03
2.676159256661991549e+03
2.705492589995324579e+03
2.658325923328658064e+03
2.722825923328658064e+03
2.816992589995324579e+03
2.909492589995324579e+03
2.879159256661991549e+03
2.911659256661991549e+03
2.945159256661991094e+03
3.008825923328658064e+03
2.988659256661991094e+03
3.065492589995324579e+03
3.081325923328658064e+03
3.103825923328658064e+03
3.070492589995324579e+03
3.195325923328657609e+03
3.299492589995324579e+03
3.355325923328658064e+03
3.301492589995324579e+03
3.330659256661991549e+03
3.355659256661991549e+03
3.406825923328658064e+03
3.363159256661991549e+03
3.375325923328658064e+03
3.373325923328658064e+03
3.416159256661991094e+03
3.403159256661991094e+03
3.458492589995324579e+03
3.470325923328658064e+03
3.514159256661991549e+03
3.476825923328658064e+03
3.577492589995324579e+03
3.602492589995324579e+03
3.613159256661991549e+03
3.479325923328657609e+03
3.510159256661991549e+03
3.537992589995324579e+03
3.585492589995324579e+03
3.550825923328658064e+03
3.642825923328658064e+03
3.677325923328657609e+03
3.678825923328658064e+03
3.582325923328658064e+03
3.625825923328657609e+03
3.648659256661991549e+03
3.691492589995324579e+03
3.656492589995324579e+03
3.637659256661991094e+03
3.577992589995324579e+03
3.568159256661991549e+03
3.542825923328657609e+03
3.641492589995324579e+03
3.634492589995324579e+03
3.657492589995324579e+03
3.587659256661991094e+03
3.619325923328658064e+03
3.632159256661991094e+03
3.642992589995324579e+03
3.544659256661991549e+03
3.578659256661991094e+03
3.625659256661991549e+03
3.672659256661991549e+03
3.605992589995324579e+03
3.600492589995324579e+03
3.627992589995324579e+03
3.640992589995324579e+03
3.544659256661991094e+03
3.564325923328658064e+03
3.548325923328658064e+03
3.559659256661991549e+03
3.485159256661991549e+03
3.577825923328658064e+03
3.626992589995324579e+03
3.601159256661991094e+03
3.464325923328657609e+03
3.480659256661991549e+03
3.503992589995324579e+03
3.517992589995324579e+03
3.393492589995324579e+03
3.427492589995324579e+03
3.395825923328658064e+03
3.419825923328658064e+03
3.344492589995324579e+03
3.420159256661991549e+03
3.439825923328658064e+03
3.468992589995324579e+03
3.361159256661991549e+03
3.350492589995324579e+03
3.283159256661991549e+03
3.228992589995324579e+03
3.132992589995324579e+03
3.184825923328657609e+03
3.212492589995324579e+03
3.221825923328657609e+03
3.126492589995324579e+03
3.176825923328657609e+03
3.174325923328657609e+03
3.165492589995324579e+03
3.052492589995324579e+03
3.124825923328658064e+03
3.173492589995324579e+03
3.184159256661991549e+03
3.046159256661991094e+03
3.022825923328658064e+03
2.991325923328658064e+03
3.012159256661991549e+03
2.940825923328658064e+03
3.005825923328658064e+03
2.987992589995324579e+03
2.982992589995324579e+03
2.903159256661991094e+03
2.932659256661991094e+03
2.903992589995324579e+03
2.844992589995324579e+03
2.718325923328658064e+03
2.748825923328658064e+03
2.773659256661991549e+03
2.800659256661991549e+03
2.722492589995324579e+03
2.775992589995324579e+03
2.785659256661991549e+03
2.759825923328658064e+03
2.647325923328658064e+03
2.669992589995324579e+03
2.701492589995324579e+03
2.687325923328658064e+03
2.605325923328658064e+03
2.627492589995324579e+03
2.635825923328658064e+03
2.638325923328658064e+03
2.534492589995324579e+03
2.598992589995324579e+03
2.597159256661991549e+03
2.582992589995324579e+03
2.438325923328658064e+03
2.465659256661991549e+03
2.458992589995324579e+03
2.436492589995324579e+03
2.308825923328658064e+03
2.381492589995324579e+03
2.457159256661991549e+03
2.501159256661991549e+03
2.378659256661991549e+03
2.362325923328658064e+03
2.314492589995324579e+03
2.298492589995324579e+03
2.152159256661991549e+03
2.176659256661991549e+03
2.201159256661991549e+03
2.247659256661991549e+03
2.167825923328658064e+03
2.246492589995324579e+03
2.260159256661991549e+03
2.221159256661991549e+03
2.040992589995324579e+03
2.052492589995324579e+03
2.067492589995324579e+03
2.106159256661991549e+03
2.027825923328658064e+03
2.085825923328658064e+03
2.066825923328658064e+03
2.071659256661991549e+03
1.966825923328658064e+03
1.990159256661991549e+03
1.978325923328658064e+03
1.983825923328658064e+03
1.884659256661991549e+03
1.903992589995324579e+03
1.902325923328658064e+03
1.939492589995324579e+03
1.904992589995324579e+03
1.966825923328658064e+03
1.970159256661991549e+03
1.926825923328658064e+03
1.806659256661991549e+03
1.828659256661991549e+03
1.811325923328658064e+03
1.828992589995324579e+03
1.766159256661991549e+03
1.822325923328658064e+03
1.864825923328658064e+03
1.900492589995324579e+03
1.836325923328658064e+03
1.886825923328658064e+03
1.862325923328658064e+03
1.876825923328658064e+03
1.750325923328658064e+03
1.812492589995324579e+03
1.822159256661991549e+03
1.850992589995324579e+03
1.749492589995324806e+03
1.763992589995324579e+03
1.751992589995324579e+03
1.756159256661991549e+03
1.707159256661991549e+03
1.765659256661991549e+03
1.764159256661991549e+03
1.730992589995324806e+03
1.665825923328658064e+03
1.735159256661991549e+03
1.801159256661991549e+03
1.798325923328658064e+03
1.695825923328658064e+03
1.751825923328658064e+03
1.772325923328658064e+03
1.829492589995324579e+03
1.746659256661991549e+03
1.788992589995324806e+03
1.786159256661991321e+03
1.787492589995324806e+03
1.693825923328658064e+03
1.710325923328658064e+03
1.715325923328658064e+03
1.732825923328658064e+03
1.635825923328658064e+03
1.697159256661991321e+03
1.730992589995324579e+03
1.761325923328658064e+03
1.629159256661991549e+03
1.634825923328658064e+03
1.665159256661991549e+03
1.701825923328658064e+03
1.646325923328658064e+03
1.680992589995324579e+03
1.693659256661991549e+03
1.679159256661991321e+03
1.602492589995324806e+03
1.681325923328658064e+03
1.718492589995324806e+03
1.740825923328658064e+03
1.664992589995324806e+03
1.740992589995324806e+03
1.752325923328658064e+03
1.719659256661991321e+03
1.598159256661991549e+03
1.644992589995324806e+03
1.681492589995324806e+03
1.695159256661991549e+03
1.591492589995324806e+03
1.638159256661991549e+03
1.639992589995324806e+03
1.640492589995324806e+03
1.508492589995324806e+03
1.543825923328658064e+03
1.595325923328658064e+03
1.646992589995324579e+03
1.569492589995324806e+03
1.609325923328658064e+03
1.614659256661991549e+03
1.642159256661991321e+03
1.518159256661991549e+03
1.584325923328658064e+03
1.584492589995324806e+03
1.597325923328658064e+03
1.492492589995324806e+03
1.574992589995324806e+03
1.607492589995324806e+03
1.623659256661991549e+03
1.467159256661991549e+03
1.485159256661991549e+03
1.528492589995324806e+03
1.618659256661991549e+03
1.581325923328658064e+03
1.631825923328658064e+03
1.649825923328658064e+03
1.652492589995324806e+03
1.520825923328658064e+03
1.564992589995324806e+03
1.592492589995324806e+03
1.648492589995324579e+03
1.550659256661991549e+03
1.600325923328658064e+03
1.540492589995324806e+03
1.527159256661991549e+03
1.488492589995324806e+03
1.627659256661991549e+03
1.663659256661991549e+03
1.625825923328658064e+03
1.471659256661991321e+03
1.553325923328658064e+03
1.623159256661991321e+03
1.647159256661991321e+03
1.537992589995324579e+03
1.574492589995324806e+03
1.633659256661991549e+03
1.625159256661991549e+03
1.518325923328658064e+03
1.582159256661991321e+03
1.617825923328658064e+03
1.623659256661991321e+03
1.524825923328658064e+03
1.593325923328658064e+03
1.611325923328658064e+03
1.618825923328658064e+03
1.514825923328658064e+03
1.568159256661991549e+03
1.553992589995324806e+03
1.538992589995324806e+03
1.432492589995324579e+03
1.512659256661991549e+03
1.570159256661991321e+03
1.602992589995324806e+03
1.521325923328658064e+03
1.586659256661991549e+03
1.598992589995324806e+03
1.630492589995324806e+03
1.551992589995324579e+03
1.608492589995324806e+03
1.584825923328658064e+03
1.541992589995324806e+03
1.457159256661991549e+03
1.557159256661991549e+03
1.616159256661991321e+03
1.617992589995324806e+03
1.489659256661991321e+03
1.542492589995324579e+03
1.600159256661991549e+03
1.631992589995324579e+03
1.520325923328658064e+03
1.535325923328658064e+03
1.521659256661991549e+03
1.510825923328658064e+03
1.401659256661991321e+03
1.448825923328658064e+03
1.492325923328658064e+03
1.526325923328658064e+03
1.482159256661991549e+03
1.547992589995324806e+03
1.561825923328658064e+03
1.557825923328658064e+03
1.452325923328658064e+03
1.485159256661991549e+03
1.441825923328658064e+03
1.442659256661991321e+03
1.387492589995324806e+03
1.529992589995324579e+03
1.583492589995324806e+03
1.611992589995324806e+03
1.506492589995324579e+03
1.557992589995324806e+03
1.558159256661991549e+03
1.581825923328658064e+03
1.478659256661991549e+03
1.529325923328658064e+03
1.523825923328658064e+03
1.547992589995324806e+03
1.455992589995324579e+03
1.530659256661991549e+03
1.536992589995324579e+03
1.545992589995324579e+03
1.478825923328658064e+03
1.606325923328658064e+03
1.612492589995324806e+03
1.542825923328658064e+03
1.362325923328658064e+03
1.413492589995324806e+03
1.459659256661991321e+03
1.498492589995324806e+03
1.462992589995324806e+03
1.545992589995324806e+03
1.580325923328658064e+03
1.558825923328658064e+03
1.440992589995324806e+03
1.499659256661991549e+03
1.533825923328658064e+03
1.599825923328658064e+03
1.544992589995324579e+03
1.595492589995324579e+03
1.590492589995324806e+03
1.543159256661991321e+03
1.460325923328658064e+03
1.536659256661991321e+03
1.601992589995324579e+03
1.608992589995324806e+03
1.501325923328658064e+03
1.557492589995324806e+03
1.559492589995324806e+03
1.558325923328658064e+03
1.432825923328658064e+03
1.526325923328658064e+03
1.545325923328658064e+03
1.539492589995324806e+03
1.419325923328658064e+03
1.483825923328658064e+03
1.545992589995324579e+03
1.597659256661991321e+03
1.482492589995324806e+03
1.504492589995324579e+03
1.496659256661991549e+03
1.554992589995324579e+03
1.460992589995324579e+03
1.515325923328658064e+03
1.515159256661991549e+03
1.539325923328658064e+03
1.452825923328658064e+03
1.493325923328658064e+03
1.533825923328658064e+03
1.526992589995324806e+03
1.421159256661991549e+03
1.464825923328658064e+03
1.473325923328658064e+03
1.489492589995324806e+03
1.407159256661991549e+03
1.509659256661991549e+03
1.549659256661991321e+03
1.535325923328658064e+03
1.434992589995324579e+03
1.503325923328658064e+03
1.551825923328658064e+03
1.546159256661991549e+03
1.435159256661991549e+03
1.463659256661991321e+03
1.523159256661991549e+03
1.575992589995324806e+03
1.539659256661991549e+03
1.597325923328658064e+03
1.597492589995324579e+03
1.585159256661991549e+03
1.455992589995324806e+03
1.519825923328658064e+03
1.554159256661991549e+03
1.570825923328658064e+03
1.468492589995324579e+03
1.526325923328658064e+03
1.556325923328658064e+03
1.588325923328658064e+03
1.443325923328658064e+03
1.494492589995324806e+03
1.474659256661991321e+03
1.493825923328658064e+03
1.384325923328658064e+03
1.434492589995324806e+03
1.461825923328658064e+03
1.485659256661991549e+03
1.385659256661991549e+03
1.432159256661991321e+03
1.443992589995324806e+03
1.430825923328658064e+03
1.352659256661991549e+03
1.468992589995324806e+03
1.560159256661991549e+03
1.566325923328658064e+03
1.446159256661991549e+03
1.507492589995324806e+03
1.517325923328658064e+03
1.549992589995324806e+03
1.420825923328658064e+03
1.513825923328658064e+03
1.500325923328658064e+03
1.527492589995324806e+03
1.414492589995324579e+03
1.420159256661991549e+03
1.439825923328658064e+03
1.477992589995324806e+03
1.429159256661991549e+03
1.475159256661991549e+03
1.497825923328658064e+03
1.513159256661991549e+03
1.390992589995324806e+03
1.425825923328658064e+03
1.448325923328658064e+03
1.469492589995324806e+03
1.371492589995324806e+03
1.444492589995324806e+03
1.523659256661991549e+03
1.539492589995324579e+03
1.421659256661991549e+03
1.443325923328658064e+03
1.505325923328658064e+03
1.515825923328658064e+03
1.466992589995324806e+03
1.492492589995324579e+03
1.522825923328658064e+03
1.523325923328658064e+03
1.424992589995324806e+03
1.492492589995324806e+03
1.542159256661991549e+03
1.548492589995324579e+03
1.450492589995324806e+03
1.494992589995324579e+03
1.486159256661991321e+03
1.462492589995324806e+03
1.300825923328658064e+03
1.417492589995324806e+03
1.471992589995324806e+03
1.519992589995324806e+03
1.412325923328658064e+03
1.474992589995324806e+03
1.474659256661991549e+03
1.484159256661991321e+03
1.413825923328658064e+03
1.467825923328658064e+03
1.468825923328658064e+03
1.474825923328658064e+03
1.386492589995324806e+03
1.451492589995324806e+03
1.474325923328658064e+03
1.573992589995324806e+03
1.499492589995324806e+03
1.554159256661991549e+03
1.507825923328658064e+03
1.530159256661991549e+03
1.411825923328658064e+03
1.440825923328658064e+03
1.408325923328658064e+03
1.429159256661991549e+03
1.357825923328658064e+03
1.452659256661991549e+03
1.481492589995324806e+03
1.518659256661991549e+03
1.456992589995324806e+03
1.503992589995324806e+03
1.478492589995324806e+03
1.437992589995324806e+03
1.323659256661991549e+03
1.406659256661991549e+03
1.477325923328658064e+03
1.534325923328658064e+03
1.437492589995324579e+03
1.467325923328658064e+03
1.492325923328658064e+03
1.532159256661991549e+03
1.412825923328658064e+03
1.429492589995324806e+03
1.407992589995324806e+03
1.394992589995324806e+03
1.289325923328658064e+03
1.368325923328658064e+03
1.404325923328658064e+03
1.409659256661991549e+03
1.269659256661991549e+03
1.334492589995324806e+03
1.321825923328658064e+03
1.310492589995324579e+03
1.236325923328658064e+03
1.344825923328658064e+03
1.418659256661991549e+03
1.437492589995324806e+03
1.339492589995324806e+03
1.348325923328658064e+03
1.324325923328658064e+03
1.351825923328658064e+03
1.310159256661991549e+03
1.354325923328658064e+03
1.321159256661991549e+03
1.335992589995324806e+03
1.296825923328658064e+03
1.423325923328658064e+03
1.429492589995324579e+03
1.431492589995324806e+03
1.287825923328658064e+03
1.329659256661991549e+03
1.334992589995324806e+03
1.346492589995324806e+03
1.274159256661991549e+03
1.349659256661991549e+03
1.350825923328658064e+03
1.312325923328658064e+03
1.178159256661991549e+03
1.244325923328658064e+03
1.281992589995324806e+03
1.309992589995324579e+03
1.215159256661991549e+03
1.260325923328658064e+03
1.292325923328658064e+03
1.303825923328658064e+03
1.248325923328658064e+03
1.272659256661991549e+03
1.279992589995324806e+03
1.273325923328658064e+03
1.214492589995324806e+03
1.273159256661991549e+03
1.283159256661991321e+03
1.327325923328658064e+03
1.261659256661991321e+03
1.355992589995324579e+03
1.353659256661991549e+03
1.399825923328658064e+03
1.309492589995324806e+03
1.339159256661991549e+03
1.327659256661991549e+03
1.353992589995324579e+03
1.262992589995324579e+03
1.320492589995324806e+03
1.324825923328658064e+03
1.365159256661991549e+03
1.289492589995324806e+03
1.295659256661991549e+03
1.265825923328658064e+03
1.313159256661991549e+03
1.315825923328658064e+03
1.417659256661991549e+03
1.397659256661991549e+03
1.362992589995324579e+03
1.311825923328658064e+03
1.385659256661991549e+03
1.582492589995324806e+03
2.073659256661991549e+03
2.025659256661991549e+03
1.902159256661991549e+03
1.327825923328658064e+03
1.258825923328658064e+03
1.191492589995324806e+03
1.308492589995324806e+03
1.333659256661991549e+03
1.313825923328658064e+03
1.230825923328658064e+03
1.291659256661991549e+03
1.301159256661991321e+03
1.310159256661991549e+03
1.208159256661991549e+03
1.263492589995324806e+03
1.272992589995324806e+03
1.280992589995324806e+03
1.232825923328658064e+03
1.296159256661991549e+03
1.336325923328658064e+03
1.316825923328658064e+03
1.188659256661991549e+03
1.170325923328658064e+03
1.142492589995324806e+03
1.216825923328658064e+03
1.233492589995324806e+03
1.375992589995324579e+03
1.373992589995324579e+03
1.372992589995324806e+03
1.246659256661991321e+03
1.273992589995324806e+03
1.292825923328658064e+03
1.321492589995324806e+03
1.253159256661991549e+03
1.260992589995324806e+03
1.266825923328658064e+03
1.298325923328658064e+03
1.268659256661991549e+03
1.318325923328658064e+03
1.298325923328658064e+03
1.266659256661991321e+03
1.182659256661991549e+03
1.275492589995324806e+03
1.304325923328658064e+03
1.318992589995324579e+03
1.236492589995324806e+03
1.282659256661991549e+03
1.307992589995324806e+03
1.324325923328658064e+03
1.263825923328658064e+03
1.313825923328658064e+03
1.307825923328658064e+03
1.321492589995324806e+03
1.234992589995324806e+03
1.250492589995324806e+03
1.213325923328658064e+03
1.229492589995324579e+03
1.180825923328658064e+03
1.278492589995324806e+03
1.309992589995324579e+03
1.353325923328658064e+03
1.236159256661991321e+03
1.271992589995324806e+03
1.291159256661991549e+03
1.341159256661991321e+03
1.259659256661991549e+03
1.287659256661991549e+03
1.290492589995324579e+03
1.290492589995324806e+03
1.190825923328658064e+03
1.213325923328658064e+03
1.237492589995324806e+03
1.278325923328658064e+03
1.219159256661991549e+03
1.252659256661991549e+03
1.262325923328658064e+03
1.345825923328658064e+03
1.269159256661991549e+03
1.271159256661991549e+03
1.222659256661991549e+03
1.253325923328658064e+03
1.231159256661991549e+03
1.311659256661991549e+03
1.319992589995324806e+03
1.356659256661991549e+03
1.266825923328658064e+03
1.302325923328658064e+03
1.255159256661991321e+03
1.268159256661991549e+03
1.199325923328658064e+03
1.270325923328658064e+03
1.253992589995324806e+03
1.296992589995324579e+03
1.229659256661991549e+03
1.273825923328658064e+03
1.243159256661991549e+03
1.258325923328658064e+03
1.179825923328658064e+03
1.241492589995324806e+03
1.225992589995324806e+03
1.272159256661991549e+03
1.169492589995324806e+03
1.173492589995324806e+03
1.189325923328658064e+03
1.245825923328658064e+03
1.242659256661991549e+03
1.295159256661991549e+03
1.310325923328658064e+03
1.315825923328658064e+03
1.227992589995324806e+03
1.286659256661991549e+03
1.330325923328658064e+03
1.378159256661991549e+03
1.300659256661991321e+03
1.298825923328658064e+03
1.240492589995324579e+03
1.228492589995324806e+03
1.138825923328658064e+03
1.193492589995324806e+03
1.203659256661991549e+03
1.286492589995324806e+03
1.267492589995324806e+03
1.338492589995324806e+03
1.329492589995324806e+03
1.319159256661991549e+03
1.219992589995324806e+03
1.255492589995324806e+03
1.246992589995324806e+03
1.299992589995324806e+03
1.252492589995324806e+03
1.311825923328658064e+03
1.288659256661991549e+03
1.267325923328658064e+03
1.193825923328658064e+03
1.244325923328658064e+03
1.241159256661991549e+03
1.261325923328658064e+03
1.188492589995324806e+03
1.229492589995324806e+03
1.235825923328658064e+03
1.243159256661991549e+03
1.173159256661991549e+03
1.220992589995324806e+03
1.260492589995324806e+03
1.326492589995324806e+03
1.284325923328658064e+03
1.288325923328658064e+03
1.269825923328658064e+03
1.287992589995324579e+03
1.225325923328658064e+03
1.271492589995324806e+03
1.235159256661991549e+03
1.269325923328658064e+03
1.198992589995324806e+03
1.269159256661991549e+03
1.256159256661991549e+03
1.269159256661991321e+03
1.127492589995324806e+03
1.149492589995324806e+03
1.136659256661991549e+03
1.216492589995324806e+03
1.177992589995324806e+03
1.254492589995324806e+03
1.219992589995324806e+03
1.224325923328658064e+03
1.122159256661991549e+03
1.183325923328658064e+03
1.192325923328658064e+03
1.198992589995324806e+03
1.141992589995324806e+03
1.209992589995324806e+03
1.216659256661991549e+03
1.239659256661991549e+03
1.134159256661991549e+03
1.179825923328658064e+03
1.202992589995324806e+03
1.263825923328658064e+03
1.207325923328658064e+03
1.245159256661991549e+03
1.255992589995324579e+03
1.304492589995324806e+03
1.207492589995324806e+03
1.197825923328658064e+03
1.165992589995324806e+03
1.190992589995324806e+03
1.139825923328658064e+03
1.209659256661991549e+03
1.243492589995324579e+03
1.335992589995324806e+03
1.312992589995324806e+03
1.378659256661991321e+03
1.357659256661991321e+03
1.347325923328658064e+03
1.259992589995324806e+03
1.239659256661991549e+03
1.222992589995324806e+03
1.248325923328658064e+03
1.222159256661991321e+03
1.262159256661991321e+03
1.212325923328658064e+03
1.200159256661991549e+03
1.126659256661991549e+03
1.202825923328658064e+03
1.216992589995324806e+03
1.232825923328658064e+03
1.154159256661991549e+03
1.205325923328658064e+03
1.219325923328658064e+03
1.231325923328658064e+03
1.165992589995324806e+03
1.227825923328658064e+03
1.258825923328658064e+03
1.266159256661991549e+03
1.153825923328658064e+03
1.165825923328658064e+03
1.190992589995324806e+03
1.228159256661991549e+03
1.170825923328658064e+03
1.217325923328658064e+03
1.266492589995324806e+03
1.305659256661991321e+03
1.244159256661991549e+03
1.217992589995324806e+03
1.208659256661991549e+03
1.226992589995324806e+03
1.207159256661991549e+03
1.233825923328658064e+03
1.200825923328658064e+03
1.194159256661991549e+03
1.125159256661991549e+03
1.175659256661991549e+03
1.197325923328658064e+03
1.265492589995324806e+03
1.254825923328658064e+03
1.301659256661991321e+03
1.251659256661991321e+03
1.231492589995324579e+03
1.178159256661991549e+03
1.230492589995324806e+03
1.233659256661991549e+03
1.253659256661991549e+03
1.194492589995324806e+03
1.217825923328658064e+03
1.203992589995324806e+03
1.250825923328658064e+03
1.181659256661991549e+03
1.171325923328658064e+03
1.170825923328658064e+03
1.249825923328658064e+03
1.235992589995324806e+03
1.262659256661991549e+03
1.240325923328658064e+03
1.243659256661991321e+03
1.178825923328658064e+03
1.235325923328658064e+03
1.224659256661991549e+03
1.202492589995324806e+03
1.073992589995324806e+03
1.124659256661991549e+03
1.134992589995324806e+03
1.178825923328658064e+03
1.119159256661991549e+03
1.169492589995324806e+03
1.191492589995324806e+03
1.239492589995324806e+03
1.227992589995324806e+03
1.311325923328658064e+03
1.313659256661991549e+03
1.304492589995324806e+03
1.176325923328658064e+03
1.184159256661991549e+03
1.165159256661991549e+03
1.183492589995324806e+03
1.131492589995324806e+03
1.180659256661991549e+03
1.224325923328658064e+03
1.314325923328658064e+03
1.281659256661991549e+03
1.284825923328658064e+03
1.230325923328658064e+03
1.275992589995324579e+03
1.248825923328658064e+03
1.322159256661991549e+03
1.283492589995324806e+03
1.264159256661991321e+03
1.157992589995324806e+03
1.201825923328658064e+03
1.208159256661991549e+03
1.245659256661991549e+03
1.166992589995324806e+03
1.211825923328658064e+03
1.190659256661991549e+03
1.213325923328658064e+03
1.144992589995324806e+03
1.207492589995324806e+03
1.196992589995324806e+03
1.213325923328658064e+03
1.141492589995324806e+03
1.183825923328658064e+03
1.202659256661991549e+03
1.201825923328658064e+03
1.136492589995324806e+03
1.137325923328658064e+03
1.136825923328658064e+03
1.178492589995324806e+03
1.154659256661991549e+03
1.216825923328658064e+03
1.198659256661991321e+03
1.214159256661991321e+03
1.122159256661991549e+03
1.167492589995324806e+03
1.177159256661991549e+03
1.236825923328658064e+03
1.219159256661991549e+03
1.268159256661991549e+03
1.260992589995324806e+03
1.286325923328658064e+03
1.197659256661991321e+03
1.210992589995324579e+03
1.168992589995324806e+03
1.193992589995324806e+03
1.128159256661991549e+03
1.160825923328658064e+03
1.143492589995324806e+03
1.187492589995324806e+03
1.126825923328658064e+03
1.213825923328658064e+03
1.244992589995324806e+03
1.297159256661991549e+03
1.202992589995324806e+03
1.229992589995324806e+03
1.222659256661991549e+03
1.249325923328658064e+03
1.139659256661991549e+03
1.145992589995324806e+03
1.160325923328658064e+03
1.237825923328658064e+03
1.199159256661991549e+03
1.218159256661991549e+03
1.205992589995324806e+03
1.278325923328658064e+03
1.219492589995324806e+03
1.233159256661991549e+03
1.155992589995324806e+03
1.162492589995324806e+03
1.130492589995324806e+03
1.179159256661991549e+03
1.201992589995324806e+03
1.214159256661991549e+03
1.175325923328658064e+03
1.217492589995324806e+03
1.220992589995324806e+03
1.254825923328658064e+03
1.185325923328658064e+03
1.182325923328658064e+03
1.133992589995324806e+03
1.156492589995324806e+03
1.137492589995324806e+03
1.220492589995324806e+03
1.217492589995324806e+03
1.244159256661991549e+03
1.167992589995324806e+03
1.224159256661991549e+03
1.222659256661991549e+03
1.258992589995324806e+03
1.197659256661991549e+03
1.241992589995324806e+03
1.254325923328658064e+03
1.304992589995324806e+03
1.230325923328658064e+03
1.224659256661991549e+03
1.182159256661991549e+03
1.202825923328658064e+03
1.148325923328658064e+03
1.186325923328658064e+03
1.219492589995324806e+03
1.292159256661991321e+03
1.224159256661991549e+03
1.186825923328658064e+03
1.134325923328658064e+03
1.183325923328658064e+03
1.169492589995324806e+03
1.235992589995324806e+03
1.210325923328658064e+03
1.213825923328658064e+03
1.167492589995324806e+03
1.271825923328658064e+03
1.281992589995324579e+03
1.284159256661991549e+03
1.167159256661991549e+03
1.180159256661991549e+03
1.174159256661991549e+03
1.199992589995324806e+03
1.150659256661991549e+03
1.180659256661991549e+03
1.171159256661991549e+03
1.187325923328658064e+03
1.106992589995324806e+03
1.133659256661991549e+03
1.171492589995324806e+03
1.218492589995324806e+03
1.171659256661991549e+03
1.197659256661991549e+03
1.212492589995324579e+03
1.251992589995324806e+03
1.200492589995324806e+03
1.228159256661991549e+03
1.226159256661991321e+03
1.236825923328658064e+03
1.176325923328658064e+03
1.223492589995324806e+03
1.204659256661991549e+03
1.218659256661991549e+03
1.115325923328658064e+03
1.159825923328658064e+03
1.163159256661991549e+03
1.229159256661991549e+03
1.172992589995324806e+03
1.233159256661991549e+03
1.208659256661991549e+03
1.245325923328658064e+03
1.178659256661991549e+03
1.181825923328658064e+03
1.181992589995324806e+03
1.272325923328658064e+03
1.251325923328658064e+03
1.264159256661991549e+03
1.190492589995324806e+03
1.232659256661991549e+03
1.200159256661991549e+03
1.214659256661991549e+03
1.225992589995324806e+03
1.286492589995324806e+03
1.246992589995324806e+03
1.201825923328658064e+03
1.100825923328658064e+03
1.112492589995324806e+03
1.124992589995324806e+03
1.238659256661991549e+03
1.238992589995324806e+03
1.285992589995324579e+03
1.217825923328658064e+03
1.253159256661991549e+03
1.214825923328658064e+03
1.243992589995324806e+03
1.188659256661991549e+03
1.190825923328658064e+03
1.150325923328658064e+03
1.160325923328658064e+03
1.114659256661991549e+03
1.169325923328658064e+03
1.158492589995324806e+03
1.209325923328658064e+03
1.150992589995324806e+03
1.202325923328658064e+03
1.157492589995324806e+03
1.207325923328658064e+03
1.185992589995324806e+03
1.235825923328658064e+03
1.219992589995324806e+03
1.225825923328658064e+03
1.175992589995324806e+03
1.206492589995324806e+03
1.176659256661991549e+03
1.197992589995324806e+03
1.141825923328658064e+03
1.206159256661991549e+03
1.211825923328658064e+03
1.262325923328658064e+03
1.224325923328658064e+03
1.265492589995324806e+03
1.217325923328658064e+03
1.188992589995324806e+03
1.113992589995324806e+03
1.146659256661991549e+03
1.182992589995324806e+03
1.249325923328658064e+03
1.204825923328658064e+03
1.237992589995324806e+03
1.191325923328658064e+03
1.196159256661991549e+03
1.103659256661991549e+03
1.163325923328658064e+03
1.170492589995324806e+03
1.216159256661991549e+03
1.148492589995324806e+03
1.168825923328658064e+03
1.137325923328658064e+03
1.185992589995324806e+03
1.170992589995324806e+03
1.278492589995324806e+03
1.263825923328658064e+03
1.298659256661991549e+03
1.202492589995324806e+03
1.222992589995324806e+03
1.194159256661991549e+03
1.225825923328658064e+03
1.185492589995324806e+03
1.194992589995324806e+03
1.192325923328658064e+03
1.234325923328658064e+03
1.212159256661991549e+03
1.215492589995324806e+03
1.163159256661991549e+03
1.184159256661991549e+03
1.136159256661991549e+03
1.188325923328658064e+03
1.176825923328658064e+03
1.199992589995324806e+03
1.135825923328658064e+03
1.192325923328658064e+03
1.205492589995324806e+03
1.244159256661991549e+03
1.163992589995324806e+03
1.174659256661991549e+03
1.150159256661991549e+03
1.197325923328658064e+03
1.138659256661991549e+03
1.169159256661991549e+03
1.124325923328658064e+03
1.184825923328658064e+03
1.134492589995324806e+03
1.187992589995324806e+03
1.159825923328658064e+03
1.210825923328658064e+03
1.147825923328658064e+03
1.193659256661991549e+03
1.207825923328658064e+03
1.272659256661991549e+03
1.249825923328658064e+03
1.270325923328658064e+03
1.267659256661991549e+03
1.241492589995324806e+03
1.155992589995324806e+03
1.164992589995324806e+03
1.201492589995324806e+03
1.229992589995324806e+03
1.144492589995324806e+03
1.113825923328658064e+03
1.077659256661991549e+03
1.111825923328658064e+03
1.114325923328658064e+03
1.201659256661991549e+03
1.230659256661991549e+03
1.291659256661991549e+03
1.291659256661991549e+03
1.328825923328658064e+03
1.259325923328658064e+03
1.188492589995324806e+03
1.103325923328658064e+03
1.167159256661991549e+03
1.222659256661991549e+03
1.328659256661991549e+03
1.259659256661991549e+03
1.268492589995324806e+03
1.192825923328658064e+03
1.219992589995324806e+03
1.150159256661991549e+03
1.151992589995324806e+03
1.138159256661991549e+03
1.177159256661991549e+03
1.154159256661991549e+03
1.188325923328658064e+03
1.177825923328658064e+03
1.181492589995324806e+03
1.094825923328658064e+03
1.097659256661991549e+03
1.098159256661991549e+03
1.123159256661991549e+03
1.114992589995324806e+03
1.193825923328658064e+03
1.219659256661991549e+03
1.266492589995324579e+03
1.182492589995324806e+03
1.250159256661991321e+03
1.323159256661991321e+03
1.367325923328658064e+03
1.327159256661991549e+03
1.243659256661991549e+03
1.215992589995324806e+03
1.225659256661991549e+03
1.189659256661991549e+03
1.224825923328658064e+03
1.196325923328658064e+03
1.256659256661991549e+03
1.193992589995324806e+03
1.211659256661991549e+03
1.155825923328658064e+03
1.181325923328658064e+03
1.151659256661991549e+03
1.190159256661991549e+03
1.201159256661991549e+03
1.207159256661991549e+03
1.172492589995324806e+03
1.247325923328658064e+03
1.266325923328658064e+03
1.269992589995324806e+03
1.174325923328658064e+03
1.192325923328658064e+03
1.209992589995324806e+03
1.257325923328658064e+03
1.178325923328658064e+03
1.175492589995324806e+03
1.136992589995324806e+03
1.218992589995324806e+03
1.170325923328658064e+03
1.204992589995324806e+03
1.177325923328658064e+03
1.266825923328658064e+03
1.226492589995324806e+03
1.227492589995324806e+03
1.131159256661991549e+03
1.156325923328658064e+03
1.130825923328658064e+03
1.214492589995324806e+03
1.187825923328658064e+03
1.222325923328658064e+03
1.149492589995324806e+03
1.189992589995324806e+03
1.187992589995324806e+03
1.238825923328658064e+03
1.199325923328658064e+03
1.194492589995324806e+03
1.178992589995324806e+03
1.218825923328658064e+03
1.151159256661991549e+03
1.135492589995324806e+03
1.099492589995324806e+03
1.153492589995324806e+03
1.129992589995324806e+03
1.183825923328658064e+03
1.179325923328658064e+03
1.222659256661991549e+03
1.177159256661991549e+03
1.227825923328658064e+03
1.236659256661991321e+03
1.265159256661991321e+03
1.191992589995324806e+03
1.178325923328658064e+03
1.126992589995324806e+03
1.187659256661991549e+03
1.192659256661991549e+03
1.308659256661991549e+03
1.290659256661991321e+03
1.277159256661991549e+03
1.150825923328658064e+03
1.160492589995324806e+03
1.125325923328658064e+03
1.194492589995324806e+03
1.189825923328658064e+03
1.268325923328658064e+03
1.242159256661991549e+03
1.236159256661991549e+03
1.179325923328658064e+03
1.230659256661991549e+03
1.239992589995324806e+03
1.261492589995324579e+03
1.203992589995324806e+03
1.241325923328658064e+03
1.201825923328658064e+03
1.211825923328658064e+03
1.176659256661991549e+03
1.272159256661991549e+03
1.274992589995324806e+03
1.285492589995324806e+03
1.235492589995324806e+03
1.280159256661991549e+03
1.267825923328658064e+03
1.309492589995324806e+03
1.219825923328658064e+03
1.209992589995324579e+03
1.127659256661991549e+03
1.181659256661991549e+03
1.138992589995324806e+03
1.197492589995324806e+03
1.185159256661991549e+03
1.244325923328658064e+03
1.188492589995324806e+03
1.187825923328658064e+03
1.168492589995324806e+03
1.229825923328658064e+03
1.214659256661991549e+03
1.260492589995324806e+03
1.236325923328658064e+03
1.269992589995324806e+03
1.238159256661991549e+03
1.256825923328658064e+03
1.213992589995324806e+03
1.220325923328658064e+03
1.221159256661991549e+03
1.277492589995324806e+03
1.238992589995324579e+03
1.212659256661991549e+03
1.144825923328658064e+03
1.172992589995324806e+03
1.161159256661991549e+03
1.214825923328658064e+03
1.193325923328658064e+03
1.233825923328658064e+03
1.218659256661991549e+03
1.239992589995324806e+03
1.170492589995324806e+03
1.201159256661991549e+03
1.154825923328658064e+03
1.204659256661991549e+03
1.157325923328658064e+03
1.240325923328658064e+03
1.210325923328658064e+03
1.207992589995324806e+03
1.133992589995324806e+03
1.149825923328658064e+03
1.137492589995324806e+03
1.161325923328658064e+03
1.176492589995324806e+03
1.220992589995324806e+03
1.171492589995324806e+03
1.169992589995324806e+03
1.129159256661991549e+03
1.198492589995324806e+03
1.192825923328658064e+03
1.212492589995324806e+03
1.169325923328658064e+03
1.216992589995324806e+03
1.222159256661991549e+03
1.283325923328658064e+03
1.224325923328658064e+03
1.227492589995324806e+03
1.198659256661991549e+03
1.219325923328658064e+03
1.190825923328658064e+03
1.243325923328658064e+03
1.258659256661991549e+03
1.286992589995324579e+03
1.178492589995324806e+03
1.200659256661991549e+03
1.217325923328658064e+03
1.313325923328658064e+03
1.252992589995324806e+03
1.268159256661991549e+03
1.257325923328658064e+03
1.317159256661991549e+03
1.279825923328658064e+03
1.275992589995324806e+03
1.211825923328658064e+03
1.200325923328658064e+03
1.150825923328658064e+03
1.198659256661991549e+03
1.177325923328658064e+03
1.217325923328658064e+03
1.159992589995324806e+03
1.187825923328658064e+03
1.164492589995324806e+03
1.198325923328658064e+03
1.200825923328658064e+03
1.221825923328658064e+03
1.168159256661991549e+03
1.197492589995324806e+03
1.191159256661991549e+03
1.289492589995324806e+03
1.294159256661991549e+03
1.290325923328658064e+03
1.215159256661991549e+03
1.229825923328658064e+03
1.218825923328658064e+03
1.226992589995324806e+03
1.155659256661991549e+03
1.184659256661991549e+03
1.193159256661991549e+03
1.253659256661991549e+03
1.178159256661991549e+03
1.216325923328658064e+03
1.175325923328658064e+03
1.255825923328658064e+03
1.250159256661991549e+03
1.270992589995324806e+03
1.269825923328658064e+03
1.265825923328658064e+03
1.214492589995324806e+03
1.209659256661991549e+03
1.178992589995324806e+03
1.220992589995324806e+03
1.166825923328658064e+03
1.173659256661991549e+03
1.145492589995324806e+03
1.187992589995324806e+03
1.191492589995324806e+03
1.243159256661991549e+03
1.215492589995324806e+03
1.223492589995324806e+03
1.148159256661991549e+03
1.156325923328658064e+03
1.116159256661991549e+03
1.161492589995324806e+03
1.132325923328658064e+03
1.163825923328658064e+03
1.157825923328658064e+03
1.264325923328658064e+03
1.287825923328658064e+03
1.341159256661991321e+03
1.218659256661991549e+03
1.190992589995324806e+03
1.124825923328658064e+03
1.210325923328658064e+03
1.207992589995324806e+03
1.214825923328658064e+03
1.154159256661991549e+03
1.200492589995324806e+03
1.222159256661991549e+03
1.264159256661991549e+03
1.203992589995324806e+03
1.223825923328658064e+03
1.224325923328658064e+03
1.275992589995324806e+03
1.211825923328658064e+03
1.180992589995324579e+03
1.130159256661991549e+03
1.153659256661991549e+03
1.147159256661991549e+03
1.195659256661991549e+03
1.160659256661991549e+03
1.138825923328658064e+03
1.043659256661991549e+03
1.064825923328658064e+03
1.077492589995324806e+03
1.141325923328658064e+03
1.115159256661991549e+03
1.132159256661991549e+03
1.071159256661991549e+03
1.104159256661991549e+03
1.089825923328658064e+03
1.169325923328658064e+03
1.168659256661991549e+03
1.229992589995324806e+03
1.187659256661991549e+03
1.245492589995324806e+03
1.173825923328658064e+03
1.173325923328658064e+03
1.117325923328658064e+03
1.179992589995324806e+03
1.203492589995324806e+03
1.245659256661991549e+03
1.213325923328658064e+03
1.261159256661991549e+03
1.244325923328658064e+03
1.254659256661991549e+03
1.172492589995324806e+03
1.194992589995324806e+03
1.217825923328658064e+03
1.264825923328658064e+03
1.242825923328658064e+03
1.261992589995324806e+03
1.254159256661991549e+03
1.234659256661991549e+03
1.170659256661991549e+03
1.176159256661991549e+03
1.176659256661991549e+03
1.206659256661991549e+03
1.183492589995324806e+03
1.237992589995324806e+03
1.212492589995324806e+03
1.268325923328658064e+03
1.211659256661991549e+03
1.228825923328658064e+03
1.145325923328658064e+03
1.150325923328658064e+03
1.114159256661991549e+03
1.173825923328658064e+03
1.173325923328658064e+03
1.204659256661991549e+03
1.142659256661991549e+03
1.155492589995324806e+03
1.137825923328658064e+03
1.169659256661991549e+03
1.125659256661991549e+03
1.151325923328658064e+03
1.142159256661991549e+03
1.199325923328658064e+03
1.133825923328658064e+03
1.142325923328658064e+03
1.149992589995324806e+03
1.232325923328658064e+03
1.192159256661991549e+03
1.161492589995324806e+03
1.122825923328658064e+03
1.184325923328658064e+03
1.178325923328658064e+03
1.201492589995324806e+03
1.175992589995324806e+03
1.177992589995324806e+03
1.163159256661991549e+03
1.213159256661991549e+03
1.232159256661991549e+03
1.265659256661991549e+03
1.203492589995324806e+03
1.200159256661991549e+03
1.178825923328658064e+03
1.227992589995324806e+03
1.205492589995324806e+03
1.218992589995324806e+03
1.205492589995324806e+03
1.226325923328658064e+03
1.186825923328658064e+03
1.159659256661991549e+03
1.139159256661991549e+03
1.199659256661991549e+03
1.242325923328658064e+03
1.324992589995324806e+03
1.275992589995324806e+03
1.262992589995324806e+03
1.174159256661991549e+03
1.182325923328658064e+03
1.161659256661991549e+03
1.195492589995324806e+03
1.208492589995324806e+03
1.239659256661991549e+03
1.205992589995324806e+03
1.177659256661991549e+03
1.171159256661991549e+03
1.191659256661991549e+03
1.178825923328658064e+03
1.163659256661991549e+03
1.134325923328658064e+03
1.137492589995324806e+03
1.125492589995324806e+03
1.163659256661991549e+03
1.159159256661991549e+03
1.169992589995324806e+03
1.132659256661991549e+03
1.169159256661991549e+03
1.149825923328658064e+03
1.211492589995324806e+03
1.180992589995324579e+03
1.209659256661991549e+03
1.139325923328658064e+03
1.145159256661991549e+03
1.105159256661991549e+03
1.135325923328658064e+03
1.131825923328658064e+03
1.161992589995324806e+03
1.118825923328658064e+03
1.127492589995324806e+03
1.108325923328658064e+03
1.175992589995324806e+03
1.166492589995324806e+03
1.208659256661991549e+03
1.200659256661991549e+03
1.260492589995324806e+03
1.208492589995324806e+03
1.215659256661991549e+03
1.116325923328658064e+03
1.138659256661991549e+03
1.096492589995324806e+03
1.155659256661991549e+03
1.128159256661991549e+03
1.137325923328658064e+03
1.103825923328658064e+03
1.158492589995324806e+03
1.163659256661991549e+03
1.157825923328658064e+03
1.119659256661991549e+03
1.137659256661991549e+03
1.131325923328658064e+03
1.167159256661991549e+03
1.122659256661991549e+03
1.171825923328658064e+03
1.147992589995324806e+03
1.194992589995324806e+03
1.156992589995324806e+03
1.142825923328658064e+03
1.102492589995324806e+03
1.138992589995324806e+03
1.121825923328658064e+03
1.147825923328658064e+03
1.116492589995324806e+03
1.142825923328658064e+03
1.154159256661991549e+03
1.217325923328658064e+03
1.191659256661991549e+03
1.137325923328658064e+03
1.053992589995324806e+03
1.103325923328658064e+03
1.122825923328658064e+03
1.191659256661991549e+03
1.163992589995324806e+03
1.159159256661991549e+03
1.116492589995324806e+03
1.121325923328658064e+03
1.127825923328658064e+03
1.163992589995324806e+03
1.126992589995324806e+03
1.152159256661991549e+03
1.147825923328658064e+03
1.229159256661991549e+03
1.237159256661991549e+03
1.261325923328658064e+03
1.204825923328658064e+03
1.231159256661991549e+03
1.204825923328658064e+03
1.199992589995324806e+03
1.133325923328658064e+03
1.153992589995324806e+03
1.173825923328658064e+03
1.215325923328658064e+03
1.180325923328658064e+03
1.236492589995324806e+03
1.241159256661991321e+03
1.248659256661991321e+03
1.199159256661991549e+03
1.244325923328658064e+03
1.244325923328658064e+03
1.259992589995324806e+03
1.206492589995324806e+03
1.238992589995324806e+03
1.203659256661991549e+03
1.218325923328658064e+03
1.164659256661991549e+03
1.213825923328658064e+03
1.201325923328658064e+03
1.270825923328658064e+03
1.268659256661991549e+03
1.283992589995324806e+03
1.218659256661991549e+03
1.216659256661991549e+03
1.180825923328658064e+03
1.236659256661991549e+03
1.210492589995324806e+03
1.214659256661991549e+03
1.152492589995324806e+03
1.181992589995324806e+03
1.152492589995324806e+03
1.153659256661991549e+03
1.108992589995324806e+03
1.165159256661991549e+03
1.132325923328658064e+03
1.143325923328658064e+03
1.112159256661991549e+03
1.171659256661991549e+03
1.149492589995324806e+03
1.177492589995324806e+03
1.177159256661991549e+03
1.212325923328658064e+03
1.176825923328658064e+03
1.181992589995324806e+03
1.167325923328658064e+03
1.222992589995324806e+03
1.200992589995324806e+03
1.223825923328658064e+03
1.218159256661991549e+03
1.263825923328658064e+03
1.265492589995324579e+03
1.249325923328658064e+03
1.234325923328658064e+03
1.254992589995324806e+03
1.239825923328658064e+03
1.254992589995324806e+03
1.202825923328658064e+03
1.236325923328658064e+03
1.236825923328658064e+03
1.311992589995324806e+03
1.285659256661991549e+03
1.308492589995324806e+03
1.245825923328658064e+03
1.235659256661991549e+03
1.172992589995324806e+03
1.172325923328658064e+03
1.134325923328658064e+03
1.136159256661991549e+03
1.123992589995324806e+03
1.192992589995324806e+03
1.171825923328658064e+03
1.191992589995324806e+03
1.172492589995324806e+03
1.195492589995324806e+03
1.166659256661991549e+03
1.186992589995324806e+03
1.200659256661991549e+03
1.281159256661991549e+03
1.278325923328658064e+03
1.269825923328658064e+03
1.213492589995324806e+03
1.241325923328658064e+03
1.250159256661991321e+03
1.256492589995324579e+03
1.171825923328658064e+03
1.201992589995324806e+03
1.190159256661991549e+03
1.237325923328658064e+03
1.177159256661991549e+03
1.195492589995324806e+03
1.173159256661991549e+03
1.227992589995324806e+03
1.210325923328658064e+03
1.279659256661991549e+03
1.257659256661991549e+03
1.316825923328658064e+03
1.289492589995324806e+03
1.310825923328658064e+03
1.220659256661991549e+03
1.197325923328658064e+03
1.193325923328658064e+03
1.293992589995324806e+03
1.318325923328658064e+03
1.277659256661991321e+03
1.215992589995324806e+03
1.227992589995324806e+03
1.254492589995324806e+03
1.294492589995324806e+03
1.213325923328658064e+03
1.203992589995324806e+03
1.144325923328658064e+03
1.195659256661991549e+03
1.182825923328658064e+03
1.258492589995324806e+03
1.241992589995324806e+03
1.272159256661991549e+03
1.209492589995324806e+03
1.247659256661991549e+03
1.145325923328658064e+03
1.122492589995324806e+03
1.069825923328658064e+03
1.153659256661991549e+03
1.170159256661991549e+03
1.184492589995324806e+03
1.135659256661991549e+03
1.158659256661991549e+03
1.141992589995324806e+03
1.186992589995324806e+03
1.129325923328658064e+03
1.154492589995324806e+03
6.699925899953248063e+02
