2.369906674977918738e+04
2.305906674977918738e+04
3.567165934237177862e+04
1.060283249399880151e+05
1.649240116956311977e+05
-2.079293523712972412e+06
-2.219778775406831701e+05
-4.948715510848942213e+05
-2.079954306102347618e+05
-3.670731087939073914e+05
2.897368693952030735e+05
2.764653807730973349e+05
2.181099911867541086e+05
2.011334217774949211e+05
2.753366913201580173e+05
2.164403851291236351e+05
2.796641673343352973e+06
-1.031177660659522371e+05
-6.818924556179706997e+04
-7.286870765646571817e+04
-7.076233903039031429e+04
-7.413464714647375513e+04
-1.069098541070269857e+05
-1.737910374525996449e+05
3.684026993031259160e+06
2.873505057588395430e+05
3.421507515931032249e+05
4.205956999301472097e+05
2.041772212497904256e+05
5.926583347943081753e+05
-5.918808800026252866e+05
-7.820123352033649571e+05
-2.642020696103889029e+06
-2.635998841037499369e+05
-2.522722228455661389e+05
-1.150161514781594451e+05
-8.546988909667018743e+04
-7.985256294132677431e+04
-7.332351064766714990e+04
-5.569392870500226127e+04
-6.466772857250859670e+04
-5.123980990964880039e+04
-4.639337827241461491e+04
-3.943335027135084238e+04
-4.343299598069176864e+04
-4.324140963066848053e+04
-6.146135398085526685e+04
-7.679398166700104775e+04
-8.457329650407760346e+04
-1.018772647468354116e+05
-3.686062810966045363e+05
-2.457190036978264106e+05
-1.644364476723338594e+05
-9.359421749731982709e+04
-5.598271618790359207e+04
-5.665330431511395000e+04
-5.087534138287273527e+04
-3.847411159862050408e+04
-3.992643089854477876e+04
-4.510040171371364704e+04
-4.661082288493469969e+04
-5.802658988743834198e+04
-6.603562335101726057e+04
-9.688624558488697221e+04
-1.028733335826708935e+05
-6.719783142038430378e+04
-5.350377681468659284e+04
-7.346293877224539756e+04
-8.699537267156211601e+04
-6.748851004219392780e+04
-5.593301248419988406e+04
-7.134841286966054759e+04
-8.036903537478424550e+04
-9.198734815937094390e+04
-5.732096828718589677e+04
-4.424538937282902771e+04
-5.034445183366254059e+04
-5.457089960582189087e+04
-5.222210850660472352e+04
-7.550547522093604493e+04
-1.381936568288522831e+05
-2.071527477664865437e+05
-2.666636263871328556e+05
-1.995896263273853110e+05
-1.284596669783386169e+05
-1.407387441299836792e+05
-1.117151205503243691e+05
-7.321676136137715366e+04
-6.389350015583597269e+04
-7.026502952147368342e+04
-5.525018142639838334e+04
-5.375303147128960700e+04
-4.821716678354365285e+04
-4.955635503837149736e+04
-5.293783796743176208e+04
-6.660103108849012642e+04
-5.338573775933853176e+04
-5.945226745187128108e+04
-8.047115608377994795e+04
-8.781853533669939497e+04
-6.393625843295003142e+04
-5.101026174131854350e+04
-4.281336355373782862e+04
-5.195795568022433145e+04
-4.699287899391596875e+04
-4.051637405730174942e+04
-3.978622784880075051e+04
-5.008007650350285985e+04
-5.841906216868609044e+04
-7.191571446381254646e+04
-9.337541945235720777e+04
-4.562750010872808052e+05
-3.500618190317891538e+06
1.173315627921741223e+06
-8.091964177813406568e+05
-3.880013342683491646e+05
-2.391105595869643439e+05
-2.004007941455004329e+05
-7.297698963279262534e+04
-6.402891450109355355e+04
-6.083771111841029779e+04
-5.787435911820757610e+04
-6.162038560287887958e+04
-5.574185727643083374e+04
-4.856469116456655320e+04
-4.861225502152772242e+04
-4.792560428354365285e+04
-5.070894635720635415e+04
-5.076085437274503784e+04
-5.193250186209483218e+04
-6.113456705846294790e+04
-5.478210831276197860e+04
-5.929411480492332339e+04
-6.212437907753449690e+04
-5.396645357995985250e+04
-5.524132497902117757e+04
-4.815527910412994243e+04
-4.160956834266593796e+04
-4.417662047858986625e+04
-5.130167877937869343e+04
-5.846389113323463971e+04
-6.178131702634075191e+04
-5.368269934458206990e+04
-5.202350842552882386e+04
-5.525652394309749798e+04
-5.507354510846738413e+04
-5.303108183867481421e+04
-4.420498967198013997e+04
-4.009986135293256666e+04
-3.688346262290187587e+04
-3.303870603134173871e+04
-3.208780629796439098e+04
-3.340904209347417782e+04
-3.162746339077682933e+04
-3.589620002538764675e+04
-4.116055653477878514e+04
-4.656800011333525617e+04
-5.826114992549843009e+04
-7.394462963140995998e+04
-5.613316426420355856e+04
-5.425377193800279201e+04
-4.800734654021744791e+04
-4.623626273959787795e+04
-4.480798781893450359e+04
-3.902071715897328977e+04
-3.374117045348288957e+04
-3.708211865257698810e+04
-3.627454272263713210e+04
-3.523067164769923693e+04
-3.550895390527948621e+04
-3.871498651748274278e+04
-4.163906648225186655e+04
-4.342957599721141742e+04
-4.740041496805858333e+04
-4.931368090358468908e+04
-5.220455373732864246e+04
-4.613054070636524557e+04
-4.487414856487667566e+04
-5.717351406095061975e+04
-7.447251535986195086e+04
-7.638487274445912044e+04
-7.660386054414679529e+04
-5.990782487245957600e+04
-7.251158497405322851e+04
-6.705263784377087723e+04
-5.195547942370406963e+04
-4.348070486876371433e+04
-4.348825936314991122e+04
-4.582932387013943662e+04
-5.335453697251998528e+04
-6.384455711983316723e+04
-6.981023356104351114e+04
-8.488529972841277777e+04
-1.446491366353217745e+05
-2.196759966579400643e+05
-1.934798338008412393e+05
-1.425787316921727615e+05
-7.893006282568239840e+04
-8.266659456290991511e+04
-6.858738279372267425e+04
-5.164152098721647781e+04
-4.185380936377189209e+04
-4.367926278053202986e+04
-4.860729178354365285e+04
-4.858725563848738966e+04
-4.356106340811028349e+04
-4.630260617394131259e+04
-5.586384315889170102e+04
-7.347740510099331732e+04
-7.570096685366984457e+04
-8.563329621538399078e+04
-8.582221027024323121e+04
-7.348530176539985405e+04
-5.946747982192731433e+04
-5.317345820305200323e+04
-5.087291812481491070e+04
-4.623795977876846882e+04
-3.922889478868774313e+04
-3.617932825597681222e+04
-4.046799520381232287e+04
-4.866994547310024791e+04
-4.595713147475566802e+04
-4.643948666687263903e+04
-4.650019947388539003e+04
-4.232284675133356359e+04
-4.897096577252363932e+04
-5.528509300122474087e+04
-5.673792780083374964e+04
-5.134851541884538892e+04
-4.574622823597007664e+04
-4.958712926723601413e+04
-5.792080852320639679e+04
-6.768192504724518221e+04
-5.785576597552584280e+04
-6.115696116706726752e+04
-6.882212457776023075e+04
-5.522506025998253608e+04
-4.774546039533647127e+04
-5.388878694016766531e+04
-4.883645845021030982e+04
-5.454027494930272951e+04
-5.344705340900704323e+04
-6.114021348293586925e+04
-9.080420546335137624e+04
-8.796689441069794702e+04
-7.512327062595529424e+04
-6.941778804879076779e+04
-6.584124072674161289e+04
-5.378724891684187605e+04
-5.036467608073667361e+04
-4.996857342998224340e+04
-5.476746435866969841e+04
-5.295457484161137836e+04
-5.858597591157731949e+04
-4.908834420666870574e+04
-5.099729506130234222e+04
-4.766210537894973095e+04
-3.969199450463385438e+04
-3.435993685049811756e+04
-3.730019120258183830e+04
-4.019561230680054723e+04
-4.624120522641748539e+04
-4.909354850774398074e+04
-5.320720671722958650e+04
-5.476466680024036032e+04
-7.741259808001713827e+04
-7.902745524239528459e+04
-7.831580018700317305e+04
-8.161228089859984175e+04
-7.574227095697152254e+04
-6.602466164246924745e+04
-6.122255456622314523e+04
-4.837169307276709151e+04
-4.813911770340090152e+04
-4.234318401789527707e+04
-3.700873810482620320e+04
-3.646385361637735332e+04
-4.064599368963888264e+04
-4.930134886769652076e+04
-6.077509681902874581e+04
-6.381074304363732517e+04
-7.490662051009963034e+04
-8.681270591695698386e+04
-6.677267308881548524e+04
-4.611026717329527310e+04
-3.973542220383135282e+04
-3.988165179802984494e+04
-3.783166348412050866e+04
-3.253994334198716751e+04
-2.864162596424665026e+04
-3.365384850051668764e+04
-4.650357082804887614e+04
-5.918225655410499894e+04
-6.206072703037976316e+04
-7.750879508593757055e+04
-1.166749133437696291e+05
-2.837729404194421368e+05
-1.649376371706793725e+05
-7.296290236840788566e+04
-5.385740368699664396e+04
-4.957481732494828611e+04
-5.392075350888577668e+04
-5.438322685643462319e+04
-6.080142686407444853e+04
-6.594184473697944486e+04
-9.137229616445940337e+04
-1.566089167085071967e+05
-2.134740847628233896e+05
-1.071668534083980921e+05
-9.502626286237686872e+04
-8.203286354338916135e+04
-7.442979084090385004e+04
-8.021035107403842267e+04
-7.523148166700103320e+04
-9.053901982784685970e+04
-9.547162020341391326e+04
-8.341610588527274376e+04
-8.889803943568999239e+04
-1.477761352535700717e+05
-1.095524478139925341e+05
-9.984001737832490471e+04
-6.984784865485137561e+04
-6.491649819027866033e+04
-6.844400716273205762e+04
-6.231987142960802157e+04
-4.617826273959787795e+04
-4.629527284060798411e+04
-4.375827254281619389e+04
-3.871598938969918527e+04
-3.620476199381103652e+04
-4.027293547473300714e+04
-3.977422935803228756e+04
-3.848473684786750528e+04
-3.479212823203784501e+04
-3.964793627488885977e+04
-5.634603303362508450e+04
-6.378268876845326304e+04
-6.529388003444599599e+04
-7.031321061782077595e+04
-6.866182049675239250e+04
-7.804144711325621756e+04
-6.287733897421456641e+04
-4.819250430506877456e+04
-4.352799263510882156e+04
-3.523032543907446234e+04
-3.272783067718391976e+04
-3.563403109473015502e+04
-3.838759395380487695e+04
-3.907890476014353771e+04
-3.979397791178178159e+04
-3.956786843626059272e+04
-4.313903714092768496e+04
-4.603463007400937931e+04
-5.041211123577989201e+04
-5.414354775262131443e+04
-4.997841017924296466e+04
-4.880912909568852774e+04
-4.030517553701921133e+04
-4.130403338054054620e+04
-4.264507544303715986e+04
-4.252066126005716069e+04
-4.378672797112424450e+04
-5.087073668679727416e+04
-6.806879573082906427e+04
-9.482629015602238360e+04
-6.279286121938822907e+04
-5.864305142589988100e+04
-5.377309305617390783e+04
-4.845046484178423998e+04
-4.709058883934713231e+04
-3.991150158381580695e+04
-4.497271516148441879e+04
-5.480919553389841167e+04
-5.501782736563972867e+04
-5.113344561709534173e+04
-4.660696981030495226e+04
-4.730916420247914357e+04
-5.153048464805092954e+04
-6.379933735460114258e+04
-7.095781835182105715e+04
-9.373710944417721475e+04
-1.055231625339844468e+05
-1.249352880352908542e+05
-9.452157832568853337e+04
-8.866781367011037946e+04
-7.613096685366984457e+04
-6.910869713969985605e+04
-5.076802554481896368e+04
-5.035803211944093346e+04
-5.327609014557174669e+04
-5.662827174345913227e+04
-5.363207516838408628e+04
-5.314700515798140259e+04
-6.813811662537540542e+04
-1.259403627462997829e+05
-2.091225811478564574e+05
-2.347403247831936169e+05
-1.878490586085283430e+05
-1.055250002568728814e+05
-1.093008405980421230e+05
-8.440183776589899207e+04
-5.588501610439956130e+04
-4.466472314111007290e+04
-4.273420489488213207e+04
-4.087396501070342492e+04
-5.297382780342076148e+04
-5.128265250301596825e+04
-5.389089872049168480e+04
-5.696985199037272105e+04
-5.748557826962882245e+04
-5.436605388048275927e+04
-5.442451266504350497e+04
-5.393730171825629805e+04
-5.550291558819462080e+04
-5.560578666691196850e+04
-5.692652924613377400e+04
-6.545021365243632317e+04
-8.802368848804278241e+04
-2.102689565576952300e+05
-2.525595244166828925e+05
-1.521635769631834410e+05
-1.785664340023398981e+05
-1.882544640139337571e+05
-1.528774494155242865e+05
-8.566983970175731520e+04
-6.121713611182846216e+04
-5.625894441862455278e+04
-5.779474087926160428e+04
-4.807100011687698134e+04
-4.507737396921072650e+04
-5.676017492159979156e+04
-7.665845667028329626e+04
-8.885905111404841591e+04
-9.523490316439956950e+04
-1.104525255223700806e+05
-1.468165407582138141e+05
-2.203777148200090451e+05
-1.362602840195067402e+05
-9.779808941019342456e+04
-1.021177897670649400e+05
-1.143834589278266649e+05
-9.426645856708729116e+04
-1.089374764576235611e+05
-8.248702741640435124e+04
-1.021108324795294902e+05
-1.606706336541484052e+05
-1.394906064006118104e+05
-1.038954242086202867e+05
-1.578710656776653486e+05
-1.025547333158400870e+05
-9.478960419183646445e+04
-6.283441223328246269e+04
-6.390344460028041067e+04
-6.105136891063021176e+04
-5.736089805894410529e+04
-4.941956533695894905e+04
-6.008335939891428279e+04
-7.351927302477855119e+04
-1.533918867890581896e+05
-9.927436254258903500e+04
-7.787034783947176766e+04
-7.445857813470611291e+04
-6.073155676505189331e+04
-4.000235891201975755e+04
-3.617662916055918322e+04
-2.971961630507055088e+04
-2.695074458447776487e+04
-3.118503818171026069e+04
-3.300349758187125553e+04
-3.953621237617224688e+04
-5.397253801160290459e+04
-5.887861505860165926e+04
-5.919987193872038188e+04
-7.071825781928029028e+04
-5.139672511462787224e+04
-4.877545523352414602e+04
-4.122638527721523133e+04
-4.412184317736842058e+04
-4.552091318999446958e+04
-6.007947137403092347e+04
-6.102834806709379336e+04
-7.044910345114720985e+04
-7.031510675347861252e+04
-9.019754980980600521e+04
-8.112964931965245341e+04
-8.505877798555907793e+04
-5.366934097138374636e+04
-5.968107774194701051e+04
-5.959040262151914794e+04
-6.471684843839415407e+04
-6.813935405609595182e+04
-7.494087585842379485e+04
-6.600387149473634781e+04
-7.519119019099684374e+04
-7.019886450614230125e+04
-9.228983275957427395e+04
-9.265379998432268621e+04
-8.712665169362575398e+04
-9.155251218541158596e+04
-1.210076208195993822e+05
-9.309275384903795202e+04
-7.304141916299556033e+04
-6.460229217911874002e+04
-6.939431494943369762e+04
-6.622694746878794103e+04
-5.994640077230201132e+04
-5.578423240063481353e+04
-6.428933348916930845e+04
-5.907506494582977757e+04
-5.984585005595614348e+04
-5.665517512062755850e+04
-5.339384593022348417e+04
-4.070449032593920128e+04
-3.580001579657739057e+04
-3.521399915399110614e+04
-3.974028935279110010e+04
-3.669887310492214601e+04
-3.364956263648447202e+04
-3.259261781374772181e+04
-3.842876540235203720e+04
-4.569525233650003065e+04
-4.859900351166506152e+04
-5.967445595620477980e+04
-5.855504601452874340e+04
-7.426284064883596147e+04
-1.114522354523871909e+05
-1.012635405376506096e+05
-7.912621741947920236e+04
-8.874373817380081164e+04
-6.817050269432314963e+04
-7.451179156495313509e+04
-7.461128173889681057e+04
-5.538208286700605822e+04
-5.666976293658106442e+04
-6.684552718069389812e+04
-6.546302321691112593e+04
-5.591958225486129231e+04
-4.979075533007977356e+04
-4.956874066990896245e+04
-5.066565868091364973e+04
-4.881764717839046352e+04
-5.189747280532967852e+04
-5.361481494632185786e+04
-5.814594947604970366e+04
-6.033425139286882768e+04
-4.888833238300372614e+04
-5.206186240242747590e+04
-5.654772796880538226e+04
-4.472230044151735638e+04
-4.532908235220696952e+04
-4.264622457579351612e+04
-4.880424100106215337e+04
-6.193482521318420913e+04
-5.824098458582266176e+04
-5.784563806379450398e+04
-7.167022730540567136e+04
-5.871102675817792624e+04
-5.935847603966078168e+04
-4.413667844438120665e+04
-3.605999066305555607e+04
-4.154569667414476135e+04
-4.230177315435065248e+04
-4.185347309096124809e+04
-4.882431930779186223e+04
-6.166398513301376079e+04
-9.866727218374771473e+04
-1.838674703301341797e+05
-2.356317078872067505e+05
-2.023830692777876393e+05
-1.296615475318620156e+05
-1.171066156723125750e+05
-8.694023910452175187e+04
-7.090857160092369304e+04
-5.665445533904403419e+04
-3.674138220504219498e+04
-3.536634117224953661e+04
-4.446526080082217231e+04
-4.409442195642243314e+04
-4.450423970459124394e+04
-5.179187331123208423e+04
-5.092207488631066371e+04
-7.151365932362539752e+04
-8.038130101131425181e+04
-7.795005095127117238e+04
-7.213264428602985572e+04
-7.171102774467802374e+04
-5.773485554566407518e+04
-5.067765993386650371e+04
-4.325585288579213375e+04
-4.045222703446637024e+04
-3.482664547210956516e+04
-3.678537880489143572e+04
-3.631151466173098015e+04
-3.283447486793962162e+04
-3.598764444882300450e+04
-4.124026217214278586e+04
-4.074597030353751325e+04
-3.778307418648750900e+04
-3.384160296578254929e+04
-3.647890708868817455e+04
-3.738321057510367973e+04
-3.242305944078314133e+04
-2.775226057685823980e+04
-2.883854213154356694e+04
-3.054583005645056619e+04
-3.316294527707677480e+04
-3.403093222386399430e+04
-3.867874185033131653e+04
-4.642476378154794656e+04
-5.480218672522086126e+04
-5.949947603800026263e+04
-6.096226480005587655e+04
-5.090800820121377910e+04
-4.953892570695904578e+04
-6.201848227163768752e+04
-7.975013850657230068e+04
-8.163817683796721394e+04
-8.975349962871249591e+04
-1.823449279879259702e+05
-5.613919131397705059e+05
-5.326990689068430802e+05
-1.042021064839790924e+05
-7.271744984372421459e+04
-7.660456685366985039e+04
-5.788726548985584668e+04
-3.790613824402220780e+04
-3.209103721169598793e+04
-2.866918246050433663e+04
-3.258184698563969141e+04
-3.821274619161716691e+04
-3.474016185425553704e+04
-3.259459857900204952e+04
-3.244242432299428037e+04
-3.671673179853813053e+04
-4.416233344333519926e+04
-4.176253697658747114e+04
-3.864755542305908602e+04
-4.352942098799322412e+04
-5.350307156214512361e+04
-7.632450999358073750e+04
-8.679012079385886318e+04
-6.581340435813704971e+04
-6.673764512667522649e+04
-5.026409083245442162e+04
-4.546606581751026533e+04
-4.199746917154236871e+04
-3.764037329279237019e+04
-3.364435419467156316e+04
-3.634715456276577606e+04
-3.334277045348288812e+04
-3.706394533415950718e+04
-4.467021078184853104e+04
-4.245292688895332685e+04
-3.647395893064457778e+04
-3.236207203597892294e+04
-3.163739432614333782e+04
-3.452285280015650642e+04
-3.510479363407849451e+04
-3.554324680157360126e+04
-3.644970939292811818e+04
-3.758835750888683833e+04
-3.689695490520802559e+04
-3.092193063347354473e+04
-3.056827764849362211e+04
-3.179382724102917564e+04
-2.879844425787750515e+04
-2.777912439606197586e+04
-3.028071610537160086e+04
-3.004770052381089045e+04
-3.265661080109077739e+04
-3.298771624344223528e+04
-3.140106809457690179e+04
-2.932130591607312454e+04
-2.776457714727335406e+04
-2.533327592655281842e+04
-2.525619445140421158e+04
-2.671502011921385565e+04
-2.772490863425513453e+04
-3.151884376317033821e+04
-3.086240317843441517e+04
-3.059472380016729221e+04
-2.913052248223397328e+04
-2.947006617577353245e+04
-2.605037618253529945e+04
-2.365093458944881786e+04
-2.078907790636902064e+04
-1.989896211637822125e+04
-1.992809633967380068e+04
-2.044003972428541965e+04
-2.212136836037509056e+04
-2.499008052425396454e+04
-2.321634926571529286e+04
-2.194590613696676883e+04
-2.285341899582531187e+04
-2.525550581161029186e+04
-2.867516347202739053e+04
-2.601750036715962779e+04
-2.400609517314246841e+04
-2.672685536870318901e+04
-2.900013224438398902e+04
-3.113072991336051200e+04
-2.890816062746015086e+04
-2.696310200888188047e+04
-2.594562799100513439e+04
-2.519134633286402095e+04
-2.761263665779778967e+04
-3.127101457405934707e+04
-2.951010559537454174e+04
-2.839396343231973151e+04
-2.634296358414126371e+04
-2.707537842566567997e+04
-2.744706486129197219e+04
-2.541955452157095351e+04
-2.239128925784077001e+04
-2.199864926860037667e+04
-2.215017038928561669e+04
-2.117487154616541739e+04
-2.101106173991802643e+04
-1.996762261603357183e+04
-1.981374185019947618e+04
-2.004971836253610309e+04
-1.872000534189024620e+04
-1.825302169359389518e+04
-1.886183102333325587e+04
-1.858333338254469709e+04
-1.871188890916458695e+04
-1.920429075349212872e+04
-1.954502278142769501e+04
-1.974080626272062364e+04
-1.974465607775686294e+04
-2.128004046070802724e+04
-2.275954311466850413e+04
-2.269394629688273926e+04
-2.058158960222114911e+04
-1.921853906668593845e+04
-2.054186233969189925e+04
-1.905266726699702485e+04
-1.693232625571189055e+04
-1.529837220437642100e+04
-1.570075761825829431e+04
-1.530098475610000787e+04
-1.489067528124402452e+04
-1.496919762446145796e+04
-1.647909330209135442e+04
-1.624823865359400770e+04
-1.709163307778413946e+04
-1.726007697102645398e+04
-1.708111585517775893e+04
-1.548177296485435727e+04
-1.433746720316669234e+04
-1.366684720958750586e+04
-1.360451981130010608e+04
-1.279071010920895060e+04
-1.276197450957267392e+04
-1.326139942308007267e+04
-1.415312503895899317e+04
-1.400896083530452597e+04
-1.371291069301695643e+04
-1.377503410745497604e+04
-1.404914755028712898e+04
-1.312452193466541576e+04
-1.297545833727143690e+04
-1.363717458314801297e+04
-1.386269391571493179e+04
-1.304876223650764587e+04
-1.189351788647315880e+04
-1.148886964793350489e+04
-1.097158401659103765e+04
-1.048325021104922598e+04
-9.713848281695427431e+03
-9.607116788981895297e+03
-9.621094568843669549e+03
-9.736598066716152971e+03
-9.600729954307033040e+03
-9.898094976998005222e+03
-1.029663391920346112e+04
-1.070061641313922337e+04
-1.054647597682647211e+04
-1.074324664287314590e+04
-1.051199199624806715e+04
-9.854887246165890247e+03
-9.358041681660844915e+03
-9.117174737087674657e+03
-9.012269179055097993e+03
-8.997284451207106031e+03
-8.793623762671777513e+03
-8.749549574820248381e+03
-9.110014869700798954e+03
-9.178918614105001325e+03
-9.152022599753860050e+03
-9.248005249819107121e+03
-8.748393845363103537e+03
-8.160248968818968024e+03
-8.416516501719954249e+03
-8.639810112022276371e+03
-8.799741275637084982e+03
-8.559706541061254029e+03
-8.263896559663109656e+03
-8.346467766129793745e+03
-8.932710787857949981e+03
-8.465744971102047202e+03
-8.105788190812988432e+03
-7.913346762222325196e+03
-7.900062468715276736e+03
-7.681932590642956711e+03
-7.587943199004765120e+03
-7.615340977905189902e+03
-7.377729755794851371e+03
-7.058112316217390799e+03
-6.849562102046427754e+03
-6.789818892820975634e+03
-6.882238810108885446e+03
-6.821524585481734903e+03
-6.560162447852449077e+03
-6.822264255672054787e+03
-7.053670611174351507e+03
-6.843887307189161220e+03
-6.618352527350021774e+03
-6.433636479539305583e+03
-6.367092802783831758e+03
-6.527629120411187614e+03
-6.545757332790675719e+03
-6.347748729703142999e+03
-6.285927569370831407e+03
-6.091311332481493082e+03
-6.011940720663542379e+03
-6.029797132028183114e+03
-5.865445330280251255e+03
-5.437141492459562869e+03
-5.198350143215170647e+03
-5.123939542404702479e+03
-5.126211772688476231e+03
-5.028763022341562646e+03
-4.748771400267235549e+03
-4.661219357081777162e+03
-4.657689152001310504e+03
-4.578764309641291220e+03
-4.557967553130494707e+03
-4.462062687340562661e+03
-4.353971719681305331e+03
-4.282105981050991431e+03
-4.117396051019898550e+03
-3.984651241669241244e+03
-3.967013901875220199e+03
-3.868722579905155726e+03
-3.783164995757789256e+03
-3.743484117682854048e+03
-3.812365240244722372e+03
-3.795658610319573654e+03
-3.714616950498189908e+03
-3.691018248069082347e+03
-3.780485050954183862e+03
-3.809769301499499761e+03
-3.787303009952847788e+03
-3.667493975516715636e+03
-3.631288572206273329e+03
-3.594352017699908629e+03
-3.476406952495089172e+03
-3.369154146710495297e+03
-3.321930052695668564e+03
-3.285656264790383830e+03
-3.257174908662746475e+03
-3.217588032770759582e+03
-3.167191332564290406e+03
-3.096614780148349837e+03
-3.081818192987883776e+03
-3.039713950086279965e+03
-3.075402136171137499e+03
-3.024317537504779921e+03
-2.941846671281586623e+03
-2.922266914862020258e+03
-2.948897597780223350e+03
-2.835102881890367826e+03
-2.778724072253615304e+03
-2.689464548954068960e+03
-2.659965672285685287e+03
-2.591618154291571045e+03
-2.602539377776781294e+03
-2.576615709052932743e+03
-2.642623189852122323e+03
-2.578888898553135277e+03
-2.564242433956874720e+03
-2.530472704354881898e+03
-2.512584523511186035e+03
-2.394293211482547576e+03
-2.298675714866063572e+03
-2.262001538309212719e+03
-2.320056074175100548e+03
-2.249234614162318849e+03
-2.204162786401118865e+03
-2.201036007270583013e+03
-2.213550292685673412e+03
-2.171790366611220634e+03
-2.124538831234754980e+03
-2.093301241043720893e+03
-2.119441721944313485e+03
-2.071835795365858303e+03
-1.993036507923469344e+03
-1.943260587498522455e+03
-1.942008600056477007e+03
-1.860053058793900846e+03
-1.807159934496125516e+03
-1.785691187222548251e+03
-1.775195319804811334e+03
-1.733449881659149469e+03
-1.697156930624413235e+03
-1.668511150608989283e+03
-1.717059746542241783e+03
-1.689195097687461384e+03
-1.646674154974389921e+03
-1.638510487198357396e+03
-1.667093099507895431e+03
-1.673937961740102310e+03
-1.614978601877279743e+03
-1.515719159555880651e+03
-1.469776262149517834e+03
-1.405213569949899465e+03
-1.388845452332882132e+03
-1.388816241192706457e+03
-1.423041058685475036e+03
-1.402326462999184741e+03
-1.364534479327743611e+03
-1.365229244582331603e+03
-1.403628345656324200e+03
-1.357273146632703401e+03
-1.299571930676265310e+03
-1.259342429637687701e+03
-1.233848819466066743e+03
-1.189652269409915789e+03
-1.134381025071182876e+03
-1.101350923922064794e+03
-1.141051210451902762e+03
-1.129551834666203831e+03
-1.112637945131347351e+03
-1.099422499488191079e+03
-1.094200796844802426e+03
-1.057800444349843474e+03
-1.025604320034625061e+03
-1.003702438699380082e+03
-1.027181449053864753e+03
-1.005746545855368595e+03
-9.842948049021606494e+02
-9.627939309570297155e+02
-9.601754580706500519e+02
-9.358127965023264778e+02
-9.009135912644782138e+02
-8.877065512324587644e+02
-8.920584217337376458e+02
-8.704597600537128983e+02
-8.412573620943063588e+02
-8.177000753352677975e+02
-8.277959558852919599e+02
-8.243736691821841305e+02
-8.176202368242910552e+02
-8.153219300013093971e+02
-8.179600114864150555e+02
-7.929717050125844935e+02
-7.753909511194198103e+02
-7.765445183557620794e+02
-7.957223553958773437e+02
-7.756532467005270064e+02
-7.403273890401603694e+02
-7.293077900088227352e+02
-7.494356524307637528e+02
-7.379009790332125931e+02
-7.126790885604153800e+02
-7.007659598047663394e+02
-7.058648824039073588e+02
-6.908177632164745319e+02
-6.651472958321963915e+02
-6.649263674097383046e+02
-6.764200455427483121e+02
-6.485413791769408363e+02
-6.054011554152347117e+02
-5.889481470808501626e+02
-5.869484825746490060e+02
-5.736783037103630249e+02
-5.723049490376224639e+02
-5.967961238075965866e+02
-6.023127776702615392e+02
-5.673053547521066093e+02
-5.457356477132824466e+02
-5.384989876716391564e+02
-5.562016953381724989e+02
-5.310918884038196666e+02
-5.181329362792887423e+02
-5.228384116071885046e+02
-5.413639819818655496e+02
-5.138947641032345928e+02
-4.870463246188411972e+02
-4.644775848013693462e+02
-4.739581973771267940e+02
-4.506216167724998058e+02
-4.341242930458420233e+02
-4.296073888931323381e+02
-4.585550364440860562e+02
-4.442757582384657553e+02
-4.203849875913263077e+02
-3.875314408070315153e+02
-3.837904380862936478e+02
-3.598915830937946225e+02
-3.476889608620409717e+02
-3.439892043887651880e+02
-3.487234097669700077e+02
-3.297866443835749806e+02
-3.052968873989211716e+02
-2.957038073999763128e+02
-2.898531063364738998e+02
-2.697009182549110733e+02
-2.489399828552835743e+02
-2.472105152105631305e+02
-2.512984710037480056e+02
-2.378431248455959235e+02
-2.229066891915894644e+02
-2.159075294597428751e+02
-2.189960264607036606e+02
-1.996853369740191795e+02
-1.689457212074549375e+02
-1.560065419032001728e+02
-1.656750808027373978e+02
-1.637098534778513965e+02
-1.493329033094405816e+02
-1.292576912321770237e+02
-1.190520977256619659e+02
-9.983258752216427467e+01
-8.894003283642435065e+01
-9.396349321464745685e+01
-9.980563010557652603e+01
-8.290991913483239273e+01
-6.125297025298284836e+01
-5.409342870855851260e+01
-5.472208165924034518e+01
-5.226581817392664675e+01
-3.943568893638623507e+01
-3.169892807793477019e+01
-3.314615144940180613e+01
-2.405621940845642470e+01
-1.485438975571535281e+01
-3.412490798041965423e+00
3.249536294802075176e+00
1.188695290821864958e+01
2.239341015563370263e+01
3.139352508827417410e+01
3.539031206941653807e+01
4.879424804151177142e+01
5.288760202791772258e+01
5.302495986953144325e+01
4.635564916980283101e+01
5.563612241886112031e+01
6.773968953232285628e+01
7.778455007299113788e+01
8.147863161291030565e+01
8.861285547421884701e+01
9.224296919941335204e+01
9.267857075583741278e+01
8.686229685662456745e+01
1.006349734916642262e+02
1.167605957417719367e+02
1.265154257112585441e+02
1.201156854511505827e+02
1.257556608012934873e+02
1.300900201887889978e+02
1.364393719283831956e+02
1.356395195881758298e+02
1.459878698917073621e+02
1.489039282406125437e+02
1.478216271520649059e+02
1.449473317528795349e+02
1.574523483654114102e+02
1.638182958622167575e+02
1.656170855091980911e+02
1.676488201579906843e+02
1.805747074093600304e+02
1.844509870549130994e+02
1.800481619356503415e+02
1.724923539982413274e+02
1.846543243064416515e+02
1.965751701568972294e+02
2.020358099749996086e+02
2.000661504805722473e+02
2.046184859087336463e+02
2.137907363578439117e+02
2.142895176917855622e+02
2.102609248971187412e+02
2.135171476113454787e+02
2.213040697552830522e+02
2.241978900219916397e+02
2.245859527383121019e+02
2.320883012278333410e+02
2.415975042370105257e+02
2.450903548026965098e+02
2.381467956019907319e+02
2.410094214495602500e+02
2.492737968497494592e+02
2.579870928572738649e+02
2.584537746433593952e+02
2.607120731454911606e+02
2.602981805998111895e+02
2.626453022309764265e+02
2.604561264401976928e+02
2.653200693089807487e+02
2.693581624533371723e+02
2.712325874438411688e+02
2.704534365548421420e+02
2.749321187694169453e+02
2.808066354786293459e+02
2.847231978609547696e+02
2.823382579738300251e+02
2.842328442856397146e+02
2.883582542870846055e+02
2.928007948430985721e+02
2.909454051291441488e+02
2.903884444379709180e+02
2.922116837621433092e+02
2.914216578773025503e+02
2.912355817367255213e+02
2.925899296713553213e+02
2.944801000270415443e+02
2.930035065434484522e+02
2.883360424390087360e+02
2.877453171473671318e+02
2.890670206290675992e+02
2.891751258242106815e+02
2.860839508549903485e+02
2.856211174239060711e+02
2.877069301147298006e+02
2.868883852619434265e+02
2.841016498930162015e+02
2.845679766712144669e+02
2.857671532179015799e+02
2.859145750283609004e+02
2.848042624173158401e+02
2.847031433230010862e+02
2.864580923572697770e+02
2.852008898067808786e+02
2.826534077981469295e+02
2.832476638152700161e+02
2.838169533347491438e+02
2.823225391837685265e+02
2.797776055675293492e+02
2.799953878338018853e+02
2.812896912760530199e+02
2.788616116485112002e+02
2.768165142459813524e+02
2.764524708204224339e+02
2.780167289422703334e+02
2.767401502846082622e+02
2.739866100622255090e+02
2.715293088104937738e+02
2.708984125911757701e+02
2.685037009902039244e+02
2.665455741425144538e+02
2.640617771272252980e+02
2.628826776070792448e+02
2.606890700609683336e+02
2.589532135605668941e+02
2.572251253374713542e+02
2.568178887477987473e+02
2.544409404502453924e+02
2.529881824387431948e+02
2.510409183881641013e+02
2.503847744867701124e+02
2.483298465265808659e+02
2.464526509061843740e+02
2.447641238833848547e+02
2.441986523072577882e+02
2.422482587168083228e+02
2.411326610621525504e+02
2.399083555589100456e+02
2.395130998426119788e+02
2.375884582178934181e+02
2.362995210622150353e+02
2.354621957444686302e+02
2.355380298047973326e+02
2.335816737430637602e+02
2.318156299920972288e+02
2.302622361576187586e+02
2.303671460152627901e+02
2.286458410783436364e+02
2.270641439740670364e+02
2.252837015263232274e+02
2.246321778136886849e+02
2.220558826391659863e+02
2.204444009994633689e+02
2.188215372042766376e+02
2.183306494102681086e+02
2.164666253957982178e+02
2.149621683032942769e+02
2.145117346093130948e+02
2.152257832345026429e+02
2.137336071716983099e+02
2.127883375259772265e+02
2.120557934147973924e+02
2.123789957582738452e+02
2.111741537182604418e+02
2.094472643059159225e+02
2.082429187227618570e+02
2.087108732217241140e+02
2.068235004483649959e+02
2.051908702637825854e+02
2.035812991089965465e+02
2.035152019249464956e+02
2.023513618740579716e+02
2.016270139789125437e+02
2.001839042744842914e+02
2.004361059012464921e+02
1.993586668934716783e+02
1.988157719583754783e+02
1.976624990419082621e+02
1.975128574297267505e+02
1.961109656574168980e+02
1.947075305325548982e+02
1.933800212920747299e+02
1.931104884299891182e+02
1.912843021437468565e+02
1.904262611434920700e+02
1.889256349366972643e+02
1.886963491754882511e+02
1.878456613367993100e+02
1.868413723999196634e+02
1.855536029360521866e+02
1.856262392705021966e+02
1.842178015591874782e+02
1.834301759206477413e+02
1.825112986854057624e+02
1.822737582530337761e+02
1.809718311671485083e+02
1.799947504883972726e+02
1.787239199560385146e+02
1.784865736832751679e+02
1.772252581994294758e+02
1.761410321523943026e+02
1.750285316481799498e+02
1.747886358277491183e+02
1.736665846296218945e+02
1.729843123132492053e+02
1.718988198495140693e+02
1.716882183729551627e+02
1.700620534841537221e+02
1.692258385714164604e+02
1.681615973619813076e+02
1.678536745236547745e+02
1.665275027257990246e+02
1.657630651411899976e+02
1.650010492914082079e+02
1.648979439780044061e+02
1.633693834205820679e+02
1.625989612981786365e+02
1.614658206394412900e+02
1.608085304716684902e+02
1.593346455705983828e+02
1.582154712523196451e+02
1.573402256357165072e+02
1.570576116181921691e+02
1.556777308982557315e+02
1.544961050003570620e+02
1.539608467250176318e+02
1.537701991548414071e+02
1.523742054441591449e+02
1.516001099072886973e+02
1.509043278411234326e+02
1.510538924713977167e+02
1.501539321701708047e+02
1.490844589266288551e+02
1.485006971049326978e+02
1.485247618981175606e+02
1.469950606012914704e+02
1.459607101197578345e+02
1.448839376181164766e+02
1.449190339831260417e+02
1.439269985406472756e+02
1.428577666282127439e+02
1.423776325789605153e+02
1.427762224703388654e+02
1.418175974317917962e+02
1.409414878473740487e+02
1.398392625088603722e+02
1.395707936625779837e+02
1.385981356478480677e+02
1.375279636251112549e+02
1.363826367502638277e+02
1.361946909838437989e+02
1.353948548728881462e+02
1.348625052102757991e+02
1.341317263111900502e+02
1.340009080577014515e+02
1.329710427852489545e+02
1.323852223650366398e+02
1.320184468052573550e+02
1.321108545795700593e+02
1.314209693852387204e+02
1.310405982293624447e+02
1.305733636740419854e+02
1.310668769071824897e+02
1.304385900592045857e+02
1.298885821546400052e+02
1.294391915301262088e+02
1.294841373463072500e+02
1.286436146508277432e+02
1.282311788671119928e+02
1.275899672099199762e+02
1.276382838433725766e+02
1.265248623398791636e+02
1.255885391529282629e+02
1.249841656512218151e+02
1.252887699094639089e+02
1.245135756084737011e+02
1.239559070596929331e+02
1.235434342921664523e+02
1.239075776383038914e+02
1.234626052668175618e+02
1.231313440557999854e+02
1.225005407578048846e+02
1.226248390269612116e+02
1.218780630286002804e+02
1.215319048897558929e+02
1.212214822613378971e+02
1.213355932864273683e+02
1.206591664362721730e+02
1.201666680383178090e+02
1.197645158448149800e+02
1.201725218239667186e+02
1.194198471345166155e+02
1.189808710789968416e+02
1.185553170290887977e+02
1.186915750267944816e+02
1.181572873545433566e+02
1.177617705584907384e+02
1.170953045078109369e+02
1.172275086441116798e+02
1.165122758547394284e+02
1.162441437410889336e+02
1.160339111962489937e+02
1.163645152418402944e+02
1.157026498722707260e+02
1.152096375309300527e+02
1.148174077623906442e+02
1.149487676001123617e+02
1.140049063674616008e+02
1.134480481683415860e+02
1.130602161622023800e+02
1.131597460626517631e+02
1.125472398643531449e+02
1.119771841159040804e+02
1.114600382218307004e+02
1.117343423553966772e+02
1.109655441089509935e+02
1.103345725082720321e+02
1.098851611874872702e+02
1.102736914447656034e+02
1.099074144169437233e+02
1.095085853847167243e+02
1.088357087790184181e+02
1.091366342102606808e+02
1.086098182357451805e+02
1.083068591665577713e+02
1.076701698677036489e+02
1.077076514846642112e+02
1.072034280392348364e+02
1.069967221791841183e+02
1.064344852306800959e+02
1.065696470558634701e+02
1.058390925611829090e+02
1.054852800097116443e+02
1.051248277520647605e+02
1.053085358517118522e+02
1.046030210340361037e+02
1.042020752871417386e+02
1.036823538141822496e+02
1.037578773412876103e+02
1.030481860811615604e+02
1.022802755724529788e+02
1.015318756402797788e+02
1.019333600553355126e+02
1.016081230172265180e+02
1.011316361825869592e+02
1.007031687046924446e+02
1.008676373522855414e+02
1.004693069676852986e+02
1.003061409164848641e+02
9.949711105138378286e+01
9.942506613530187565e+01
9.888381138977490536e+01
9.849464577765003526e+01
9.809347786889608756e+01
9.823410394651109812e+01
9.762155952946407922e+01
9.736405801583964603e+01
9.672291331321903840e+01
9.681850343130611236e+01
9.617164334398661651e+01
9.564271482543927050e+01
9.515711317832580107e+01
9.525636769029158302e+01
9.476474363968117132e+01
9.461346327171300175e+01
9.426957755857081622e+01
9.447495035183541745e+01
9.401572477167583486e+01
9.374265368577357549e+01
9.335754412824957171e+01
9.360590448005441999e+01
9.298502136030920440e+01
9.261357728384059840e+01
9.212723050386935597e+01
9.212595829131758762e+01
9.138156040780988576e+01
9.112768273443008127e+01
9.075953875037119190e+01
9.079629723538603514e+01
9.004729986516049678e+01
8.964059155207209528e+01
8.918622031578274800e+01
8.918810764300447147e+01
8.850259194305374422e+01
8.804341468489447209e+01
8.769898596199070084e+01
8.801742896193111676e+01
8.769260111490407894e+01
8.751058603729426011e+01
8.746476381838577652e+01
8.749631991582224089e+01
8.688593310922273361e+01
8.640613114039342690e+01
8.580089100529872326e+01
8.591292417630673128e+01
8.561712746696105114e+01
8.516263371075071120e+01
8.483086965528114831e+01
8.496106396807746819e+01
8.460637523190234788e+01
8.468222027527119167e+01
8.440924029261599060e+01
8.452406637723566973e+01
8.440577911713205594e+01
8.434375705428507786e+01
8.407372521629002904e+01
8.419637670852966949e+01
8.353678259556400576e+01
8.329849504161101947e+01
8.288501537133484476e+01
8.281328152379384733e+01
8.227058276470798148e+01
8.206322655480791184e+01
8.190453490134332526e+01
8.191320216715344316e+01
8.125998217487482123e+01
8.105418371236058306e+01
8.055402326060816165e+01
8.061659213222587539e+01
8.031653359318222840e+01
8.010294582254792317e+01
8.009660906387323109e+01
8.036537959838798884e+01
7.977316194569723962e+01
7.973670291393138143e+01
7.949430636854062016e+01
7.963333959598257650e+01
7.932764861360421094e+01
7.914543245904881985e+01
7.901150905556526993e+01
7.944071505359843854e+01
7.912013590730526857e+01
7.903196376886668872e+01
7.865151910007551805e+01
7.871232285556679642e+01
7.821128388877703230e+01
7.785779395171107353e+01
7.734733807294188068e+01
7.739171087579035202e+01
7.711654248084410312e+01
7.697952217887952031e+01
7.665418790412761041e+01
7.705574458619736333e+01
7.683561241060840530e+01
7.674549700017703913e+01
7.654073899193495834e+01
7.680951681852141633e+01
7.661509242605562520e+01
7.651600292690085325e+01
7.619273019873897113e+01
7.648818010059710559e+01
7.636583035708835610e+01
7.634661597117606391e+01
7.596773454915815194e+01
7.602091590468999982e+01
7.581437647436894167e+01
7.564431987110600630e+01
7.533153389158393054e+01
7.539412393940311574e+01
7.499356188094202480e+01
7.495663628719205462e+01
7.482866668319854853e+01
7.495641316516245922e+01
7.463799640362073262e+01
7.460557288319398594e+01
7.441853790468879026e+01
7.455848186603766692e+01
7.414327829851465879e+01
7.391884705622595675e+01
7.362783980547679619e+01
7.377424387388455784e+01
7.327278887446377098e+01
7.318868547182162843e+01
7.301921169938839284e+01
7.322616182020503572e+01
7.299013964289260059e+01
7.288361301238840895e+01
7.262164313918256653e+01
7.265303407928577428e+01
7.214885217530714101e+01
7.202083108484644924e+01
7.186687310890386016e+01
7.196765707786397570e+01
7.167482015754339386e+01
7.162602840921034897e+01
7.155257339423449992e+01
7.179235173732685382e+01
7.150265115638430302e+01
7.127767041061250097e+01
7.092377309432887955e+01
7.101511245964621821e+01
7.072526936155989574e+01
7.070048391457561365e+01
7.053310149383320038e+01
7.069373749815780172e+01
7.031551742551793893e+01
7.030913201767398846e+01
7.010707853532879597e+01
7.016730434647082859e+01
6.974435826360684132e+01
6.956007942643735475e+01
6.916504209066604858e+01
6.921069245396439840e+01
6.881329300666618565e+01
6.862158915011480076e+01
6.842960939688065025e+01
6.857528481663942443e+01
6.815860604657051169e+01
6.810119129164256435e+01
6.797403522328561110e+01
6.815970273851131367e+01
6.784183956043302999e+01
6.754953919612316326e+01
6.714393011840398628e+01
6.735268065218465949e+01
6.707241265062887692e+01
6.680656275690793677e+01
6.649857680047502129e+01
6.658835222546926502e+01
6.633624285353606354e+01
6.628102202949091293e+01
6.604439177497201285e+01
6.614843186644228012e+01
6.596348448170657264e+01
6.587503277330432638e+01
6.576849188855486261e+01
6.604561449267276885e+01
6.587988785389170232e+01
6.579497633205534157e+01
6.558602631928464177e+01
6.570830573378911765e+01
6.535518787917946781e+01
6.506745919149726376e+01
6.469547952163578941e+01
6.465958030725947481e+01
6.429858983128633554e+01
6.409790847534632974e+01
6.381494566892784803e+01
6.402131284192545024e+01
6.385994373857623430e+01
6.370194306091197944e+01
6.337673802679820767e+01
6.347057343416422981e+01
6.320556193352026497e+01
6.308398921822132621e+01
6.278666680826427893e+01
6.287738288906409423e+01
6.265207612585920316e+01
6.271696755314573579e+01
6.255214005412044287e+01
6.266608643300459391e+01
6.230566100453422251e+01
6.215327530198077710e+01
6.181116589860942412e+01
6.184759824889577828e+01
6.149951243350317043e+01
6.129436311944228066e+01
6.104549984374845195e+01
6.112809024235372846e+01
6.078768406582671702e+01
6.074846088331437244e+01
6.065572164765292484e+01
6.083240866101261446e+01
6.068233052233706104e+01
6.048878942089567801e+01
6.028248979719307243e+01
6.044198488713352901e+01
6.016242516417609920e+01
6.001129614946293600e+01
5.983357951922625517e+01
5.992220093485536836e+01
5.973311515962099350e+01
5.974852804002869533e+01
5.970857461308875003e+01
5.993801496073615453e+01
5.969526949191967446e+01
5.958894718987566819e+01
5.942834506564562957e+01
5.957321904800514289e+01
5.931004738630586814e+01
5.914188138138498374e+01
5.887849161946299148e+01
5.902269432157002171e+01
5.863047909879341546e+01
5.835876887893883946e+01
5.815966636197581607e+01
5.829226055274538965e+01
5.798405454741620701e+01
5.792671123271934164e+01
5.772040679516519646e+01
5.792437020930000813e+01
5.782104326727606036e+01
5.767541191635758224e+01
5.745718494198766990e+01
5.775308920754650899e+01
5.758929404095547255e+01
5.748656753430671529e+01
5.724678821879391677e+01
5.728942613560717234e+01
5.716517508884479071e+01
5.716659890689195578e+01
5.691656012899112227e+01
5.702702331693345172e+01
5.686389376167640108e+01
5.678499193793829392e+01
5.664561336620391074e+01
5.688033528348224621e+01
5.676179887489160336e+01
5.675042384492888203e+01
5.666109664698927162e+01
5.686183106178111046e+01
5.685697051971833105e+01
5.695876885434472570e+01
5.686756255796618120e+01
5.701260136509716148e+01
5.677661774035228603e+01
5.672612491659675982e+01
5.672890184190571006e+01
5.701592604264457265e+01
5.681706028697171718e+01
5.664654592156434632e+01
5.639694895478844927e+01
5.669694885481031577e+01
5.657296514435257961e+01
5.636211846929449365e+01
5.611054149184379725e+01
5.634394472373016072e+01
5.627559426160421907e+01
5.634514863625888381e+01
5.626526734103717331e+01
5.643302176979069884e+01
5.629156757928091537e+01
5.621791142401154673e+01
5.609299465420996711e+01
5.636675427766740398e+01
5.621064178730859595e+01
5.607541558425285899e+01
5.584817813598495917e+01
5.600899275015571988e+01
5.595321736725385620e+01
5.593687276105632833e+01
5.569164484322458719e+01
5.588374688940653812e+01
5.582415277930230246e+01
5.581785579023461707e+01
5.574456045778167379e+01
5.588059053465272541e+01
5.565319947794580457e+01
5.560665743355246349e+01
5.545235650412656980e+01
5.557654929363807383e+01
5.548782495122975433e+01
5.541565065084574115e+01
5.523185315687697283e+01
5.536476221048865654e+01
5.521464117908921310e+01
5.516276830972513068e+01
5.498615886909082207e+01
5.511936876654774409e+01
5.496337437226163303e+01
5.491014750267734712e+01
5.482753770003982652e+01
5.484974626641843543e+01
5.453848554018635753e+01
5.443427497665777537e+01
5.432220599313796328e+01
5.453359567641742700e+01
5.434167844867581465e+01
5.419726458495627242e+01
5.409734323400096656e+01
5.432743062058018069e+01
5.414973282460891113e+01
5.410276134801908654e+01
5.393561206219418835e+01
5.429380842025095433e+01
5.437605359139088534e+01
5.438815278688817045e+01
5.428786117785292475e+01
5.448246043647900194e+01
5.429325997702667905e+01
5.424885717097398441e+01
5.400610803369256274e+01
5.406949404833834905e+01
5.400193873536868949e+01
5.411746393983761294e+01
5.416800727211167299e+01
5.434570592652918464e+01
5.410989723932628692e+01
5.399171239379975162e+01
5.375426265833515060e+01
5.375960908509861014e+01
5.345695835107284921e+01
5.324760170024719486e+01
5.312596733228619428e+01
5.333219060450447557e+01
5.317277659617265329e+01
5.313916545186120288e+01
5.309720809335851754e+01
5.332387821380785908e+01
5.318384238055034530e+01
5.309340896810797972e+01
5.305320184265161032e+01
5.331884688566612596e+01
5.316560782074108005e+01
5.313713768098875079e+01
5.301564025077735209e+01
5.321164007162585818e+01
5.306695296357617053e+01
5.298917729434122492e+01
5.291634676160627038e+01
5.304237989480892423e+01
5.277840253243211777e+01
5.263858859155629233e+01
5.245157597684244166e+01
5.253859100547350636e+01
5.231893057337557451e+01
5.214517053012915682e+01
5.214750759158701499e+01
5.232878188948784981e+01
5.221118474695909129e+01
5.218117885126324040e+01
5.212108223880778013e+01
5.231206604258127868e+01
5.220243572202068094e+01
5.213257887910107513e+01
5.211385505200285451e+01
5.236130627927206405e+01
5.241426415959853813e+01
5.244368237235075014e+01
5.225093983534006270e+01
5.239600329508164123e+01
5.228577118180390926e+01
5.236138675007043730e+01
5.230528559766580088e+01
5.227667583345342450e+01
5.206823130941189959e+01
5.214340860286694834e+01
5.198404384601809625e+01
5.213952245004339403e+01
5.193861267427855921e+01
5.186446533755977129e+01
5.183218935751782652e+01
5.203250891168483605e+01
5.194953205070883939e+01
5.210635974549830962e+01
5.214078451686621207e+01
5.231889602969162212e+01
5.220074533013442419e+01
5.211026069768494295e+01
5.197657714540612517e+01
5.213221368104537135e+01
5.194764802176780449e+01
5.179020990538754887e+01
5.159833755449739812e+01
5.177010284200277823e+01
5.171141341193130359e+01
5.177058827197708268e+01
5.170324418478293893e+01
5.190530796270580538e+01
5.182730942274708497e+01
5.191981438666442017e+01
5.187695812953042918e+01
5.204462615203503617e+01
5.189812209915073993e+01
5.184064215142062437e+01
5.169963942612547925e+01
5.179242000386620504e+01
5.160582981459854324e+01
5.158877189677954078e+01
5.164032450985678935e+01
5.193363069138912635e+01
5.179858241542311958e+01
5.182281070473261053e+01
5.188810556767268167e+01
5.218334765156254917e+01
5.213879123123867743e+01
5.210199592941489755e+01
5.197908827970976375e+01
5.232078468517399017e+01
5.230019151108763964e+01
5.225720166735369787e+01
5.221271008913848988e+01
5.237715529165399886e+01
5.223126806422169466e+01
5.234799312671972160e+01
5.236056568738640493e+01
5.254904712729491223e+01
5.238073526836443961e+01
5.236768057493839734e+01
5.231111169362784352e+01
5.251834023953431085e+01
5.231843148125063436e+01
5.223498893613277971e+01
5.221983964135971945e+01
5.270722447651422726e+01
5.274086778117609953e+01
5.280114316142159225e+01
5.294433768504095639e+01
5.336973745598971419e+01
5.352689946006255894e+01
5.372806805103507344e+01
5.376600007830538885e+01
5.409556540572297223e+01
5.422681229954847026e+01
5.435030339727026671e+01
5.429224155521804818e+01
5.436546033929255373e+01
5.414068248447271259e+01
5.399803338544097642e+01
5.383777278347116635e+01
5.399940339896166819e+01
5.373909015725033811e+01
5.360553053072626994e+01
5.355981257688524977e+01
5.393993493631871416e+01
5.395449650452512458e+01
5.400274422623367343e+01
5.380684511596748365e+01
5.405521028971080710e+01
5.411284590876623923e+01
5.408426930444360181e+01
5.394644863537986623e+01
5.421283840618369965e+01
5.412396284036834260e+01
5.418011729223184858e+01
5.413772077719021070e+01
5.440149718457549000e+01
5.439522334696261652e+01
5.449444354822745851e+01
5.411299092391260501e+01
5.364739170822473113e+01
5.352441318354793509e+01
5.364436157894965618e+01
5.359505702583441433e+01
5.393019095663073159e+01
5.383162641624634404e+01
5.419380620166822382e+01
5.489894098516758447e+01
5.540081002021280199e+01
5.537162193185946535e+01
5.548225390913659538e+01
5.552519820151509577e+01
5.586727106517268737e+01
5.587929761283093910e+01
5.605096160787272908e+01
5.593347317776659366e+01
5.625037257807019131e+01
5.624488006240365934e+01
5.621253237558637039e+01
5.615003549540212191e+01
5.637182578247995224e+01
5.632380404373040506e+01
5.634724852377924975e+01
5.629690055696823947e+01
5.653436930024973606e+01
5.659002146141298084e+01
5.667355142647806332e+01
5.674896618102135193e+01
5.708902949196907173e+01
5.717347284636306171e+01
5.725174379198025321e+01
5.726088641798236267e+01
5.756482175282546621e+01
5.764719005501867599e+01
5.769102401592696339e+01
5.770259931388194730e+01
5.808545977312460451e+01
5.811361742607370218e+01
5.823407421709413256e+01
5.821574518004619847e+01
5.850522609853626221e+01
5.853297515477629531e+01
5.867737966676044437e+01
5.867690416413540078e+01
5.894271158291564205e+01
5.882679362115768384e+01
5.888470810758940388e+01
5.883087861793441675e+01
5.927817863638706086e+01
5.928268879070468955e+01
5.936643317942591835e+01
5.948106024829645833e+01
6.001230533636945097e+01
6.014185852958267020e+01
6.029508508892163121e+01
6.026721271425201820e+01
6.057644375404624526e+01
6.056473543580086982e+01
6.074647376588898595e+01
6.080772616593640834e+01
6.115844399799528475e+01
6.126128667296037378e+01
6.137193465907020595e+01
6.135481645387660876e+01
6.179862424260023346e+01
6.179001350821679495e+01
6.180773351741054000e+01
6.178855177641689522e+01
6.208317330159871972e+01
6.197853543626206374e+01
6.224244499142034925e+01
6.233976802893582203e+01
6.260947526444417122e+01
6.261239596268548269e+01
6.260140290889616210e+01
6.255003160429383513e+01
6.297763505924874750e+01
6.287789539754734136e+01
6.284373281045863990e+01
6.284999000613107967e+01
6.319566979666036133e+01
6.334579321765428261e+01
6.361775213941872664e+01
6.364215886095763608e+01
6.399571011516283647e+01
6.416294965921814253e+01
6.445374677569384403e+01
6.450688272930803180e+01
6.488307776753241285e+01
6.478345774362045972e+01
6.492255320209083891e+01
6.503810157088311428e+01
6.538043704030684466e+01
6.522382027523501336e+01
6.540311773123136163e+01
6.547095051829023760e+01
6.584118572270669745e+01
6.580953570766348548e+01
6.585371110781291293e+01
6.581303818522356153e+01
6.628107316914386615e+01
6.628510153870527688e+01
6.638169748011129911e+01
6.644687572475299930e+01
6.686260108326324314e+01
6.707323017035889734e+01
6.745020036356329740e+01
6.750401634168632370e+01
6.799597857641384735e+01
6.814789570190281154e+01
6.846225865429610735e+01
6.861073555279436675e+01
6.896434440115666575e+01
6.896275398321901662e+01
6.916892925702839534e+01
6.930488953332709912e+01
6.976500179834943083e+01
6.963925274114211561e+01
6.980965415427070297e+01
6.988484132857628595e+01
7.014595993701173882e+01
7.017301871477772579e+01
7.030565357444181984e+01
7.024078939065775273e+01
7.079198851125754288e+01
7.079582747473865822e+01
7.093795820436321264e+01
7.116396250907982335e+01
7.172635956191587070e+01
7.157434506306471178e+01
7.175164501998557398e+01
7.195758122786628519e+01
7.250058203410647195e+01
7.248338901270201973e+01
7.266085811428089869e+01
7.271913045148944832e+01
7.342225459206981952e+01
7.354312770249377706e+01
7.381998411634107526e+01
7.399650958557229785e+01
7.465393243467050866e+01
7.469977987458750590e+01
7.499191066600280919e+01
7.502725039288952757e+01
7.568922072255517719e+01
7.582735969886986993e+01
7.613895316614392073e+01
7.641546799363156595e+01
7.705047522936891369e+01
7.716414680991037756e+01
7.754049967882495764e+01
7.769713275457756652e+01
7.810538252580559515e+01
7.815580767120695782e+01
7.832559642704767100e+01
7.861825138897764020e+01
7.934105953212456086e+01
7.934472738528580749e+01
7.947985209521543482e+01
7.969047230731864317e+01
8.033467791528875068e+01
8.041888206428005503e+01
8.068548051254654752e+01
8.082222005819437527e+01
8.156693851082341951e+01
8.180196255773256553e+01
8.205096855063546002e+01
8.222795653353597345e+01
8.283757052062168214e+01
8.287579740676248719e+01
8.315041152050521589e+01
8.350471770584492504e+01
8.436434657695753003e+01
8.463527734280343395e+01
8.499890524750097143e+01
8.535652050137024105e+01
8.602954481762346006e+01
8.603462971691651262e+01
8.619245841066053515e+01
8.639262260637802626e+01
8.713778095496549270e+01
8.740335711022026999e+01
8.777999051074598924e+01
8.810637736449349688e+01
8.896752004268482494e+01
8.934890342991658940e+01
8.966076215715061437e+01
8.986399586012336727e+01
9.070926927587487398e+01
9.087789320885742939e+01
9.121880735458852030e+01
9.176098951471273324e+01
9.263226319248060747e+01
9.287310650281605717e+01
9.350448838983533051e+01
9.388352911281025115e+01
9.493956191541779788e+01
9.529226229235709411e+01
9.541706741253830160e+01
9.545139536089351395e+01
9.644087954685464581e+01
9.675694549242744813e+01
9.723569229545364578e+01
9.759032034488217278e+01
9.874978615290716277e+01
9.926300171843988096e+01
9.995831648025190930e+01
1.003037010853667397e+02
1.011755792245073309e+02
1.011156348861826046e+02
1.015400939053719469e+02
1.018854041371959056e+02
1.028818822637725674e+02
1.031758676953898117e+02
1.038296958240654675e+02
1.043287031556134679e+02
1.056301383661443793e+02
1.059518937429458560e+02
1.063706922253968088e+02
1.066833169477528571e+02
1.079373363472516019e+02
1.083368206321837164e+02
1.088450320839019838e+02
1.094255623198037171e+02
1.108027022063863001e+02
1.113488714292280690e+02
1.123327711379426574e+02
1.128665447908484367e+02
1.138104991818110108e+02
1.141426940039837064e+02
1.146010275711632147e+02
1.148939756700664248e+02
1.160196762145404108e+02
1.164194614847066021e+02
1.172234249319928097e+02
1.179220967989765114e+02
1.191807031951789355e+02
1.199824374991213318e+02
1.206611101758801254e+02
1.209031993028622765e+02
1.221447979915003970e+02
1.223741674737163834e+02
1.229200127664219195e+02
1.235046162001226833e+02
1.246511994327264858e+02
1.251050233060222041e+02
1.261543621361846164e+02
1.265974324669838467e+02
1.280363094777494553e+02
1.287694365807212478e+02
1.296992917238185044e+02
1.304111337980231156e+02
1.319081799596865494e+02
1.323059999140118919e+02
1.330710549619905407e+02
1.336758488422054256e+02
1.348073795001650410e+02
1.351700343568384710e+02
1.356576661012857414e+02
1.360960620936161831e+02
1.377529261261095712e+02
1.382676877674600746e+02
1.389690072482603114e+02
1.397362059747713090e+02
1.411265472850407718e+02
1.417500329725160100e+02
1.426489404364256188e+02
1.432821393379255426e+02
1.450636180438119993e+02
1.459266779104616774e+02
1.468099862214511973e+02
1.475010657309638304e+02
1.491561811226836198e+02
1.496464347811721893e+02
1.503462229938660357e+02
1.509623994410002865e+02
1.524859698321630788e+02
1.531809929632350702e+02
1.541566413344825150e+02
1.546379293367757839e+02
1.563005271326762227e+02
1.568374022054149748e+02
1.575183663299667955e+02
1.581549049242640592e+02
1.597854158038788626e+02
1.604408551622620394e+02
1.613794110053049451e+02
1.621000590743906571e+02
1.633913695476712746e+02
1.635030302910727187e+02
1.641664111522773908e+02
1.646272729552026988e+02
1.662631212101284746e+02
1.673737624158298729e+02
1.683840648678109915e+02
1.695943320445315123e+02
1.719005250294508187e+02
1.726444628992548189e+02
1.737818864325241748e+02
1.744550650871482276e+02
1.759686840740927494e+02
1.766399204808367926e+02
1.772522287838211241e+02
1.777732670822677790e+02
1.797663387308612357e+02
1.801875081895495043e+02
1.810234055940285316e+02
1.818143085115511610e+02
1.840192592813907311e+02
1.848056612046130169e+02
1.861240276690096493e+02
1.871441153643280870e+02
1.891804790581853126e+02
1.899346955066603471e+02
1.910462557534083032e+02
1.916555190929436492e+02
1.940524126648538470e+02
1.949310815847494496e+02
1.954822969762933553e+02
1.963312988393732041e+02
1.985365139582239067e+02
1.988854248148494150e+02
1.998035067479896725e+02
2.005763629099189416e+02
2.025056401955615115e+02
2.030202735170998949e+02
2.041820380994737718e+02
2.045421509022722830e+02
2.064674630517058631e+02
2.068590835714596778e+02
2.080647161195360297e+02
2.086655141207692168e+02
2.104798142527757250e+02
2.106469156084176575e+02
2.118329566961864145e+02
2.127037082545607518e+02
2.151039950329916621e+02
2.149665212892648185e+02
2.155564884203359384e+02
2.172820021619128852e+02
2.195758491717417371e+02
2.206227248128520557e+02
2.219132954829334778e+02
2.228110711370846388e+02
2.250607398698280974e+02
2.258681867037834081e+02
2.261288741390557107e+02
2.269870246745005318e+02
2.290510556270257041e+02
2.299604040523728372e+02
2.310606029914496560e+02
2.319378177149264104e+02
2.346205713185299260e+02
2.357599022828980537e+02
2.370998355007789087e+02
2.380147169787446160e+02
2.399969314784788708e+02
2.405220702419045722e+02
2.418171314672913752e+02
2.425493809856232303e+02
2.442866055962576013e+02
2.444826920992943826e+02
2.452172638139793719e+02
2.454662334350050514e+02
2.471088700840031436e+02
2.473569432692510190e+02
2.482377312986899369e+02
2.496333746096447612e+02
2.520463740218317241e+02
2.523464077906164107e+02
2.533151362934397071e+02
2.543517053674427473e+02
2.569081044257399071e+02
2.577390392254081917e+02
2.586541127953799446e+02
2.600101423557402995e+02
2.629013679972878208e+02
2.637535906903356135e+02
2.654721805462303337e+02
2.668184921252546928e+02
2.686128924391802570e+02
2.683039922447592858e+02
2.685306717704801827e+02
2.689677327907248809e+02
2.711586237618889754e+02
2.711442495427944550e+02
2.717898266764657933e+02
2.729855205461803962e+02
2.763875149835610614e+02
2.776960530116779182e+02
2.790358522122234604e+02
2.803445593745890392e+02
2.828616967890977207e+02
2.834316755655418092e+02
2.844963015156855022e+02
2.848593596534826133e+02
2.868331946339428669e+02
2.867746554080883357e+02
2.876009442140547776e+02
2.877954004785774487e+02
2.895051724082005080e+02
2.891714732544962203e+02
2.900359072242708294e+02
2.906513509132955164e+02
2.931323874241360272e+02
2.930478733965114770e+02
2.945527379384203073e+02
2.955086765387408718e+02
2.978026621137876759e+02
2.979852277577905966e+02
2.994697127204264007e+02
3.007299303233382943e+02
3.040849963295406155e+02
3.050914715650345670e+02
3.070409452383480016e+02
3.090132250402560885e+02
3.110303490868245717e+02
3.104655477223415119e+02
3.107502347739571178e+02
3.107880240072880156e+02
3.126669582441381863e+02
3.118997064717285070e+02
3.122497823626305831e+02
3.133871995600324567e+02
3.156916852122867567e+02
3.162532830483198723e+02
3.180087106946834865e+02
3.194770450117072755e+02
3.222274003731752146e+02
3.220163012451920395e+02
3.225691465685506500e+02
3.237177282491537653e+02
3.265041186248778331e+02
3.259384626124592614e+02
3.262341704759696768e+02
3.274374949887008484e+02
3.310110799993649380e+02
3.322159059098606804e+02
3.343640775513576386e+02
3.362141427082493692e+02
3.393226612757180192e+02
3.392690138735205210e+02
3.400820577421773692e+02
3.403210512724477326e+02
3.438017778531062163e+02
3.440806214678474930e+02
3.445935480227751100e+02
3.460416464335705768e+02
3.503739233520631160e+02
3.514278402041383629e+02
3.538312976087898392e+02
3.550114991764064030e+02
3.583438357344396081e+02
3.597305004500456675e+02
3.615460856244320098e+02
3.621251052919243989e+02
3.653131105109102350e+02
3.648666524431263269e+02
3.652928377387947876e+02
3.656328862586640298e+02
3.673613768577386622e+02
3.662548962785108415e+02
3.666930397237073294e+02
3.680107975417391799e+02
3.716246599384628553e+02
3.724110630552896737e+02
3.731704156348907304e+02
3.746331105775554420e+02
3.787352058513432667e+02
3.793499101721321836e+02
3.797962879941119922e+02
3.803364384483177218e+02
3.829506815544926894e+02
3.841363667280601817e+02
3.851929073161441011e+02
3.856099725889353067e+02
3.896222661755363106e+02
3.906864620336921234e+02
3.921530809005509468e+02
3.944495184926641969e+02
3.971614443008788271e+02
3.968524356161515811e+02
3.973400013363936978e+02
3.973404850495495566e+02
4.002312268916982703e+02
4.012142577859113999e+02
4.022993508026501104e+02
4.040410236434281614e+02
4.086100983932232680e+02
4.110166633821317532e+02
4.127047506025744497e+02
4.139185456298365580e+02
4.172736852864445041e+02
4.176551039591831227e+02
4.195104393348278791e+02
4.211987432587610556e+02
4.239706923619606869e+02
4.239995880618112096e+02
4.246642692550485663e+02
4.263383303531575734e+02
4.298579060917886636e+02
4.289997254966803553e+02
4.298448873721252994e+02
4.305361293989875549e+02
4.349280341266020287e+02
4.368829037923102874e+02
4.381964209937119108e+02
4.392834190918093782e+02
4.439004226732981806e+02
4.451222279655904117e+02
4.476156868208628339e+02
4.487396283571640083e+02
4.527408960527253043e+02
4.532604976367775294e+02
4.546111581020324479e+02
4.563199071642378613e+02
4.607712688261165681e+02
4.606169383727433910e+02
4.631710333705233325e+02
4.644898752874553907e+02
4.681951623475485462e+02
4.677020505579392875e+02
4.674353769810115296e+02
4.664072595173574882e+02
4.699625741458738162e+02
4.705582984208741664e+02
4.710586498136311207e+02
4.711881066290682725e+02
4.748452887196162351e+02
4.759040663323908689e+02
4.766650369068839268e+02
4.770470188509763148e+02
4.800226264721813436e+02
4.799083420179998143e+02
4.804569351822790395e+02
4.840096500133956283e+02
4.879240608557635142e+02
4.882247773233889347e+02
4.919384817068022357e+02
4.944406102016371278e+02
4.991621009366162980e+02
5.007341358317153777e+02
5.009134780081153053e+02
5.028266009424922345e+02
5.082258901976421157e+02
5.079674413353688465e+02
5.091413868651620191e+02
5.100051391863393633e+02
5.128088157776049911e+02
5.129518672616635513e+02
5.137204343356290792e+02
5.161460510148607455e+02
5.212082976418520275e+02
5.200392143197917676e+02
5.207621800339144329e+02
5.211652251589806610e+02
5.246928921042915590e+02
5.246806749552068823e+02
5.236233306196559170e+02
5.227674535074946789e+02
5.265934220431269068e+02
5.283235535065986141e+02
5.343300171326854979e+02
5.370569271651476129e+02
5.416585287703204585e+02
5.436435176919879950e+02
5.473333318976083319e+02
5.498361131672830879e+02
5.546246987728362683e+02
5.539962689642890155e+02
5.568434536934283869e+02
5.598368497192832365e+02
5.636100116969447527e+02
5.612983666734893404e+02
5.619775740377008333e+02
5.611171743609370424e+02
5.630581324788777238e+02
5.599166645360028269e+02
5.597265821879369696e+02
5.599859483073470301e+02
5.645713802352117909e+02
5.655871900490852795e+02
5.688330777982355357e+02
5.730202208088670659e+02
5.800230616764578144e+02
5.814033157640118361e+02
5.847551353357171138e+02
5.869614683641586907e+02
5.897233110298919883e+02
5.889730353476343225e+02
5.900107109016095137e+02
5.924758707895484804e+02
5.960800730135287040e+02
5.945219532584542321e+02
5.958364536026997484e+02
5.972015680336205605e+02
6.003156549985208130e+02
5.997787898462192970e+02
5.995523359710673503e+02
6.003008763110416339e+02
6.062391704438882698e+02
6.069720873708234876e+02
6.091748315267448106e+02
6.100729969272509834e+02
6.127323605798072776e+02
6.108864449017668221e+02
6.105106197654813514e+02
6.097664509229405212e+02
6.124567299331501999e+02
6.107807230381115460e+02
6.135523449732521613e+02
6.153289933159522889e+02
6.207162302579434936e+02
6.224997723365690945e+02
6.238743097098115413e+02
6.249521690106421374e+02
6.309681904749062369e+02
6.301543418880620493e+02
6.320176002652950729e+02
6.310260057477067903e+02
6.346171238089079907e+02
6.369116315881107084e+02
6.398152847067440234e+02
6.410962529319403984e+02
6.444351692976110826e+02
6.438136679048037649e+02
6.473221666048780207e+02
6.484587009704457614e+02
6.513627903648267647e+02
6.495485655584242295e+02
6.501976399463363805e+02
6.510389632845982533e+02
6.544862046608458286e+02
6.523177740538142189e+02
6.530346702275064672e+02
6.540633775077242262e+02
6.592802925581889895e+02
6.586919618663905567e+02
6.605474187179192995e+02
6.587032196682221183e+02
6.643108493369130656e+02
6.660154612193554158e+02
6.665499904507580595e+02
6.660399483114558734e+02
6.711082884782651945e+02
6.741897472591366522e+02
6.798529749290654536e+02
6.782901718075822828e+02
6.802662999403165713e+02
6.812470937500696664e+02
6.849210549783369970e+02
6.834121816674727370e+02
6.835343591489739765e+02
6.806167057771912141e+02
6.791609908894226919e+02
6.675590964218696399e+02
6.661716391566635593e+02
6.614649277770034814e+02
6.652360798870823828e+02
6.671199531313718580e+02
6.715172566245532835e+02
6.758931369071449353e+02
6.914401412969682497e+02
6.972356734828680374e+02
7.054341519373571145e+02
7.028010438941038274e+02
7.024356320624506225e+02
7.026429622268514095e+02
7.068848881464891747e+02
7.062215599768547918e+02
7.095893341248234947e+02
7.097275293103077729e+02
7.141093438229169124e+02
7.154025224109780083e+02
7.184576000930734381e+02
7.204525321750455760e+02
7.253247828778947905e+02
7.259228081095461675e+02
7.303207978998287899e+02
7.337351766239211202e+02
7.411791607360665921e+02
7.427075299904716985e+02
7.430553222816405423e+02
7.419611994042943479e+02
7.446722347745536581e+02
7.422011776843768303e+02
7.429201699207245611e+02
7.421471908925444723e+02
7.439115396517574936e+02
7.435500367562248130e+02
7.464366931715330793e+02
7.472993686205926451e+02
7.502446819773068682e+02
7.486050045596147129e+02
7.520258844551269704e+02
7.566154369863646707e+02
7.628620487395098735e+02
7.638683098826238620e+02
7.669954112508809203e+02
7.694219088616594036e+02
7.766330994912608503e+02
7.748288324616812588e+02
7.742864657901620831e+02
7.772188596473641837e+02
7.821262054415309422e+02
7.797799993387271797e+02
7.820449140346868262e+02
7.820040721895788920e+02
7.870034317155676717e+02
7.902790524145118525e+02
7.916912929575453290e+02
7.918300053177770224e+02
7.983286742551234738e+02
8.003850887987126725e+02
8.048171449168697791e+02
8.093351983203184545e+02
8.129286094487889613e+02
8.095539030501101934e+02
8.104083516796833919e+02
8.093390635359490943e+02
8.120763650869472485e+02
8.135756915708011547e+02
8.151785760967811711e+02
8.206293913185153315e+02
8.288021034799123754e+02
8.314063652595650638e+02
8.358360010250402183e+02
8.391183870928185797e+02
8.418820061978892682e+02
8.417262065185404936e+02
8.392207821136883013e+02
8.395663262301228542e+02
8.492017952674641492e+02
8.505055665830967655e+02
8.521152735147644535e+02
8.529663351178593302e+02
8.538782939211616849e+02
8.540187110867318552e+02
8.581497739308219934e+02
8.599976491984244831e+02
8.681148584177929024e+02
8.717201525849512791e+02
8.768804077702744735e+02
8.832199608050761981e+02
8.905478463363083392e+02
8.940305184807156138e+02
8.924024994940735951e+02
8.925903550551136050e+02
8.984870232890932584e+02
9.014324473854651387e+02
9.061611871651700767e+02
9.106774234198171598e+02
9.170941459065829804e+02
9.194815571157756722e+02
9.223993940597641767e+02
9.218555783250528748e+02
9.288994320841975423e+02
9.311267422920419676e+02
9.301758138646748648e+02
9.293160036343534784e+02
9.368396727951010234e+02
9.408181677959071294e+02
9.423895451866072790e+02
9.374982448162728588e+02
9.423601372385585364e+02
9.492265873426190410e+02
9.560888744153290872e+02
9.612853624027161459e+02
9.661822325497709016e+02
9.686327516072493609e+02
9.805753945158610350e+02
9.841173532426953443e+02
9.896781538585631779e+02
9.889147863201174005e+02
9.915278774278540368e+02
9.944562357494902471e+02
1.003323819345030529e+03
9.979439951686308632e+02
9.943307332176374302e+02
9.904059564198813632e+02
9.979975112110739701e+02
1.001458351269960076e+03
1.006774704862735689e+03
1.010552930264808992e+03
1.023982212123779846e+03
1.039645786445421436e+03
1.049336946769209817e+03
1.054332184271070673e+03
1.059971019028639375e+03
1.061669422724898141e+03
1.066685101276120122e+03
1.067068348354092677e+03
1.070876812481887328e+03
1.076072800753889169e+03
1.079473933091648632e+03
1.078921017732806149e+03
1.085350476243018193e+03
1.085466708367449883e+03
1.098889073986304538e+03
1.100316187175199730e+03
1.102980725203932252e+03
1.110859431065586477e+03
1.123980918668896038e+03
1.131269259360519072e+03
1.141844778456770200e+03
1.136952806226026041e+03
1.141121061446203839e+03
1.151549144864895652e+03
1.156186186563272713e+03
1.155152775411003631e+03
1.160959452729200166e+03
1.166946651319342209e+03
1.178614441508365871e+03
1.179372051005410185e+03
1.180126614032427824e+03
1.182332706398971595e+03
1.197068757371111587e+03
1.199495132521252799e+03
1.210867200480631936e+03
1.213693568048657653e+03
1.227326053081266764e+03
1.230393132113836373e+03
1.238877546609186538e+03
1.232002521815674982e+03
1.239202664131473512e+03
1.237026098241621412e+03
1.240417448605077652e+03
1.249152637650012821e+03
1.267886971267453418e+03
1.269253312568133651e+03
1.272160804862989153e+03
1.275404037070650702e+03
1.282545232674595127e+03
1.277848553426181979e+03
1.274580592826609518e+03
1.266034463126525679e+03
1.270747184363472570e+03
1.283214132608508635e+03
1.300354077624931961e+03
1.306728323803360581e+03
1.331511677042404926e+03
1.341990541554681840e+03
1.346510206968209104e+03
1.355474161223598912e+03
1.369964079486179344e+03
1.360282470326072598e+03
1.362623202121582835e+03
1.359042491460429801e+03
1.362986541631232285e+03
1.375194655646194178e+03
1.382597518925433633e+03
1.373569989330221460e+03
1.379129145860300923e+03
1.387033312126411602e+03
1.397093095548787005e+03
1.406267319796325182e+03
1.411150078417014811e+03
1.408081919778828478e+03
1.419095889056351325e+03
1.433790701698364956e+03
1.439833085302538166e+03
1.433849031396879354e+03
1.431797819662752545e+03
1.440456890391145635e+03
1.457105239707324472e+03
1.462815700605896154e+03
1.456018486380411559e+03
1.462000665471418415e+03
1.490788585437950815e+03
1.510534603837349323e+03
1.523162514735975037e+03
1.535622990020277939e+03
1.553391049343365921e+03
1.571307716348265785e+03
1.587693546500266848e+03
1.589115505309255013e+03
1.595105224460371801e+03
1.601901421120721807e+03
1.600037365014876741e+03
1.597022816602996500e+03
1.609734815208327745e+03
1.619449042823239779e+03
1.630039130962351010e+03
1.643905820307454633e+03
1.652216532514255277e+03
1.659972780991406125e+03
1.674579608201960582e+03
1.676788195759549126e+03
1.670925376667683167e+03
1.672813040350432402e+03
1.660968987899151216e+03
1.660943274584230494e+03
1.687957025504539615e+03
1.696445624783727226e+03
1.704580682797676673e+03
1.713153802240402456e+03
1.706776110904228744e+03
1.718895500847742596e+03
1.733146918879194345e+03
1.718240736223756130e+03
1.723455026794405057e+03
1.722817561203059086e+03
1.719137580737990447e+03
1.720532896948671805e+03
1.731265857127770005e+03
1.733539995615344651e+03
1.742951578527794481e+03
1.752006748780789621e+03
1.767596188109252580e+03
1.777206698307518991e+03
1.798522824670936870e+03
1.804920168827588213e+03
1.810237242903109973e+03
1.810601762792539375e+03
1.810705855820025363e+03
1.816679777616924866e+03
1.836795449386605469e+03
1.838674448163909574e+03
1.844202241028990329e+03
1.866082126271782499e+03
1.894716733172696877e+03
1.891051170330801142e+03
1.894241324255062182e+03
1.907760935487822962e+03
1.917155080170391557e+03
1.921851007918446840e+03
1.935982604253578529e+03
1.919311075598146999e+03
1.938267627741943443e+03
1.958976109078708078e+03
1.959376137301588415e+03
1.956539603128209137e+03
1.955972731704775015e+03
1.944269846136241767e+03
1.962371517448935947e+03
1.963989203682571997e+03
1.943134460695994449e+03
1.925140393469117043e+03
1.935147387201727952e+03
1.948302167872785276e+03
1.941753855031702869e+03
1.936004210172884768e+03
1.968253567902171199e+03
2.012531628319079118e+03
2.058975609521523438e+03
2.093116649906359726e+03
2.103843687573114948e+03
2.125710638897921399e+03
2.141899993401716983e+03
2.113800790016981864e+03
2.092476856539498385e+03
2.087287849408532111e+03
2.081773384047146010e+03
2.071194493683123710e+03
2.056803566224916722e+03
2.076164452443138998e+03
2.091435172986956331e+03
2.098438257091171636e+03
2.091343046054329534e+03
2.083798054245442017e+03
2.104997991018367884e+03
2.128841095733722796e+03
2.122375303101141071e+03
2.135753839339693059e+03
2.159191761435647550e+03
2.175804154632070095e+03
2.210156034866844493e+03
2.239387465224706375e+03
2.259125587435303260e+03
2.264580547673406727e+03
2.249717936336937782e+03
2.240878610705803112e+03
2.255098846691266772e+03
2.278899566655881699e+03
2.261001253044196801e+03
2.251803846240468829e+03
2.286465311272061172e+03
2.327201850166330132e+03
2.328430665876160219e+03
2.316458954444810388e+03
2.280662427925825341e+03
2.276046628924117613e+03
2.286554597969560291e+03
2.266365720814555516e+03
2.270935443798840879e+03
2.270906692127981387e+03
2.275117724261361673e+03
2.303592776004129064e+03
2.338149231361552211e+03
2.318521754682212759e+03
2.294683630290882320e+03
2.282921627190219169e+03
2.290336016827613093e+03
2.299373343160742024e+03
2.294451555943358471e+03
2.279629742135246033e+03
2.339143714751777225e+03
2.389112064532941531e+03
2.420735115133551062e+03
2.444818285467810711e+03
2.465143631155992352e+03
2.463990169048083317e+03
2.480013363288388518e+03
2.464501427871377018e+03
2.454939848799845095e+03
2.446623780480464575e+03
2.452176045007840457e+03
2.446660942698576491e+03
2.462019500160533880e+03
2.464666177341547609e+03
2.480513098370012813e+03
2.509895991284299271e+03
2.516572577387310957e+03
2.507503292564323601e+03
2.507054728876496483e+03
2.497811700079083948e+03
2.504036692852125725e+03
2.489510320431797027e+03
2.484567056106995096e+03
2.469747639985549085e+03
2.491168740140260979e+03
2.510932733996525712e+03
2.526198333617340722e+03
2.527848531152146279e+03
2.542473419121389270e+03
2.531563320619093247e+03
2.543652772088313213e+03
2.534659860915862737e+03
2.554001947232236489e+03
2.565950740928186406e+03
2.579490683951838037e+03
2.598457401875288269e+03
2.613366450374963279e+03
2.647278829009987476e+03
2.665717402701040555e+03
2.670875149051067183e+03
2.683024545441924602e+03
2.702686699464809408e+03
2.693068233159075135e+03
2.706635363052300818e+03
2.687027432764888545e+03
2.710712056962465795e+03
2.702324486082006842e+03
2.693855850131334137e+03
2.710428687316296418e+03
2.705485513352959060e+03
2.696113878032361754e+03
2.707283821527078089e+03
2.723408317992835691e+03
2.749689441763552622e+03
2.749783924503818071e+03
2.742458592701708767e+03
2.770011820412816633e+03
2.764470720024020920e+03
2.758163545770103610e+03
2.715841889942113994e+03
2.678139828486447641e+03
2.686606622126210368e+03
2.672540374810107096e+03
2.652689044720317270e+03
2.702424097758655535e+03
2.696793797474781059e+03
2.709427167274586736e+03
2.748847503656939352e+03
2.758199763629686913e+03
2.758005984336541133e+03
2.740853143788217494e+03
2.701895883052996396e+03
2.716096125403798851e+03
2.736233592168269752e+03
2.711348449136616637e+03
2.686366645868430624e+03
2.701179856297290371e+03
2.701180178902484840e+03
2.702856956000131049e+03
2.689383937565061387e+03
2.686841438338355601e+03
2.723452919071125507e+03
2.735293960314908873e+03
2.721712343479527135e+03
2.736969922443896394e+03
2.775358244520540666e+03
2.805449000892509048e+03
2.822160466801503844e+03
2.782966689315966960e+03
2.765889507661296648e+03
2.741826245525713603e+03
2.743571540732905760e+03
2.716976760700911655e+03
2.709339614333225200e+03
2.684935649679416201e+03
2.698532646123693212e+03
2.723886935716702737e+03
2.739523601322620380e+03
2.745610257499462932e+03
2.730987221443046110e+03
2.702098697630009156e+03
2.692508477334828058e+03
2.691394995827225102e+03
2.679560476716582798e+03
2.679404214227509328e+03
2.693064827677633275e+03
2.711302551583425156e+03
2.725353197120884488e+03
2.728340992118581198e+03
2.718258903389408715e+03
2.752989314393383665e+03
2.772266990067557344e+03
2.763152545182266294e+03
2.750312088270984987e+03
2.767945688769408207e+03
2.785979489488078343e+03
2.784501632116305700e+03
2.774244180295736896e+03
2.805488068320018101e+03
2.809717573409218403e+03
2.820512409710624524e+03
2.804263771469180028e+03
2.785889603035010168e+03
2.801086453013401751e+03
2.805444406673590947e+03
2.790799471861855181e+03
2.789025841771864634e+03
2.811705339424673184e+03
2.866761706010582202e+03
2.879687977009970837e+03
2.864388327422945167e+03
2.844570477698655395e+03
2.882257559076443158e+03
2.909025595887589589e+03
2.918629999171629152e+03
2.932744020659727994e+03
2.986785790796997844e+03
3.077076241861995186e+03
3.130474391167926569e+03
3.071135724455188665e+03
3.077224287967714645e+03
3.071436329599291639e+03
3.068085310734570157e+03
3.057703360368303947e+03
3.020403752349999650e+03
2.983576781375150858e+03
3.008393458619880221e+03
3.007105978777287874e+03
3.002689629025588147e+03
2.927490315525152710e+03
2.912994918989003963e+03
2.943375397461764805e+03
3.024688782874871777e+03
3.079099856125465976e+03
3.108959234919803748e+03
3.124131760762118120e+03
3.183457387103341262e+03
3.174123481417098446e+03
3.123735049126959439e+03
3.048235219068248625e+03
3.034631916468489180e+03
3.008850121320503149e+03
2.996855285437111888e+03
3.013370704424918586e+03
3.089897631314738192e+03
3.125407082044195704e+03
3.157538625051272902e+03
3.176720813195287519e+03
3.214581270935891098e+03
3.243120867970923427e+03
3.274352742245078844e+03
3.277023997779880574e+03
3.266347431578963096e+03
3.264278648349833929e+03
3.229473359461954260e+03
3.246886121932591323e+03
3.306546925151441428e+03
3.327492069541550791e+03
3.336504244995986483e+03
3.378908573567618987e+03
3.427326616740426289e+03
3.485400859404214316e+03
3.448449231638537185e+03
3.400055322725324004e+03
3.435938512443844047e+03
3.431051050724137895e+03
3.465181485156184408e+03
3.463854789214821267e+03
3.455535156211113645e+03
3.500808051804077877e+03
3.581373228867306352e+03
3.597341741397146052e+03
3.641646286395575771e+03
3.611112224788412277e+03
3.594740183967399844e+03
3.609555534894911489e+03
3.707403763667809926e+03
3.726001062719292804e+03
3.705731249596346515e+03
3.661101191563298471e+03
3.683568617885601270e+03
3.762644240279866153e+03
3.765328565863647327e+03
3.643222910205863172e+03
3.599892284528875734e+03
3.575506046447789231e+03
3.577924579134778014e+03
3.635859715059109931e+03
3.645021303307596099e+03
3.718598279035156793e+03
3.791269493599122598e+03
3.811233135797672276e+03
3.821554357201257062e+03
3.837437018214573072e+03
3.827886325942855819e+03
3.836497140681846304e+03
3.819534384934459013e+03
3.876160784805610092e+03
3.931513714392436668e+03
4.017367485964540720e+03
4.143072770675710672e+03
4.220688290221068200e+03
4.252692942760958431e+03
4.206495886238380990e+03
4.258367416523186876e+03
4.338987993931868914e+03
4.312473236103423005e+03
4.285598144395890813e+03
4.377093445071886890e+03
4.413691013438847222e+03
4.461757688415054872e+03
4.370444854170295002e+03
4.306859903756525455e+03
4.311834832608066790e+03
4.264655800015831119e+03
4.181553826339106308e+03
4.285769088149429081e+03
4.378016928559482949e+03
4.438871885629079770e+03
4.492196367302332874e+03
4.535939946400274493e+03
4.654415049276105492e+03
4.699576128585018523e+03
4.611357628108443350e+03
4.673247755855116338e+03
4.759045319793474846e+03
4.768452487483403274e+03
4.872659929093749270e+03
4.890276059466744300e+03
4.961979370382990965e+03
5.101028032949367116e+03
5.154564635403698048e+03
5.146912325239816710e+03
5.187744050037362285e+03
5.115389385739339559e+03
5.041995926898703146e+03
5.094562904191105190e+03
5.206840773302941670e+03
5.163664867501335721e+03
5.133239558576527998e+03
5.262017369053512084e+03
5.372213871523373200e+03
5.506828529250303291e+03
5.342118501208845373e+03
5.103681259683892677e+03
5.043899561732084294e+03
5.052173695750951083e+03
5.000663336813360729e+03
5.053854661646289060e+03
5.138900077751948629e+03
5.254016315610410857e+03
5.363296034806957323e+03
5.536595785053222244e+03
5.582362735844873896e+03
5.506390539393226391e+03
5.395117030977100512e+03
5.273057197061978513e+03
5.313373016722250213e+03
5.333594806101115864e+03
5.271145811776376831e+03
5.279430147729281089e+03
5.293227530747704805e+03
5.384483090801581056e+03
5.518291787622937591e+03
5.442967450031414955e+03
5.433795685565335589e+03
5.401727712304481429e+03
5.386500411571537370e+03
5.548167295726911107e+03
5.592493673745874730e+03
5.488881224058104635e+03
5.531492495913335915e+03
5.685870529132651427e+03
5.865653313586680270e+03
6.005873093666430577e+03
5.933311069553108609e+03
5.897725818093957059e+03
6.006306670007875255e+03
6.081489986338066956e+03
5.948576268778288977e+03
5.771211860701497244e+03
5.807287986225634995e+03
5.821315307381380990e+03
5.744165842742109817e+03
5.817158088676271291e+03
5.814946933938586881e+03
5.813890684457585849e+03
5.910986686544209988e+03
5.787928465923218937e+03
5.681777233187400270e+03
5.683042128308724386e+03
5.636913019556494874e+03
5.668916691464386531e+03
5.712923300430076779e+03
5.738668046319873611e+03
5.828096430706446881e+03
5.852005449152745314e+03
6.052519050749640883e+03
6.140939080391203788e+03
5.989974479077059186e+03
5.951030539971957296e+03
5.947388469794100274e+03
5.915723359308173713e+03
5.994139116627070507e+03
5.954286732909822604e+03
5.888911938857715541e+03
6.001301471979633789e+03
6.168357028861267281e+03
6.379941277712599003e+03
6.564653826490053689e+03
6.780466972462504600e+03
6.958434344902573685e+03
7.143016424971383458e+03
7.357196716690339599e+03
7.065655851104022076e+03
6.792242452511713964e+03
6.811545871370835812e+03
6.864385997472745657e+03
6.654091891760100225e+03
6.459763332397306840e+03
6.308854563710932780e+03
6.417076301401236378e+03
6.511770236347862920e+03
6.527932704556284079e+03
6.442811446123394489e+03
6.648028287633367654e+03
6.972379816050037334e+03
7.231027213314022447e+03
7.457766123524974319e+03
7.601741033893124040e+03
7.639306669495440474e+03
7.645944956382594683e+03
7.585581540389733163e+03
7.467453718088311689e+03
7.284606462383931103e+03
7.198572371683182610e+03
7.173249070270129778e+03
7.261393501389123230e+03
7.351019270188460723e+03
7.315258100478307824e+03
7.370381796421874242e+03
7.537602121688865736e+03
7.874143350172085775e+03
8.152768881750733271e+03
8.037454170929259817e+03
7.859129712929006018e+03
8.169043523064873625e+03
8.342284469312740839e+03
8.381379745198497403e+03
8.181984740532970136e+03
7.965178914140507004e+03
8.067616452265291628e+03
8.222369856760629773e+03
7.858186119546198825e+03
7.432312342680404981e+03
7.425851448669792262e+03
7.569086030136461886e+03
7.625438576567607925e+03
7.445116565810567408e+03
7.676979682639743260e+03
7.875583331101977819e+03
8.172775466994457020e+03
8.281196856706459585e+03
8.064029705711134739e+03
8.443558163273786704e+03
8.910767731723188263e+03
8.741652328793066772e+03
9.119936671328558077e+03
9.139537143545991057e+03
9.047948433324441794e+03
9.418918417316866908e+03
9.573530047118107177e+03
9.557780136739111185e+03
9.564021850411965715e+03
9.281076002043764674e+03
9.565393071373506245e+03
1.010479433191302633e+04
1.004685837863579036e+04
9.733906921560157571e+03
9.815227791873758179e+03
1.017818456516925471e+04
1.025222988461124442e+04
1.008095302721620828e+04
1.002243794564001109e+04
1.013374079312912181e+04
1.021630328164995444e+04
1.053189898020389046e+04
1.076749720321107088e+04
1.125489483713442860e+04
1.127821440651256671e+04
1.115308177107318261e+04
1.138103957943027672e+04
1.173242738697832101e+04
1.188223881623668603e+04
1.163174342629191960e+04
1.144793632543067179e+04
1.177339698281677738e+04
1.210053796800265445e+04
1.219490515415757545e+04
1.233879911058946891e+04
1.232088016606048404e+04
1.221165257097697759e+04
1.211256249653195482e+04
1.220301777695644341e+04
1.181063486342270880e+04
1.190169441327725144e+04
1.204467842959786685e+04
1.206440942604766678e+04
1.207940065435377801e+04
1.253862569818657903e+04
1.268608347758403761e+04
1.266300773521854717e+04
1.244203224605199466e+04
1.211382262937052656e+04
1.203084540352304430e+04
1.295457584513750407e+04
1.216716176876614372e+04
1.215363529566897523e+04
1.277947060040572615e+04
1.309916709161554718e+04
1.330401535648174649e+04
1.325769821614378270e+04
1.324687746988414801e+04
1.436018235358347192e+04
1.516944558329727442e+04
1.574918668131233426e+04
1.633236478601314229e+04
1.669295649147826771e+04
1.733961265913060925e+04
1.750443675826705658e+04
1.793120865236217287e+04
1.703524123054218944e+04
1.563798614605524381e+04
1.446083648974451899e+04
1.366235573976105115e+04
1.346863886935430310e+04
1.350035263171428596e+04
1.363234370420675077e+04
1.497394342562203019e+04
1.623400968528583144e+04
1.726366347291440252e+04
1.973735179990652614e+04
1.968916500404955150e+04
1.803067133678635582e+04
1.702506928444582809e+04
1.560821843790493222e+04
1.498714661621816776e+04
1.495595434081934400e+04
1.432166362500769355e+04
1.521725703791363776e+04
1.632435070569745585e+04
1.720241377565114090e+04
1.739308938528377985e+04
1.658575964643337284e+04
1.573963602898159843e+04
1.631586717214790951e+04
1.535021761499966851e+04
1.512748447628033318e+04
1.539410543345396036e+04
1.637862892833188926e+04
1.856889285189869406e+04
2.052166138570391195e+04
1.959738148400749560e+04
2.007137140297440055e+04
2.063393327990385660e+04
2.002246291101763927e+04
1.971074412654566186e+04
1.854170521864726470e+04
1.808764838927839446e+04
1.746594568157077447e+04
1.713134916182464440e+04
1.749752418266889435e+04
1.812218005551266469e+04
1.676060744003373111e+04
1.673515955974325698e+04
1.663842685293812974e+04
1.693357769150027525e+04
1.760630181899522358e+04
1.711133934057890292e+04
1.674924166971466548e+04
1.718407358455311987e+04
1.816650509555303142e+04
1.861969811035420935e+04
1.817585525458490156e+04
1.826873499478551457e+04
1.806861445113396258e+04
1.780076661991587753e+04
1.810225667591335514e+04
1.789447227287096757e+04
1.822722459167228590e+04
1.890749575170072421e+04
1.860114066866852954e+04
2.022189472362243760e+04
2.111218303630173978e+04
2.155192108619894134e+04
2.117180850776132502e+04
2.149794727535703714e+04
2.317604499014410976e+04
2.454598090115689774e+04
2.370982215988782991e+04
2.590267871987763283e+04
2.847406659186540128e+04
2.686039385760747609e+04
2.599532135605663279e+04
2.482410480930829726e+04
2.567461108387069180e+04
2.568316021470223495e+04
2.249041634641045675e+04
2.171459524634507034e+04
2.451686630594433882e+04
2.711943491474208713e+04
2.928668296343183465e+04
3.042691538577766187e+04
3.182994065762821992e+04
3.874490079981811141e+04
4.291733722502346791e+04
4.148199333699458657e+04
4.017135377011930541e+04
3.770424551561236876e+04
3.377254800362495735e+04
3.333928673472720402e+04
3.235490807572862832e+04
3.081866315142276289e+04
2.852164598311275768e+04
2.608726448401892776e+04
2.610286783801069396e+04
2.650674786836485873e+04
2.613756084783031838e+04
2.441917599169122332e+04
2.383664098886179636e+04
2.408092661257195141e+04
2.435765451049399053e+04
2.273034645397440181e+04
2.039555295724688767e+04
2.156035866978949707e+04
2.323859872051673301e+04
2.450417518176501835e+04
2.910619039986265489e+04
3.057394710049810965e+04
3.536895058573145798e+04
5.143749385257143149e+04
5.282604924419518647e+04
5.135690343120113539e+04
4.535773949088066001e+04
4.075032370266485668e+04
4.388085532366646657e+04
3.737816805435915012e+04
3.310970533937837172e+04
3.269323529828447863e+04
3.206427380571734830e+04
3.412625430472858716e+04
3.126183778738524052e+04
3.152520604225405987e+04
3.472691047788463766e+04
3.490708099836675683e+04
3.337924460658383759e+04
3.298792351185913867e+04
3.354063274420281232e+04
4.025318699643571017e+04
3.798110629886738025e+04
3.646309816319806123e+04
3.459069609223464067e+04
3.196167399096155714e+04
3.133740361084313190e+04
3.546232946262376936e+04
3.748912087710914784e+04
4.246111428214012994e+04
4.710122633355018479e+04
4.992504629503063188e+04
5.854698319382742920e+04
6.819272998063189152e+04
5.468811513363721315e+04
4.237048846315791889e+04
3.620200428482245479e+04
3.409969932589603559e+04
3.121468107811456866e+04
2.660885352037793564e+04
2.537949434908753392e+04
2.723213829421264381e+04
2.667891351098648374e+04
2.664025359426046271e+04
2.765641018448596151e+04
3.165847996464058815e+04
3.560380470454788883e+04
4.223333322333147225e+04
3.523985533743895212e+04
3.503889695529323217e+04
4.161036550738802907e+04
4.964345803027957299e+04
4.770677765310900577e+04
6.011153937943262281e+04
5.863589728286689206e+04
8.179609383351968427e+04
1.154631293885260238e+05
9.431304513044837222e+04
7.032406119457712339e+04
7.082499160558074072e+04
6.293041686759801087e+04
6.184232515435075766e+04
5.233722046622694324e+04
4.725234328492994246e+04
5.230551894942619401e+04
6.532615134514863894e+04
7.327798208554570738e+04
7.260889095300631016e+04
5.503143575358731323e+04
5.343169507048634841e+04
5.830135596392489970e+04
5.527489729204883770e+04
4.587881488469570468e+04
4.708415073882516299e+04
4.986255473296131822e+04
5.397205574825152871e+04
5.507610289186215959e+04
6.377736390041105915e+04
6.826825379015572253e+04
7.921032687945314683e+04
6.744353660062386189e+04
6.502146926798908680e+04
7.124366085368812492e+04
9.940078459787463362e+04
7.964940719962610456e+04
7.452504298410830961e+04
7.086732394444220699e+04
8.314915101812809007e+04
6.690519261162764451e+04
5.595009064565193694e+04
4.698263513066990708e+04
5.145476177118821943e+04
4.641120418042805977e+04
3.870730558947966347e+04
3.493876413642121770e+04
4.263136776632737019e+04
5.285886405900999671e+04
6.139438701001966547e+04
6.040820584012196196e+04
7.494828050490895112e+04
1.038810006992194394e+05
2.085471325937672809e+05
2.040516185133242980e+05
2.565905608590123302e+05
5.582434881222838303e+05
-2.274290999354495434e+05
-2.219859207442946790e+05
-1.663840710481680871e+05
-7.124586647966350429e+05
2.570534765455547022e+05
1.050381511499465996e+05
9.418410367194727587e+04
8.439782500553365389e+04
6.980985943159965973e+04
6.428849727160244220e+04
7.555012352032134368e+04
1.168448461836584756e+05
1.536764363785818277e+05
1.328029225366881001e+05
7.184961377609572082e+04
7.976424017879596795e+04
8.602818634458842280e+04
8.367160762313353189e+04
7.130946647966348974e+04
8.303741712912735238e+04
1.041024328170249355e+05
1.509118184281591093e+05
1.745383982344724936e+05
1.919662169263148098e+05
1.641858999532442831e+05
1.608744164326549217e+05
2.085115640806615411e+05
1.589908143992522382e+05
1.167111650075854996e+05
1.023952378280907142e+05
1.006635384869222617e+05
8.518074315499987279e+04
8.396425493543061020e+04
6.015940191086598497e+04
6.055486212450483436e+04
6.521896952696682274e+04
5.590674434214999201e+04
6.036093295081175165e+04
7.541901734701421810e+04
1.088631148853298655e+05
3.223530021606754162e+05
3.111050937976621790e+05
3.833729380627275677e+05
-8.379101938782595098e+05
8.278182148799044080e+05
4.125137586027426878e+05
1.439861389039809001e+05
9.198932098529594077e+04
8.230100286997995863e+04
7.940029840947904449e+04
6.806487677820045792e+04
6.715115087953068723e+04
6.922066713281220291e+04
9.225144809294833976e+04
9.210798766796027485e+04
7.822035995552811073e+04
6.264354443632280163e+04
6.208238537153377547e+04
6.864543096492682525e+04
7.005864544345600007e+04
6.733431076600181405e+04
6.513546795943558391e+04
7.149586647966349847e+04
6.577565974186385574e+04
6.646651202934543835e+04
9.828910230723043787e+04
1.166766555043403496e+05
1.179693022729229706e+05
1.567931432815415610e+05
2.382458882655450143e+05
-5.261776947034468176e+05
-4.760344431981896050e+06
1.852781515017236816e+05
1.559023336535327835e+05
1.659945605586575984e+05
2.496847946654740372e+05
1.295106663266609103e+05
1.057358665866812516e+05
1.229316029059927823e+05
1.081443934241464158e+05
1.074034133729855821e+05
8.595346193196102104e+04
8.106640100075515511e+04
1.072281121681699733e+05
1.041735662968836405e+05
1.052372661941943807e+05
1.111078794396039011e+05
1.401902883457963180e+05
1.283448231232700200e+05
7.221548324509555823e+04
6.434911154441183317e+04
7.769558695805550087e+04
8.428513224159534730e+04
8.705536422562977532e+04
8.300824560053925961e+04
1.156528770027074061e+05
3.108461418325966806e+05
-9.992488236571812304e+05
7.635663062328886008e+05
-1.246581868064411217e+06
-4.534953278959642630e+05
1.417661329593270086e+06
2.110912692847191065e+05
1.141951151041273552e+05
6.400697170526289119e+04
6.055251823400990543e+04
6.943177673119035899e+04
6.740725305550040503e+04
7.994744286636394099e+04
1.016686663995192939e+05
1.096728715071745974e+05
1.840475815535371366e+05
2.316526595428826404e+05
1.305923876236881624e+05
1.216007960403787583e+05
8.194048964370058093e+04
6.474784686509839230e+04
6.262919202070262691e+04
5.341896238247443398e+04
5.798848420684796292e+04
6.997584287904873781e+04
6.867436862863338320e+04
9.548115530621800281e+04
1.617666662435799371e+05
3.052347509772737976e+05
3.410212689507194795e+06
-2.847350659186540288e+05
2.422792215988783573e+05
6.553506591865399241e+04
