3.794666432912575829e+02
5.287999766245908404e+02
1.744666432912575829e+02
3.062999766245909541e+02
7.949666432912575829e+02
1.169299976624590727e+03
1.322299976624590727e+03
1.117466643291257697e+03
1.204133309957924212e+03
1.276799976624590727e+03
1.266966643291257697e+03
1.088133309957924212e+03
1.199633309957924212e+03
1.325299976624590727e+03
1.329299976624590727e+03
1.147299976624590727e+03
1.222966643291257697e+03
1.334299976624590727e+03
1.392799976624590727e+03
1.234966643291257697e+03
1.418633309957924212e+03
1.532133309957924212e+03
1.543299976624590727e+03
1.290466643291257697e+03
1.373799976624590727e+03
1.430966643291257242e+03
1.433466643291257697e+03
1.240966643291257697e+03
1.345966643291257697e+03
1.426633309957924212e+03
1.428799976624590727e+03
1.268633309957924212e+03
1.414966643291257697e+03
1.476799976624590727e+03
1.485466643291257242e+03
1.271133309957924212e+03
1.374633309957924212e+03
1.440299976624590727e+03
1.414133309957924212e+03
1.247966643291257697e+03
1.354133309957924212e+03
1.463633309957924212e+03
1.448966643291257697e+03
1.272633309957924212e+03
1.363966643291257697e+03
1.466799976624590727e+03
1.486633309957924212e+03
1.367799976624590727e+03
1.493299976624590727e+03
1.546966643291257242e+03
1.463299976624590727e+03
1.236799976624590727e+03
1.362466643291257697e+03
1.470799976624590727e+03
1.504966643291257697e+03
1.332466643291257697e+03
1.413799976624590727e+03
1.425466643291257697e+03
1.395633309957924212e+03
1.225299976624590727e+03
1.358966643291257697e+03
1.473799976624590727e+03
1.479299976624590727e+03
1.285966643291257697e+03
1.374466643291257697e+03
1.476633309957924212e+03
1.457966643291257242e+03
1.281133309957924212e+03
1.406799976624590727e+03
1.533466643291257697e+03
1.545466643291257697e+03
1.345466643291257697e+03
1.453466643291257697e+03
1.521299976624590727e+03
1.512466643291257242e+03
1.341299976624590727e+03
1.420799976624590727e+03
1.479799976624590727e+03
1.426133309957924212e+03
1.276466643291257697e+03
1.380466643291257697e+03
1.448633309957924212e+03
1.402466643291257697e+03
1.226799976624590727e+03
1.337466643291257697e+03
1.445966643291257697e+03
1.454299976624590727e+03
1.316633309957924212e+03
1.408299976624590727e+03
1.450799976624590727e+03
1.447633309957924212e+03
1.271633309957924212e+03
1.383133309957924212e+03
1.464466643291257697e+03
1.454133309957924212e+03
1.352133309957924212e+03
1.468633309957924212e+03
1.549466643291257242e+03
1.477966643291257697e+03
1.262299976624590727e+03
1.361633309957924212e+03
1.457466643291257242e+03
1.449966643291257242e+03
1.253966643291257697e+03
1.326466643291257697e+03
1.370466643291257242e+03
1.369133309957924212e+03
1.213966643291257697e+03
1.360466643291257697e+03
1.447966643291257242e+03
1.453633309957924212e+03
1.276799976624590727e+03
1.429466643291257697e+03
1.540966643291257242e+03
1.559133309957924212e+03
1.344633309957924212e+03
1.418299976624590727e+03
1.450299976624590727e+03
1.429299976624590727e+03
1.234299976624590727e+03
1.368299976624590727e+03
1.451966643291257697e+03
1.457799976624590727e+03
1.254799976624590727e+03
1.350799976624590727e+03
1.385299976624590727e+03
1.352299976624590727e+03
1.190633309957924212e+03
1.362799976624590727e+03
1.478799976624590727e+03
1.427799976624590727e+03
1.173133309957924212e+03
1.286633309957924212e+03
1.423299976624590727e+03
1.449633309957924212e+03
1.268466643291257697e+03
1.344966643291257697e+03
1.427299976624590727e+03
1.400633309957924212e+03
1.234966643291257697e+03
1.371799976624590727e+03
1.521466643291257697e+03
1.561799976624590727e+03
1.348299976624590727e+03
1.351966643291257697e+03
1.395633309957924212e+03
1.436466643291257697e+03
1.301133309957924212e+03
1.361966643291257697e+03
1.406466643291257697e+03
1.424799976624590727e+03
1.300133309957924212e+03
1.415299976624590727e+03
1.476466643291257242e+03
1.457133309957924212e+03
1.273633309957924212e+03
1.380633309957924212e+03
1.459466643291257697e+03
1.471633309957924212e+03
1.309799976624590727e+03
1.382966643291257697e+03
1.422466643291257697e+03
1.390299976624590727e+03
1.241799976624590727e+03
1.337299976624590727e+03
1.396966643291257697e+03
1.406133309957924212e+03
1.275466643291257242e+03
1.393966643291257697e+03
1.467466643291257697e+03
1.426299976624590727e+03
1.232133309957924212e+03
1.278299976624590727e+03
1.382133309957924212e+03
1.459633309957924212e+03
1.314299976624590727e+03
1.378633309957924212e+03
1.431966643291257697e+03
1.472633309957924212e+03
1.312133309957924212e+03
1.382633309957924212e+03
1.412966643291257242e+03
1.403299976624590727e+03
1.253466643291257697e+03
1.368966643291257697e+03
1.431799976624590727e+03
1.414466643291257697e+03
1.222466643291257242e+03
1.380466643291257697e+03
1.470299976624590727e+03
1.450633309957924212e+03
1.256633309957924212e+03
1.342133309957924212e+03
1.443466643291257697e+03
1.468133309957924212e+03
1.300799976624590727e+03
1.400466643291257697e+03
1.433799976624590727e+03
1.426966643291257697e+03
1.277466643291257697e+03
1.404799976624590727e+03
1.461133309957924212e+03
1.460799976624590727e+03
1.278966643291257697e+03
1.365799976624590727e+03
1.407633309957924212e+03
1.409633309957924212e+03
1.280133309957924212e+03
1.406299976624590727e+03
1.464966643291257697e+03
1.436466643291257242e+03
1.264966643291257242e+03
1.367133309957924212e+03
1.437966643291257697e+03
1.353966643291257242e+03
1.146966643291257697e+03
1.280133309957924212e+03
1.482299976624590727e+03
1.547633309957924212e+03
1.339633309957924212e+03
1.352633309957924212e+03
1.384633309957924212e+03
1.407633309957924212e+03
1.255966643291257242e+03
1.371799976624590727e+03
1.455633309957924212e+03
1.495299976624590727e+03
1.321633309957924212e+03
1.404299976624590727e+03
1.444633309957924212e+03
1.463799976624590727e+03
1.297466643291257697e+03
1.353633309957924212e+03
1.342299976624590727e+03
1.341799976624590727e+03
1.227466643291257697e+03
1.392966643291257697e+03
1.431466643291257697e+03
1.424466643291257697e+03
1.249966643291257697e+03
1.381466643291257697e+03
1.420133309957924212e+03
1.374466643291257697e+03
1.186966643291257697e+03
1.286466643291257697e+03
1.380966643291257697e+03
1.356799976624590727e+03
1.182966643291257697e+03
1.288633309957924212e+03
1.401633309957924212e+03
1.437799976624590727e+03
1.283633309957924212e+03
1.394799976624590727e+03
1.438966643291257242e+03
1.440799976624590727e+03
1.277633309957924212e+03
1.375799976624590727e+03
1.416299976624590727e+03
1.395299976624590727e+03
1.222966643291257697e+03
1.310466643291257697e+03
1.391299976624590727e+03
1.437799976624590727e+03
1.317633309957924212e+03
1.412133309957924212e+03
1.446466643291257697e+03
1.421799976624590727e+03
1.216966643291257242e+03
1.294966643291257697e+03
1.352133309957924212e+03
1.383633309957924212e+03
1.249633309957924212e+03
1.376633309957924212e+03
1.395966643291257697e+03
1.373633309957924212e+03
1.179466643291257697e+03
1.285633309957924212e+03
1.345133309957924212e+03
1.340633309957924212e+03
1.192133309957924212e+03
1.351633309957924212e+03
1.454633309957924212e+03
1.476799976624590727e+03
1.254299976624590727e+03
1.313133309957924212e+03
1.392133309957924212e+03
1.473133309957924212e+03
1.342466643291257697e+03
1.414799976624590727e+03
1.396966643291257242e+03
1.409799976624590727e+03
1.268299976624590727e+03
1.364466643291257697e+03
1.387466643291257697e+03
1.374633309957924212e+03
1.262799976624590727e+03
1.401966643291257697e+03
1.485133309957924212e+03
1.483633309957924212e+03
1.288799976624590727e+03
1.352799976624590727e+03
1.393133309957924212e+03
1.363633309957924212e+03
1.218299976624590727e+03
1.316799976624590727e+03
1.414633309957924212e+03
1.402133309957924212e+03
1.281466643291257697e+03
1.390466643291257697e+03
1.472966643291257242e+03
1.467799976624590727e+03
1.351299976624590727e+03
1.424966643291257697e+03
1.416633309957924212e+03
1.336299976624590727e+03
1.202966643291257697e+03
1.352633309957924212e+03
1.422633309957924212e+03
1.412299976624590727e+03
1.189966643291257697e+03
1.240799976624590727e+03
1.252133309957924212e+03
1.255133309957924212e+03
1.143466643291257697e+03
1.234466643291257697e+03
1.322466643291257697e+03
1.334633309957924212e+03
1.214299976624590727e+03
1.285466643291257697e+03
1.335299976624590727e+03
1.336966643291257697e+03
1.199633309957924212e+03
1.273466643291257697e+03
1.368633309957924212e+03
1.395799976624590727e+03
1.298299976624590727e+03
1.334799976624590727e+03
1.393299976624590727e+03
1.420966643291257697e+03
1.322633309957924212e+03
1.376966643291257697e+03
1.379633309957924212e+03
1.367799976624590727e+03
1.264133309957924212e+03
1.367133309957924212e+03
1.391966643291257242e+03
1.345633309957924212e+03
1.191799976624590727e+03
1.328633309957924212e+03
1.450799976624590727e+03
1.447799976624590727e+03
1.275966643291257242e+03
1.345466643291257697e+03
1.395633309957924212e+03
1.390966643291257697e+03
1.176466643291257697e+03
1.241299976624590727e+03
1.301633309957924212e+03
1.369966643291257697e+03
1.258799976624590727e+03
1.297966643291257697e+03
1.333633309957924212e+03
1.328966643291257697e+03
1.223466643291257697e+03
1.307299976624590727e+03
1.364133309957924212e+03
1.409133309957924212e+03
1.288633309957924212e+03
1.392633309957924212e+03
1.396966643291257697e+03
1.374133309957924212e+03
1.193133309957924212e+03
1.249133309957924212e+03
1.325966643291257697e+03
1.431466643291257242e+03
1.361799976624590727e+03
1.423299976624590727e+03
1.361299976624590727e+03
1.338966643291257697e+03
1.229299976624590727e+03
1.342299976624590727e+03
1.372133309957924212e+03
1.340633309957924212e+03
1.188299976624590727e+03
1.276133309957924212e+03
1.337299976624590727e+03
1.371466643291257697e+03
1.260966643291257697e+03
1.325633309957924212e+03
1.353299976624590727e+03
1.323299976624590727e+03
1.166466643291257697e+03
1.233966643291257697e+03
1.282966643291257697e+03
1.304133309957924212e+03
1.182633309957924212e+03
1.252799976624590727e+03
1.295299976624590727e+03
1.312799976624590727e+03
1.210299976624590727e+03
1.345299976624590727e+03
1.373299976624590727e+03
1.333299976624590727e+03
1.155799976624590727e+03
1.234133309957924212e+03
1.298966643291257697e+03
1.318966643291257697e+03
1.227633309957924212e+03
1.327633309957924212e+03
1.336133309957924212e+03
1.326799976624590727e+03
1.213133309957924212e+03
1.339133309957924212e+03
1.397799976624590727e+03
1.431466643291257697e+03
1.338799976624590727e+03
1.389966643291257242e+03
1.382799976624590727e+03
1.334133309957924212e+03
1.199466643291257697e+03
1.265799976624590727e+03
1.291966643291257242e+03
1.319966643291257697e+03
1.236633309957924212e+03
1.345299976624590727e+03
1.360466643291257242e+03
1.343299976624590727e+03
1.237633309957924212e+03
1.361633309957924212e+03
1.427966643291257697e+03
1.451133309957924212e+03
1.265633309957924212e+03
1.318299976624590727e+03
1.323633309957924212e+03
1.364466643291257697e+03
1.244799976624590727e+03
1.297799976624590727e+03
1.281133309957924212e+03
1.284633309957924212e+03
1.218799976624590727e+03
1.338466643291257697e+03
1.364299976624590727e+03
1.332966643291257697e+03
1.198633309957924212e+03
1.260799976624590727e+03
1.279966643291257242e+03
1.333466643291257242e+03
1.283299976624590727e+03
1.365133309957924212e+03
1.365633309957924212e+03
1.354633309957924212e+03
1.258466643291257697e+03
1.344133309957924212e+03
1.392299976624590727e+03
1.378299976624590727e+03
1.278133309957924212e+03
1.295966643291257697e+03
1.369633309957924212e+03
1.442799976624590727e+03
1.364299976624590727e+03
1.404633309957924212e+03
1.370799976624590727e+03
1.375633309957924212e+03
1.266299976624590727e+03
1.323966643291257697e+03
1.341799976624590727e+03
1.338466643291257242e+03
1.234133309957924212e+03
1.308133309957924212e+03
1.365299976624590727e+03
1.387299976624590727e+03
1.262133309957924212e+03
1.294966643291257697e+03
1.305466643291257697e+03
1.308966643291257697e+03
1.186133309957924212e+03
1.251966643291257697e+03
1.307133309957924212e+03
1.352466643291257242e+03
1.263299976624590727e+03
1.335966643291257697e+03
1.367299976624590727e+03
1.384466643291257242e+03
1.250799976624590727e+03
1.282133309957924212e+03
1.285466643291257697e+03
1.327299976624590727e+03
1.229799976624590727e+03
1.261133309957924212e+03
1.213466643291257242e+03
1.224633309957924212e+03
1.152633309957924212e+03
1.259133309957924212e+03
1.328633309957924212e+03
1.365799976624590727e+03
1.284299976624590727e+03
1.326299976624590727e+03
1.307133309957924212e+03
1.313799976624590727e+03
1.190466643291257697e+03
1.276466643291257697e+03
1.318633309957924212e+03
1.353299976624590727e+03
1.232966643291257697e+03
1.275133309957924212e+03
1.291299976624590727e+03
1.314799976624590727e+03
1.257466643291257697e+03
1.383633309957924212e+03
1.416299976624590727e+03
1.367299976624590727e+03
1.220466643291257697e+03
1.325299976624590727e+03
1.394799976624590727e+03
1.454633309957924212e+03
1.318133309957924212e+03
1.315633309957924212e+03
1.273633309957924212e+03
1.290133309957924212e+03
1.228299976624590727e+03
1.289466643291257697e+03
1.316966643291257697e+03
1.382466643291257697e+03
1.296633309957924212e+03
1.333966643291257697e+03
1.288966643291257697e+03
1.288966643291257697e+03
1.183133309957924212e+03
1.249633309957924212e+03
1.245966643291257697e+03
1.262299976624590727e+03
1.171633309957924212e+03
1.294799976624590727e+03
1.371133309957924212e+03
1.417133309957924212e+03
1.309633309957924212e+03
1.313133309957924212e+03
1.288966643291257242e+03
1.300133309957924212e+03
1.237966643291257697e+03
1.314799976624590727e+03
1.318133309957924212e+03
1.324299976624590727e+03
1.237299976624590727e+03
1.314633309957924212e+03
1.332966643291257697e+03
1.379633309957924212e+03
1.299299976624590727e+03
1.363966643291257242e+03
1.352466643291257242e+03
1.401633309957924212e+03
1.302799976624590727e+03
1.353466643291257697e+03
1.305466643291257242e+03
1.309966643291257697e+03
1.176133309957924212e+03
1.250299976624590727e+03
1.281799976624590727e+03
1.364466643291257242e+03
1.277633309957924212e+03
1.368299976624590727e+03
1.372633309957924212e+03
1.365466643291257697e+03
1.243966643291257697e+03
1.300133309957924212e+03
1.331466643291257242e+03
1.348799976624590727e+03
1.257966643291257697e+03
1.338299976624590727e+03
1.332133309957924212e+03
1.335966643291257242e+03
1.191466643291257697e+03
1.292633309957924212e+03
1.353133309957924212e+03
1.461799976624590727e+03
1.393966643291257697e+03
1.424299976624590727e+03
1.371299976624590727e+03
1.336966643291257242e+03
1.211633309957924212e+03
1.265133309957924212e+03
1.280966643291257697e+03
1.322799976624590727e+03
1.227966643291257697e+03
1.256133309957924212e+03
1.257466643291257697e+03
1.300133309957924212e+03
1.226799976624590727e+03
1.266466643291257697e+03
1.217966643291257697e+03
1.232966643291257697e+03
1.185299976624590727e+03
1.283799976624590727e+03
1.295799976624590727e+03
1.343466643291257697e+03
1.281633309957924212e+03
1.388299976624590727e+03
1.397133309957924212e+03
1.440133309957924212e+03
1.333633309957924212e+03
1.337799976624590727e+03
1.314133309957924212e+03
1.331633309957924212e+03
1.271966643291257697e+03
1.315299976624590727e+03
1.298966643291257242e+03
1.336133309957924212e+03
1.314299976624590727e+03
1.415133309957924212e+03
1.386799976624590727e+03
1.369466643291257242e+03
1.279799976624590727e+03
1.363633309957924212e+03
1.357633309957924212e+03
1.304133309957924212e+03
1.178633309957924212e+03
1.226299976624590727e+03
1.267799976624590727e+03
1.286299976624590727e+03
1.205299976624590727e+03
1.235633309957924212e+03
1.217799976624590727e+03
1.220299976624590727e+03
1.151633309957924212e+03
1.224633309957924212e+03
1.257966643291257697e+03
1.311133309957924212e+03
1.226299976624590727e+03
1.272133309957924212e+03
1.289466643291257697e+03
1.359799976624590727e+03
1.280633309957924212e+03
1.304466643291257697e+03
1.287299976624590727e+03
1.326966643291257697e+03
1.277466643291257697e+03
1.335299976624590727e+03
1.318799976624590727e+03
1.338633309957924212e+03
1.290966643291257242e+03
1.385633309957924212e+03
1.360299976624590727e+03
1.324966643291257697e+03
1.193466643291257697e+03
1.258133309957924212e+03
1.331966643291257242e+03
1.435299976624590727e+03
1.386466643291257242e+03
1.400966643291257242e+03
1.315466643291257697e+03
1.325966643291257242e+03
1.229966643291257697e+03
1.274633309957924212e+03
1.251299976624590727e+03
1.309133309957924212e+03
1.278633309957924212e+03
1.353299976624590727e+03
1.334466643291257242e+03
1.356799976624590727e+03
1.215966643291257242e+03
1.214466643291257697e+03
1.213799976624590727e+03
1.315299976624590727e+03
1.312633309957924212e+03
1.365133309957924212e+03
1.333966643291257697e+03
1.381466643291257697e+03
1.295633309957924212e+03
1.352966643291257697e+03
1.292799976624590727e+03
1.333133309957924212e+03
1.238799976624590727e+03
1.306133309957924212e+03
1.274633309957924212e+03
1.348466643291257697e+03
1.312966643291257242e+03
1.382299976624590727e+03
1.337466643291257697e+03
1.320466643291257242e+03
1.227633309957924212e+03
1.310133309957924212e+03
1.322299976624590727e+03
1.392633309957924212e+03
1.289633309957924212e+03
1.334299976624590727e+03
1.337799976624590727e+03
1.452799976624590727e+03
1.416466643291257242e+03
1.453133309957924212e+03
1.378633309957924212e+03
1.374633309957924212e+03
1.264633309957924212e+03
1.260299976624590727e+03
1.215966643291257697e+03
1.212299976624590727e+03
1.212299976624590727e+03
1.310799976624590727e+03
1.333466643291257697e+03
1.324799976624590727e+03
1.190466643291257697e+03
1.219299976624590727e+03
1.216299976624590727e+03
1.305966643291257242e+03
1.261966643291257242e+03
1.344133309957924212e+03
1.302799976624590727e+03
1.303799976624590727e+03
1.210466643291257697e+03
1.304966643291257697e+03
1.360466643291257242e+03
1.358299976624590727e+03
1.246466643291257697e+03
1.265299976624590727e+03
1.318799976624590727e+03
1.336133309957924212e+03
1.246299976624590727e+03
1.280466643291257697e+03
1.294633309957924212e+03
1.350633309957924212e+03
1.241966643291257242e+03
1.294466643291257697e+03
1.304299976624590727e+03
1.353633309957924212e+03
1.300466643291257697e+03
1.306133309957924212e+03
1.310466643291257697e+03
1.337966643291257697e+03
1.263466643291257242e+03
1.252966643291257242e+03
1.213466643291257697e+03
1.252633309957924212e+03
1.220133309957924212e+03
1.240633309957924212e+03
1.252133309957924212e+03
1.312966643291257242e+03
1.269799976624590727e+03
1.339799976624590727e+03
1.357299976624590727e+03
1.414299976624590727e+03
1.298466643291257697e+03
1.272799976624590727e+03
1.210799976624590727e+03
1.221466643291257697e+03
1.136133309957924212e+03
1.226799976624590727e+03
1.318299976624590727e+03
1.370466643291257697e+03
1.233299976624590727e+03
1.155966643291257697e+03
1.149299976624590727e+03
1.241633309957924212e+03
1.233299976624590727e+03
1.276799976624590727e+03
1.256966643291257697e+03
1.305466643291257697e+03
1.294133309957924212e+03
1.357299976624590727e+03
1.329299976624590727e+03
1.353799976624590727e+03
1.293299976624590727e+03
1.360466643291257242e+03
1.328299976624590727e+03
1.316966643291257697e+03
1.229633309957924212e+03
1.273299976624590727e+03
1.333299976624590727e+03
1.335799976624590727e+03
1.241133309957924212e+03
1.233133309957924212e+03
1.266133309957924212e+03
1.328133309957924212e+03
1.271966643291257697e+03
1.325299976624590727e+03
1.336799976624590727e+03
1.418966643291257697e+03
1.327133309957924212e+03
1.340966643291257697e+03
1.296133309957924212e+03
1.302966643291257242e+03
1.236466643291257697e+03
1.300299976624590727e+03
1.312133309957924212e+03
1.328466643291257697e+03
1.209133309957924212e+03
1.246466643291257697e+03
1.226466643291257697e+03
1.259633309957924212e+03
1.168133309957924212e+03
1.232799976624590727e+03
1.251133309957924212e+03
1.332966643291257242e+03
1.280466643291257697e+03
1.306799976624590727e+03
1.276299976624590727e+03
1.300466643291257242e+03
1.243299976624590727e+03
1.336466643291257697e+03
1.365299976624590727e+03
1.412633309957924212e+03
1.317466643291257242e+03
1.322466643291257697e+03
1.303466643291257242e+03
1.317133309957924212e+03
1.270299976624590727e+03
1.306466643291257697e+03
1.294799976624590727e+03
1.293633309957924212e+03
1.216466643291257697e+03
1.308466643291257697e+03
1.305799976624590727e+03
1.337633309957924212e+03
1.231633309957924212e+03
1.305299976624590727e+03
1.291299976624590727e+03
1.300466643291257697e+03
1.198966643291257697e+03
1.267633309957924212e+03
1.283133309957924212e+03
1.309299976624590727e+03
1.218633309957924212e+03
1.293799976624590727e+03
1.325299976624590727e+03
1.396633309957924212e+03
1.297133309957924212e+03
1.352299976624590727e+03
1.311633309957924212e+03
1.275299976624590727e+03
1.131633309957924212e+03
1.192133309957924212e+03
1.241633309957924212e+03
1.253299976624590727e+03
1.170799976624590727e+03
1.248299976624590727e+03
1.320799976624590727e+03
1.369299976624590727e+03
1.311966643291257697e+03
1.377133309957924212e+03
1.378633309957924212e+03
1.363133309957924212e+03
1.217133309957924212e+03
1.207299976624590727e+03
1.207133309957924212e+03
1.250133309957924212e+03
1.184799976624590727e+03
1.235966643291257697e+03
1.246633309957924212e+03
1.287966643291257697e+03
1.224133309957924212e+03
1.290799976624590727e+03
1.339299976624590727e+03
1.356466643291257242e+03
1.241466643291257697e+03
1.239299976624590727e+03
1.232299976624590727e+03
1.291633309957924212e+03
1.222133309957924212e+03
1.293299976624590727e+03
1.285633309957924212e+03
1.323633309957924212e+03
1.250299976624590727e+03
1.319633309957924212e+03
1.304633309957924212e+03
1.321799976624590727e+03
1.237799976624590727e+03
1.351299976624590727e+03
1.351133309957924212e+03
1.351299976624590727e+03
1.226799976624590727e+03
1.307633309957924212e+03
1.306633309957924212e+03
1.329966643291257697e+03
1.203966643291257697e+03
1.268799976624590727e+03
1.273466643291257242e+03
1.329633309957924212e+03
1.247466643291257242e+03
1.313966643291257697e+03
1.299299976624590727e+03
1.338799976624590727e+03
1.250133309957924212e+03
1.305799976624590727e+03
1.299299976624590727e+03
1.321299976624590727e+03
1.269633309957924212e+03
1.342299976624590727e+03
1.324799976624590727e+03
1.339633309957924212e+03
1.282633309957924212e+03
1.351966643291257697e+03
1.304799976624590727e+03
1.261466643291257697e+03
1.168799976624590727e+03
1.257466643291257697e+03
1.271133309957924212e+03
1.261299976624590727e+03
1.162466643291257697e+03
1.254466643291257697e+03
1.308633309957924212e+03
1.356966643291257242e+03
1.272299976624590727e+03
1.359466643291257697e+03
1.374633309957924212e+03
1.386133309957924212e+03
1.274799976624590727e+03
1.326466643291257697e+03
1.317966643291257697e+03
1.337966643291257697e+03
1.222799976624590727e+03
1.276133309957924212e+03
1.287966643291257242e+03
1.293966643291257697e+03
1.178466643291257697e+03
1.156799976624590727e+03
1.191966643291257697e+03
1.293633309957924212e+03
1.247466643291257697e+03
1.293299976624590727e+03
1.247799976624590727e+03
1.245133309957924212e+03
1.126133309957924212e+03
1.194799976624590727e+03
1.250966643291257697e+03
1.288966643291257697e+03
1.165466643291257697e+03
1.185633309957924212e+03
1.192299976624590727e+03
1.227299976624590727e+03
1.169799976624590727e+03
1.271799976624590727e+03
1.310966643291257697e+03
1.346133309957924212e+03
1.220966643291257697e+03
1.229299976624590727e+03
1.229966643291257697e+03
1.269966643291257697e+03
1.234466643291257697e+03
1.303799976624590727e+03
1.318133309957924212e+03
1.326466643291257697e+03
1.205633309957924212e+03
1.239799976624590727e+03
1.242633309957924212e+03
1.266633309957924212e+03
1.175966643291257697e+03
1.200633309957924212e+03
1.199966643291257697e+03
1.215299976624590727e+03
1.176633309957924212e+03
1.262466643291257697e+03
1.330133309957924212e+03
1.395299976624590727e+03
1.336466643291257242e+03
1.313799976624590727e+03
1.226466643291257242e+03
1.186633309957924212e+03
1.131133309957924212e+03
1.235633309957924212e+03
1.310299976624590727e+03
1.339799976624590727e+03
1.257633309957924212e+03
1.303633309957924212e+03
1.332133309957924212e+03
1.334966643291257697e+03
1.200633309957924212e+03
1.206966643291257697e+03
1.256466643291257242e+03
1.287799976624590727e+03
1.246133309957924212e+03
1.287466643291257697e+03
1.322633309957924212e+03
1.299299976624590727e+03
1.172299976624590727e+03
1.226966643291257697e+03
1.297133309957924212e+03
1.351466643291257697e+03
1.279466643291257697e+03
1.315133309957924212e+03
1.279133309957924212e+03
1.233799976624590727e+03
1.139966643291257697e+03
1.253466643291257697e+03
1.274466643291257697e+03
1.268133309957924212e+03
1.133299976624590727e+03
1.202799976624590727e+03
1.206299976624590727e+03
1.219633309957924212e+03
1.109633309957924212e+03
1.181133309957924212e+03
1.214466643291257697e+03
1.266299976624590727e+03
1.201966643291257697e+03
1.309133309957924212e+03
1.340299976624590727e+03
1.367133309957924212e+03
1.209466643291257697e+03
1.222966643291257697e+03
1.198466643291257697e+03
1.267466643291257697e+03
1.222466643291257697e+03
1.316133309957924212e+03
1.292299976624590727e+03
1.264799976624590727e+03
1.107299976624590727e+03
1.137466643291257697e+03
1.178299976624590727e+03
1.236633309957924212e+03
1.201299976624590727e+03
1.272299976624590727e+03
1.305799976624590727e+03
1.299133309957924212e+03
1.187799976624590727e+03
1.207299976624590727e+03
1.184633309957924212e+03
1.200633309957924212e+03
1.147133309957924212e+03
1.264799976624590727e+03
1.331299976624590727e+03
1.368633309957924212e+03
1.263966643291257697e+03
1.266966643291257697e+03
1.251466643291257697e+03
1.269299976624590727e+03
1.222966643291257697e+03
1.320466643291257697e+03
1.353133309957924212e+03
1.297966643291257697e+03
1.146799976624590727e+03
1.192299976624590727e+03
1.267133309957924212e+03
1.308133309957924212e+03
1.222466643291257697e+03
1.218466643291257697e+03
1.225299976624590727e+03
1.269133309957924212e+03
1.229799976624590727e+03
1.274133309957924212e+03
1.274299976624590727e+03
1.336133309957924212e+03
1.337133309957924212e+03
1.358799976624590727e+03
1.300299976624590727e+03
1.258799976624590727e+03
1.161466643291257697e+03
1.207466643291257697e+03
1.171799976624590727e+03
1.203133309957924212e+03
1.125133309957924212e+03
1.224466643291257697e+03
1.256299976624590727e+03
1.286799976624590727e+03
1.179299976624590727e+03
1.203633309957924212e+03
1.195633309957924212e+03
1.185133309957924212e+03
1.105466643291257697e+03
1.210133309957924212e+03
1.297466643291257697e+03
1.351966643291257697e+03
1.268799976624590727e+03
1.296799976624590727e+03
1.299299976624590727e+03
1.274799976624590727e+03
1.206133309957924212e+03
1.265966643291257697e+03
1.285799976624590727e+03
1.250299976624590727e+03
1.131466643291257697e+03
1.176299976624590727e+03
1.214799976624590727e+03
1.242633309957924212e+03
1.210299976624590727e+03
1.292466643291257697e+03
1.307466643291257697e+03
1.285799976624590727e+03
1.159299976624590727e+03
1.226133309957924212e+03
1.270799976624590727e+03
1.302966643291257697e+03
1.215133309957924212e+03
1.227966643291257697e+03
1.277799976624590727e+03
1.308133309957924212e+03
1.217966643291257697e+03
1.178966643291257697e+03
1.119299976624590727e+03
1.123133309957924212e+03
1.113799976624590727e+03
1.263133309957924212e+03
1.339799976624590727e+03
1.350633309957924212e+03
1.214466643291257242e+03
1.229633309957924212e+03
1.294299976624590727e+03
1.400133309957924212e+03
1.360799976624590727e+03
1.394799976624590727e+03
1.329966643291257242e+03
1.337299976624590727e+03
1.228966643291257697e+03
1.290133309957924212e+03
1.301799976624590727e+03
1.325633309957924212e+03
1.238133309957924212e+03
1.286299976624590727e+03
1.286966643291257242e+03
1.314966643291257697e+03
1.190133309957924212e+03
1.221466643291257697e+03
1.242799976624590727e+03
1.323633309957924212e+03
1.260133309957924212e+03
1.263133309957924212e+03
1.243299976624590727e+03
1.243966643291257242e+03
1.208299976624590727e+03
1.291633309957924212e+03
1.331966643291257697e+03
1.321633309957924212e+03
1.205466643291257697e+03
1.235133309957924212e+03
1.258966643291257697e+03
1.284299976624590727e+03
1.228133309957924212e+03
1.287966643291257697e+03
1.354966643291257697e+03
1.406799976624590727e+03
1.303466643291257697e+03
1.320799976624590727e+03
1.305466643291257697e+03
1.328633309957924212e+03
1.234466643291257697e+03
1.309633309957924212e+03
1.355133309957924212e+03
1.360466643291257697e+03
1.240799976624590727e+03
1.288633309957924212e+03
1.299799976624590727e+03
1.281799976624590727e+03
1.202133309957924212e+03
1.253299976624590727e+03
1.285633309957924212e+03
1.260966643291257242e+03
1.199799976624590727e+03
1.288966643291257697e+03
1.328299976624590727e+03
1.320966643291257697e+03
1.224966643291257697e+03
1.254966643291257697e+03
1.279966643291257697e+03
1.235799976624590727e+03
1.146966643291257697e+03
1.172633309957924212e+03
1.254299976624590727e+03
1.306466643291257697e+03
1.254299976624590727e+03
1.271466643291257697e+03
1.255466643291257697e+03
1.260633309957924212e+03
1.196466643291257697e+03
1.292466643291257697e+03
1.328966643291257697e+03
1.331799976624590727e+03
1.238133309957924212e+03
1.266799976624590727e+03
1.271633309957924212e+03
1.230799976624590727e+03
1.137799976624590727e+03
1.212966643291257697e+03
1.275633309957924212e+03
1.308799976624590727e+03
1.230799976624590727e+03
1.277966643291257697e+03
1.277133309957924212e+03
1.267966643291257242e+03
1.174133309957924212e+03
1.230299976624590727e+03
1.244966643291257697e+03
1.260466643291257697e+03
1.162799976624590727e+03
1.207466643291257697e+03
1.243133309957924212e+03
1.290633309957924212e+03
1.248466643291257697e+03
1.343466643291257697e+03
1.351966643291257697e+03
1.318799976624590727e+03
1.163799976624590727e+03
1.205633309957924212e+03
1.255133309957924212e+03
1.252466643291257697e+03
1.186966643291257697e+03
1.231466643291257697e+03
1.250633309957924212e+03
1.215799976624590727e+03
1.112299976624590727e+03
1.189966643291257697e+03
1.251133309957924212e+03
1.298133309957924212e+03
1.201466643291257697e+03
1.264133309957924212e+03
1.257466643291257697e+03
1.292799976624590727e+03
1.212133309957924212e+03
1.275299976624590727e+03
1.269466643291257697e+03
1.254966643291257242e+03
1.175966643291257697e+03
1.236633309957924212e+03
1.217966643291257697e+03
1.236299976624590727e+03
1.152466643291257697e+03
1.235299976624590727e+03
1.294466643291257242e+03
1.345633309957924212e+03
1.284466643291257242e+03
1.292299976624590727e+03
1.266966643291257242e+03
1.328633309957924212e+03
1.260299976624590727e+03
1.323466643291257697e+03
1.320299976624590727e+03
1.352966643291257697e+03
1.288133309957924212e+03
1.327966643291257697e+03
1.334799976624590727e+03
1.308633309957924212e+03
1.205133309957924212e+03
1.244133309957924212e+03
1.315133309957924212e+03
1.335299976624590727e+03
1.258966643291257697e+03
1.294966643291257697e+03
1.294133309957924212e+03
1.281466643291257242e+03
1.196633309957924212e+03
1.274299976624590727e+03
1.301299976624590727e+03
1.308799976624590727e+03
1.234466643291257697e+03
1.304299976624590727e+03
1.335799976624590727e+03
1.346633309957924212e+03
1.230133309957924212e+03
1.268133309957924212e+03
1.254299976624590727e+03
1.255133309957924212e+03
1.181466643291257697e+03
1.260466643291257697e+03
1.314799976624590727e+03
1.334633309957924212e+03
1.274799976624590727e+03
1.337299976624590727e+03
1.350133309957924212e+03
1.336633309957924212e+03
1.276299976624590727e+03
1.340799976624590727e+03
1.383799976624590727e+03
1.346133309957924212e+03
1.246299976624590727e+03
1.273466643291257697e+03
1.308299976624590727e+03
1.340966643291257697e+03
1.238466643291257697e+03
1.301799976624590727e+03
1.280299976624590727e+03
1.264633309957924212e+03
1.197299976624590727e+03
1.309799976624590727e+03
1.377299976624590727e+03
1.348133309957924212e+03
1.218133309957924212e+03
1.240966643291257697e+03
1.259799976624590727e+03
1.259966643291257697e+03
1.180133309957924212e+03
1.237133309957924212e+03
1.270299976624590727e+03
1.326633309957924212e+03
1.295966643291257697e+03
1.363799976624590727e+03
1.350966643291257697e+03
1.321133309957924212e+03
1.269466643291257697e+03
1.335299976624590727e+03
1.367799976624590727e+03
1.365799976624590727e+03
1.292633309957924212e+03
1.348966643291257697e+03
1.343966643291257697e+03
1.346799976624590727e+03
1.243133309957924212e+03
1.298299976624590727e+03
1.301633309957924212e+03
1.295799976624590727e+03
1.177299976624590727e+03
1.224299976624590727e+03
1.236633309957924212e+03
1.248799976624590727e+03
1.187466643291257697e+03
1.267299976624590727e+03
1.281466643291257697e+03
1.278799976624590727e+03
1.205299976624590727e+03
1.331466643291257697e+03
1.364299976624590727e+03
1.373799976624590727e+03
1.233133309957924212e+03
1.251133309957924212e+03
1.248466643291257697e+03
1.267799976624590727e+03
1.236133309957924212e+03
1.284633309957924212e+03
1.291299976624590727e+03
1.267633309957924212e+03
1.183799976624590727e+03
1.228299976624590727e+03
1.258633309957924212e+03
1.287633309957924212e+03
1.225133309957924212e+03
1.295133309957924212e+03
1.355299976624590727e+03
1.369466643291257697e+03
1.250633309957924212e+03
1.251966643291257697e+03
1.260133309957924212e+03
1.285466643291257697e+03
1.244799976624590727e+03
1.352133309957924212e+03
1.367466643291257697e+03
1.340799976624590727e+03
1.182966643291257697e+03
1.226133309957924212e+03
1.242133309957924212e+03
1.274133309957924212e+03
1.196633309957924212e+03
1.276133309957924212e+03
1.366299976624590727e+03
1.388466643291257242e+03
1.274133309957924212e+03
1.279133309957924212e+03
1.278466643291257697e+03
1.256299976624590727e+03
1.158133309957924212e+03
1.237466643291257697e+03
1.285966643291257697e+03
1.309966643291257242e+03
1.217299976624590727e+03
1.287799976624590727e+03
1.319633309957924212e+03
1.350966643291257697e+03
1.275966643291257697e+03
1.299633309957924212e+03
1.321466643291257697e+03
1.371966643291257697e+03
1.298133309957924212e+03
1.318633309957924212e+03
1.280133309957924212e+03
1.300966643291257242e+03
1.236133309957924212e+03
1.304133309957924212e+03
1.332799976624590727e+03
1.356799976624590727e+03
1.285133309957924212e+03
1.327133309957924212e+03
1.336799976624590727e+03
1.307299976624590727e+03
1.213966643291257697e+03
1.317633309957924212e+03
1.377299976624590727e+03
1.414299976624590727e+03
1.327799976624590727e+03
1.371799976624590727e+03
1.415966643291257242e+03
1.406466643291257697e+03
1.291133309957924212e+03
1.294466643291257697e+03
1.307466643291257697e+03
1.358299976624590727e+03
1.298466643291257242e+03
1.329966643291257697e+03
1.327633309957924212e+03
1.372966643291257697e+03
1.294133309957924212e+03
1.336299976624590727e+03
1.332466643291257242e+03
1.346966643291257697e+03
1.296966643291257242e+03
1.322133309957924212e+03
1.363133309957924212e+03
1.395299976624590727e+03
1.352799976624590727e+03
1.415466643291257242e+03
1.436633309957924212e+03
1.423299976624590727e+03
1.304633309957924212e+03
1.340799976624590727e+03
1.335299976624590727e+03
1.342299976624590727e+03
1.273299976624590727e+03
1.356299976624590727e+03
1.374299976624590727e+03
1.361633309957924212e+03
1.250633309957924212e+03
1.302299976624590727e+03
1.298633309957924212e+03
1.346299976624590727e+03
1.297799976624590727e+03
1.419133309957924212e+03
1.415966643291257697e+03
1.386799976624590727e+03
1.272633309957924212e+03
1.362966643291257697e+03
1.429299976624590727e+03
1.483799976624590727e+03
1.452633309957924212e+03
1.502633309957924212e+03
1.471633309957924212e+03
1.406966643291257697e+03
1.295133309957924212e+03
1.347966643291257697e+03
1.389633309957924212e+03
1.411633309957924212e+03
1.350466643291257242e+03
1.415466643291257242e+03
1.479133309957924212e+03
1.531466643291257697e+03
1.413633309957924212e+03
1.390133309957924212e+03
1.376133309957924212e+03
1.432133309957924212e+03
1.411466643291257697e+03
1.471633309957924212e+03
1.451633309957924212e+03
1.453299976624590727e+03
1.336299976624590727e+03
1.335799976624590727e+03
1.330133309957924212e+03
1.390299976624590727e+03
1.398299976624590727e+03
1.533466643291257242e+03
1.536299976624590727e+03
1.547466643291257697e+03
1.424299976624590727e+03
1.493633309957924212e+03
1.524466643291257697e+03
1.544966643291257697e+03
1.511299976624590727e+03
1.592633309957924212e+03
1.606133309957924212e+03
1.611633309957924212e+03
1.510966643291257697e+03
1.548299976624590727e+03
1.514966643291257697e+03
1.508633309957924212e+03
1.455633309957924212e+03
1.593799976624590727e+03
1.659966643291257697e+03
1.712299976624590727e+03
1.568466643291257697e+03
1.541799976624590727e+03
1.498299976624590727e+03
1.502299976624590727e+03
1.467799976624590727e+03
1.535466643291257697e+03
1.545466643291257697e+03
1.585466643291257242e+03
1.520633309957924212e+03
1.615133309957924212e+03
1.639966643291257697e+03
1.723799976624590727e+03
1.674799976624590727e+03
1.705966643291257242e+03
1.652299976624590727e+03
1.642133309957924212e+03
1.554633309957924212e+03
1.616299976624590727e+03
1.666633309957924212e+03
1.739299976624590727e+03
1.650799976624590727e+03
1.642466643291257242e+03
1.639799976624590727e+03
1.690966643291257697e+03
1.653966643291257242e+03
1.726133309957924212e+03
1.725966643291257697e+03
1.749133309957924212e+03
1.672299976624590727e+03
1.715966643291257697e+03
1.730633309957924212e+03
1.741966643291257697e+03
1.733966643291257697e+03
1.781799976624590727e+03
1.790633309957924212e+03
1.777799976624590727e+03
1.700466643291257697e+03
1.751299976624590727e+03
1.735633309957924212e+03
1.769799976624590727e+03
1.719299976624590727e+03
1.811299976624590727e+03
1.820133309957924212e+03
1.819799976624590727e+03
1.747466643291257242e+03
1.858966643291257242e+03
1.877966643291257242e+03
1.890299976624590727e+03
1.764299976624590727e+03
1.845799976624590727e+03
1.894133309957924212e+03
1.935133309957924212e+03
1.902966643291257242e+03
1.996799976624590727e+03
2.030966643291257242e+03
1.992466643291257242e+03
1.889799976624590727e+03
1.933299976624590727e+03
1.958633309957924212e+03
1.966299976624590727e+03
1.881799976624590727e+03
1.920466643291257242e+03
1.941799976624590727e+03
2.020799976624590727e+03
2.003633309957924212e+03
2.046133309957924212e+03
2.008133309957924212e+03
2.015133309957924212e+03
1.946133309957924212e+03
2.011966643291257242e+03
2.028466643291257242e+03
2.077966643291257242e+03
2.020799976624590727e+03
2.085966643291257242e+03
2.121466643291257242e+03
2.191299976624590727e+03
2.165466643291257242e+03
2.220466643291257242e+03
2.205133309957924212e+03
2.192133309957924212e+03
2.110799976624590727e+03
2.172799976624590727e+03
2.184299976624590727e+03
2.204466643291257242e+03
2.116133309957924212e+03
2.194966643291257242e+03
2.244633309957924212e+03
2.326799976624590727e+03
2.261466643291257242e+03
2.298133309957924212e+03
2.312799976624590727e+03
2.364966643291257242e+03
2.352633309957924212e+03
2.403466643291257242e+03
2.412799976624590727e+03
2.422633309957924212e+03
2.328466643291257242e+03
2.363799976624590727e+03
2.362799976624590727e+03
2.373299976624590727e+03
2.288633309957924212e+03
2.335299976624590727e+03
2.381633309957924212e+03
2.431133309957924212e+03
2.364466643291257242e+03
2.451966643291257242e+03
2.521299976624590727e+03
2.593466643291257242e+03
2.528466643291257242e+03
2.534133309957924212e+03
2.526466643291257242e+03
2.537799976624590727e+03
2.499799976624590727e+03
2.569966643291257242e+03
2.605133309957924212e+03
2.676299976624590727e+03
2.627966643291257242e+03
2.701299976624590727e+03
2.678633309957924212e+03
2.688633309957924212e+03
2.590466643291257242e+03
2.631966643291257242e+03
2.622133309957924212e+03
2.638799976624590727e+03
2.581799976624590727e+03
2.696633309957924212e+03
2.739799976624590727e+03
2.797299976624590272e+03
2.736633309957924212e+03
2.804133309957924212e+03
2.838966643291257242e+03
2.867466643291257242e+03
2.845466643291257242e+03
2.889799976624590727e+03
2.882633309957923757e+03
2.835299976624590727e+03
2.752966643291257242e+03
2.827966643291257242e+03
2.910299976624590272e+03
2.969799976624590727e+03
2.921966643291257242e+03
2.959633309957924212e+03
2.966133309957923757e+03
2.978799976624590727e+03
2.916966643291257242e+03
2.960466643291257242e+03
2.967966643291257242e+03
2.975133309957924212e+03
2.900466643291257242e+03
2.958799976624590272e+03
2.976633309957923757e+03
3.012299976624590727e+03
2.953133309957923757e+03
3.025633309957923757e+03
3.039799976624590272e+03
3.063633309957924212e+03
3.002799976624590272e+03
3.110466643291257242e+03
3.179799976624590272e+03
3.237466643291257242e+03
3.171466643291257242e+03
3.220799976624590727e+03
3.227299976624590727e+03
3.235133309957924212e+03
3.156133309957923757e+03
3.213299976624590727e+03
3.295466643291257242e+03
3.360799976624590727e+03
3.271466643291257242e+03
3.233966643291257242e+03
3.205466643291257242e+03
3.303299976624590727e+03
3.328799976624590727e+03
3.429299976624590727e+03
3.414966643291257242e+03
3.419299976624590272e+03
3.304633309957924212e+03
3.320299976624590727e+03
3.332133309957923757e+03
3.425133309957924212e+03
3.395799976624590727e+03
3.407633309957924212e+03
3.379299976624590727e+03
3.398299976624590727e+03
3.348966643291257242e+03
3.398299976624590272e+03
3.410633309957924212e+03
3.422799976624590272e+03
3.373466643291257242e+03
3.469133309957923757e+03
3.508466643291257242e+03
3.491466643291257242e+03
3.365966643291257242e+03
3.452633309957924212e+03
3.560466643291257242e+03
3.685466643291257242e+03
3.601966643291257242e+03
3.624633309957924212e+03
3.611133309957923757e+03
3.665633309957924212e+03
3.598466643291257242e+03
3.626466643291257242e+03
3.638133309957924212e+03
3.643133309957924212e+03
3.573466643291257242e+03
3.613133309957923757e+03
3.676466643291257242e+03
3.722466643291257242e+03
3.633299976624590727e+03
3.681966643291257242e+03
3.708966643291257242e+03
3.788133309957923757e+03
3.712633309957924212e+03
3.731133309957924212e+03
3.718466643291257242e+03
3.769966643291257242e+03
3.739633309957923757e+03
3.781466643291257242e+03
3.795966643291257242e+03
3.814966643291257242e+03
3.779799976624590727e+03
3.838299976624590272e+03
3.893966643291257242e+03
3.944799976624590272e+03
3.861633309957924212e+03
3.886466643291257242e+03
3.892466643291257242e+03
3.933799976624590272e+03
3.910633309957924212e+03
3.973799976624590272e+03
3.998299976624590272e+03
4.003466643291257242e+03
3.906133309957924212e+03
3.942633309957924212e+03
3.974466643291257242e+03
4.022799976624590272e+03
3.999299976624590272e+03
4.086633309957924212e+03
4.142966643291257242e+03
4.119133309957924212e+03
3.959466643291257242e+03
3.978966643291257242e+03
4.043633309957924212e+03
4.133299976624590272e+03
4.081633309957924212e+03
4.078966643291257242e+03
4.022799976624590272e+03
3.998299976624590272e+03
3.915133309957924212e+03
3.980299976624590272e+03
4.010133309957924212e+03
4.064466643291257242e+03
4.017466643291257242e+03
4.038133309957924212e+03
4.009799976624590272e+03
4.015966643291257242e+03
3.923466643291257242e+03
3.938133309957924212e+03
3.898966643291257242e+03
3.900966643291257242e+03
3.860133309957924212e+03
3.973633309957924212e+03
4.066633309957924212e+03
4.125966643291257242e+03
4.053299976624590272e+03
4.072966643291257242e+03
4.049799976624590272e+03
4.012466643291257242e+03
3.918799976624590272e+03
3.974799976624590272e+03
4.017966643291257242e+03
4.024133309957924212e+03
3.899633309957924212e+03
3.885466643291257242e+03
3.872966643291257242e+03
3.855633309957924212e+03
3.769633309957924212e+03
3.826633309957924212e+03
3.885633309957924212e+03
3.938466643291257242e+03
3.856799976624590272e+03
3.930133309957924212e+03
3.929799976624590272e+03
3.902133309957924212e+03
3.814299976624590727e+03
3.899133309957924212e+03
3.971299976624590272e+03
3.967466643291257242e+03
3.877466643291257242e+03
3.883299976624590272e+03
3.885299976624590272e+03
3.846966643291257242e+03
3.817133309957924212e+03
3.849799976624590272e+03
3.879799976624590272e+03
3.858466643291257242e+03
3.784299976624590272e+03
3.803466643291257242e+03
3.788299976624590272e+03
3.793966643291257242e+03
3.729799976624590272e+03
3.767799976624590272e+03
3.773466643291257242e+03
3.821299976624590727e+03
3.764299976624590272e+03
3.800966643291257242e+03
3.728133309957924212e+03
3.706966643291257242e+03
3.650633309957924212e+03
3.746299976624590727e+03
3.788133309957924212e+03
3.810966643291257242e+03
3.715633309957923757e+03
3.741799976624590727e+03
3.685633309957923757e+03
3.657966643291257242e+03
3.558299976624590727e+03
3.583466643291257242e+03
3.564633309957923757e+03
3.530466643291257242e+03
3.453299976624590727e+03
3.503299976624590727e+03
3.531299976624590272e+03
3.540799976624590727e+03
3.460133309957924212e+03
3.476966643291257242e+03
3.500633309957924212e+03
3.554133309957924212e+03
3.467299976624590272e+03
3.446299976624590272e+03
3.390966643291257242e+03
3.378966643291257242e+03
3.284299976624590727e+03
3.277799976624590727e+03
3.274299976624590272e+03
3.274966643291257242e+03
3.224799976624590727e+03
3.287299976624590272e+03
3.306966643291257242e+03
3.285133309957923757e+03
3.180966643291257242e+03
3.192133309957923757e+03
3.172299976624590272e+03
3.119133309957924212e+03
2.971466643291257242e+03
3.000633309957924212e+03
3.024299976624590727e+03
3.044633309957924212e+03
2.954466643291257242e+03
2.962299976624590727e+03
2.930633309957923757e+03
2.929966643291257242e+03
2.814466643291257242e+03
2.820966643291257242e+03
2.773299976624590727e+03
2.762799976624590727e+03
2.694133309957924212e+03
2.740966643291257242e+03
2.739133309957924212e+03
2.717633309957924212e+03
2.624799976624590727e+03
2.697799976624590727e+03
2.766633309957924212e+03
2.775133309957924212e+03
2.692466643291257242e+03
2.730799976624590727e+03
2.765299976624590727e+03
2.753799976624590727e+03
2.599799976624590727e+03
2.613299976624590727e+03
2.639299976624590727e+03
2.661633309957924212e+03
2.536966643291257242e+03
2.496133309957924212e+03
2.465633309957924212e+03
2.465133309957924212e+03
2.393799976624590727e+03
2.430299976624590727e+03
2.416299976624590727e+03
2.424466643291257242e+03
2.373633309957924212e+03
2.452466643291257242e+03
2.485299976624590727e+03
2.514799976624590727e+03
2.397133309957924212e+03
2.427799976624590727e+03
2.491466643291257242e+03
2.570133309957924212e+03
2.458299976624590727e+03
2.408466643291257242e+03
2.393799976624590727e+03
2.468466643291257242e+03
2.440133309957924212e+03
2.476799976624590727e+03
2.496633309957924212e+03
2.493633309957924212e+03
2.366133309957924212e+03
2.363299976624590727e+03
2.376466643291257242e+03
2.446633309957924212e+03
2.373133309957924212e+03
2.431299976624590727e+03
2.426466643291257242e+03
2.635133309957924212e+03
3.030466643291257242e+03
3.155633309957923757e+03
2.994966643291257242e+03
2.530966643291257242e+03
2.382299976624590727e+03
2.414966643291257242e+03
2.435633309957924212e+03
2.507633309957924212e+03
2.465633309957924212e+03
2.514299976624590727e+03
2.508466643291257242e+03
2.522633309957924212e+03
2.466133309957924212e+03
2.538299976624590727e+03
2.614133309957924212e+03
2.691633309957924212e+03
2.640299976624590727e+03
2.680633309957924212e+03
2.715133309957924212e+03
2.770466643291257242e+03
2.762966643291257242e+03
2.852633309957924212e+03
2.954799976624590727e+03
3.028633309957923757e+03
3.003133309957924212e+03
3.059466643291257242e+03
3.128966643291257242e+03
3.177633309957924212e+03
3.129466643291257242e+03
3.177299976624590727e+03
3.241466643291257242e+03
3.332966643291257242e+03
3.316133309957923757e+03
3.388799976624590272e+03
3.458466643291257242e+03
3.545633309957924212e+03
3.527466643291257242e+03
3.595466643291257242e+03
3.669466643291257242e+03
3.765799976624590727e+03
3.744466643291257242e+03
3.826466643291257242e+03
3.876633309957924212e+03
3.958133309957924212e+03
3.961966643291257242e+03
4.107299976624590272e+03
4.193633309957924212e+03
4.244633309957924212e+03
4.189633309957924212e+03
4.271466643291257242e+03
4.320133309957924212e+03
4.383799976624590272e+03
4.320133309957924212e+03
4.384633309957924212e+03
4.439299976624590272e+03
4.522799976624590272e+03
4.526133309957924212e+03
4.612299976624590272e+03
4.660633309957924212e+03
4.697966643291257242e+03
4.634799976624590272e+03
4.692966643291257242e+03
4.764633309957924212e+03
4.853466643291257242e+03
4.828299976624590272e+03
4.871966643291257242e+03
4.911133309957924212e+03
4.974633309957924212e+03
4.946133309957924212e+03
5.016466643291257242e+03
5.015966643291257242e+03
5.022299976624590272e+03
4.972466643291257242e+03
5.082633309957924212e+03
5.172966643291257242e+03
5.215966643291257242e+03
5.146133309957924212e+03
5.161466643291257242e+03
5.170133309957924212e+03
5.202633309957924212e+03
5.149133309957924212e+03
5.164966643291257242e+03
5.159299976624590272e+03
5.185966643291257242e+03
5.161299976624590272e+03
5.219799976624590272e+03
5.231466643291257242e+03
5.271633309957924212e+03
5.221799976624590272e+03
5.313966643291257242e+03
5.309799976624590272e+03
5.303799976624590272e+03
5.153133309957924212e+03
5.181633309957924212e+03
5.201133309957924212e+03
5.231299976624590272e+03
5.170966643291257242e+03
5.240799976624590272e+03
5.272633309957924212e+03
5.267133309957924212e+03
5.172466643291257242e+03
5.189466643291257242e+03
5.192299976624590272e+03
5.221633309957924212e+03
5.186799976624590272e+03
5.169799976624590272e+03
5.092466643291257242e+03
5.063966643291257242e+03
5.025299976624590272e+03
5.115966643291257242e+03
5.116799976624590272e+03
5.140133309957924212e+03
5.059299976624590272e+03
5.068466643291257242e+03
5.065133309957924212e+03
5.056799976624590272e+03
4.954633309957924212e+03
4.986633309957924212e+03
5.029133309957924212e+03
5.067966643291257242e+03
4.980299976624590272e+03
4.961466643291257242e+03
4.973466643291257242e+03
4.969966643291257242e+03
4.870299976624590272e+03
4.890966643291257242e+03
4.872633309957924212e+03
4.864466643291257242e+03
4.762466643291257242e+03
4.839633309957924212e+03
4.883966643291257242e+03
4.858299976624590272e+03
4.728633309957924212e+03
4.747966643291257242e+03
4.762299976624590272e+03
4.752466643291257242e+03
4.592133309957924212e+03
4.592133309957924212e+03
4.548966643291257242e+03
4.576133309957924212e+03
4.512299976624590272e+03
4.574133309957924212e+03
4.583466643291257242e+03
4.589299976624590272e+03
4.463799976624590272e+03
4.435466643291257242e+03
4.365799976624590272e+03
4.325633309957924212e+03
4.245633309957924212e+03
4.289799976624590272e+03
4.303299976624590272e+03
4.285799976624590272e+03
4.192299976624590272e+03
4.237966643291257242e+03
4.227133309957924212e+03
4.192633309957924212e+03
4.066966643291257242e+03
4.152466643291257242e+03
4.208633309957924212e+03
4.204799976624590272e+03
4.041299976624590272e+03
4.000133309957924212e+03
3.971466643291257242e+03
3.980799976624590272e+03
3.914633309957924212e+03
3.966633309957924212e+03
3.953966643291257242e+03
3.943799976624590272e+03
3.862299976624590272e+03
3.878299976624590272e+03
3.839133309957924212e+03
3.782466643291257242e+03
3.662466643291257242e+03
3.684466643291257242e+03
3.700633309957923757e+03
3.710633309957924212e+03
3.631466643291257242e+03
3.672966643291257242e+03
3.673299976624590272e+03
3.637466643291257242e+03
3.510133309957924212e+03
3.523299976624590727e+03
3.541966643291257242e+03
3.522466643291257242e+03
3.437799976624590272e+03
3.446466643291257242e+03
3.451799976624590727e+03
3.441466643291257242e+03
3.340133309957924212e+03
3.394966643291257242e+03
3.389799976624590272e+03
3.370466643291257242e+03
3.221633309957923757e+03
3.245299976624590727e+03
3.230966643291257242e+03
3.195799976624590727e+03
3.060299976624590727e+03
3.116299976624590727e+03
3.187466643291257242e+03
3.228633309957923757e+03
3.104466643291257242e+03
3.075133309957924212e+03
3.011299976624590272e+03
2.990466643291257242e+03
2.839633309957924212e+03
2.854633309957924212e+03
2.859466643291257242e+03
2.893799976624590272e+03
2.808133309957923757e+03
2.896466643291257242e+03
2.918633309957924212e+03
2.892633309957923757e+03
2.707133309957924212e+03
2.705133309957924212e+03
2.697466643291257242e+03
2.718466643291257242e+03
2.634799976624590727e+03
2.691633309957924212e+03
2.672966643291257242e+03
2.664799976624590727e+03
2.551966643291257242e+03
2.569799976624590727e+03
2.552133309957924212e+03
2.544299976624590727e+03
2.439799976624590727e+03
2.465133309957924212e+03
2.465966643291257242e+03
2.496966643291257242e+03
2.464133309957924212e+03
2.526633309957924212e+03
2.524299976624590727e+03
2.458133309957924212e+03
2.318799976624590727e+03
2.332799976624590727e+03
2.321966643291257242e+03
2.340799976624590727e+03
2.270966643291257242e+03
2.318799976624590727e+03
2.352633309957924212e+03
2.391133309957924212e+03
2.324466643291257242e+03
2.373799976624590727e+03
2.345799976624590727e+03
2.350466643291257242e+03
2.219299976624590727e+03
2.283466643291257242e+03
2.298466643291257242e+03
2.323799976624590727e+03
2.211466643291257242e+03
2.219799976624590727e+03
2.204633309957924212e+03
2.202133309957924212e+03
2.134799976624590727e+03
2.194799976624590727e+03
2.201633309957924212e+03
2.182633309957924212e+03
2.110799976624590727e+03
2.175799976624590727e+03
2.233133309957924212e+03
2.226299976624590727e+03
2.115966643291257242e+03
2.169299976624590727e+03
2.188299976624590727e+03
2.237299976624590727e+03
2.154799976624590727e+03
2.190799976624590727e+03
2.178466643291257242e+03
2.164966643291257242e+03
2.071799976624590727e+03
2.092799976624590727e+03
2.105299976624590727e+03
2.119966643291257242e+03
2.024466643291257242e+03
2.078633309957924212e+03
2.103133309957924212e+03
2.124633309957924212e+03
1.995466643291257242e+03
2.014133309957924212e+03
2.046133309957924212e+03
2.076466643291257242e+03
2.010799976624590727e+03
2.043633309957924212e+03
2.049799976624590727e+03
2.030299976624590727e+03
1.955799976624590727e+03
2.035299976624590727e+03
2.073133309957924212e+03
2.084966643291257242e+03
2.011966643291257242e+03
2.088633309957924212e+03
2.103133309957924212e+03
2.072966643291257242e+03
1.951799976624590727e+03
2.001633309957924212e+03
2.036133309957924212e+03
2.052799976624590727e+03
1.944466643291257242e+03
1.975299976624590727e+03
1.963799976624590727e+03
1.959466643291257242e+03
1.836799976624590727e+03
1.877466643291257242e+03
1.930299976624590727e+03
1.976799976624590727e+03
1.892966643291257242e+03
1.930133309957924212e+03
1.940133309957924212e+03
1.968633309957924212e+03
1.847299976624590727e+03
1.917299976624590727e+03
1.925966643291257242e+03
1.936966643291257242e+03
1.827466643291257242e+03
1.901799976624590727e+03
1.933133309957924212e+03
1.942466643291257242e+03
1.785633309957924212e+03
1.800133309957924212e+03
1.842299976624590727e+03
1.936466643291257242e+03
1.905299976624590727e+03
1.958966643291257242e+03
1.969633309957924212e+03
1.967133309957924212e+03
1.839966643291257242e+03
1.893299976624590727e+03
1.920299976624590727e+03
1.966133309957924212e+03
1.856133309957924212e+03
1.901799976624590727e+03
1.842466643291257242e+03
1.827799976624590727e+03
1.788133309957924212e+03
1.924633309957924212e+03
1.965966643291257242e+03
1.933466643291257242e+03
1.781966643291257697e+03
1.858299976624590727e+03
1.923299976624590727e+03
1.947633309957924212e+03
1.843133309957924212e+03
1.878466643291257242e+03
1.930633309957924212e+03
1.918633309957924212e+03
1.802299976624590727e+03
1.868133309957924212e+03
1.903799976624590727e+03
1.915299976624590727e+03
1.815966643291257242e+03
1.879633309957924212e+03
1.900633309957924212e+03
1.914799976624590727e+03
1.813133309957924212e+03
1.859966643291257242e+03
1.844799976624590727e+03
1.836466643291257242e+03
1.730299976624590727e+03
1.805466643291257242e+03
1.851966643291257242e+03
1.884966643291257242e+03
1.808966643291257242e+03
1.875466643291257242e+03
1.889799976624590727e+03
1.916466643291257242e+03
1.839299976624590727e+03
1.894466643291257242e+03
1.868133309957924212e+03
1.828133309957924212e+03
1.752799976624590727e+03
1.853799976624590727e+03
1.907799976624590727e+03
1.905966643291257242e+03
1.788466643291257242e+03
1.851966643291257242e+03
1.905966643291257242e+03
1.929799976624590727e+03
1.806466643291257242e+03
1.821466643291257242e+03
1.800633309957924212e+03
1.787133309957924212e+03
1.674633309957924212e+03
1.732799976624590727e+03
1.792799976624590727e+03
1.828466643291257242e+03
1.768133309957924212e+03
1.816633309957924212e+03
1.832799976624590727e+03
1.844466643291257242e+03
1.749966643291257697e+03
1.787466643291257242e+03
1.740299976624590727e+03
1.736799976624590727e+03
1.679799976624590727e+03
1.818299976624590727e+03
1.867966643291257242e+03
1.880799976624590727e+03
1.772799976624590727e+03
1.816966643291257242e+03
1.827799976624590727e+03
1.856466643291257242e+03
1.765633309957924212e+03
1.821133309957924212e+03
1.810299976624590727e+03
1.830633309957924212e+03
1.733966643291257697e+03
1.812133309957924212e+03
1.821133309957924212e+03
1.833299976624590727e+03
1.769799976624590727e+03
1.889133309957924212e+03
1.887299976624590727e+03
1.819966643291257242e+03
1.647799976624590727e+03
1.703299976624590727e+03
1.736633309957924212e+03
1.766799976624590727e+03
1.727633309957924212e+03
1.811633309957924212e+03
1.849299976624590727e+03
1.830799976624590727e+03
1.717633309957924212e+03
1.775299976624590727e+03
1.803299976624590727e+03
1.874133309957924212e+03
1.827466643291257242e+03
1.890966643291257242e+03
1.876799976624590727e+03
1.814466643291257242e+03
1.720799976624590727e+03
1.788466643291257242e+03
1.857466643291257242e+03
1.867299976624590727e+03
1.763466643291257242e+03
1.820466643291257242e+03
1.825633309957924212e+03
1.834133309957924212e+03
1.709633309957924212e+03
1.796299976624590727e+03
1.804799976624590727e+03
1.794799976624590727e+03
1.673299976624590727e+03
1.742299976624590727e+03
1.803466643291257242e+03
1.854633309957924212e+03
1.746299976624590727e+03
1.777133309957924212e+03
1.776133309957924212e+03
1.829466643291257242e+03
1.733799976624590727e+03
1.788299976624590727e+03
1.798966643291257242e+03
1.820799976624590727e+03
1.728633309957924212e+03
1.756133309957924212e+03
1.796299976624590727e+03
1.788799976624590727e+03
1.678299976624590727e+03
1.719299976624590727e+03
1.734633309957924212e+03
1.757466643291257242e+03
1.680966643291257697e+03
1.782633309957924212e+03
1.832299976624590727e+03
1.814299976624590727e+03
1.708966643291257242e+03
1.767133309957924212e+03
1.806133309957924212e+03
1.805299976624590727e+03
1.691633309957924212e+03
1.725799976624590727e+03
1.769466643291257697e+03
1.827133309957924212e+03
1.789466643291257242e+03
1.856133309957924212e+03
1.848466643291257242e+03
1.829633309957924212e+03
1.696133309957924212e+03
1.760466643291257242e+03
1.800799976624590727e+03
1.826633309957924212e+03
1.725966643291257697e+03
1.785799976624590727e+03
1.807966643291257242e+03
1.843299976624590727e+03
1.695966643291257697e+03
1.744299976624590727e+03
1.715299976624590727e+03
1.728966643291257697e+03
1.619633309957924212e+03
1.673966643291257242e+03
1.713633309957924212e+03
1.742299976624590727e+03
1.643799976624590727e+03
1.682466643291257697e+03
1.686299976624590727e+03
1.676299976624590727e+03
1.604633309957924212e+03
1.720799976624590727e+03
1.804799976624590727e+03
1.813799976624590727e+03
1.700133309957924212e+03
1.768299976624590727e+03
1.771299976624590727e+03
1.797966643291257242e+03
1.660633309957924212e+03
1.741133309957924212e+03
1.722966643291257242e+03
1.739799976624590727e+03
1.631633309957924212e+03
1.646466643291257697e+03
1.681799976624590727e+03
1.722966643291257242e+03
1.672966643291257697e+03
1.714799976624590727e+03
1.738633309957924212e+03
1.750133309957924212e+03
1.625299976624590727e+03
1.663799976624590727e+03
1.683466643291257242e+03
1.705799976624590727e+03
1.591799976624590727e+03
1.653133309957924212e+03
1.720466643291257697e+03
1.742799976624590727e+03
1.639466643291257242e+03
1.664633309957924212e+03
1.723633309957924212e+03
1.728133309957924212e+03
1.686299976624590727e+03
1.722633309957924212e+03
1.758466643291257697e+03
1.751299976624590727e+03
1.645966643291257697e+03
1.702966643291257697e+03
1.747466643291257697e+03
1.745966643291257697e+03
1.651466643291257697e+03
1.699466643291257697e+03
1.699133309957924212e+03
1.681466643291257697e+03
1.524966643291257697e+03
1.632799976624590727e+03
1.683966643291257697e+03
1.730799976624590727e+03
1.625633309957924212e+03
1.688133309957924212e+03
1.688799976624590727e+03
1.699799976624590727e+03
1.626466643291257242e+03
1.672633309957924212e+03
1.676966643291257697e+03
1.679133309957924212e+03
1.592133309957924212e+03
1.656466643291257697e+03
1.683133309957924212e+03
1.777133309957924212e+03
1.694966643291257242e+03
1.742466643291257697e+03
1.704466643291257242e+03
1.730133309957924212e+03
1.609633309957924212e+03
1.629633309957924212e+03
1.591966643291257242e+03
1.615799976624590727e+03
1.546133309957924212e+03
1.635799976624590727e+03
1.659966643291257697e+03
1.695466643291257697e+03
1.644799976624590727e+03
1.694133309957924212e+03
1.675133309957924212e+03
1.627799976624590727e+03
1.516799976624590727e+03
1.597633309957924212e+03
1.659633309957924212e+03
1.708466643291257242e+03
1.610466643291257697e+03
1.642633309957924212e+03
1.670799976624590727e+03
1.701966643291257697e+03
1.586133309957924212e+03
1.608633309957924212e+03
1.593466643291257697e+03
1.579966643291257242e+03
1.469133309957924212e+03
1.541799976624590727e+03
1.574466643291257697e+03
1.573133309957924212e+03
1.434299976624590727e+03
1.499299976624590727e+03
1.493633309957924212e+03
1.484799976624590727e+03
1.407966643291257697e+03
1.498966643291257697e+03
1.559799976624590727e+03
1.572466643291257242e+03
1.479633309957924212e+03
1.490633309957924212e+03
1.471133309957924212e+03
1.498966643291257697e+03
1.458799976624590727e+03
1.501799976624590727e+03
1.473299976624590727e+03
1.487799976624590727e+03
1.445799976624590727e+03
1.564633309957924212e+03
1.564133309957924212e+03
1.561633309957924212e+03
1.418466643291257242e+03
1.464966643291257697e+03
1.473966643291257242e+03
1.490133309957924212e+03
1.413466643291257697e+03
1.483299976624590727e+03
1.480799976624590727e+03
1.449466643291257697e+03
1.318799976624590727e+03
1.378133309957924212e+03
1.405299976624590727e+03
1.431466643291257697e+03
1.345299976624590727e+03
1.396633309957924212e+03
1.432466643291257697e+03
1.435299976624590727e+03
1.371299976624590727e+03
1.389466643291257697e+03
1.400799976624590727e+03
1.395466643291257242e+03
1.331966643291257697e+03
1.387966643291257242e+03
1.394633309957924212e+03
1.438633309957924212e+03
1.375799976624590727e+03
1.470299976624590727e+03
1.462633309957924212e+03
1.506299976624590727e+03
1.420466643291257697e+03
1.462966643291257697e+03
1.447966643291257697e+03
1.464966643291257697e+03
1.362299976624590727e+03
1.417466643291257242e+03
1.434466643291257697e+03
1.481966643291257242e+03
1.405299976624590727e+03
1.407299976624590727e+03
1.380799976624590727e+03
1.431633309957924212e+03
1.431299976624590727e+03
1.518966643291257697e+03
1.495799976624590727e+03
1.462633309957924212e+03
1.416799976624590727e+03
1.490299976624590727e+03
1.699133309957924212e+03
2.232299976624590727e+03
2.188133309957924212e+03
2.049966643291257242e+03
1.439133309957924212e+03
1.359799976624590727e+03
1.287466643291257697e+03
1.401966643291257697e+03
1.433133309957924212e+03
1.422633309957924212e+03
1.337633309957924212e+03
1.393966643291257242e+03
1.396633309957924212e+03
1.399966643291257242e+03
1.299799976624590727e+03
1.355466643291257242e+03
1.369133309957924212e+03
1.379633309957924212e+03
1.334133309957924212e+03
1.393466643291257242e+03
1.425633309957924212e+03
1.402299976624590727e+03
1.277133309957924212e+03
1.262133309957924212e+03
1.228299976624590727e+03
1.294966643291257697e+03
1.308299976624590727e+03
1.455633309957924212e+03
1.458633309957924212e+03
1.457966643291257697e+03
1.327633309957924212e+03
1.348966643291257697e+03
1.368966643291257697e+03
1.396466643291257697e+03
1.327966643291257697e+03
1.331966643291257697e+03
1.338799976624590727e+03
1.379299976624590727e+03
1.353633309957924212e+03
1.404299976624590727e+03
1.378466643291257242e+03
1.339799976624590727e+03
1.251133309957924212e+03
1.349466643291257697e+03
1.388633309957924212e+03
1.407466643291257242e+03
1.316966643291257697e+03
1.353466643291257242e+03
1.378633309957924212e+03
1.401133309957924212e+03
1.345133309957924212e+03
1.392133309957924212e+03
1.381133309957924212e+03
1.392633309957924212e+03
1.302799976624590727e+03
1.317133309957924212e+03
1.279799976624590727e+03
1.296799976624590727e+03
1.245466643291257697e+03
1.343799976624590727e+03
1.381799976624590727e+03
1.425133309957924212e+03
1.310966643291257697e+03
1.338466643291257697e+03
1.361299976624590727e+03
1.409466643291257242e+03
1.330966643291257697e+03
1.361633309957924212e+03
1.366466643291257697e+03
1.369966643291257697e+03
1.264133309957924212e+03
1.285799976624590727e+03
1.308299976624590727e+03
1.342966643291257242e+03
1.276799976624590727e+03
1.303966643291257697e+03
1.316966643291257242e+03
1.400633309957924212e+03
1.327633309957924212e+03
1.334466643291257697e+03
1.289466643291257242e+03
1.320966643291257242e+03
1.295299976624590727e+03
1.375633309957924212e+03
1.381299976624590727e+03
1.419299976624590727e+03
1.327299976624590727e+03
1.359966643291257697e+03
1.307799976624590727e+03
1.320633309957924212e+03
1.254133309957924212e+03
1.328966643291257697e+03
1.311466643291257697e+03
1.357799976624590727e+03
1.294633309957924212e+03
1.337799976624590727e+03
1.305299976624590727e+03
1.309466643291257697e+03
1.227633309957924212e+03
1.286633309957924212e+03
1.274633309957924212e+03
1.323466643291257697e+03
1.220633309957924212e+03
1.224633309957924212e+03
1.239466643291257697e+03
1.294633309957924212e+03
1.294133309957924212e+03
1.345966643291257697e+03
1.358133309957924212e+03
1.361466643291257697e+03
1.278133309957924212e+03
1.345299976624590727e+03
1.382466643291257697e+03
1.423799976624590727e+03
1.345966643291257242e+03
1.353966643291257697e+03
1.308799976624590727e+03
1.291299976624590727e+03
1.193133309957924212e+03
1.241133309957924212e+03
1.252299976624590727e+03
1.336799976624590727e+03
1.307633309957924212e+03
1.373966643291257242e+03
1.360799976624590727e+03
1.358299976624590727e+03
1.263633309957924212e+03
1.307299976624590727e+03
1.297299976624590727e+03
1.346299976624590727e+03
1.289299976624590727e+03
1.340966643291257697e+03
1.314966643291257697e+03
1.298466643291257697e+03
1.232799976624590727e+03
1.294133309957924212e+03
1.293799976624590727e+03
1.309466643291257697e+03
1.221966643291257697e+03
1.258633309957924212e+03
1.263133309957924212e+03
1.277466643291257242e+03
1.206133309957924212e+03
1.250966643291257697e+03
1.284799976624590727e+03
1.352133309957924212e+03
1.318633309957924212e+03
1.335799976624590727e+03
1.324466643291257697e+03
1.337299976624590727e+03
1.266633309957924212e+03
1.304466643291257697e+03
1.264133309957924212e+03
1.300466643291257697e+03
1.233299976624590727e+03
1.307133309957924212e+03
1.290133309957924212e+03
1.302466643291257697e+03
1.158799976624590727e+03
1.181299976624590727e+03
1.171966643291257697e+03
1.254299976624590727e+03
1.215466643291257697e+03
1.287133309957924212e+03
1.260466643291257242e+03
1.272633309957924212e+03
1.170466643291257697e+03
1.223633309957924212e+03
1.221133309957924212e+03
1.223466643291257697e+03
1.159799976624590727e+03
1.228633309957924212e+03
1.237966643291257697e+03
1.263133309957924212e+03
1.158633309957924212e+03
1.203799976624590727e+03
1.235466643291257697e+03
1.297133309957924212e+03
1.237299976624590727e+03
1.267799976624590727e+03
1.269466643291257697e+03
1.315466643291257697e+03
1.219966643291257697e+03
1.216799976624590727e+03
1.188633309957924212e+03
1.209966643291257697e+03
1.157133309957924212e+03
1.221466643291257697e+03
1.260466643291257697e+03
1.360299976624590727e+03
1.351633309957924212e+03
1.412799976624590727e+03
1.380299976624590727e+03
1.362799976624590727e+03
1.278966643291257242e+03
1.262133309957924212e+03
1.241966643291257697e+03
1.265966643291257697e+03
1.246799976624590727e+03
1.295633309957924212e+03
1.247133309957924212e+03
1.226966643291257697e+03
1.144799976624590727e+03
1.220966643291257697e+03
1.240799976624590727e+03
1.259299976624590727e+03
1.184633309957924212e+03
1.238966643291257697e+03
1.263133309957924212e+03
1.271799976624590727e+03
1.204133309957924212e+03
1.259799976624590727e+03
1.289799976624590727e+03
1.292466643291257242e+03
1.170799976624590727e+03
1.177966643291257697e+03
1.208299976624590727e+03
1.252799976624590727e+03
1.193466643291257697e+03
1.238466643291257697e+03
1.287133309957924212e+03
1.329966643291257697e+03
1.260299976624590727e+03
1.231633309957924212e+03
1.224633309957924212e+03
1.244966643291257697e+03
1.229633309957924212e+03
1.254299976624590727e+03
1.215633309957924212e+03
1.202466643291257697e+03
1.129466643291257697e+03
1.196299976624590727e+03
1.220633309957924212e+03
1.291466643291257697e+03
1.270299976624590727e+03
1.312133309957924212e+03
1.261799976624590727e+03
1.246299976624590727e+03
1.199299976624590727e+03
1.253799976624590727e+03
1.248466643291257697e+03
1.263466643291257697e+03
1.198633309957924212e+03
1.223633309957924212e+03
1.207299976624590727e+03
1.262633309957924212e+03
1.204633309957924212e+03
1.204133309957924212e+03
1.198799976624590727e+03
1.275799976624590727e+03
1.264299976624590727e+03
1.294466643291257697e+03
1.268966643291257697e+03
1.260133309957924212e+03
1.193799976624590727e+03
1.246299976624590727e+03
1.235466643291257697e+03
1.209633309957924212e+03
1.086799976624590727e+03
1.143466643291257697e+03
1.160299976624590727e+03
1.203299976624590727e+03
1.142466643291257697e+03
1.188633309957924212e+03
1.207799976624590727e+03
1.253299976624590727e+03
1.244466643291257697e+03
1.332633309957924212e+03
1.344299976624590727e+03
1.331966643291257242e+03
1.195633309957924212e+03
1.194633309957924212e+03
1.173633309957924212e+03
1.198299976624590727e+03
1.153299976624590727e+03
1.207299976624590727e+03
1.254299976624590727e+03
1.338799976624590727e+03
1.306466643291257697e+03
1.302133309957924212e+03
1.250299976624590727e+03
1.294133309957924212e+03
1.270633309957924212e+03
1.340799976624590727e+03
1.295466643291257697e+03
1.278633309957924212e+03
1.172799976624590727e+03
1.217299976624590727e+03
1.222966643291257242e+03
1.257633309957924212e+03
1.178466643291257697e+03
1.218633309957924212e+03
1.198799976624590727e+03
1.226133309957924212e+03
1.159299976624590727e+03
1.224633309957924212e+03
1.219133309957924212e+03
1.235799976624590727e+03
1.160299976624590727e+03
1.195633309957924212e+03
1.216299976624590727e+03
1.219633309957924212e+03
1.156299976624590727e+03
1.152633309957924212e+03
1.146299976624590727e+03
1.184466643291257697e+03
1.157133309957924212e+03
1.221966643291257697e+03
1.201299976624590727e+03
1.220799976624590727e+03
1.127633309957924212e+03
1.179299976624590727e+03
1.192299976624590727e+03
1.256466643291257697e+03
1.232299976624590727e+03
1.269299976624590727e+03
1.261466643291257697e+03
1.288966643291257697e+03
1.209966643291257697e+03
1.221966643291257697e+03
1.186633309957924212e+03
1.214799976624590727e+03
1.149633309957924212e+03
1.177966643291257697e+03
1.158966643291257697e+03
1.198633309957924212e+03
1.141633309957924212e+03
1.226133309957924212e+03
1.257299976624590727e+03
1.308466643291257242e+03
1.215799976624590727e+03
1.239799976624590727e+03
1.232133309957924212e+03
1.257299976624590727e+03
1.155966643291257697e+03
1.162633309957924212e+03
1.175966643291257697e+03
1.244799976624590727e+03
1.204799976624590727e+03
1.226799976624590727e+03
1.220633309957924212e+03
1.288966643291257697e+03
1.222633309957924212e+03
1.232299976624590727e+03
1.157966643291257697e+03
1.179633309957924212e+03
1.149799976624590727e+03
1.196466643291257697e+03
1.212133309957924212e+03
1.228133309957924212e+03
1.192466643291257697e+03
1.236633309957924212e+03
1.243799976624590727e+03
1.280466643291257697e+03
1.201299976624590727e+03
1.188966643291257697e+03
1.130633309957924212e+03
1.151466643291257697e+03
1.133466643291257697e+03
1.221299976624590727e+03
1.224633309957924212e+03
1.249133309957924212e+03
1.170799976624590727e+03
1.220966643291257697e+03
1.221133309957924212e+03
1.261133309957924212e+03
1.210799976624590727e+03
1.255633309957924212e+03
1.264133309957924212e+03
1.302966643291257242e+03
1.221799976624590727e+03
1.219966643291257697e+03
1.181799976624590727e+03
1.209633309957924212e+03
1.151133309957924212e+03
1.188799976624590727e+03
1.220133309957924212e+03
1.299633309957924212e+03
1.228633309957924212e+03
1.191799976624590727e+03
1.137799976624590727e+03
1.198466643291257697e+03
1.186799976624590727e+03
1.250466643291257697e+03
1.216299976624590727e+03
1.222633309957924212e+03
1.176466643291257697e+03
1.280633309957924212e+03
1.286299976624590727e+03
1.288299976624590727e+03
1.166633309957924212e+03
1.176299976624590727e+03
1.171799976624590727e+03
1.191466643291257697e+03
1.139299976624590727e+03
1.162966643291257697e+03
1.159633309957924212e+03
1.180133309957924212e+03
1.104299976624590727e+03
1.131966643291257697e+03
1.172133309957924212e+03
1.220133309957924212e+03
1.183466643291257697e+03
1.207966643291257697e+03
1.218466643291257697e+03
1.252299976624590727e+03
1.209466643291257697e+03
1.242466643291257697e+03
1.236633309957924212e+03
1.237133309957924212e+03
1.180966643291257697e+03
1.232133309957924212e+03
1.213466643291257697e+03
1.216966643291257697e+03
1.113466643291257697e+03
1.163966643291257697e+03
1.170966643291257697e+03
1.236966643291257242e+03
1.176299976624590727e+03
1.234799976624590727e+03
1.202799976624590727e+03
1.234966643291257697e+03
1.168299976624590727e+03
1.182299976624590727e+03
1.186299976624590727e+03
1.280133309957924212e+03
1.253633309957924212e+03
1.264466643291257242e+03
1.187799976624590727e+03
1.230299976624590727e+03
1.201966643291257697e+03
1.217966643291257697e+03
1.224133309957924212e+03
1.284633309957924212e+03
1.247966643291257242e+03
1.208799976624590727e+03
1.106966643291257697e+03
1.120633309957924212e+03
1.135299976624590727e+03
1.245633309957924212e+03
1.239299976624590727e+03
1.284966643291257697e+03
1.218466643291257697e+03
1.257466643291257697e+03
1.218799976624590727e+03
1.245466643291257697e+03
1.191299976624590727e+03
1.191966643291257697e+03
1.153133309957924212e+03
1.153133309957924212e+03
1.101633309957924212e+03
1.161299976624590727e+03
1.154133309957924212e+03
1.213133309957924212e+03
1.151466643291257697e+03
1.204966643291257697e+03
1.158466643291257697e+03
1.204299976624590727e+03
1.181133309957924212e+03
1.232466643291257697e+03
1.227133309957924212e+03
1.237966643291257697e+03
1.185133309957924212e+03
1.202966643291257697e+03
1.169133309957924212e+03
1.192299976624590727e+03
1.141299976624590727e+03
1.207133309957924212e+03
1.211133309957924212e+03
1.261133309957924212e+03
1.220466643291257697e+03
1.258633309957924212e+03
1.206299976624590727e+03
1.182299976624590727e+03
1.114299976624590727e+03
1.153633309957924212e+03
1.187966643291257697e+03
1.250299976624590727e+03
1.197299976624590727e+03
1.223466643291257697e+03
1.173799976624590727e+03
1.183299976624590727e+03
1.095299976624590727e+03
1.159133309957924212e+03
1.168799976624590727e+03
1.220966643291257697e+03
1.156466643291257697e+03
1.181799976624590727e+03
1.147466643291257697e+03
1.198966643291257697e+03
1.182966643291257697e+03
1.289633309957924212e+03
1.266633309957924212e+03
1.301299976624590727e+03
1.201299976624590727e+03
1.223299976624590727e+03
1.192133309957924212e+03
1.231799976624590727e+03
1.192966643291257697e+03
1.200966643291257697e+03
1.192299976624590727e+03
1.230799976624590727e+03
1.206633309957924212e+03
1.207466643291257697e+03
1.160633309957924212e+03
1.182966643291257697e+03
1.133633309957924212e+03
1.187966643291257697e+03
1.183466643291257697e+03
1.213799976624590727e+03
1.141966643291257697e+03
1.192466643291257697e+03
1.200299976624590727e+03
1.240466643291257697e+03
1.155799976624590727e+03
1.175966643291257697e+03
1.151799976624590727e+03
1.205799976624590727e+03
1.144133309957924212e+03
1.173466643291257697e+03
1.121633309957924212e+03
1.180299976624590727e+03
1.137466643291257697e+03
1.193466643291257697e+03
1.159966643291257697e+03
1.202299976624590727e+03
1.146633309957924212e+03
1.198133309957924212e+03
1.215633309957924212e+03
1.269966643291257697e+03
1.245299976624590727e+03
1.265633309957924212e+03
1.268633309957924212e+03
1.243466643291257242e+03
1.154633309957924212e+03
1.156299976624590727e+03
1.183466643291257697e+03
1.210799976624590727e+03
1.137299976624590727e+03
1.121466643291257697e+03
1.094133309957924212e+03
1.120633309957924212e+03
1.111966643291257697e+03
1.192633309957924212e+03
1.221633309957924212e+03
1.285133309957924212e+03
1.284799976624590727e+03
1.319466643291257242e+03
1.253466643291257697e+03
1.185299976624590727e+03
1.102966643291257697e+03
1.164799976624590727e+03
1.215966643291257697e+03
1.320966643291257697e+03
1.254299976624590727e+03
1.263466643291257697e+03
1.187799976624590727e+03
1.215633309957924212e+03
1.151299976624590727e+03
1.154133309957924212e+03
1.141633309957924212e+03
1.175966643291257697e+03
1.147133309957924212e+03
1.179966643291257697e+03
1.171133309957924212e+03
1.181133309957924212e+03
1.092299976624590727e+03
1.093133309957924212e+03
1.090633309957924212e+03
1.115133309957924212e+03
1.106966643291257697e+03
1.191633309957924212e+03
1.223133309957924212e+03
1.270466643291257242e+03
1.175966643291257697e+03
1.232299976624590727e+03
1.317966643291257697e+03
1.373466643291257697e+03
1.337966643291257242e+03
1.244633309957924212e+03
1.218466643291257697e+03
1.231633309957924212e+03
1.191466643291257697e+03
1.217133309957924212e+03
1.189466643291257697e+03
1.255966643291257697e+03
1.196633309957924212e+03
1.214633309957924212e+03
1.151466643291257697e+03
1.172633309957924212e+03
1.142799976624590727e+03
1.192133309957924212e+03
1.209633309957924212e+03
1.211466643291257697e+03
1.169299976624590727e+03
1.240799976624590727e+03
1.259966643291257697e+03
1.262466643291257697e+03
1.169133309957924212e+03
1.187133309957924212e+03
1.206966643291257697e+03
1.259299976624590727e+03
1.176966643291257697e+03
1.172133309957924212e+03
1.127966643291257697e+03
1.214633309957924212e+03
1.168966643291257697e+03
1.205299976624590727e+03
1.171966643291257697e+03
1.256799976624590727e+03
1.210633309957924212e+03
1.218133309957924212e+03
1.127799976624590727e+03
1.157966643291257697e+03
1.128466643291257697e+03
1.209299976624590727e+03
1.181466643291257697e+03
1.218466643291257697e+03
1.149633309957924212e+03
1.199466643291257697e+03
1.202133309957924212e+03
1.247633309957924212e+03
1.199299976624590727e+03
1.189466643291257697e+03
1.176799976624590727e+03
1.217299976624590727e+03
1.157466643291257697e+03
1.139966643291257697e+03
1.102133309957924212e+03
1.149799976624590727e+03
1.126299976624590727e+03
1.183466643291257697e+03
1.177966643291257697e+03
1.218466643291257697e+03
1.167466643291257697e+03
1.215466643291257697e+03
1.228799976624590727e+03
1.258633309957924212e+03
1.185299976624590727e+03
1.174133309957924212e+03
1.130299976624590727e+03
1.200799976624590727e+03
1.206299976624590727e+03
1.318633309957924212e+03
1.297466643291257697e+03
1.283633309957924212e+03
1.157466643291257697e+03
1.163466643291257697e+03
1.129466643291257697e+03
1.199299976624590727e+03
1.188966643291257242e+03
1.259633309957924212e+03
1.224799976624590727e+03
1.221299976624590727e+03
1.171466643291257697e+03
1.223633309957924212e+03
1.235966643291257697e+03
1.257799976624590727e+03
1.204133309957924212e+03
1.244966643291257697e+03
1.201299976624590727e+03
1.211466643291257242e+03
1.163966643291257697e+03
1.261966643291257697e+03
1.267133309957924212e+03
1.284799976624590727e+03
1.228299976624590727e+03
1.271966643291257697e+03
1.262133309957924212e+03
1.306133309957924212e+03
1.220133309957924212e+03
1.207799976624590727e+03
1.120633309957924212e+03
1.162966643291257697e+03
1.126466643291257697e+03
1.202299976624590727e+03
1.202299976624590727e+03
1.265466643291257697e+03
1.205466643291257697e+03
1.206966643291257697e+03
1.181133309957924212e+03
1.234633309957924212e+03
1.209299976624590727e+03
1.258799976624590727e+03
1.234966643291257697e+03
1.266633309957924212e+03
1.229299976624590727e+03
1.249133309957924212e+03
1.216466643291257697e+03
1.224133309957924212e+03
1.226799976624590727e+03
1.285299976624590727e+03
1.249799976624590727e+03
1.225466643291257697e+03
1.153466643291257697e+03
1.179299976624590727e+03
1.166299976624590727e+03
1.228633309957924212e+03
1.207633309957924212e+03
1.238799976624590727e+03
1.205799976624590727e+03
1.221299976624590727e+03
1.161633309957924212e+03
1.206633309957924212e+03
1.166133309957924212e+03
1.212966643291257242e+03
1.158466643291257697e+03
1.243299976624590727e+03
1.220299976624590727e+03
1.225799976624590727e+03
1.146799976624590727e+03
1.157966643291257697e+03
1.137466643291257697e+03
1.159966643291257697e+03
1.166299976624590727e+03
1.209799976624590727e+03
1.161299976624590727e+03
1.167466643291257697e+03
1.129966643291257697e+03
1.198966643291257697e+03
1.190466643291257697e+03
1.203466643291257697e+03
1.159133309957924212e+03
1.208466643291257697e+03
1.219633309957924212e+03
1.282299976624590727e+03
1.227799976624590727e+03
1.234466643291257697e+03
1.206466643291257697e+03
1.223966643291257697e+03
1.187966643291257697e+03
1.239466643291257697e+03
1.249799976624590727e+03
1.280299976624590727e+03
1.169966643291257697e+03
1.197466643291257697e+03
1.214966643291257697e+03
1.305299976624590727e+03
1.235799976624590727e+03
1.246133309957924212e+03
1.241299976624590727e+03
1.311466643291257242e+03
1.282633309957924212e+03
1.279799976624590727e+03
1.212633309957924212e+03
1.197466643291257697e+03
1.155966643291257697e+03
1.206299976624590727e+03
1.184799976624590727e+03
1.213799976624590727e+03
1.151299976624590727e+03
1.186466643291257697e+03
1.171799976624590727e+03
1.205299976624590727e+03
1.191466643291257697e+03
1.206133309957924212e+03
1.155466643291257697e+03
1.187133309957924212e+03
1.184633309957924212e+03
1.283966643291257697e+03
1.289133309957924212e+03
1.284133309957924212e+03
1.207966643291257697e+03
1.226799976624590727e+03
1.214633309957924212e+03
1.226133309957924212e+03
1.156466643291257697e+03
1.187966643291257697e+03
1.198466643291257697e+03
1.259466643291257697e+03
1.183633309957924212e+03
1.216466643291257242e+03
1.174633309957924212e+03
1.251299976624590727e+03
1.245133309957924212e+03
1.271799976624590727e+03
1.272799976624590727e+03
1.268633309957924212e+03
1.211966643291257697e+03
1.207466643291257697e+03
1.182799976624590727e+03
1.224466643291257697e+03
1.167633309957924212e+03
1.161299976624590727e+03
1.136466643291257697e+03
1.180966643291257697e+03
1.188799976624590727e+03
1.235633309957924212e+03
1.208133309957924212e+03
1.221966643291257697e+03
1.149299976624590727e+03
1.156299976624590727e+03
1.112466643291257697e+03
1.152633309957924212e+03
1.126133309957924212e+03
1.156466643291257697e+03
1.151133309957924212e+03
1.251299976624590727e+03
1.272633309957924212e+03
1.329133309957924212e+03
1.212133309957924212e+03
1.191633309957924212e+03
1.128466643291257697e+03
1.213133309957924212e+03
1.210633309957924212e+03
1.216966643291257697e+03
1.153299976624590727e+03
1.189799976624590727e+03
1.208966643291257242e+03
1.252466643291257697e+03
1.203466643291257697e+03
1.228133309957924212e+03
1.237799976624590727e+03
1.286966643291257697e+03
1.220299976624590727e+03
1.183799976624590727e+03
1.132466643291257697e+03
1.155299976624590727e+03
1.139466643291257697e+03
1.186299976624590727e+03
1.149966643291257697e+03
1.139299976624590727e+03
1.048633309957924212e+03
1.081633309957924212e+03
1.093799976624590727e+03
1.156299976624590727e+03
1.122133309957924212e+03
1.133966643291257697e+03
1.069966643291257697e+03
1.095799976624590727e+03
1.082799976624590727e+03
1.169133309957924212e+03
1.180133309957924212e+03
1.242466643291257697e+03
1.195466643291257242e+03
1.241966643291257242e+03
1.174633309957924212e+03
1.168633309957924212e+03
1.108633309957924212e+03
1.162799976624590727e+03
1.190299976624590727e+03
1.240299976624590727e+03
1.215299976624590727e+03
1.260133309957924212e+03
1.241466643291257697e+03
1.244466643291257697e+03
1.163966643291257697e+03
1.181633309957924212e+03
1.209799976624590727e+03
1.260133309957924212e+03
1.242799976624590727e+03
1.261966643291257697e+03
1.255966643291257697e+03
1.242133309957924212e+03
1.177966643291257697e+03
1.174133309957924212e+03
1.166466643291257697e+03
1.188966643291257697e+03
1.165799976624590727e+03
1.224633309957924212e+03
1.202966643291257242e+03
1.261466643291257242e+03
1.202633309957924212e+03
1.219133309957924212e+03
1.137966643291257697e+03
1.148133309957924212e+03
1.116133309957924212e+03
1.174799976624590727e+03
1.171966643291257697e+03
1.202633309957924212e+03
1.144633309957924212e+03
1.158633309957924212e+03
1.144966643291257697e+03
1.176799976624590727e+03
1.134799976624590727e+03
1.161633309957924212e+03
1.147133309957924212e+03
1.198966643291257697e+03
1.126299976624590727e+03
1.132799976624590727e+03
1.141133309957924212e+03
1.230299976624590727e+03
1.195799976624590727e+03
1.161299976624590727e+03
1.119466643291257697e+03
1.178299976624590727e+03
1.175466643291257697e+03
1.200633309957924212e+03
1.184133309957924212e+03
1.194966643291257697e+03
1.176466643291257697e+03
1.213799976624590727e+03
1.228133309957924212e+03
1.261633309957924212e+03
1.201466643291257242e+03
1.189133309957924212e+03
1.168133309957924212e+03
1.226133309957924212e+03
1.212799976624590727e+03
1.225633309957924212e+03
1.204466643291257697e+03
1.219133309957924212e+03
1.175133309957924212e+03
1.154966643291257697e+03
1.137466643291257697e+03
1.198633309957924212e+03
1.240133309957924212e+03
1.323633309957924212e+03
1.278799976624590727e+03
1.263799976624590727e+03
1.180466643291257697e+03
1.194466643291257697e+03
1.177633309957924212e+03
1.209633309957924212e+03
1.219299976624590727e+03
1.242466643291257697e+03
1.205299976624590727e+03
1.175966643291257697e+03
1.175799976624590727e+03
1.197466643291257697e+03
1.185133309957924212e+03
1.167633309957924212e+03
1.130966643291257697e+03
1.128966643291257697e+03
1.112299976624590727e+03
1.154466643291257697e+03
1.155799976624590727e+03
1.167466643291257697e+03
1.130133309957924212e+03
1.166133309957924212e+03
1.149133309957924212e+03
1.209966643291257697e+03
1.179466643291257697e+03
1.206466643291257697e+03
1.136966643291257697e+03
1.133133309957924212e+03
1.091966643291257697e+03
1.125633309957924212e+03
1.125466643291257697e+03
1.156466643291257697e+03
1.104799976624590727e+03
1.119799976624590727e+03
1.107133309957924212e+03
1.179466643291257697e+03
1.165966643291257697e+03
1.203633309957924212e+03
1.198966643291257697e+03
1.260133309957924212e+03
1.207633309957924212e+03
1.208299976624590727e+03
1.107966643291257697e+03
1.128799976624590727e+03
1.095966643291257697e+03
1.164966643291257697e+03
1.142966643291257697e+03
1.142299976624590727e+03
1.099799976624590727e+03
1.147966643291257697e+03
1.154633309957924212e+03
1.145966643291257697e+03
1.110633309957924212e+03
1.131133309957924212e+03
1.129799976624590727e+03
1.169466643291257697e+03
1.132299976624590727e+03
1.183466643291257697e+03
1.149966643291257697e+03
1.190466643291257697e+03
1.149299976624590727e+03
1.144466643291257697e+03
1.103966643291257697e+03
1.143799976624590727e+03
1.125133309957924212e+03
1.144299976624590727e+03
1.102133309957924212e+03
1.122799976624590727e+03
1.141133309957924212e+03
1.208633309957924212e+03
1.181633309957924212e+03
1.125133309957924212e+03
1.043966643291257697e+03
1.098466643291257697e+03
1.124466643291257697e+03
1.193299976624590727e+03
1.162633309957924212e+03
1.156633309957924212e+03
1.110466643291257697e+03
1.115633309957924212e+03
1.119966643291257697e+03
1.160966643291257697e+03
1.128633309957924212e+03
1.156299976624590727e+03
1.145633309957924212e+03
1.222299976624590727e+03
1.223466643291257697e+03
1.244299976624590727e+03
1.193133309957924212e+03
1.228799976624590727e+03
1.215966643291257697e+03
1.199799976624590727e+03
1.120633309957924212e+03
1.135133309957924212e+03
1.164966643291257697e+03
1.213966643291257697e+03
1.182133309957924212e+03
1.237466643291257697e+03
1.243466643291257697e+03
1.249466643291257697e+03
1.200299976624590727e+03
1.243966643291257697e+03
1.235299976624590727e+03
1.249966643291257697e+03
1.197633309957924212e+03
1.238466643291257697e+03
1.209133309957924212e+03
1.222799976624590727e+03
1.166299976624590727e+03
1.211799976624590727e+03
1.202466643291257697e+03
1.280633309957924212e+03
1.277799976624590727e+03
1.288799976624590727e+03
1.212633309957924212e+03
1.211133309957924212e+03
1.178633309957924212e+03
1.237299976624590727e+03
1.212133309957924212e+03
1.213299976624590727e+03
1.146133309957924212e+03
1.171466643291257697e+03
1.140966643291257697e+03
1.146299976624590727e+03
1.107966643291257697e+03
1.167966643291257697e+03
1.139799976624590727e+03
1.150133309957924212e+03
1.118299976624590727e+03
1.175466643291257697e+03
1.145966643291257697e+03
1.167799976624590727e+03
1.172466643291257697e+03
1.208966643291257697e+03
1.174799976624590727e+03
1.173966643291257697e+03
1.160466643291257697e+03
1.221633309957924212e+03
1.199133309957924212e+03
1.224466643291257697e+03
1.217633309957924212e+03
1.267966643291257697e+03
1.272133309957924212e+03
1.252966643291257697e+03
1.231133309957924212e+03
1.248133309957924212e+03
1.233466643291257697e+03
1.255466643291257697e+03
1.200299976624590727e+03
1.229966643291257697e+03
1.229799976624590727e+03
1.314466643291257697e+03
1.296299976624590727e+03
1.318299976624590727e+03
1.245133309957924212e+03
1.228799976624590727e+03
1.166133309957924212e+03
1.169966643291257697e+03
1.136299976624590727e+03
1.139633309957924212e+03
1.126966643291257697e+03
1.194966643291257697e+03
1.167633309957924212e+03
1.188299976624590727e+03
1.175799976624590727e+03
1.206133309957924212e+03
1.173466643291257697e+03
1.186966643291257697e+03
1.200466643291257697e+03
1.277633309957924212e+03
1.271633309957924212e+03
1.261299976624590727e+03
1.212466643291257697e+03
1.245466643291257697e+03
1.249799976624590727e+03
1.252133309957924212e+03
1.169133309957924212e+03
1.205966643291257697e+03
1.197299976624590727e+03
1.241633309957924212e+03
1.176299976624590727e+03
1.192299976624590727e+03
1.161966643291257697e+03
1.216299976624590727e+03
1.202966643291257697e+03
1.281966643291257697e+03
1.265299976624590727e+03
1.322299976624590727e+03
1.291633309957924212e+03
1.312299976624590727e+03
1.224466643291257697e+03
1.207133309957924212e+03
1.202799976624590727e+03
1.300966643291257697e+03
1.319133309957924212e+03
1.272466643291257697e+03
1.206466643291257697e+03
1.219133309957924212e+03
1.244633309957924212e+03
1.284799976624590727e+03
1.201299976624590727e+03
1.190466643291257697e+03
1.130966643291257697e+03
1.190966643291257697e+03
1.185966643291257697e+03
1.265966643291257697e+03
1.242799976624590727e+03
1.272299976624590727e+03
1.207966643291257697e+03
1.249466643291257697e+03
1.145799976624590727e+03
1.124299976624590727e+03
1.071466643291257697e+03
1.158133309957924212e+03
1.178799976624590727e+03
1.197299976624590727e+03
1.152633309957924212e+03
1.167133309957924212e+03
1.142299976624590727e+03
1.181966643291257697e+03
1.128633309957924212e+03
1.153299976624590727e+03
6.666333099579243253e+02
