-5.086970027531035612e+02
-1.142030336086436819e+03
4.164881824320814303e+02
5.506992759679054871e+03
4.096011521303418590e+02
7.609911822762161319e+04
9.046334095816873742e+03
-8.006268182940715405e+02
6.133555274045513670e+02
7.423518145867291423e+03
-3.883591879524402884e+03
4.333912551364184765e+03
5.773998425924963840e+02
-3.983029699721626002e+03
-4.246528499500572252e+03
3.045325303494927994e+03
2.423208608827498028e+04
1.248499223231685619e+03
8.340477625025081352e+02
-1.141000380771972232e+03
4.477301315480236781e+02
2.145288922359123717e+03
2.756532186979402013e+03
-1.511477949197448424e+03
-1.169916961641788703e+03
-5.537632283564738827e+03
-5.938445598473574137e+03
5.125439482825640880e+03
3.536457620198376617e+02
-1.104584575151962963e+04
7.285542037683507260e+03
-8.687650771388529392e+03
2.438626170785883005e+04
7.113875021659276172e+03
6.136005298426054651e+03
-6.875283413925209288e+02
7.050758402160909100e+02
2.193179486950706632e+03
1.236040183118648201e+03
-5.814512455753693985e+02
5.772695406075614954e+01
1.193932239262553139e+03
7.637947776249934577e+02
-4.654531297652952162e+02
8.587320694308889557e+00
9.295247178254182927e+02
1.078399344278175704e+03
-1.628952484843104003e+02
1.235001766142017459e+03
3.153263029249790634e+03
4.972471446993895370e+03
-4.880576564295428398e+03
-3.158494206769630637e+02
2.280381977936178373e+03
1.356149325576160209e+03
-2.642359648728264006e+02
2.238231546859182401e+02
6.445350797681415997e+02
3.575450517834632365e+02
-7.348623506246967736e+02
3.922847889427717405e+01
1.481719171431653194e+03
1.340436164806796342e+03
-9.620798147115118581e+02
1.655132304815318491e+02
1.561053110096120236e+03
8.423187352998912729e+02
-7.710824659826226934e+02
3.663298602646563040e+02
1.973610044459462415e+03
1.350297473724308702e+03
-5.784478728377712287e+02
3.754457570823503261e+02
2.034308503075196541e+03
8.486844164994881794e+02
-4.287972848481812207e+02
1.705700389325159847e+02
1.212507159351467863e+03
5.744318689852985926e+02
-8.348132790391359777e+02
4.822290655795675320e+02
5.010627077457231280e+03
4.666672243957029423e+03
-2.164111591340566520e+03
5.388915381019160122e+02
3.615985552601710424e+03
2.152039650752808484e+03
-1.347180943341394368e+02
5.057791023842905247e+02
1.322058933760723221e+03
8.163898401216947605e+02
-6.639430865743574941e+02
1.437509934548856450e+02
1.052410021491923089e+03
6.501512516940342721e+02
-2.100215439337182204e+02
6.776154921996740086e+02
1.940574056903566770e+03
1.358962449128141998e+03
-1.248129757629494179e+03
7.378718779896475155e+01
1.280537836847851622e+03
7.914558194209369049e+02
-4.985322736481232937e+02
2.942740633687334739e+00
5.883634501655932354e+02
3.005883477766456053e+02
-8.359845600289719414e+02
8.507432389900243663e+01
1.624731672566174211e+03
1.404705426823518110e+03
-7.064913239180205892e+03
1.169098134217206461e+04
-3.393648316970010637e+04
2.264016046087100767e+04
-6.723253856942505990e+02
1.611392099982851050e+03
4.407323429085699900e+03
1.267946554357117293e+03
-6.294586010410654353e+02
4.696215107023908217e+02
1.603180709893191533e+03
1.244002380180069622e+03
-5.769988646229892311e+02
1.779329063857597930e+02
8.234664894679067402e+02
3.821884934548833712e+02
-8.095043508422702416e+02
3.768394470681282087e+02
1.663572365115134744e+03
1.032878725820173713e+03
-1.227460756222036252e+03
-4.756456700701508566e+02
1.221895923719198890e+03
1.008056093007218237e+03
-5.601827513947508805e+02
-6.828359913224595346e+01
8.085445972527426193e+02
6.155101791248932841e+02
-6.613026447387311464e+02
1.047198507654422599e+02
1.879150828143626541e+03
1.868247132946496322e+03
1.001805223381434615e+02
5.595351632939257769e+01
7.808092276535406882e+02
8.900893148986697270e+02
-1.559657050685911486e+02
1.268825474477014126e+02
5.708987029366006709e+02
4.697291693505858916e+02
-1.008251075442550331e+02
3.861905463851493892e+02
8.557518893897154157e+02
7.377333283795999250e+02
-2.638484295503689623e+02
3.334959128451400829e+02
1.577057171586340928e+03
1.805421080177417252e+03
-8.579944746569406533e+00
4.674457257386691253e+02
1.025249053954709325e+03
6.733140946633229760e+02
-2.424338001951934416e+02
2.076618922008203469e+02
6.132599657160649258e+02
4.579534772567952814e+02
-3.803713537079930234e+02
1.582537507393982708e+02
8.329256626741183709e+02
5.988976185647369448e+02
-5.062291855549372599e+02
-3.152892915581365401e+02
6.876176661654147892e+02
1.060348483948622743e+03
-1.526458572042535025e+02
1.336534547343800909e+02
7.593236402015032809e+02
8.970666587869211526e+02
-5.679435063651449127e+02
1.634242861911448585e+02
1.117658532589291553e+03
5.609819427708530384e+02
-8.642555549634122372e+02
2.132767445169401697e+02
1.209106558815710287e+03
7.588009083016095246e+02
-4.850361539660286212e+02
4.697795269466279819e+02
1.679200371614159849e+03
1.428974618448211004e+03
-4.184306497356493537e+02
2.754519546429437469e+02
3.644148924237625124e+03
5.340918142452583197e+03
-6.194960261804567381e+02
1.377988040163861569e+03
1.683161018992164600e+03
1.182792757983890169e+03
-5.291652674344285288e+02
3.868337300546111237e+02
9.090398023581269626e+02
8.354079816788533890e+02
-3.307490065451148098e+02
1.535236106379479679e+02
7.184174351852038853e+02
4.918191451683731543e+02
-3.810948148879028849e+02
7.499535853574425346e+02
1.721501589527815668e+03
1.058531081964724081e+03
-1.140443191617987623e+03
2.249856408201421232e+02
1.330423490318235963e+03
3.221309236737030801e+02
-1.299506579194300684e+03
-3.903114336529390584e+02
1.144021717769102906e+03
1.285530485882332641e+03
8.827211476725112504e+01
1.084078958771435595e+02
7.080073966170701851e+02
7.676048835744645658e+02
-3.214902773956445117e+02
2.386601962504044536e+02
1.136488392435406695e+03
1.405377509429007659e+03
-4.867918656318518345e+01
4.057612789871491827e+02
8.816947834607534560e+02
9.718596790103532612e+02
-9.710459865682618386e+01
3.352126668378693921e+02
6.068646905332929009e+02
2.836130386060582396e+02
-8.812779434907625955e+02
4.549314017757172337e+02
8.973318134895899902e+02
6.312143153317946371e+02
-5.994990065451147530e+02
3.098566142107162591e+02
1.142151053414289663e+03
6.337612716222538438e+02
-1.389697234342787624e+03
-9.719197247499263881e+01
1.486264405356992711e+03
7.586984147222560750e+02
-1.087844434595285747e+03
-1.877096861669091652e+02
9.010627667736048352e+02
8.263871945175184237e+02
-4.319247551997531218e+02
3.057482226628617923e+02
1.102708112550509895e+03
7.347537136738596928e+02
-4.426691168011682862e+02
2.104241008428180351e+02
8.529111638845405423e+02
5.802024644058157037e+02
-3.464716087619959239e+02
5.888046628224869750e+01
8.550425580408764290e+02
8.607322082975153990e+02
-8.265733960570948113e+01
5.073344687103436854e+02
1.588901861962363000e+03
1.191218799648483127e+03
-1.041665077138852666e+03
-3.447702566373879449e+02
9.285020750028010070e+02
7.392119759675764499e+02
-4.102269161858259281e+02
4.395383319838966258e+02
8.987554926289753894e+02
4.759278303972441222e+02
-5.687875579783978992e+02
-3.804734109956727650e+01
6.720984274543238826e+02
3.780357029722647439e+02
-9.820044422316587998e+02
1.874357273083267899e+02
1.803874468250076688e+03
1.850671553227487721e+03
-8.155409141521604397e+02
-3.135499963237468819e+02
5.661278970554330954e+02
8.882734228884470440e+02
1.042247492769233617e+02
3.377028040543897873e+02
4.278013760611534622e+02
4.281831889011717180e+02
-3.351277142263219844e+02
2.081037868162691495e+02
8.053986353630195936e+02
3.453188212767517484e+02
-1.427816806466238859e+03
1.506770933066952466e+03
4.214372551847732211e+03
1.552028561320299104e+03
-3.999295983868212261e+02
1.590332835663326989e+02
8.914723450801710669e+02
4.728274741965061594e+02
-7.333580366839219096e+02
-6.726308893155466251e+01
1.696624354074574057e+03
2.233610952389139129e+03
-1.310709918879588486e+03
6.967388198524340623e+02
2.310608067585606477e+03
1.673718282206631557e+03
2.940111976114141612e+02
1.239615708274895042e+03
1.507078296489243712e+03
3.423155955229209439e+02
-1.438974921403384542e+03
3.524085300700114658e+02
1.893099909248407812e+03
2.523738501026832637e+03
-1.432445329331752646e+03
-4.302464573335732325e+02
5.059105359343757868e+02
2.991862755996197052e+02
-8.055104203606099418e+02
-2.167860636676176398e+02
6.242433875926150222e+02
5.345060138552415765e+02
-3.083183869995434065e+02
5.009278618221227219e+01
5.821277410449911258e+02
5.339680874420565715e+02
-3.239814735848297573e+02
-8.207859681391097695e+01
4.599549608822932782e+02
4.643435255954631202e+02
-2.883636263707140870e+02
-2.004102143804008733e+02
6.846014143419980655e+02
8.826128321300814150e+02
-4.852104947297779347e+01
4.786358244027924798e+02
7.817571381573324061e+02
3.067430419982081276e+02
-2.987852906473466419e+02
2.826281105867779502e+02
6.044086385167768185e+02
2.361092664470466218e+02
-6.235708833523572139e+02
2.140040036907568322e+01
9.442515880583599710e+02
7.765072742221219642e+02
-2.469250428549179901e+02
1.587482083749135882e+02
9.850899485740986847e+02
9.498820877579613580e+02
-6.364653093385626335e+02
-2.910375275160274668e+02
3.233166260672724661e+02
5.656366012992283459e+02
-1.308517514547124847e+02
-4.766265227829899476e-01
4.784097855390014047e+02
2.899369096623427140e+02
-6.781846694128283843e+02
-1.795230267881028965e+02
7.319617706159992849e+02
7.267960945085754929e+02
-2.831704187278195377e+02
4.156959798444071339e+02
8.224305075836364267e+02
5.084259340296197820e+02
-5.626910966621686612e+02
-5.229170141723078586e+02
3.117742925540672445e+02
7.457390687715263766e+02
1.702837916330198880e+02
4.911258552287848147e+02
3.632805672013119533e+02
-2.760351123047087629e+00
-9.101197670959249990e+02
1.412524435986386209e+02
1.475175574934550241e+03
7.826301675262899380e+02
-1.205392605240162766e+03
9.192540456608966348e-01
1.134834922861148243e+03
1.057183263207103892e+03
-1.231854550551292391e+02
2.484560088940274625e+02
8.524624398929764766e+02
4.686184613786298314e+02
-6.688161133416878101e+02
-1.503418453169991835e+02
7.217780061151182736e+02
1.320705529150725852e+03
-1.759314723491525683e+03
-3.964490693176888385e+02
1.497710703180568544e+03
4.170351504502983175e+02
-1.363209725217792993e+03
4.887926382151628673e+02
8.522487763653803086e+02
2.716044253806517190e+02
-7.366730630749052580e+02
-3.147710932309744294e+02
4.039512054939806376e+02
3.432473249795574475e+02
-4.022396006968230040e+02
2.122233996502338300e+02
5.561587079466881960e+02
1.488931561960031047e+02
-7.261827370976137672e+02
1.132130645619625255e+02
7.914005754575905485e+02
7.368842131250754619e+02
-1.608824156633698266e+01
4.286378504365047206e+02
1.167054308867055170e+03
1.148081289911552631e+03
-2.773371462572090422e+03
-4.262953526735908554e+02
9.342694394587819033e+02
9.285051339749884391e+02
-9.527910791693441297e+02
5.591283197399934579e+02
7.411383128408224366e+02
2.091409502892110197e+02
-7.225420324485320407e+02
8.575099345488581548e+01
8.418563306681368203e+02
9.520361469621497008e+02
-6.987176457854143337e+02
-3.085706970595314829e+02
3.464290659163370947e+02
8.377127314013629302e+02
-8.143909289245974605e+02
-1.611383156348113346e+02
3.427924164204719659e+02
2.687493709483811131e+02
-5.909710398135272271e+02
1.043811914076933590e+03
1.724126986909769130e+03
8.827165564683062939e+02
-9.167180033285753780e+02
-4.519133559738259009e+02
3.041389602188294106e+01
4.381241021717869444e+02
-4.645559584641445099e+02
6.254328306415279712e+02
9.613749522581551901e+02
4.836653335740344346e+02
-5.252414324208648395e+02
2.500013246065142027e+02
9.487398734791809147e+02
5.617017227447838650e+02
-1.596750280086450573e+02
-1.436483233324418904e+02
8.396089989007302847e+02
2.755784157257324750e+03
4.045848545540170562e+02
7.177248700011764413e+02
7.020237340454790456e+02
4.265989839786411721e+02
-2.653745233155234473e+02
4.825308362068231105e+00
2.677304250724023404e+02
1.535355573435871293e+02
-2.795153404755409952e+02
-3.741545059479624769e+01
5.457170947942148587e+02
7.522265077138864626e+02
-2.212316670260122748e+02
6.869353040601359339e+01
6.958309448821305523e+02
4.073137659451448371e+02
-4.792833712945337084e+02
-1.187057244640207898e+02
3.831511024837957393e+02
5.022936141514103952e+02
-2.006726882883792200e+02
2.239471674843413496e+02
1.020409637780906792e+03
1.031017846334091928e+03
-4.124835594774669971e+02
-1.498579759356337036e+02
4.513721365123880673e+02
4.785373606810804290e+02
-2.360132073773052070e+02
-1.289977377235676954e+02
-2.596242613625507829e+02
-2.898958095202759750e+02
-1.071459006524939468e+03
-2.459992119033736060e+02
6.610140593634019979e+02
6.121868534633097170e+02
-2.155084654770979853e+02
1.879391912277647521e+02
5.223252728107260054e+02
4.679843574894185849e+02
-1.351112095083735767e+03
-2.053120899422506511e+02
6.698001817141176844e+02
6.870132338945703623e+02
-3.137029417763437777e+02
-8.651066191768167357e+01
2.811436537776307318e+02
3.363714209386460539e+02
-1.664431198379323575e+02
7.052371095343355591e+02
1.279157986895644399e+03
5.804678005915696986e+02
-5.758625558033684229e+02
-2.260877468155443637e+01
5.096614465258358564e+02
7.406446987997259157e+02
3.629558687731484667e+01
-6.039606847881865548e+01
-2.279020580585457623e+01
-2.616252742420473609e+01
-3.234351591222383604e+02
-1.369130032475848395e+02
2.437457100473827438e+02
6.841607051097397516e+02
6.050070555133566330e+01
3.585618575173294857e+02
4.852792850259788793e+02
1.752112587333518832e+02
-7.614215973498681933e+02
-7.999816239558934683e+01
2.973549713301949282e+02
1.925833393532376192e+02
-8.585155741184206590e+02
1.019010987454186647e+02
9.063682318560335034e+02
1.202127182929866422e+03
1.539438566989586832e+02
2.002059489393688096e+01
1.240461737377267610e+02
9.261282535827207596e+01
-2.092910873146068695e+02
2.568211356742197040e+02
5.245229436665377989e+02
3.555097910415939850e+02
-3.725847081556456715e+02
5.321394402922899047e+01
3.511035685256804300e+02
5.570818505109716625e+02
-2.294159455086010979e+01
1.863903082568728848e+02
3.358769901834414213e+02
4.186818003716412591e+02
-8.977846298060896402e+01
3.739367422249659967e+02
3.403480664584147917e+02
1.378226849680914654e+02
-1.067892950097172616e+03
-3.948276885720069345e+02
2.053926305296663486e+02
4.894213863445026504e+02
-3.934892105192619738e+01
2.900811029510295498e+02
5.579516178767196379e+02
3.446903286628917158e+02
-3.775375198261677951e+02
-1.106450070840851510e+02
5.490725328938331131e+02
5.762287297859198816e+02
-2.402637430301403128e+03
-4.404965975794721267e+00
8.347012335514629058e+02
4.843614197863784057e+02
-1.407426364843832289e+03
-4.807973061187501003e+02
3.267820224828595315e+02
6.053503688753575034e+02
2.255046152842550100e+02
2.881868323732574595e+02
2.484804897508130921e+02
-6.386527254308604284e+01
-7.899967027051875448e+02
-3.597202458342306954e+02
1.506280603331608177e+02
5.598108054377632925e+02
-4.247022779751391113e+02
-3.038832178623259210e+02
7.074084228804707664e+01
3.365308900516087647e+02
-9.539819319100952555e+01
1.414920828274427720e+02
-1.112624852695303757e+00
-3.451819902972280829e+01
-2.549528973180832736e+02
7.443936432289336835e+01
1.928918896956289473e+02
2.158684968491455152e+02
-1.906471425985536143e+02
2.794120927272363133e+02
4.001345991944199341e+02
4.323585124693739772e+02
-9.203456602197405800e+00
1.357981467378381346e+01
1.586194019097379453e+02
1.561467214789148557e+02
-6.285726212845900562e+01
1.697569972961266771e+01
-6.112737773172819544e+01
-7.307908000246837332e+01
-1.801108120102396413e+02
3.574814567578009132e+02
5.276007698210503349e+02
2.692360504673590640e+02
-4.352413766684057919e+02
2.690679157881231163e+02
6.399394030346605859e+02
1.866515884748679071e+02
-9.872044368660193641e+02
-5.190866208748465169e+02
2.929239891591381024e+02
1.046702712224968309e+03
-3.297782429942774343e+03
-2.285536669968927072e+03
-1.556754722603272683e+02
-2.110882810535524641e+02
-1.003765077138850756e+03
-3.245041175587428484e+02
6.549669988015527622e+01
2.119084889149889648e+02
-1.443516014360447457e+02
-5.026500523000870402e+01
1.744577000311346637e+02
4.484219580935510976e+02
1.021670665198514030e+02
8.125876326058411792e+01
8.040727944446145159e+01
1.557852487418519161e+02
-1.101761119868289711e+02
1.167961517556101541e+02
2.053079156659784132e+02
1.534535163293915900e+02
-2.672397672131714330e+02
7.234557637430824570e+02
6.842057185070716514e+02
2.791271985083101299e+02
-6.444507334690725884e+02
-3.283644293703054018e+02
2.480136424040932752e+02
5.644452533644551977e+02
2.403801217379471211e+02
2.272202875745445283e+02
-2.834003428393366875e+01
2.370192455606843396e+01
-4.208693111668729330e+02
-1.581018692671850090e+02
-7.104119776641535111e+01
6.711526782017713799e+01
-4.864568970904504397e+01
1.534891114082869876e+02
2.562893163397336025e+02
3.265647687814325764e+02
-2.970276536525461211e+02
-3.972920165116308908e+02
-2.503594026549711771e+02
1.304867734143670077e+02
1.844974209807854209e+02
2.650882527395129955e+02
1.633611783460974038e+02
2.590647056308435481e+02
7.106694953003054316e+00
2.205677341722212930e+02
1.477774983191167451e+02
2.088259941239493287e+02
-1.191111904745017824e+02
6.309870057936110754e+01
2.601411018311464218e+01
1.830925021360285712e+02
7.661473517949426082e+01
2.709326489954375461e+02
2.600081685689805795e+02
1.203290176421760975e+02
-2.336095281584386498e+02
3.294623578222564220e+01
1.730316585233950946e+02
3.434243583681969767e+02
-1.098019783047205067e+02
-8.825111945066255714e+01
2.038971736427116355e+01
2.913938429855283516e+02
2.278578434935178336e+02
2.808826644548456670e+02
1.732748570278992020e+02
1.964028469636144223e+02
-9.916351655201651738e+01
-5.824756486218708318e+01
-9.818302864772500982e+01
-1.885626702777652213e+02
-1.781170237145818476e+02
1.234862382851677864e+02
3.059616843696647948e+02
2.758010385434918135e+02
-2.620400781676647171e+02
-2.241421584032673593e+02
-8.806422533447039314e+01
1.084934044507122337e+02
-4.693477646834053729e+01
1.751916247599575911e+02
7.439320845654307846e+01
-4.602829440819613893e+01
-3.911384241634930277e+02
-1.813565723165329757e+01
3.587496610304615388e+02
2.885291579020023391e+02
-2.139717549659639815e+02
-1.711569108223174567e+02
1.783871574895413232e+02
1.914385669766678006e+02
-1.043971540638537334e+02
-8.131625458842925980e+01
6.568849037005249158e+01
1.987038395403612299e+02
-1.235648490358137792e+02
-3.775542079028652864e+01
6.030738013437804312e+01
1.683986812626362735e+02
3.721656145546758410e+01
-2.040309047513645879e+01
6.960591046250318925e+01
1.390026431995079577e+02
-1.655025804031450321e+01
-2.630894420282000468e+01
-4.780129108714145758e+01
5.555603723065139832e+01
-3.862433790457480853e+01
-7.433282058242521373e+01
5.574268283558753723e+01
1.185210079859292875e+02
-7.361064470036727414e+01
3.484351437308514221e+01
1.361585825418366937e+02
2.398151708918341285e+02
2.025793701389747170e+01
-6.969394704707157473e+01
-7.985675108371268038e+01
-5.099189181884911193e+01
-2.601280425508210783e+02
-6.674457737721563433e+01
2.475365597530642674e+02
3.503850229558501610e+02
-3.489615470160947197e+00
-1.906891983516540847e+02
-1.163690883047526370e+02
6.710153553840403617e+01
3.139945288025560899e+01
3.813227754255736812e+01
9.384682719184883837e+00
5.414168582882631853e+01
5.028108929406016614e+00
7.023472091429491115e+01
5.952074568742460059e+01
4.769724506564784861e+01
-6.057812048157357054e+01
6.831177916477018641e+01
5.626160396226749327e+01
-1.724165240857037595e+00
-1.492649817290171370e+02
-4.039785608018578245e+01
1.465255672527827073e+02
1.218505214561115508e+02
-4.156849605181444929e+01
-6.295058888974900668e+01
4.758166415952042883e+01
1.170492848450214893e+02
2.109201707612832433e+00
8.617880812914123112e+00
5.534816392133560470e+01
1.455998768092133844e+02
1.356874088670964440e+01
1.322004696314936645e+01
-2.423697800679885717e+00
-1.926803422311940395e+01
-8.773295446416970833e+01
-5.393244682534002798e+00
7.245708073394303028e+01
7.641851390457470927e+01
-8.228173484259220061e+01
-4.722696484940938433e+01
4.509594542904125980e+00
3.254075534159679961e+01
-9.028180867504197238e+01
-4.572645224233031058e+01
-6.937697700789697386e+00
5.865393725922167789e+01
-1.261362110536665604e+01
-1.162427136778723735e+01
-9.072100971509726719e+00
-1.522866753635013559e+01
-8.634505567281991034e+01
1.314417378313781803e+01
6.888647566668635136e+01
1.015321152960990645e+02
-2.560947579537279495e+01
-2.989114041395285426e+01
3.741962864262640132e+00
1.604058349392358807e+01
-2.352088719939028039e+01
6.495022745477752935e+00
3.033449767619551807e+01
-7.200001273678660496e+00
-9.587843213807629184e+01
4.247138539388057410e+00
3.780837449707239273e+01
4.929903478613246648e+01
-5.651044225474377214e+01
1.450410400908594610e+01
5.173487100461070298e+01
3.521666550205537760e+01
-8.398578660844094657e+01
-1.756509250116681287e+01
4.442170496286273362e+01
4.101740398940646060e+01
-7.113385674970957950e+01
-2.667289445984133067e+01
3.483944282448026541e+01
7.145060575132382041e+01
-3.379946519875257138e+01
3.158485082262834354e+01
4.848562349587841425e+01
-4.851627852917502537e+00
-1.270914161738357961e+02
-5.398782698390773049e+01
2.769444253678180345e+01
9.580019438390413811e+00
-8.632391518896947957e+01
-4.400485473665467850e+01
3.948743512540709588e+01
4.943929502987833757e+01
-1.662000349465636972e+01
2.488365016368703664e+01
6.923868683093321863e+01
6.534763982959088935e+01
-3.152607557029982743e+01
-2.874576382592846713e+01
8.142941398346566828e+00
2.321860040909928102e+01
-2.633322294945720188e+01
-3.165614414422050160e+00
1.195072432286070452e+01
3.336928486644369940e+01
-1.567634843272773360e+01
1.710205179187293112e+01
7.908084957878921273e+01
7.458160082871100371e+01
-8.566329349952585659e+00
-2.545572285928112066e+01
-1.105710192713304885e+01
1.738227279723296093e+01
-3.172913871444905709e+01
-4.198325741167899139e+00
7.425471895321587468e+00
2.368977471388762623e+01
-9.432000646431029978e+00
2.256943537650161247e+01
2.888281416838374582e+01
1.400834539289012781e+01
-3.233126689184520330e+01
3.482102782234859006e+01
6.122336575844084905e+01
4.262942726350960498e+01
-2.646178563801069927e+01
1.392042038778503077e+01
3.997021998666225784e+01
3.971016963641923070e+01
-4.078918446820492250e+01
-1.452479611648789160e+01
1.998117316062792881e+01
3.132277958481289559e+01
-1.472686525877184316e+01
9.975863839223789498e+00
2.073390983737354532e+01
2.839443812120252986e+01
-2.036242167718094365e+01
-5.806980730689909720e+00
9.652030624821625437e+00
9.074855134216504027e+00
-1.645084142657144710e+01
9.431691541088383701e+00
1.374081083113584967e+01
1.340239372857373823e+01
-9.954689593153567273e+00
2.473573791281513934e+01
2.224511182539118082e+01
-6.879941458645382646e+00
-4.332000596335220166e+01
3.730886818361430102e+00
2.812454143369179249e+01
1.183496515222801371e+01
-3.901443726601356587e+01
-1.069081124065585087e+01
3.057917167094068489e+01
3.748769165817788718e+01
-9.092122422939114657e+00
1.522765178477981074e+01
3.380463950087872860e+01
2.856334789780381200e+01
-8.887958742403068158e+00
4.985429370722838094e+00
1.761270193555326813e+01
2.199209579259467873e+01
-2.276341312407916462e+01
-2.665313067397315994e+00
2.550535630000962328e+01
2.312020278333781675e+01
-2.121114061188363564e+01
-3.953277836099555032e+01
-1.255969385575011188e+01
2.088294921838827278e+01
4.128912215710906608e+00
1.742445340788507480e+01
1.078877306288307736e+01
5.711816642959793633e+00
-3.396229598662399951e+01
-2.022415217097805495e+01
1.007982642260328099e+01
1.900182153468241353e+01
-2.537741267615044549e+01
-2.169784476339077273e+01
-7.167439990867958244e+00
-1.275616208538634444e+00
-2.086372169778054797e+01
2.664050245086424962e+00
2.584364986683221943e+01
3.053040085504865431e+01
-1.010336577727464480e+01
-1.089092350874807202e+01
4.616618978053456113e-01
7.951938458162578272e+00
-4.364937996207220117e+00
1.002022617240162816e+01
2.163897071143686190e+01
1.858652764518611278e+01
-1.445053652427306190e+01
-5.742719897836060738e+00
4.912434044194109006e+00
9.531521136591079468e+00
-1.268025545712004565e+01
-9.128583952670661361e+00
-2.292897104134131947e+00
-3.555893138581314616e+00
-1.948484732021376686e+01
-6.894989242822946451e+00
1.357943102426677484e+01
2.481448694181694492e+01
1.204517787568947895e+01
8.054487982967767579e+00
-4.374753162657987637e+00
-1.633628980603679892e+01
-2.652265892233853961e+01
-8.582669692526109229e-01
2.199510097599546654e+01
2.058018346337418336e+01
-1.746437849125201502e+00
6.317070117623592829e+00
2.175609746540659728e+01
1.708675162749792520e+01
-1.615632735133343090e+01
-1.335980687264368605e+01
7.324057187298762095e+00
8.436346003482244171e+00
-3.094720318943376736e+00
4.033817968262817466e+00
1.974150382879114929e+01
1.090549414432092945e+01
-1.815974993328743992e+01
-8.981333329080261052e+00
1.328693854678085451e+01
1.891042022073456508e+01
2.633869659029162147e+00
7.180477108776353035e+00
7.779732909994566903e+00
-4.818697312652608034e+00
-1.960498284246323308e+01
4.432052350231951543e+00
1.612235656529692207e+01
8.937127521442734590e+00
-1.843575217120953269e+01
-3.845709130895725192e+00
6.833031186262180867e+00
3.223344652468902005e+00
-2.070392267827870469e+01
-1.062928581297981800e+01
-2.558569077794805580e-01
3.551499965125597846e+00
-1.116593777813851496e+01
5.899797148796131374e+00
1.941038528975450816e+01
2.145011841563085753e+01
-7.740327572383560728e+00
-1.027385764965175952e+01
-7.698424363992894648e+00
3.274356552182781321e+00
-4.707445071540349302e-01
1.477198695067259138e+01
1.651467107147952973e+01
8.261330614257598626e+00
-1.562245927983680360e+01
-9.289353412216149408e+00
2.873082280139290567e+00
6.649689288126926279e+00
-3.904305576927354249e+00
4.170286653665172594e+00
1.404212450900087106e+01
1.019042514659935073e+01
-5.010011787726109667e+00
-1.835693706715409990e+00
6.653808325320846873e-01
-6.538484929377413879e-01
-1.237409199244967795e+01
1.994224220786938506e+00
1.622677430336550231e+01
1.718671968149842399e+01
5.465261647846672011e-01
2.427215155458371798e-01
1.992620139408699975e+00
3.043387219184789938e+00
-3.271475451865449635e+00
9.544043203010980747e+00
1.857957161329667528e+01
7.618539402847537723e+00
-1.204497624229382780e+01
-6.147104694492324661e+00
7.242856885766506991e+00
1.011035624004841260e+01
-1.319627534900829069e+00
-4.313920731411306164e+00
1.311428924181234468e+00
4.819478740784771453e+00
-1.844735117916110667e+00
1.808032273369377663e+00
2.942978489488655036e+00
9.166606743868403129e+00
1.038168131645511316e+01
1.091066238644855524e+01
7.326673932727431726e+00
1.878063615486242455e+00
-5.595623372144113539e+00
2.128842562564424945e+00
3.356752844072449893e+00
3.495536466276819354e+00
-5.306954694782220372e+00
3.010969213498423613e+00
8.879514333954011462e+00
9.264059743808266134e+00
-1.491057084620224016e+00
4.042933185888402114e-01
2.341164115202477802e+00
-4.853955274072621062e-01
-9.194559248790428185e+00
5.707372210730334017e-02
9.825464127177793827e+00
1.074304205802207335e+01
1.212107877783274335e+00
3.545451898637349775e+00
6.978211967811589922e+00
3.307098489436079092e+00
-2.840357046371712268e+00
3.450291976281030681e+00
8.821285883541841955e+00
4.331837555410740670e+00
-6.353870995658957632e+00
-2.854197972276874218e+00
2.443297124375501284e+00
1.527521371368807612e+00
-3.247773413476499282e+00
2.873017946390672428e+00
6.699542184371637177e+00
2.829415837682063284e+00
-7.453224807826119402e+00
-1.738771645241173891e+00
4.731840412067588097e+00
6.174787218721441207e+00
-1.579177656126014906e+00
-2.857780722360760972e+00
3.250454558689658935e+00
5.429341160108675624e+00
-2.187650068330003472e-01
-1.741761170946040105e+00
-3.621732407108112284e+00
-4.182586563356624154e+00
-4.884770321020791783e+00
3.913416836919835440e+00
1.024056836166633566e+01
8.618093277331940527e+00
-2.773110763603321427e+00
-4.464910613550403085e+00
1.661430064425416520e+00
7.066549811876530640e+00
4.457480128995193525e+00
5.422920058995752690e+00
3.075442364616821411e+00
3.016587177140301446e+00
-1.891124761499423101e+00
1.387214468928233746e+00
4.758354635583049941e+00
4.677874026691531739e+00
-3.983568958352216027e-01
1.263945332922737697e+00
3.635390021153741547e+00
4.661667482584252120e+00
-2.171999557161651495e+00
-1.716827272956237049e+00
1.024327609826241048e+00
4.605713922124128779e+00
1.468983166592884304e+00
1.537131622376330942e+00
2.173451075003565158e+00
1.002332596423514577e+00
-9.275313388004780002e-01
3.317386618994980552e+00
6.817490859409292447e+00
5.183223267064557938e+00
-9.512938021130890043e-01
9.205284719123808801e-02
2.991377963680042829e+00
3.519262338545154023e+00
-4.000190533915970459e-01
5.667310177202312671e-01
4.528827696801280389e+00
5.267509331610505718e+00
5.561550270667510176e-01
1.640299568616018666e+00
2.897067711196036566e+00
3.510759809712437285e+00
-1.584884345892418334e-01
2.324259060132508381e+00
6.205445427933024227e+00
5.688436067777697502e+00
4.100839505620555991e-01
2.431528308259608639e+00
4.268872656451218717e+00
2.838561636635847929e+00
-4.733294435297999425e-01
1.390930505075876233e+00
3.817065538437490524e+00
2.074910582417420102e+00
-4.931267918206320156e-01
2.944449617266329700e+00
5.827113810233860214e+00
4.756598195199931212e+00
2.813494814167381008e-01
1.844984089257549753e+00
4.215822452220048255e+00
2.142920532330117922e+00
-1.900761169992391864e+00
-1.591278580627461192e+00
2.290207894583907056e+00
3.755753980770007772e+00
1.464339249706460677e+00
1.672034676957640409e+00
2.187727797336546320e+00
1.667030656375783515e+00
-5.224454886539653398e-01
2.831847548620551880e+00
5.382294339333933308e+00
4.738381061144978368e+00
1.420955831597957353e+00
2.419008630539929872e+00
3.999855198021809777e+00
1.829920789557972105e+00
-1.441056092817958101e+00
1.188458453029397344e+00
4.286224703435029149e+00
4.468231143486949719e+00
1.316346003260393083e+00
2.721064440978794963e+00
3.876178519832661262e+00
2.710223374206251368e+00
-2.827999459538865779e-01
1.553297638438219552e+00
3.340130506832777346e+00
3.149386847919736443e+00
-5.663924343677112505e-01
3.128441373694104133e-01
2.203468539367462231e+00
2.535787687766303478e+00
9.682640490211021911e-01
3.754456213447244117e+00
5.006907849084634599e+00
3.780835132868791248e+00
-8.603034690408792873e-01
8.186723150429258133e-01
3.786009298804557943e+00
3.024280246582694787e+00
7.829844940230099581e-01
1.920026103760793967e+00
3.689096510959851916e+00
2.363239326934209128e+00
-1.250615765845312977e+00
7.457137487642375717e-01
3.634428822826496486e+00
4.182929669597961642e+00
8.377254749264665401e-01
1.640831437059476539e+00
2.230124313531443470e+00
3.214811199704890043e+00
1.511134522976930183e+00
2.815394166392409581e+00
3.595563770454799357e+00
2.746879226353204473e+00
8.071746520335777442e-01
2.094654866879600785e+00
2.330026988654331443e+00
2.540271024559070057e+00
-1.860575930187175209e-01
1.681751261000199227e+00
3.894586422973811857e+00
4.452820364268029962e+00
2.723220826108046388e+00
2.277280988722648836e+00
2.255699969052606502e+00
3.959706309221365128e+00
2.150909981154067285e+00
3.168571975511072392e+00
3.943557752922495663e+00
4.223353066895001895e+00
2.953157246744975151e+00
4.208102458845527138e+00
5.114798057993441560e+00
3.959861697722225404e+00
1.402898083918319605e+00
2.118520730675846675e+00
4.507494614364147445e+00
4.386951387173969152e+00
2.071830471141308028e+00
2.688326158966864998e+00
3.504287702513467551e+00
2.759752625700318873e+00
7.437249195996513684e-01
2.558182664038382903e+00
4.145730960453660963e+00
3.606658906795604747e+00
1.499774495843484656e+00
2.948877547874856564e+00
4.625204996831585369e+00
4.704902830713422190e+00
1.775045665637569048e+00
2.678858028686921244e+00
3.279690820991049360e+00
2.667053018433560574e+00
1.032184046972547398e+00
2.420645035716249449e+00
4.109842319290502921e+00
4.036536447626136059e+00
2.205051573660520514e+00
3.215641851831344322e+00
4.162939785780245927e+00
3.657807900898119691e+00
2.324892457293037396e+00
3.809369735592955220e+00
5.372382641249646262e+00
3.966534871387693340e+00
1.682130352573982801e+00
2.136342355332344844e+00
3.655812698981168118e+00
4.080221883462458621e+00
2.012377804863204389e+00
3.627399788858353347e+00
3.884131351173802482e+00
2.838229103004728415e+00
1.349286912896169977e+00
3.434375587520656747e+00
5.708976994103510449e+00
4.875408406660890925e+00
1.890720816232553059e+00
2.474782911233075477e+00
3.803415146330430652e+00
3.354765832643761936e+00
1.687434442352878872e+00
2.309418153782593297e+00
3.372083756237199470e+00
3.947319269499072636e+00
2.985009079687451994e+00
3.856604356303263259e+00
4.018394021195032195e+00
3.226674667146523401e+00
2.141505865358172223e+00
3.322398504157869858e+00
4.569588114671118362e+00
4.112944168522949973e+00
2.908416616908629404e+00
4.079096735169727594e+00
4.655999324932329486e+00
4.552808069180044548e+00
2.686361893301274950e+00
3.681495020835715781e+00
4.715404186856782864e+00
4.354602518592886717e+00
2.265581090906552575e+00
3.022087885649131334e+00
3.715758294971343467e+00
3.468346985222688694e+00
2.338470163252990286e+00
3.475639399915152694e+00
4.230980623950340025e+00
3.565676374712322794e+00
2.030396001566429298e+00
4.205164552174752934e+00
5.599602499038525139e+00
5.381181281785880621e+00
2.692720146305712436e+00
2.913278715119900664e+00
3.636294808662394296e+00
3.860139754691568115e+00
3.424476805565942250e+00
4.026957413760732685e+00
4.685033222541206577e+00
4.130023189451961230e+00
2.671790144566836389e+00
3.558967689996583417e+00
4.627905728984263334e+00
4.597408231284449975e+00
3.214481615407231097e+00
4.180124400570399246e+00
5.889725508725301317e+00
5.994213184464616262e+00
4.022615356368315354e+00
3.858256469308774417e+00
4.421169917546723838e+00
4.346568977623237018e+00
3.511249734581234350e+00
4.887499529428525058e+00
5.662689036064989523e+00
4.978393393333191419e+00
2.577003544689194126e+00
3.495270793213047344e+00
4.515753969162957127e+00
4.616584531686249271e+00
3.106737217227253822e+00
4.145514680644101446e+00
6.136763648989632891e+00
6.128855876577840256e+00
4.311066103922433612e+00
4.423412152186333657e+00
4.825225220043361851e+00
4.133793835691616181e+00
2.446784990217317102e+00
3.395690068322046784e+00
4.702586773976324963e+00
4.762391610570859690e+00
2.969107318147500951e+00
3.899557762902396085e+00
5.025964804723858315e+00
5.414678547312702150e+00
4.287782513359858605e+00
4.429122440029803265e+00
5.518065666011545467e+00
6.032212099751318668e+00
4.803577892396460491e+00
4.868648269751354007e+00
4.931445523832262978e+00
5.123362621298050534e+00
4.270812263796167407e+00
5.001698223643797903e+00
5.810815670026550528e+00
5.689838956269129611e+00
4.446910519415340879e+00
5.073183527161185147e+00
5.770670003941742898e+00
4.981668771191292144e+00
3.610939444412715638e+00
5.001366446742394167e+00
6.085624636322851444e+00
6.194781717556998579e+00
4.589796335530103910e+00
4.994712751557637276e+00
6.675838053595929189e+00
6.530867198372330762e+00
4.830480350270516254e+00
4.890138910111029524e+00
5.516850939925078912e+00
6.004178989374317155e+00
5.249048863147919519e+00
5.261574518084550789e+00
5.631900248802407916e+00
6.107396252702411488e+00
4.922826507820924569e+00
5.431168920873322037e+00
5.851527645999134108e+00
5.834020148110852233e+00
5.146027411319492373e+00
5.268739644522240972e+00
6.137071991696834594e+00
6.248556822811946354e+00
5.536834726549892949e+00
6.263886614955564980e+00
6.982398108282254157e+00
6.732484356475031184e+00
5.421492745829795012e+00
6.051927589895012893e+00
6.490729101628724074e+00
6.405902656203031675e+00
5.428441678020146099e+00
6.442624722125984249e+00
7.294279118977555321e+00
6.851703910933809816e+00
5.320614456460644348e+00
5.807300131021533751e+00
6.139509186947647024e+00
6.437043356904999847e+00
5.913870439396147205e+00
7.365362586849226290e+00
7.731928901562536538e+00
6.832905250131203978e+00
5.406488106817957551e+00
6.181441549529695045e+00
7.353901801339695510e+00
7.646037724305683625e+00
7.181528791451651017e+00
7.767335898689784024e+00
8.005059712762088608e+00
7.227198069558258275e+00
6.020928884342279908e+00
7.045472505140412345e+00
8.075623075398276285e+00
8.024527593835417250e+00
6.978133782388427520e+00
7.187878451495424592e+00
8.409762130996872642e+00
9.167546194635576740e+00
7.816739472824005830e+00
7.360051754198917884e+00
7.505809523129597594e+00
7.983632337216619135e+00
8.071605214544801399e+00
8.867438139488799109e+00
9.146583061262013814e+00
9.323676692955672252e+00
8.113633376976194356e+00
7.958033949839181886e+00
8.374326687595504026e+00
8.745575757377533677e+00
8.925601918737442020e+00
1.023922521382683115e+01
1.029382896250258028e+01
9.964678172937457390e+00
8.542947638902283813e+00
9.313449671895220661e+00
9.868148844182913493e+00
9.766702947277455138e+00
9.615456932906058185e+00
1.057593119853812702e+01
1.110461278353688819e+01
1.106194720040695501e+01
9.849120622765095590e+00
1.037175800742366683e+01
1.041375165545989745e+01
9.895278496244209521e+00
9.447227099784113236e+00
1.094383880490803840e+01
1.195688342523351011e+01
1.240421837555804352e+01
1.090740535823330148e+01
1.080034616512017465e+01
1.102794005201086236e+01
1.102478353624184315e+01
1.072923071220737334e+01
1.122063006432557586e+01
1.163918908117808293e+01
1.173519885732402201e+01
1.089412798341991717e+01
1.156475742845736221e+01
1.215656382116108070e+01
1.294225154939055678e+01
1.250145363228834405e+01
1.257200526120677075e+01
1.252223186563127655e+01
1.244012631472129904e+01
1.174907228607956533e+01
1.240776831068076191e+01
1.339034126271369374e+01
1.416557751037486312e+01
1.324012103113232897e+01
1.299324451236194022e+01
1.340958053110508708e+01
1.396612527347494748e+01
1.369614794430656346e+01
1.423082371153163095e+01
1.456221308800158099e+01
1.487137007507439890e+01
1.421819002271135979e+01
1.467962347193858363e+01
1.513837778592705341e+01
1.500709574214712916e+01
1.487206698080854750e+01
1.532731478030782668e+01
1.576860454950531221e+01
1.542183368157420453e+01
1.478391944498080512e+01
1.532220236562615234e+01
1.559043570552451641e+01
1.577827361292670538e+01
1.523535514837367266e+01
1.624018521729495390e+01
1.673375144770283640e+01
1.640984143937942008e+01
1.573073602249582592e+01
1.700749568881331086e+01
1.772327322136549199e+01
1.781313596206711125e+01
1.638584091855389602e+01
1.710762728663099708e+01
1.790198507427676233e+01
1.812617240656416229e+01
1.790833300865800837e+01
1.882737221857034626e+01
1.929676656249239031e+01
1.863870353562077042e+01
1.770804828294329170e+01
1.843026754947837986e+01
1.932957963036545834e+01
1.943674571137433560e+01
1.858171504069944291e+01
1.884582129751959911e+01
1.935647199279461006e+01
2.008643602062595690e+01
2.003744098507244331e+01
2.041724324268501078e+01
2.043448901364286741e+01
2.035496710542481580e+01
1.981144762577718765e+01
2.044700673703203364e+01
2.086911957446419308e+01
2.109878997047237092e+01
2.066054207450885016e+01
2.112251922532498938e+01
2.165579068629445203e+01
2.204995621878511258e+01
2.183525614924067781e+01
2.246270758401684375e+01
2.276561720906879316e+01
2.237845311068112153e+01
2.177159210077237717e+01
2.248019958785114625e+01
2.287209711468708662e+01
2.295997605429567301e+01
2.220514529801189951e+01
2.294000880691802990e+01
2.395435153280963547e+01
2.449902099135369227e+01
2.369967656858285210e+01
2.368756537842459764e+01
2.407834088327546596e+01
2.456711174473127102e+01
2.466741365910727879e+01
2.504500431001669014e+01
2.547480327693480362e+01
2.551478786189682069e+01
2.472347698918816050e+01
2.509061237052809545e+01
2.554451102383782057e+01
2.577678692069831712e+01
2.523273935589802974e+01
2.575463987264263466e+01
2.651895399512846652e+01
2.654879517866999450e+01
2.559960888805836277e+01
2.619670336169716052e+01
2.714974125870823229e+01
2.772069890057838393e+01
2.712468245181833026e+01
2.713987749868419286e+01
2.763191487328392881e+01
2.784052168459898269e+01
2.742430699824175377e+01
2.780469208533864744e+01
2.828185849253640782e+01
2.883077700824247458e+01
2.847929688166865603e+01
2.904715760588946338e+01
2.922507623815083377e+01
2.932492572607000625e+01
2.869204774180932560e+01
2.897498405926102194e+01
2.907011526503640653e+01
2.911311022519523917e+01
2.864254889354562650e+01
2.953995947794409105e+01
3.013431701511981231e+01
3.041896207076416658e+01
2.984156760596649605e+01
3.029475445340294115e+01
3.095755313732101399e+01
3.099514860205176348e+01
3.077875714926596373e+01
3.107956193428106317e+01
3.140681591306319120e+01
3.112829614007466006e+01
3.031494487958256201e+01
3.070159549006892874e+01
3.162529640520246232e+01
3.207948257030462003e+01
3.155537934987081883e+01
3.160334576005964990e+01
3.177195694978546570e+01
3.193868173936544963e+01
3.168435487264009609e+01
3.223033940819495768e+01
3.259216969721444457e+01
3.261342569824726922e+01
3.199450181981229946e+01
3.257410304946812829e+01
3.295041310840154836e+01
3.302826306529264855e+01
3.241713358489460717e+01
3.283852400590246390e+01
3.319892193414974457e+01
3.312868805049878063e+01
3.242571644396942077e+01
3.307908038684806940e+01
3.374247223758397496e+01
3.400932779995444832e+01
3.361112904973295201e+01
3.395253746362421765e+01
3.436102155577367512e+01
3.442318378751444641e+01
3.378150245704493670e+01
3.410314141612313676e+01
3.503961949148405353e+01
3.542817550358703471e+01
3.460579411064763633e+01
3.418185389278794872e+01
3.404079798207654051e+01
3.489630309449284340e+01
3.525907714137198923e+01
3.584039947248991353e+01
3.592562230911830312e+01
3.587331572385699729e+01
3.514136422039409524e+01
3.523561607338756829e+01
3.565024612098360279e+01
3.619816173398916703e+01
3.592925090303097591e+01
3.598643590270852144e+01
3.603159235074987521e+01
3.621834777216670886e+01
3.599228221097951064e+01
3.643735239215275357e+01
3.681623582168644049e+01
3.678322352276135376e+01
3.633977433256390555e+01
3.708292781696291485e+01
3.760867958006524958e+01
3.730601425369456337e+01
3.622897853924882128e+01
3.673109740732891737e+01
3.788680042391641223e+01
3.883222998751998745e+01
3.803652367416051305e+01
3.798583736788553722e+01
3.796433068769705699e+01
3.828166230043934348e+01
3.794781745420909402e+01
3.832949409826683507e+01
3.875308843070271791e+01
3.882082865510617609e+01
3.828868518011246636e+01
3.856608877739549968e+01
3.935348617798636894e+01
3.973032008539600213e+01
3.904647655722681776e+01
3.933663911715336070e+01
3.981118815838641467e+01
4.051095302325537517e+01
3.995909232904958941e+01
3.981837355766582931e+01
3.993326543245018456e+01
4.035264197003198916e+01
4.026066437623521210e+01
4.057842936688931701e+01
4.084060338282768043e+01
4.077856853844949114e+01
4.052617966870511168e+01
4.094969576086805318e+01
4.154908911801782523e+01
4.181180926972085388e+01
4.099243479667691048e+01
4.086358515770142219e+01
4.101420702354100456e+01
4.135152060279718000e+01
4.127782246777164232e+01
4.168114298797488004e+01
4.203413390691806484e+01
4.196117407946315581e+01
4.125337867804513081e+01
4.144499960114026749e+01
4.183065404329989434e+01
4.188237019329274347e+01
4.162185706015747400e+01
4.200178349657483068e+01
4.261805624657953473e+01
4.216420142964963702e+01
4.094588857506757051e+01
4.100609092418912383e+01
4.178848626432970548e+01
4.224583432138332739e+01
4.185128710096817883e+01
4.167511170477786919e+01
4.154223086298308942e+01
4.120578266815791579e+01
4.034502354836450877e+01
4.065276111239460022e+01
4.108127733005326121e+01
4.139057631800719150e+01
4.096248036580814045e+01
4.101901972664204266e+01
4.081680032286399751e+01
4.082991407844846066e+01
4.014192691163385973e+01
4.029710836375110006e+01
4.006901050250930041e+01
3.949179022935803118e+01
3.888783941565540658e+01
3.954406091836943204e+01
4.050859460487834696e+01
4.062529953368020585e+01
3.977114338052916054e+01
3.961849763585560424e+01
3.965068648844399490e+01
3.913284482131695796e+01
3.835560801097098249e+01
3.866373742185515283e+01
3.921587894836981292e+01
3.907662730805522244e+01
3.794500630798111729e+01
3.764632849348452481e+01
3.772744795102196491e+01
3.735551816889652343e+01
3.653047078196841824e+01
3.672499964250264526e+01
3.728057421597869592e+01
3.750152836980451099e+01
3.681050684792419503e+01
3.719333472537631735e+01
3.725845686817685731e+01
3.667287540655355116e+01
3.586877798629677017e+01
3.634393285698646281e+01
3.690203046868937520e+01
3.659208510170043382e+01
3.565539713928996690e+01
3.571767588585861120e+01
3.590090859643571974e+01
3.545917993213978292e+01
3.501789525007924908e+01
3.514733803725426498e+01
3.547523881312853433e+01
3.521246764410376784e+01
3.442863048290797678e+01
3.445353728356204925e+01
3.460236117572816283e+01
3.478109679976981994e+01
3.437370883776286234e+01
3.432472163335575743e+01
3.441939555439093823e+01
3.460154533840456992e+01
3.432441344350419143e+01
3.462785976999426651e+01
3.403378991444675705e+01
3.346596540003263698e+01
3.287726456184120849e+01
3.341445517864369208e+01
3.393060149619327603e+01
3.383963895783613651e+01
3.286739188675137768e+01
3.286341985196456505e+01
3.255326529107766476e+01
3.221681322008090120e+01
3.164011774623942586e+01
3.189321735381112788e+01
3.182724904577403535e+01
3.119664001994185654e+01
3.037569180120752321e+01
3.051572897540751583e+01
3.085776744850756614e+01
3.054344992735525821e+01
2.950156519589429394e+01
2.913295307066113438e+01
2.929345909710193041e+01
2.943154449577581389e+01
2.876451050522034691e+01
2.845123906040746675e+01
2.814122520922281723e+01
2.774397993758735126e+01
2.693532960430226453e+01
2.664016919091033131e+01
2.658762793035805316e+01
2.622811787447027854e+01
2.554303851281223103e+01
2.569871946231329218e+01
2.579959554785014220e+01
2.537435989493637578e+01
2.447101703479289370e+01
2.441810236793927658e+01
2.432467263474055841e+01
2.359261147383247703e+01
2.235012152444479128e+01
2.249913464667518070e+01
2.283521074544549023e+01
2.275623162633860730e+01
2.186898582030731220e+01
2.161682941908230760e+01
2.158185337288292516e+01
2.141736667486565437e+01
2.039672111099726948e+01
2.035307058767727284e+01
2.009039791817125220e+01
1.972179943353489051e+01
1.919293773526687019e+01
1.936393152381364757e+01
1.930864637179499255e+01
1.872217847886711084e+01
1.783670660325010004e+01
1.815735841854631616e+01
1.870818175615390544e+01
1.835711572505643119e+01
1.750194385166542688e+01
1.766760276318338896e+01
1.816656080742390245e+01
1.794003303687255979e+01
1.666813989688317932e+01
1.683657486301240169e+01
1.726430827603871165e+01
1.744187684133054717e+01
1.657938783601390043e+01
1.610962505138688527e+01
1.605886695849760670e+01
1.606691822155918814e+01
1.554448531904366426e+01
1.575216126738116351e+01
1.572904419369139895e+01
1.558306467450647936e+01
1.508368718475914250e+01
1.556534328530109512e+01
1.590139592951081582e+01
1.582644561956772300e+01
1.474724275195539924e+01
1.497588429146845890e+01
1.583023194853325144e+01
1.639685745557913421e+01
1.543347561094206455e+01
1.484183462248655339e+01
1.497075565354862370e+01
1.558206741565012621e+01
1.517011943761275106e+01
1.508939042087914117e+01
1.540485310613668268e+01
1.537546859488941564e+01
1.459457967348243557e+01
1.464688100795693515e+01
1.509724950869456706e+01
1.555095050898759368e+01
1.499254288507989763e+01
1.487799494201364858e+01
1.423243129483091174e+01
1.559208137541904549e+01
1.879004223366299442e+01
1.985233474526368269e+01
1.910821323482962697e+01
1.558716779402859842e+01
1.483914423621949652e+01
1.579222846181441930e+01
1.633895349258456164e+01
1.675944758948814339e+01
1.650583252865838446e+01
1.702334341849660859e+01
1.744141349430117316e+01
1.763959270102195021e+01
1.743364326944079679e+01
1.802518661876412764e+01
1.896006899094541609e+01
1.964230561870843772e+01
1.930761941728563258e+01
1.982362877389463662e+01
2.062646784447250070e+01
2.132663239669717825e+01
2.147085624326177111e+01
2.214427234744558959e+01
2.328196733634766247e+01
2.401684745209742999e+01
2.421141718185447900e+01
2.504365072208343079e+01
2.614614781297248669e+01
2.671947232439678288e+01
2.669568699092359054e+01
2.752356806208505802e+01
2.881575327058992286e+01
2.991143406984773634e+01
3.003276616955484357e+01
3.080206170546935596e+01
3.207144849087546135e+01
3.326812866744943165e+01
3.366692562895890717e+01
3.468237612460055885e+01
3.586569511024638501e+01
3.708684034489359505e+01
3.748857899742043287e+01
3.869819452052220754e+01
3.977050759188195883e+01
4.069066853844108778e+01
4.116050376452895421e+01
4.285118410407427092e+01
4.443368457238947400e+01
4.526320179755450823e+01
4.520211066905766017e+01
4.650109977285527663e+01
4.793463863789947510e+01
4.894841787150211587e+01
4.885529206833948024e+01
4.975545952391174609e+01
5.100691228945064637e+01
5.214588878065335820e+01
5.267597796918683883e+01
5.373973715900123693e+01
5.483995560377046985e+01
5.549455191816922195e+01
5.544577376093639742e+01
5.621001269383853582e+01
5.760990978126985596e+01
5.868016033128109399e+01
5.882896027872163103e+01
5.948955638237481480e+01
6.029072716362136930e+01
6.083174325088101853e+01
6.118052361902243064e+01
6.214600735120456676e+01
6.275661063006109686e+01
6.301066549791224247e+01
6.298713367073862912e+01
6.419810041762090691e+01
6.575004506958410389e+01
6.622828320602296515e+01
6.599050898608838622e+01
6.655895367644689031e+01
6.729094336209880112e+01
6.773120865137543944e+01
6.753666571466088442e+01
6.773101875185277265e+01
6.820024488638128446e+01
6.880840756317380169e+01
6.887350920071324367e+01
6.935827310584245708e+01
6.992172208785258647e+01
7.033869552107363177e+01
7.018965794337877639e+01
7.104081059180201407e+01
7.141750231275237581e+01
7.125735858270802225e+01
7.019118786245117292e+01
7.051171799461681644e+01
7.118314543461411859e+01
7.164804310527912889e+01
7.134109209691931142e+01
7.201382065085932993e+01
7.272547657201361915e+01
7.281114305958416821e+01
7.214409293737514872e+01
7.244577279712396489e+01
7.281934125513278389e+01
7.313727848290133693e+01
7.311009993434115017e+01
7.293113607867591952e+01
7.280496318010574441e+01
7.264150190860303269e+01
7.244742295619235506e+01
7.326425895592308279e+01
7.331298879756216991e+01
7.338942532989608480e+01
7.279274327517761378e+01
7.312311645713364783e+01
7.342522600089179718e+01
7.302251365864732691e+01
7.211437359770432920e+01
7.259972733149636781e+01
7.331872440564885096e+01
7.361445431540087725e+01
7.271789537018216265e+01
7.231821612345601125e+01
7.281888299462590908e+01
7.270915531836782009e+01
7.175126923779149024e+01
7.217603588614308308e+01
7.247341569237100600e+01
7.208603899522448444e+01
7.112664640001766259e+01
7.211457823619541330e+01
7.303503778534872026e+01
7.237637239971331837e+01
7.079787366682951699e+01
7.085678803544924165e+01
7.170177914260493424e+01
7.163312055356693975e+01
7.015877576001126670e+01
7.034183783480560237e+01
7.034235197262100314e+01
7.050991809584724024e+01
6.982768106676731179e+01
7.037349123599894085e+01
7.090346087407668563e+01
7.103234245997850849e+01
7.004229052376886955e+01
6.990256830868250404e+01
6.945755598609238746e+01
6.851381239051235639e+01
6.740416680933915927e+01
6.752803504817183011e+01
6.791634461822921764e+01
6.773866038459371453e+01
6.662318276373495962e+01
6.720543369444756365e+01
6.754760937160020262e+01
6.706806310173671193e+01
6.547125362053773756e+01
6.618046328487925223e+01
6.705133044529559072e+01
6.682983847135162137e+01
6.498591663753565228e+01
6.467940940439744679e+01
6.480924462446274958e+01
6.493799868578815904e+01
6.397445597426950314e+01
6.444039505257340750e+01
6.448410368261869507e+01
6.403279508956401855e+01
6.316149739241440386e+01
6.352222073386519696e+01
6.350371558836908292e+01
6.237399164847917632e+01
6.073944306065579468e+01
6.106653569702253037e+01
6.180731190021809596e+01
6.164766238567424494e+01
6.016774860099916111e+01
6.027697063700502866e+01
6.063178656674508460e+01
6.021594393120908961e+01
5.870082185883353532e+01
5.903229836689549614e+01
6.004716418490685470e+01
6.011791648528178200e+01
5.883076601452832932e+01
5.872846187457895439e+01
5.891091369893003105e+01
5.837461625879885929e+01
5.677853704023978310e+01
5.769953300027643905e+01
5.814933624371427356e+01
5.754247105184881406e+01
5.557439742774846536e+01
5.578714804131248428e+01
5.630918465177858678e+01
5.558314346683228990e+01
5.335036720495521223e+01
5.374456957648591526e+01
5.520698995668354314e+01
5.556769516548301624e+01
5.372234736385630782e+01
5.328035005796674994e+01
5.300951892618577688e+01
5.265200660212948236e+01
5.050306559109117188e+01
5.056880916271256154e+01
5.099551423871886868e+01
5.082928600041594791e+01
4.911524498958038265e+01
4.980420124389892322e+01
5.019526214325986757e+01
4.954587334722230452e+01
4.696110188337303981e+01
4.701078973831796048e+01
4.760955063475849158e+01
4.778763799226251763e+01
4.626458304390202869e+01
4.672696973724443836e+01
4.705730376641185586e+01
4.680185035633385127e+01
4.488387866064303466e+01
4.484003864359777936e+01
4.522472156387360798e+01
4.504321930532732665e+01
4.405748717842310924e+01
4.436827490240570881e+01
4.453656999507045100e+01
4.457518351310722693e+01
4.372762880368343730e+01
4.432398047772849026e+01
4.475861038303845874e+01
4.356741614006302399e+01
4.160181870370284685e+01
4.176356419350173610e+01
4.190729292531260342e+01
4.206345347310612226e+01
4.087268474990088407e+01
4.122581734689699573e+01
4.262306393726463227e+01
4.262136854978590605e+01
4.126576347536826717e+01
4.192721788619477508e+01
4.213399631596313100e+01
4.229425688868343514e+01
4.010999583956443360e+01
4.111956279483391086e+01
4.205859069630264457e+01
4.242201903187913814e+01
4.034111328653131778e+01
4.019549974524345970e+01
4.069494640525957152e+01
4.042711815912866058e+01
3.942050173187111284e+01
4.065472223488375647e+01
4.118684843948597063e+01
4.041325450005975028e+01
3.901761169402816876e+01
4.006008684434961253e+01
4.200252597671394739e+01
4.136180041508908545e+01
3.882489506260596102e+01
3.955161183595583196e+01
4.057641273444357921e+01
4.156489580404391404e+01
4.012260702224691045e+01
4.062264473428245282e+01
4.115969569883883850e+01
4.087035653266539015e+01
3.872698174818113870e+01
3.915603814982851816e+01
4.015536159081162282e+01
4.031101163663040410e+01
3.863551061699006794e+01
3.993264987749203954e+01
4.106863761394112800e+01
4.116909074311167416e+01
3.846169196819727176e+01
3.861606013611711319e+01
4.041166623836873129e+01
4.094146996950217243e+01
3.944505096067001659e+01
3.988272434607341665e+01
4.076120813100926199e+01
4.020932204404454779e+01
3.863071623876131611e+01
3.990366029241096868e+01
4.079443666380651479e+01
4.062705761915018599e+01
3.873424665270946576e+01
4.030022873179576237e+01
4.143044368003062061e+01
4.083003423375392771e+01
3.817349440456327159e+01
3.936271176377901782e+01
4.146707893949842827e+01
4.131167849118262581e+01
3.883061529186598904e+01
3.950199770618831963e+01
4.010786245372695902e+01
4.007512661755718852e+01
3.674444837630203864e+01
3.729005918301703559e+01
3.978106146939277465e+01
4.045400084573597610e+01
3.820867323206286414e+01
3.872987464702683980e+01
4.025022234693752665e+01
4.063737888592643088e+01
3.762089375064156371e+01
3.953765958932736879e+01
4.086766410363819091e+01
4.077162178726278796e+01
3.796674282618801755e+01
3.984178781785639245e+01
4.244429839294852513e+01
4.269608515864041465e+01
3.796504384310345159e+01
3.823125261473166603e+01
4.027293044077973860e+01
4.200832441243772308e+01
4.073843499685634839e+01
4.198435495741745882e+01
4.336728659507207340e+01
4.279338618391810201e+01
3.916869607214015758e+01
3.979281332988636422e+01
4.201730143738108580e+01
4.335139537577059343e+01
4.082229718385318051e+01
4.211031700350065421e+01
4.115756224718131762e+01
3.989387848265977254e+01
3.903302408157475867e+01
4.314796733116041594e+01
4.615311692343735928e+01
4.407651763577539583e+01
3.890654780458707052e+01
4.156314536614662103e+01
4.484158992574748481e+01
4.518579897496221776e+01
4.197532901632627045e+01
4.292475791575058253e+01
4.583024740079596171e+01
4.516352472303990595e+01
4.138089678193572496e+01
4.323346794821156180e+01
4.552440955696886249e+01
4.553120316480909224e+01
4.189831502237469607e+01
4.383128860603546428e+01
4.605683041580078196e+01
4.661988830253054772e+01
4.374567121081679488e+01
4.528500979194851084e+01
4.578741824297430441e+01
4.485223449503433102e+01
4.207677298229828722e+01
4.446924097026364819e+01
4.717578007841412813e+01
4.707961644385045474e+01
4.392692660593238685e+01
4.543923193064738797e+01
4.712324557457959173e+01
4.771822214850705990e+01
4.497542634111554349e+01
4.684469022972427865e+01
4.753534994517900003e+01
4.552869764664796293e+01
4.323420914496458067e+01
4.706514527390056912e+01
5.030913762048638205e+01
4.944031553361818965e+01
4.454258526345728342e+01
4.658760565393096442e+01
5.043270701354380492e+01
5.108627184415829703e+01
4.702428555464091886e+01
4.797207793149775057e+01
4.873845403436934731e+01
4.757789010764832938e+01
4.333099488687643230e+01
4.508997337149801155e+01
4.840805163046123738e+01
4.883219955494357833e+01
4.648539478353583121e+01
4.831039376556325493e+01
5.121862032248790797e+01
5.186437353043138643e+01
4.858263069526746136e+01
4.989041958995271386e+01
4.987165172390433554e+01
4.887863328739624080e+01
4.701677266191706650e+01
5.121645481147268697e+01
5.311495325648882471e+01
5.186839186841703508e+01
4.696086045202152093e+01
4.868680273163685968e+01
5.051868333800197064e+01
5.112912134216828974e+01
4.748637905987815344e+01
4.976892846843772844e+01
5.137141944878220556e+01
5.145491416798330420e+01
4.826348803288692579e+01
5.112287183652553324e+01
5.283795040357379236e+01
5.244092080348863050e+01
5.021743812659639872e+01
5.531646951860459893e+01
5.716748568594422153e+01
5.366346145532610024e+01
4.656540601490378606e+01
4.910814681862083830e+01
5.169765778281286117e+01
5.178175382063958665e+01
4.954987141691601948e+01
5.249288757733983601e+01
5.556521164997579376e+01
5.399996018554274713e+01
4.910080861722022405e+01
5.120877427197475384e+01
5.382449870818534521e+01
5.561915999278355827e+01
5.340361208830908879e+01
5.529284916835761976e+01
5.642025415589403536e+01
5.312316278876508591e+01
4.942607910104326407e+01
5.311407740992841298e+01
5.818722091798714047e+01
5.749981950315047641e+01
5.260098148621483460e+01
5.451633394666371402e+01
5.623406265240411983e+01
5.550052401777807631e+01
5.090902708797401743e+01
5.571259498157466794e+01
5.895521962018896289e+01
5.683877914249865881e+01
5.094471760449880549e+01
5.336753964184615029e+01
5.874196029641080941e+01
6.028235334502284104e+01
5.406177217639793042e+01
5.505266485516401787e+01
5.718649803793552877e+01
5.875611970314136556e+01
5.460030131301598288e+01
5.666216116906986144e+01
5.878925323106752643e+01
5.979158320518511260e+01
5.609352031832172258e+01
5.829465416583442305e+01
6.304129865371395880e+01
6.190848829946029497e+01
5.616435669570188338e+01
5.789063419791444431e+01
5.955894337094236590e+01
5.920032116064891881e+01
5.463601246871672856e+01
5.953780040422685715e+01
6.386917450136927243e+01
6.240042714414035174e+01
5.672477473880157817e+01
5.981715582539327158e+01
6.413589049463861613e+01
6.320210650404440145e+01
5.651773012304303023e+01
5.717238818886662699e+01
6.078889373828166498e+01
6.290888606264508098e+01
5.976937888685649369e+01
6.209992677874867439e+01
6.376607365338587385e+01
6.366021702875210053e+01
5.774987332283546237e+01
6.261731243613876075e+01
6.728879912870057467e+01
6.685756046899034288e+01
6.024911296594743249e+01
6.166720754508916968e+01
6.513308201305630973e+01
6.662510302592821176e+01
5.924187801216875471e+01
6.263134045004181871e+01
6.402203222013881145e+01
6.347871738487097559e+01
5.726141996160999526e+01
5.953796608289126624e+01
6.401421312129039620e+01
6.481841291154148621e+01
5.922690323287500291e+01
6.260036250457810070e+01
6.526130697668419600e+01
6.319476659434369736e+01
5.807465123643851257e+01
6.464052807858260508e+01
7.110647501077998811e+01
6.930455003293262450e+01
6.133130089972225107e+01
6.379325989375384154e+01
6.745061963531797744e+01
6.954794934431548370e+01
6.169556443865479878e+01
6.675635666164589566e+01
6.863005451590021266e+01
6.900332456719172569e+01
6.291325563967046008e+01
6.232039829420394739e+01
6.549500350760513356e+01
6.697576794769693720e+01
6.426628906812457842e+01
6.639826293576324190e+01
7.000033222479839878e+01
6.865326370289322711e+01
6.064202280356584396e+01
6.291820660214935401e+01
6.697812216349549885e+01
6.729218587298076670e+01
5.986404961473427733e+01
6.278170733369925927e+01
6.917596753738837378e+01
6.857859594940754278e+01
6.012683316240415365e+01
6.125752601366809813e+01
6.766001434259806047e+01
6.784947584906345242e+01
6.453511614517249484e+01
6.579146843270811473e+01
7.015246780832173101e+01
6.835753935773644230e+01
6.061813922244822805e+01
6.539841078602846380e+01
7.059783660340062283e+01
6.839969793442759283e+01
6.238529609001054155e+01
6.588870715780198850e+01
6.879612109831083444e+01
6.722476232563296605e+01
5.560379243414253381e+01
6.368259753774755438e+01
7.072995330647219703e+01
7.278078038162981045e+01
6.488339270939380299e+01
6.769837001896840434e+01
6.961202361971123764e+01
6.980935098874317646e+01
6.466300102388052551e+01
6.697097410604543199e+01
6.899515340955605325e+01
6.647059985040422703e+01
5.846391244787923114e+01
6.101798138297463936e+01
6.521122306761884602e+01
7.122724359765575741e+01
6.586958875838237759e+01
6.715521546873500824e+01
6.759358594981074475e+01
6.996832471489899774e+01
6.351699370358205954e+01
6.538664569748600286e+01
6.529571319367208559e+01
6.474801956967144179e+01
5.966194438537029043e+01
6.505877120409586212e+01
6.791954034536426832e+01
6.864996892520392180e+01
6.440676996187713144e+01
6.836926179796368785e+01
6.965060545081280452e+01
6.324311486305599317e+01
5.334389861122134135e+01
5.871344621266486996e+01
6.641683341130061535e+01
6.990230789067653916e+01
6.208151143946875550e+01
6.223980638329463488e+01
6.745670908701822555e+01
6.993081279622870738e+01
6.173825024029898856e+01
6.310299924623930679e+01
6.287664640828182172e+01
5.986974331230080537e+01
5.225320088040452049e+01
5.746031747863279548e+01
6.312682518133611609e+01
6.129468236489829991e+01
5.042947483837270539e+01
5.654867327178384073e+01
5.821365783717759257e+01
5.509798076797118682e+01
4.858006795475556316e+01
5.488156772548600770e+01
6.235140332691808140e+01
6.131063220456319129e+01
5.195044252872788348e+01
5.181006104329673434e+01
5.212236636506178655e+01
5.278431256899346380e+01
4.998552696657704786e+01
5.254327540934030338e+01
5.117110759378304863e+01
4.843934419108839506e+01
4.467873971154585178e+01
5.418915332194923451e+01
5.730923127875043832e+01
5.460996720612910593e+01
4.239150932431049057e+01
4.529979687225871032e+01
4.886812976400997854e+01
4.752260934202283238e+01
4.233506504797155401e+01
4.969259168947417038e+01
5.386554073567543810e+01
4.893081610084827560e+01
3.713640828144074391e+01
4.129491544092459065e+01
4.815926537165734089e+01
4.779720925338898496e+01
3.841609935753327676e+01
4.132688320692395223e+01
4.690192789005688923e+01
4.558908726093647346e+01
4.099492592868789842e+01
4.162456872581283562e+01
4.384813320541253745e+01
4.108327130057891452e+01
3.507374708720029588e+01
3.905237372475935587e+01
4.284897048798490005e+01
4.420443141702714485e+01
3.811321173464492773e+01
4.493889170113441622e+01
4.586016767044819176e+01
4.854976019923937258e+01
4.200372186772765559e+01
4.368774238854989278e+01
4.539736875609168010e+01
4.412031290394885019e+01
3.469039079264840808e+01
3.883147555737655665e+01
4.256230925743125937e+01
4.517924282452177920e+01
3.873225726717110717e+01
3.634847832006193613e+01
3.469643825769333745e+01
3.716353953286299827e+01
3.708222519219055613e+01
4.507172069859112895e+01
4.465319450412155078e+01
3.906564877375123501e+01
3.024348907727044278e+01
2.544123919028484337e+01
4.714088133347255649e+01
9.563940734691462353e+01
9.355311404275597909e+01
8.223854220633400303e+01
2.713874075474014091e+01
2.275598622910255742e+01
2.758267509222185865e+01
3.872697815408417199e+01
4.413657294816793808e+01
3.823970645680537217e+01
2.918545856254592508e+01
3.432557350039717647e+01
3.834879033067880272e+01
3.774675505558344923e+01
2.958405288485990781e+01
3.576150875052024247e+01
3.765504397597068476e+01
3.474158384227052210e+01
2.972167163534729895e+01
3.575384128526486194e+01
4.404332520472546264e+01
4.140441046110411349e+01
2.891721063117521240e+01
2.687512307733964079e+01
2.561380519310368342e+01
2.821479483702911750e+01
2.878291128339247962e+01
4.182846010865095820e+01
4.363622199680920488e+01
4.052301539029271282e+01
2.645302239353032903e+01
2.820855086825388014e+01
3.522853987600355197e+01
3.694892434779578849e+01
2.974339735258741513e+01
2.835147068915745550e+01
3.202965159589702182e+01
3.393057995147837147e+01
3.098019831957044801e+01
3.526728411440891620e+01
3.603633113142409172e+01
3.162587355130770561e+01
2.427229486742498565e+01
3.472261237329009020e+01
4.084026364898799244e+01
3.919574682512223518e+01
2.871724893993846095e+01
3.066154495440876104e+01
3.518934327306271825e+01
3.417907773229525503e+01
2.857589254920022270e+01
3.435960623661195967e+01
3.734737974837381103e+01
3.792248483117347746e+01
2.870063634734088254e+01
2.866446699402602150e+01
2.724289026403293335e+01
2.571146483415486017e+01
1.828757219921400434e+01
2.648384401454015347e+01
3.429654060352553557e+01
3.542825927035089251e+01
2.166392183000226979e+01
2.334291811436266784e+01
2.812919640174861158e+01
3.354944475719460684e+01
2.732801512705716007e+01
2.991888437386741018e+01
3.510362185063443974e+01
3.552530457444598966e+01
2.346181788928948819e+01
2.519163911323023797e+01
3.019014583953300246e+01
3.029336653769206578e+01
2.162237164150372593e+01
2.249431930646984767e+01
2.786591295957005698e+01
3.675220671672013140e+01
2.750219169271272790e+01
2.663483568240943455e+01
2.344077101967190302e+01
2.368418742460278636e+01
2.116303082062701080e+01
2.787868939308095051e+01
3.107095730267110412e+01
3.398718895034881626e+01
2.278268430300778391e+01
2.479917777937306056e+01
2.369023249308234824e+01
2.337443101168319970e+01
1.704045742434045962e+01
2.404196325598241657e+01
2.558529447994789408e+01
3.107549561826961337e+01
2.522229734444169225e+01
2.995324697328280550e+01
3.065034675511996554e+01
2.997201281576409926e+01
2.079284659818356218e+01
2.705610245040447381e+01
2.853136430029758230e+01
3.348824783271224703e+01
1.950365409359049451e+01
1.715401675799632386e+01
2.069310042765805946e+01
2.521129531307839144e+01
2.525035032315959782e+01
3.007898117828479911e+01
3.309185941646845919e+01
3.039310652822846137e+01
1.751083952639378438e+01
2.407733510789023867e+01
3.297127746094160727e+01
3.655067191465160192e+01
2.607388316400910711e+01
2.484027950244272986e+01
2.293287803703860561e+01
2.128244333714178183e+01
9.105536966943279964e+00
1.395067396919668212e+01
1.855795027190983504e+01
2.743427559869345700e+01
2.293776152708462490e+01
2.910430525411288372e+01
3.041304381908671672e+01
2.713311779503775156e+01
1.631739480434542244e+01
2.103431904117584494e+01
2.295403146226370694e+01
2.923094237902720849e+01
2.200131071534499227e+01
2.836478106142262945e+01
2.796843437913690877e+01
2.099957135264746455e+01
1.417041528303132303e+01
2.481874246135627615e+01
2.924082154005045098e+01
2.878062437485727898e+01
1.593045265968660296e+01
2.100547330544951308e+01
2.686537956925592141e+01
2.488892652162450858e+01
1.314962226861805661e+01
1.627042370798994142e+01
2.324588954649146544e+01
2.964099439497745436e+01
2.179031080747225602e+01
1.865131420472986434e+01
2.119528441319122081e+01
2.052787691631704803e+01
1.251068028639599738e+01
1.850591662788220049e+01
1.531668789076174697e+01
1.748337468900636793e+01
9.353495339229622729e+00
1.958546895798233933e+01
2.550004818114774352e+01
2.596694401448970524e+01
4.362261318928966070e+00
7.351368127900139271e+00
1.277800802733664121e+01
2.195715784038379681e+01
1.659717987754034496e+01
2.412916889596970549e+01
2.299983874304396991e+01
2.260846364377744067e+01
6.836895149868220223e+00
1.477722170717306049e+01
2.019433053711274439e+01
1.657316624123540194e+01
7.236858211500374338e+00
1.644082886301822910e+01
2.361028190866175436e+01
2.601277854592949623e+01
6.907777020207206853e+00
1.169283879134550475e+01
2.115757048596920953e+01
2.656177559245251629e+01
1.626464883174260478e+01
1.853254304510825179e+01
2.268564102180847897e+01
2.926028612508800464e+01
1.370247958931113175e+01
1.126071287291480338e+01
9.356221874606832856e+00
9.361039219707889103e+00
-8.513680893280255457e-01
4.593521604055860408e+00
1.255809845077610198e+01
2.335509760021190218e+01
1.974443096356484872e+01
2.844363517997213364e+01
2.788071292598242579e+01
2.470666204668863486e+01
1.277555344278401783e+01
8.818219098104771447e+00
1.226048556812115997e+01
1.390317269565425207e+01
1.332604823876724076e+01
2.391858632895531755e+01
2.039411999069585590e+01
1.344667986869792387e+01
9.591768724875997243e-02
1.337883496210930012e+01
2.110616826673253144e+01
2.040068739228417272e+01
3.462115411141308385e+00
1.168512411719074429e+01
2.083837034115380149e+01
1.877253409699101638e+01
5.064442191519313852e+00
1.656186454527321317e+01
3.086525709067591450e+01
2.889811272117151475e+01
3.908828628894716939e+00
3.587837922565952020e+00
1.661186701719656966e+01
2.031909819673216333e+01
3.208769863419040025e+00
7.356393296573532581e+00
2.183572384623685636e+01
3.133462666624329174e+01
1.780571575921858596e+01
8.301569536726059795e+00
1.171280454088593892e+01
1.730035157926815259e+01
1.692621124346247896e+01
2.250473383629313417e+01
1.964231755699573867e+01
1.508871649258123782e+01
-1.574759856441388717e+00
6.112686473209841154e+00
1.248972310637402572e+01
2.273686786094978274e+01
2.001864161692590827e+01
2.588037893227228992e+01
1.882663615400058887e+01
1.361296050985740003e+01
4.150987351250594592e+00
1.375600372011981598e+01
1.805589176496724235e+01
1.745143943186871738e+01
3.971380151263120606e+00
7.108734046565643894e+00
1.092951472596586093e+01
2.256648129121749946e+01
9.168911099746878790e+00
1.039759620945926999e-01
1.818573045143713207e+00
1.729278423645473950e+01
1.504046087311179392e+01
2.155511927895753743e+01
1.889352360206584436e+01
1.298872927042997638e+01
1.710669123719967155e+00
1.590129970582962393e+01
2.193723978575711442e+01
1.505940741232749502e+01
-1.433369756526597882e+01
-4.224060378041379238e+00
9.037281755248020687e+00
1.301560474846914950e+01
-6.580497991923777157e+00
-1.927793151234861391e+00
9.560020188989291512e+00
1.538180150974135074e+01
1.144652963991428862e+01
3.088824610954758398e+01
3.902607079233438725e+01
3.472743325049384566e+01
2.522259755902614975e-01
-1.958051869931485500e+00
-1.919215506457398468e-01
3.365230676263427867e+00
-1.078905490437005277e+01
-5.917116016848297022e+00
1.056680635454417150e+01
3.340716137497557270e+01
2.580952036868598753e+01
1.805024870038386098e+01
4.266440249322503320e+00
1.048826783137181629e+01
1.172249223204936186e+01
3.310584250400651740e+01
2.460948926960438143e+01
1.162837283861555981e+01
-1.494232578530710320e+01
-3.734610306105359268e+00
1.099686680480831669e+01
1.363939354260033099e+01
-8.490528386402440120e+00
7.706798150427524030e-01
6.097133816303300868e+00
8.912032696529056608e+00
-6.693147170451177352e+00
8.240337957010250847e+00
1.466535761660568760e+01
1.628577680615132195e+01
-4.555468354904274264e+00
2.978035811278815448e+00
2.020972171455241551e+01
1.730019295835473159e+01
-2.759497708119568182e-01
-4.055042512687177414e+00
-9.489277021974884541e-01
3.605928522683716331e+00
-3.082422038681990717e+00
9.263733849145856070e+00
9.165710527946314912e+00
8.603802826823446992e+00
-1.793328830845905841e+01
-5.724489975165573341e+00
4.038444934729385594e+00
1.594557859016285661e+01
9.278487502983153945e+00
1.547161723746698847e+01
2.130851482085616055e+01
2.486543556178898484e+01
1.634607849932258716e+00
4.600294691527052393e+00
3.484289728023397981e+00
7.458660167446820921e+00
-1.032282240213676872e+01
-4.267366193167360322e+00
5.296051411054548269e-02
5.271910636814436835e+00
-1.454040682833257314e+01
5.739101721751908691e+00
2.376512982627987469e+01
3.406358209511083857e+01
5.049428289094854527e+00
7.108989710369807646e+00
1.628000837236865550e+01
2.002512475638394918e+01
-1.318025658979634684e+01
-1.543684137471164952e+01
2.780928964117015845e+00
2.303107341849207756e+01
1.083108885383643027e+01
5.144333915407778512e+00
5.411002723847731843e+00
2.402446931341929925e+01
8.814286649772460791e+00
8.974676997915052468e+00
-8.918904514186451138e+00
-6.973513197862428292e+00
-8.750218773170061581e+00
2.452148807612710701e+00
1.531161015430648398e+01
8.946648517835564363e+00
-5.104658996632148948e+00
3.463748068421366177e+00
1.322323314496209612e+01
2.444963460816342860e+01
3.210136981015011770e+00
-1.511426565782873599e+00
-1.042617990739629441e+01
-9.664894269658097059e+00
-1.326517912517259568e+01
8.321160512699355749e+00
1.515485194014749126e+01
1.240634574175586202e+01
-1.636296874649106314e+01
-3.624490914539244546e+00
6.186580777887524363e+00
9.814354732896340749e+00
-1.002823728162977623e+01
-4.083808810119880839e+00
8.599132091418198343e+00
2.236196408446941675e+01
2.864251868127030975e-02
-4.210144319040454164e+00
-7.505840677395918092e+00
-2.529603268524159176e+00
-1.747742019719578366e+01
-1.183295353297813612e+01
6.534716359582144030e+00
2.977846251863248739e+01
7.268584670039401452e+00
-1.186635744589959529e+01
-2.365355574828165786e+01
-8.976240269258092042e+00
-2.808724914703605524e+00
1.806623720480870432e+01
1.017606490140012809e+01
-2.438654218132960239e+00
-1.912325924063880223e+01
1.187502867414231211e+01
2.605470435257073447e+01
2.173709964286458529e+01
-2.211876773360262760e+01
-1.829438361602888818e+01
-2.676588272612227648e+00
2.656072951751849320e+00
-1.445350352123041837e+01
-1.066757614709405111e+01
-5.849470731982814087e+00
5.784911691704234388e-02
-2.921497695364736913e+01
-2.381650590189417471e+01
-2.286087467570480924e-01
7.962536192413407043e+00
-9.614415881636624306e+00
-1.160519133128261160e+01
-3.916092567716687789e+00
6.306502807419486878e+00
-9.373910357180600172e+00
-3.703356143817166046e+00
1.951682804663417370e+00
-4.933953557714794158e+00
-2.001095228932541303e+01
4.889992534881434594e+00
1.265279168665362697e+01
1.225397076297036314e+01
-2.970504387418458592e+01
-2.055138463890099132e+01
-6.331831627064801182e+00
1.270152831041467145e+01
-6.885598532710956121e+00
4.365094407170127866e+00
-4.707931886664101562e+00
6.244335478160917496e+00
-1.454130902219188926e+01
-2.696307240964222629e+01
-1.648618338344914136e+01
1.629840808334882851e+01
7.202835014681865822e+00
7.211347102035650991e+00
-1.594440187312357438e+01
-8.690529294287835382e-01
-3.534497849797879621e+00
-9.299693154595919609e+00
-1.270300368124835100e-01
2.031471961591094555e+01
1.384263142285624504e+01
-5.952455839996924958e+00
-3.511898709788491146e+01
-3.634717774387625155e+01
-2.635881888956976482e+01
3.559447874628991038e+00
6.794364379828288669e+00
1.102285768370422048e+01
-1.386676791236859074e+01
-2.954354069756271794e+00
-1.444972806072302607e+00
9.681862738376771915e+00
-2.025917766962712196e+00
-4.580159976324584825e+00
-1.139361173092784796e+01
-1.637043377147316647e+01
-2.695306901229690766e+01
-1.236819631401828090e+01
-1.097528211099406370e+01
1.531700036957290401e+00
-1.800166455963720225e+01
-8.137476015618783975e+00
-1.551385030930046049e+01
-2.640432816310473996e+00
-1.087421611964260393e+01
1.086491954438774554e+00
8.084923407330260048e+00
6.942435959395302447e+00
-2.786247701833147516e+00
4.819355017978669053e+00
-7.297436106650994958e+00
-6.109312909069775088e+00
-2.384921245405617896e+01
-8.558246913700633840e+00
-4.424300286700873386e+00
5.308641351933546915e+00
-1.110211256857178874e+01
5.157969438454491851e+00
1.543584572625310569e+00
-6.608862026004086232e+00
-3.279694815229538563e+01
-2.386610376986419624e+01
-3.072648691583736991e+00
1.613951321402267425e+01
-3.675286205629685998e+00
6.811027635824792092e+00
-6.364257253422485050e+00
-1.093269286718964928e+01
-4.157998248309095146e+01
-2.054889142417004066e+01
-5.592614514304689699e+00
5.888783949719742061e+00
-1.787765328937394216e+01
-1.711265263166345107e+01
-2.259428024502312837e+01
-1.682320834074034366e+01
-2.184811457157213610e+01
1.410310736717634938e+01
1.575432536331466693e+01
2.117174753132056964e+01
-1.902613146166735092e+01
-1.684456403768150068e+01
-1.374333602877279326e+01
1.599655601266746663e+00
-1.008452702305731208e+01
-1.532502930244879202e+01
-6.625859098859169904e+00
9.923109321753866396e+00
6.278318664315126085e+00
4.623859109853217797e-01
-1.273031472176537093e+01
-6.822150826073470675e+00
-2.313583687961320123e+01
-6.763364574700355902e+00
-3.541800833804658488e+00
-7.326966155446885232e+00
-3.696182498956694218e+01
-2.059978001433881900e+01
-1.811918269131649994e+00
1.648509232193970320e+01
-1.667786389326944985e+01
-2.146584870059487926e+01
-1.723225468442016606e+01
2.929202698561597984e+00
-1.852428818896444085e+01
-1.503873591993575154e+01
-3.018764375274671252e+01
-7.819612927223950294e+00
-1.913821313215909825e+01
-6.654846481155879401e-01
-1.007788828967246175e+01
-3.864250461813708570e-01
-2.985334093523212218e+01
-1.763271455116102615e+01
-2.757444848224433809e+00
1.800642471592642480e+01
5.369836439748237211e+00
1.026102304012529309e+01
2.078673131974338162e+01
8.521256925493586820e+00
-2.692899062344453753e+01
-2.396787720530716115e+01
5.214225170134413112e+00
1.718825815272425928e+01
-1.594030478720768329e+01
-2.971637924360895511e+01
-3.557195620488584353e+01
-2.875565619889577462e+01
-3.830605081976088400e+01
-1.407977732551681882e+01
-4.769277383695160744e+00
7.033626779946669849e+00
9.790454529282699880e+00
3.199249715731358634e+01
1.556529869707507174e+01
-2.924695891781328072e+01
-7.074459630171185154e+01
-4.906858168437459256e+01
-4.962481843432229311e+00
4.671659170267383843e+01
1.154185041484953089e+01
7.512354501850705191e+00
-1.391641251498974263e+01
3.756183714244860194e+00
-1.655524951482969698e+01
-2.394586288810179298e+01
-2.282655958881926850e+01
-1.272935648775060891e+01
-2.535023681028869902e+01
-1.285265713758596462e+01
-3.765099939056292921e+00
-4.880460264419852479e+00
-5.161506613494464801e+01
-5.120535908048718454e+01
-3.905886037043561032e+01
-4.122047879492238565e+01
-4.294610972506787050e+01
-1.233916633890806835e+01
1.384822324960796358e+01
2.567985435213395817e+01
-4.741923994905866380e+01
-1.324824866545784730e+01
5.140128906935553488e+01
7.437820748701628304e+01
5.394804253965529739e+01
-1.743868921597387711e+01
-2.475220545597980859e+01
-4.581461125618793595e+00
-2.618033187105344695e+01
-2.236484649056176721e+01
-2.580261566403752838e+01
1.154994038514513477e+01
-1.515060152854331399e+01
-3.580407838435014867e+00
-2.837120187875913047e+01
-2.109266471170320756e+01
-2.860515518799875423e+01
-9.369112296757498015e+00
7.731838435539847509e+00
-1.448240877577800312e+01
-4.373314273384396955e+01
-1.024293806744803748e+00
2.840987967057624175e+01
2.913121686202795502e+01
-3.510919432982355914e+01
-3.090504222662709921e+01
1.455514184314954207e+01
4.451792638514028511e+01
-1.331886766601488326e+01
-3.500598886686495348e+01
-5.218133787950473845e+01
4.265125263238910058e+00
-1.537547491588153648e+01
-1.457957235924962092e+01
-2.846155298066311090e+01
2.253360143510131763e+01
1.145753321070323771e+01
-1.481250942535756510e+00
-5.617820464931191538e+01
-4.734608070602532592e+01
-4.897534018279155532e+01
1.926146402741936159e+00
-7.175144839661480312e+00
9.404482963267756235e-01
-4.886303651890298738e+01
-2.703524669718308360e+01
-5.552975556948272384e+00
2.127650325234679229e+01
-3.190621866158283915e+00
-2.039145724130821336e+01
-3.483864575681820508e+00
2.202189970902370675e+01
-2.349846363791842307e+01
-4.118459845317090640e+01
-5.550309475975681295e+01
-3.184183731335848933e+01
-3.907110477179880803e+01
-1.630946532128170645e+01
-1.947918934839122329e+01
-2.738619982377603179e+00
-4.703805683465366627e+01
-2.593568138985911631e+01
4.507165787931101342e+00
1.530353434373533261e+01
-3.722151872916833071e+01
-5.701257192178056954e+01
-7.690135577372622322e+01
-5.127772499295067377e+01
-3.712635370218459485e+01
4.906731285946956689e+01
4.971016822084575182e+01
2.334246429870559680e+01
-6.093533331748553650e+01
-6.182564019287704582e+01
-5.940962467125925883e+01
-1.515283356950195603e+01
-1.786836169569431831e+01
2.908519605662897334e+01
2.090542356159740223e+01
-8.152119087390957475e+00
-4.820017249802994996e+01
-1.860445766621796082e+01
3.437288759110541658e+00
8.103109313131005464e+00
-2.382168737203807041e+01
5.569235925430858991e+00
-1.668042309490431307e+01
-2.160155915676190119e+01
-5.281314609727667886e+01
1.407071163698152283e+01
3.268189147616296708e+01
1.004469452748341318e+01
-4.617303947987228696e+01
-2.807585555894654661e+01
-4.058323042398398250e+00
3.677038310164137869e+01
-2.143000638991664175e+01
-4.106359116857480274e+01
-9.044322053846428844e+01
-4.243280639842814850e+01
-5.464196224004955127e+01
-4.536675253624016690e+00
7.398764320240924341e+00
5.209688029246871821e+01
-4.288532472391696437e+00
-3.009735372080499616e+01
-3.808249467479928541e+01
-3.127013937653627007e+00
-1.168796907354672499e+01
1.393898374872923007e+01
-1.005717138511471020e+01
3.569461909144381995e+00
-1.068268543065776477e+01
-5.300479242260998092e+00
-1.509930999708729793e+01
-2.670074677714331202e+01
-2.086360232833947492e+01
1.735014773067353033e+01
3.574637183810216001e+00
-3.954578064912575286e+01
-8.629477231129311576e+01
-6.616145560325080055e+01
-4.476967309920608074e+01
4.968305835144611216e+00
-8.853093206446455810e+00
5.938624566955555295e+00
4.031203426158725733e+00
-5.281498808308286996e-01
-5.701794817728945475e+01
-3.442093531935760353e+01
-5.609136307742704730e+01
-1.625408671199657462e+01
-4.478399815236955561e+01
3.667658177012835807e+01
3.470082071533818180e+01
1.579065785079780859e+01
-5.590078943845727366e+01
-4.957372194378330477e+01
-6.046493418171416323e+01
-5.596983841347805821e+01
-2.362704302623319208e+01
1.229032015832290448e+01
-2.814977780414804087e+01
-4.174640355907943956e+01
-7.602103840267993462e+01
1.704039254965611036e-04
9.933610144958281651e+00
-8.794842468580503336e+00
-4.837332836565238381e+01
-9.668599344218907987e+00
-1.317366130830478710e+00
4.957274150646148314e+01
-2.859694198022716449e+01
-4.074576463563688833e+01
-3.332459038540437746e+01
-2.960305321365493469e+01
-7.129351292031907406e+01
-2.659548270298472872e+01
2.523377446620369824e+01
4.781265772742727904e+01
-9.621151841582056363e+01
-1.201563940154156427e+02
-5.908444466924849792e+01
9.443605284945013523e+01
1.604319259689721378e+01
-1.725674374730476757e+01
-7.627537729622105189e+00
6.756078280389513679e+01
6.529193240963660116e+01
4.576730775214316793e+01
-3.008743100765458323e+01
-5.944708507441909973e+01
-8.371132878556619517e+01
-2.922053918335622313e+01
-2.335982546361247003e+01
4.929754239449067654e+00
-9.042694269912411187e+01
-6.223294209496354057e+01
-5.962645881993846331e+01
-2.923775181028288017e+01
-4.780187725316364933e+00
-7.966000929924547336e+00
-9.186403334522108821e+01
-8.615331472514172617e+01
-1.059055992355812919e+02
3.768193900662651430e+01
7.726277721540334653e+01
2.534899079177146319e+01
-7.892196631517427363e+01
-4.617163324838525540e+01
-1.431535890867316474e-01
2.488359825463589914e+01
-8.829515481137589461e+01
-8.713928285178928945e+01
-1.356581949831644884e+01
7.385408003411978939e+01
-3.911138108685567261e+01
-2.913450936467721775e+01
-1.112856278865320689e+02
-2.582608504572855512e+00
2.386849520626287191e+00
-4.995450372189107036e+00
4.562089628270728525e+01
3.629901343786195334e+00
-5.452561578637500617e+01
-6.346348407229795896e+01
-7.509434812986735608e+01
1.568111555618055242e+01
-5.887400477261294185e+01
-1.038821988477536848e+02
-1.376251754643295158e+02
-9.408958794557692329e+01
-8.741670337958888126e+01
-2.511688800942379984e+01
-4.189719911007519215e+01
-2.033359785662638330e+01
-1.530736287257668380e+02
-1.296840155351418957e+02
-1.513700640797197536e+02
-6.223490225381979712e+01
-9.906144487235675911e+01
-1.195524923947330223e+02
-1.370045488643215492e+02
7.712747786723070931e+00
9.795723261848891639e+01
2.040207302464997667e+02
-5.268388079571778349e+01
-1.888143732793107858e+02
-2.945038416106553427e+02
-3.837041794428087371e+01
2.937998324882724432e+01
-6.351289390837269622e+00
-1.239361343000665272e+02
-7.326442985002444175e+01
1.776137831861094307e+00
3.923778407906144849e+01
-1.084017133682064156e+02
-1.082824922432026398e+02
-1.240611637532954070e+01
1.041631603553062035e+02
-6.757299245472658811e+00
-9.936007548473806139e+01
-1.298790574050203190e+02
-8.525445040938589614e+01
-5.566225871808665460e+01
3.704246607261327284e+01
8.845175226358300336e+00
-4.744750797610044657e+01
-2.669471080381038632e+02
-2.566243822795479446e+02
-1.586947839444337660e+02
-1.620326216819939447e+01
-4.704287039815755378e+01
-3.889133911619070005e+01
-1.852730583221741654e+02
-1.782499174902033587e+02
-2.125075580489330207e+02
-1.083553409411644566e+02
-5.552988218486711247e+01
2.758765997991584129e+01
-5.385118484480982914e+01
4.338106751948443929e+01
-7.939886718831142787e+01
-1.126690683934395025e+02
-2.033281757777149892e+02
-1.118898711238701225e+02
-3.182034665198534995e+01
-1.105119709398566030e+01
-9.857761767570008260e+01
9.948363499995467762e+00
3.945339902422627176e+01
7.757856417974468677e+00
-1.844496026180456738e+02
-1.608802266409223591e+02
-3.474621436833534460e+01
5.662526820095913394e+01
2.279720397626166317e+01
4.161483529984765539e+01
8.280011037909254412e+01
3.567177356056458848e+01
-1.205386472959713018e+02
-1.485311214690542272e+02
-1.013913318730906923e+02
-1.093778678163907330e+02
-1.728122040381310285e+02
-4.879947015739465854e+01
-9.763578562624884682e+01
7.772063581112706743e+01
-7.695335985654830324e+01
-4.400233702959690874e+01
-2.096899089185217804e+02
-2.565440573602015206e+02
-3.023505467736656556e+02
-9.564712611598234560e+01
-4.153767074050470853e+01
-8.135938767151909445e+00
-2.159913269537834708e+02
-2.170139488902395897e+02
-2.032223962986366246e+02
-1.474807750246751823e+02
-3.952063480029824518e+02
-3.994985448281424851e+02
-2.391546619272326097e+02
1.045760538904654027e+02
-3.137535493713250503e+02
-3.763947069404817967e+02
-2.308829816149692817e+02
1.338007781667334655e+02
1.775406982030436343e+00
-2.255411822120142062e+02
-3.081170532770167370e+02
-5.372405291244965753e+01
-7.751793395579374968e-01
-6.761114938663888907e+00
-7.355129525623709696e+01
-1.217724948676409440e+02
-1.754380602132865192e+02
-1.024863371453969307e+02
-4.304340074038385033e+00
8.563839761269635176e+01
-6.424780647083403551e+01
-1.466922575518435679e+02
-1.815482991782825479e+02
-4.110139202946217551e+01
-8.809353767545231051e+01
-7.586812833772688691e+01
-1.901142932699756329e+02
-3.508524232507389229e+01
-1.345047215641413629e+02
-3.786037386379512100e+02
-4.244562345555329443e+02
-2.323658711528991603e+02
7.392147676690173341e+01
3.798457005555731030e+02
1.530463374018125648e+02
-9.103872297451085061e+00
-3.316547189863482572e+02
-2.113250265461740867e+02
-2.014716182886552645e+02
-1.515602002303328391e+02
-4.602630631694414376e+01
7.125542580890281386e+01
-3.003623404444670442e+01
-2.058576490314154057e+02
-2.347385135764033066e+02
-1.034809528838031838e+02
-1.713093715821953111e+01
-3.435919656986720838e+01
-1.579696639135636360e+02
-1.849971262416844695e+02
-2.174133779228774586e+02
-1.196858540324727613e+02
-9.304887407295802859e+01
-2.022328583917096978e+02
-4.875801372833263372e+02
-4.381641363408529060e+02
-5.541254702909706111e+02
-5.878480780835467101e+01
-8.471143250917091905e+01
3.431106090339403636e+01
-1.911715284633030763e+02
-2.096080045531231804e+02
-2.268310837848221126e+02
-1.346261295022393369e+02
-8.328241904610653989e+01
-3.560434955759909315e+01
-1.603368096806481446e+02
-1.862301578739167951e+02
-2.403748872383436890e+02
-1.945330544525258532e+01
-2.894024145422570271e+01
1.846636579323879701e+01
-9.658220169123335808e+00
1.571187803546184796e+02
1.502652995456454477e+01
6.286772635187844571e+01
-6.407921853636597689e+02
-5.232938438124784852e+02
-9.163046004613441937e+02
-4.010692558502395855e+02
-2.975982685063439703e+02
-3.934036015071978341e+02
-6.553350513683357121e+02
-9.746142648485175641e+01
-3.270195630485550708e+01
-2.265780445618443935e+02
-3.916765728025732187e+02
-4.072441603249571926e+02
-4.094834034595619983e+02
-3.067468409736030708e+02
-7.456035265099992557e+02
-1.499987772862945974e+02
-2.001229167080040838e+02
1.342684257755550625e+01
-2.232039054914244218e+02
-3.568191030299590238e+02
-5.019828278649577555e+02
-2.708697693269919569e+02
-2.576335407725945288e+02
-1.732199008968516125e+02
-5.629418532554826697e+02
-5.976492798147795611e+02
-3.845259946404114544e+02
2.533661247522551037e+02
1.049999303172085945e+02
-6.423353960332902943e+02
-1.918511187172978225e+03
-1.033035270895020858e+03
-5.725717552388873628e+02
-1.124103596862338428e+01
-3.472203824909485093e+02
-3.732883182265478013e+02
-5.149144569173878381e+02
-4.710286281449738794e+02
-2.779988646229883784e+02
-5.279467342291560072e+01
-2.789795784269537648e+02
-2.519016636449677833e+02
-3.560443183276855166e+02
-1.461610652260653076e+01
9.782496236639302367e+01
-2.829519847667053867e+01
-5.912263969882635593e+02
-2.504835915532386252e+02
-5.111295570121929899e+01
-5.603764108729072859e+02
-2.725561805754581201e+03
-6.086185498479651869e+03
1.213857387742432820e+03
2.993739455657861868e+02
1.267517662328334154e+03
1.666650771388503927e+03
1.259049983015013510e+02
-1.106171245902408060e+02
-5.286196527593858718e+02
3.758311025481471113e+00
1.387544135107557963e+02
1.985861995132335096e+02
-2.973825491044711384e+02
-2.947342277503056494e+02
-6.429563444084296862e+02
-5.133676812292105751e+02
-6.755942367964217965e+02
-2.908530165795336870e+02
-4.163631811083875505e+02
2.215704974837054237e+02
3.469349228611486069e+02
4.595895638208575633e+02
-2.710925700323775800e+02
-1.078694431292669833e+03
-1.893460156386108565e+03
-4.395285098082204627e+02
-3.409925144954325447e+02
-4.593643577250380190e+02
-1.753348135487500485e+03
-7.962927640122618413e+02
-6.777751931797209863e+02
-6.750453482935979537e+02
-8.969632266183601814e+02
-1.880170942730574382e+02
-3.988701794696869456e+02
-3.582272230836944686e+02
-5.321515546420832834e+02
-1.363621913383481399e+02
-2.871842364245239310e+02
-4.112971420507398648e+02
-3.713667478654554657e+02
-1.184146278115384376e+02
-1.299542389514460865e+03
-2.552249245147857437e+03
-3.540314034796880605e+03
2.354883260456701464e+03
-5.835252834948576492e+03
-2.966076029877390283e+03
-1.123796640579127825e+03
-8.702776974342803840e+01
2.359586298547223180e+02
-2.591247597672905840e+02
-3.555753376211398518e+02
-2.038143271575397080e+02
-5.616949511388036598e+01
2.810409363746054368e+01
-6.802656439622608104e+02
-3.693477513475031060e+02
-8.315587776307336298e+01
3.872571503597073388e+02
3.016102859020120377e+02
4.276149798104748356e+02
-6.638134071793015778e+01
-1.169244377604592415e+02
-4.416650771388503927e+02
-4.313981680222731825e+02
-4.975271026927905496e+02
-9.245399411247993839e+02
-1.237348116947124709e+03
-2.913208299926211566e+02
-9.658608544249236729e+02
-1.412550257129502597e+03
3.277194194648640405e+03
1.660211625371624541e+04
-9.460235159037855510e+02
-1.047042473680943203e+03
-1.035427530238199324e+03
7.460874486355792214e+02
3.515180415657265485e+02
-2.763513320499510542e+02
-9.712775267684889968e+02
-3.475369007694368975e+02
2.183758878430946595e+02
5.467180699816585587e+01
-7.586254195739726356e+02
-6.446763209922584110e+02
-4.826993349934568300e+02
3.195907993286470372e+01
-7.545335569811261394e+02
-9.498656374124516333e+02
-8.817446028824113000e+02
-1.907353723517782100e+02
-2.888272301766220949e+02
2.712271220216758252e+02
1.026116127257592865e+02
5.514352041701190501e+02
4.245837295151405897e+02
6.948994400561485918e+02
-1.129978502789769209e+03
1.036429686111004776e+04
-8.163423768517545795e+03
-4.022834903997250422e+03
-3.702133266631659353e+03
-1.089301542777002396e+03
-1.703963523230760757e+03
-6.640339406422662023e+02
1.941067530171878843e+02
5.220726566450072141e+02
-1.102448869703483609e+02
-3.624078307841567721e+02
-9.419168463667542710e+02
-7.706643959126430445e+02
-7.566642212392603142e+02
1.161526498993507914e+02
-2.285507398659713658e+02
-2.307871787388286933e+01
-5.536946708853977270e+02
1.886355792512250105e+02
-4.802755891046573993e+02
-7.326028671380971673e+02
-9.165041527467202513e+02
-3.644269771889335061e+02
6.092891328905547255e+01
-3.051940920951071945e+01
-6.955534361851338190e+02
-1.210403643602204056e+03
-2.300844299881493498e+03
-1.213008303835593688e+04
4.848393641888733328e+03
1.765227520648272730e+03
-2.401506030855540303e+04
