1.589046802763505184e+02
-4.944286530569827960e+02
1.108534309905979853e+03
5.425520980943654649e+03
3.858097400179217402e+02
7.872586489013256505e+04
9.362493460450989005e+03
4.492429047444174444e+02
1.096051440980916141e+03
8.596929803759736387e+03
-4.639511878957699992e+03
3.721411218555807409e+03
2.845066217230287862e+02
-4.105007395017308227e+03
-4.376850609274182716e+03
2.913742300242930469e+03
2.210484037933387663e+04
1.303989864573624573e+03
8.054347617749932624e+02
-1.150682310409826187e+03
4.381195236754599023e+02
2.143216225988413044e+03
2.722910612038898307e+03
-1.501338216196568737e+03
-6.149101716421786477e+03
-5.826380565826329985e+03
-6.386927039241117200e+03
4.563273462124545404e+03
3.817642204516950954e+01
-1.199295158368420562e+04
8.121946791045801547e+03
-7.942021972884549541e+03
2.598038400155086492e+04
7.118174135355302496e+03
5.940103786816264801e+03
-7.372639135323396431e+02
6.842197807906055687e+02
2.300527892589164367e+03
1.327405284423374951e+03
-4.900968075869919858e+02
1.942703012390692265e+02
1.400836369595703673e+03
9.713515501496852949e+02
-3.469271672335122503e+02
3.833772181001668145e+01
9.045130301208830588e+02
1.092878481158216800e+03
-1.004982115956905204e+02
1.353034595605420918e+03
3.207016942090002431e+03
5.155544940635079911e+03
-4.731367177430225638e+03
-2.672375030894249335e+02
2.217882448630598901e+03
1.331134174848055636e+03
-1.770910087136442996e+02
3.391222827244895370e+02
6.737903668746226913e+02
3.616533833046538575e+02
-7.006897287942919093e+02
1.264722205058608182e+02
1.571126514906315606e+03
1.383534321198442740e+03
-8.676194101054848034e+02
3.471526258376131295e+02
1.758227393979420413e+03
9.604722984130019086e+02
-6.916060751457830520e+02
3.658364966646541347e+02
1.983690427329357590e+03
1.375899606946822360e+03
-4.750630622299599395e+02
5.508858962502998793e+02
2.250727253906982241e+03
9.499356428729975050e+02
-3.553489402617885276e+02
2.771077846380285905e+02
1.305986870643238717e+03
6.299165319067893734e+02
-7.434481777344047941e+02
6.430241820075649457e+02
5.288730227229375487e+03
4.899056617701084178e+03
-1.910124652946698689e+03
8.242741156303509342e+02
3.863926248840014523e+03
2.384581938210439603e+03
-3.903799365638525387e+01
6.068037244818413001e+02
1.412787583606625731e+03
8.209072777700380357e+02
-6.962723843205955063e+02
8.097779336138160033e+01
9.878119485796032677e+02
5.990282763073831802e+02
-2.275792072924845684e+02
7.146576582947212728e+02
1.976025830849784370e+03
1.402684131542843943e+03
-1.179486768260589770e+03
1.451692627303070253e+02
1.361432884107928658e+03
8.523797116760064227e+02
-3.988236870811927588e+02
1.244052359778125947e+02
7.194063168590811301e+02
3.858982906747255015e+02
-7.429040084585944896e+02
1.629080706340464246e+02
1.829077272423691738e+03
1.608668060586786623e+03
-5.991873240049859305e+03
1.712565769900746091e+04
-3.411194483402919286e+04
2.261753909725523408e+04
-6.411776531089458331e+02
1.853305805522378250e+03
4.547260501000318072e+03
1.281909047022887307e+03
-6.393635002360504132e+02
4.152145063646238441e+02
1.602844463624265018e+03
1.315579101013725221e+03
-4.904063313965171460e+02
2.175900395406954146e+02
8.423685865589525292e+02
4.027486266947150284e+02
-7.710766864226585540e+02
3.842565847940600747e+02
1.702539479818572545e+03
1.094205794619097787e+03
-1.179220201540763355e+03
-4.594892419749734813e+02
1.165572865993616006e+03
9.982689903185621461e+02
-4.768049485774046730e+02
7.456822404784053049e+01
9.327101002807698933e+02
6.654115370630098596e+02
-6.059966409124405118e+02
2.141542791154766405e+02
2.009106559159042490e+03
1.903827089766592280e+03
7.072530465110685327e+01
5.206985907967528959e+01
9.091614738178456037e+02
1.032542573847415724e+03
-1.582367517840278559e+01
2.038316698117639305e+02
6.344789095824633023e+02
4.904814280957032224e+02
-9.137167518103017017e+01
4.346988527597942493e+02
9.275462485163661768e+02
7.919257975614342513e+02
-2.975359379935484867e+02
2.837360420473997351e+02
1.554806240818406650e+03
1.893141824399156121e+03
1.890099302263180903e+01
4.812808600034484243e+02
9.890845277886095346e+02
6.205239208352795686e+02
-3.166103286991897221e+02
1.423293435032371406e+02
5.797323567606862298e+02
5.039023984669014453e+02
-2.867762157930809508e+02
2.528978748867416755e+02
8.900555149441762524e+02
6.326193835937901895e+02
-4.567636833271804448e+02
-2.587995892606684265e+02
7.506105389202768947e+02
1.129553400246381671e+03
-6.882157735876604931e+01
2.151792156661937554e+02
8.388055538756882470e+02
1.049734990753611328e+03
-2.823287286242735377e+02
4.145625316566164997e+02
1.219601681146252758e+03
5.280368826642223894e+02
-8.723838714443544404e+02
1.795633067056907919e+02
1.180208970060547699e+03
7.575987444065971204e+02
-4.362049244195115421e+02
5.602819485606692069e+02
1.772469416757769977e+03
1.538310382035041584e+03
-3.230719903846060106e+02
3.650104403287888886e+02
3.787263856771968676e+03
5.757525177973683640e+03
-1.455888265544729165e+02
1.697446149337492898e+03
1.846239877569475993e+03
1.267278889419606458e+03
-4.723317464393604155e+02
4.044848380741677261e+02
9.558371902111401823e+02
8.908397481057335199e+02
-2.643555399719502930e+02
2.447304748968719821e+02
8.472544287884139749e+02
6.006451329564903290e+02
-3.491042335164774499e+02
6.936060748273021090e+02
1.711064469378209196e+03
9.871195999009637490e+02
-1.215684387988814706e+03
1.404423517887716173e+02
1.402201260984689952e+03
4.223130995922044235e+02
-1.226997771754526184e+03
-3.658573728480392333e+02
1.153366998804992363e+03
1.308736015525611720e+03
1.029004384084325778e+02
1.060305607681025322e+02
8.103386457724103593e+02
8.661559511276822150e+02
-1.792078532426971833e+02
3.026985138906601378e+02
1.225857292748907639e+03
1.423385485858916809e+03
-4.655586311470394634e+01
4.445397205033769978e+02
9.659210235635879371e+02
1.021748125683821058e+03
-4.004655485662873815e+01
3.993818685841097249e+02
7.087290961732609276e+02
3.323238950237716836e+02
-8.171087417445235133e+02
5.279685926249668455e+02
9.895320319744981816e+02
7.298453258267734327e+02
-5.226888733052845737e+02
3.995719990842498532e+02
1.256174777966667307e+03
7.400782421692364323e+02
-1.235882172787548143e+03
-1.615722103350968553e+01
1.571894540925079809e+03
8.295131539801910776e+02
-9.820359295516454949e+02
-1.106275333484334453e+02
9.549642574949444906e+02
8.063759386663653004e+02
-4.685917409958609596e+02
2.996996340539383255e+02
1.192599486500287640e+03
8.226437436848681273e+02
-3.862361675098964611e+02
2.153133969318153618e+02
8.570518105461717369e+02
5.965663065544440542e+02
-3.108467258903301627e+02
5.605157962792925019e+01
8.628917443973784884e+02
8.647512705665869817e+02
-4.177684554229263370e+01
5.629746209844354325e+02
1.637825470934511259e+03
1.249548204749168008e+03
-9.821021972884545903e+02
-1.838268743387264976e+02
1.098541346618557327e+03
8.526342287913137170e+02
-3.541847867467501487e+02
4.792204854121160906e+02
9.195890665262082848e+02
5.107348105763966259e+02
-5.532777922152067731e+02
-2.332336820137624755e+01
6.763164900524693621e+02
3.970227805897316102e+02
-9.256268604963694315e+02
2.740661165795747820e+02
1.935846874589430399e+03
2.020472027606052507e+03
-7.191308260362527562e+02
-2.514948747508108795e+02
6.033234827040303117e+02
9.232599767801846156e+02
1.113774407555056030e+02
3.219139586006571676e+02
4.069368219965686535e+02
4.463860791956799972e+02
-2.526045465520369078e+02
3.411008738806773408e+02
8.755610003077398460e+02
3.969095025628125200e+02
-1.473177641264456270e+03
1.591258804593632703e+03
4.074831078143280592e+03
1.546780375847708228e+03
-3.713574940783906868e+02
2.200415931472317368e+02
9.314364861726124900e+02
4.571176043910536464e+02
-7.349952248677891475e+02
-5.198024248942776637e+01
1.635783437126917988e+03
2.157265712026446636e+03
-1.229493215993894182e+03
9.105796774520582630e+02
2.543642006790646519e+03
1.835933987033530912e+03
3.547804857116340145e+02
1.239155581801627250e+03
1.493417132319663324e+03
3.908209443665247704e+02
-1.344095246392753552e+03
4.152708679459377663e+02
1.967095454170446601e+03
2.688257722525650024e+03
-1.262893516021171536e+03
-3.065580942011008005e+02
5.100586085256447291e+02
2.791437347202461865e+02
-8.219325143964249492e+02
-1.755716256007949028e+02
6.573117996231578672e+02
5.483825066938661621e+02
-3.235537927422468556e+02
6.576240309995498023e+01
5.850941917674022079e+02
5.214110597173144015e+02
-3.471992151022552093e+02
-6.651828464796014373e+01
4.772987655430383711e+02
4.545774207656313592e+02
-3.092420396384489436e+02
-1.390415889891297923e+02
7.895512121077777010e+02
9.789841499645461909e+02
-3.413315362451744761e+01
4.900248168136049571e+02
8.129474370739834512e+02
3.724232429092604661e+02
-2.430077669216338450e+02
3.154225611010795660e+02
6.395121590513773526e+02
2.738904508735865875e+02
-5.756295448686510099e+02
6.850801354540845978e+01
9.915642557025191763e+02
8.241716140951942862e+02
-1.795752947898828609e+02
2.392765625642599616e+02
1.064798535141030698e+03
1.022188906698720757e+03
-5.770687535944911133e+02
-1.939502914290944204e+02
3.994023523043217097e+02
6.648749155606107024e+02
-5.667155308073505182e+01
6.631651205411060346e+01
5.068451727165102625e+02
3.394146003394469631e+02
-6.275318144839294519e+02
-1.350149843838488550e+02
7.425846809815107008e+02
7.713316431114452598e+02
-2.060348108796484610e+02
4.418237026055368801e+02
8.086843715038654636e+02
4.933391728954106839e+02
-5.447017265486528004e+02
-4.481601200716318090e+02
4.550355128343204001e+02
8.789128326905907898e+02
2.387057390170976987e+02
5.094310439906413421e+02
4.358890552118999153e+02
1.335800630032155141e+02
-7.196080581410177501e+02
3.863554235219788779e+02
1.708041335244852007e+03
9.013536417668842660e+02
-1.189817468544835947e+03
-2.825175530021799375e+01
1.149397802711544045e+03
1.071937396404436186e+03
-6.649278804851319080e+01
3.259683121048940393e+02
9.435755762153363548e+02
5.263193600332417645e+02
-6.679722241741785638e+02
-1.575003639381284586e+02
6.842523494161252984e+02
1.350188582171695543e+03
-1.738088343965362128e+03
-2.458020181006717166e+02
1.680911882174178345e+03
5.034310476806947463e+02
-1.200423245502020336e+03
6.739042293769399521e+02
9.845721955624284192e+02
3.442358422030405336e+02
-6.969692432580594641e+02
-2.500888757658530324e+02
5.156833929624924622e+02
4.568192471834404955e+02
-3.182274409483388240e+02
3.081959032431179253e+02
6.699506917819505816e+02
2.912054238884073243e+02
-6.289941021043043747e+02
1.292468272956658950e+02
7.024036462912118850e+02
6.672728928117262512e+02
-5.694094617179179352e+01
4.766562505364712479e+02
1.266857024743284683e+03
1.536074549573803552e+03
-2.525872934919281761e+03
-3.285381932053532523e+02
1.034260612381231795e+03
1.201796403058691794e+03
-6.643698828832242498e+02
6.799527465974711049e+02
7.903978032004868055e+02
2.124861701208812121e+02
-7.339769362630519254e+02
8.756112669471605159e+01
8.485485514768738540e+02
9.766775051522082549e+02
-6.318248249147427487e+02
-1.387702226809639399e+02
5.482831095145151039e+02
1.053532182844933686e+03
-5.911026463796519010e+02
2.804699125091701717e+02
5.459180899140778820e+02
3.509950777641676041e+02
-5.475150118297359541e+02
1.173480405080038963e+03
1.811080586722764110e+03
9.868540038736357474e+02
-8.005325527979313165e+02
-2.455335058852333816e+02
3.913663243804000444e+02
6.555111564452380435e+02
-2.318558061307199125e+02
8.719542323949144702e+02
1.046026652370847160e+03
4.789989307486175676e+02
-5.080654239119138538e+02
3.190815022596211747e+02
1.067818950116640963e+03
6.692233278491697774e+02
-9.708154131828112554e+01
-1.699083960252389431e+02
8.150557941231199948e+02
2.727852202930880139e+03
5.293961989341214576e+02
8.007816660308913015e+02
8.141204853668031092e+02
4.859171063735466305e+02
-2.328868098941748030e+02
2.654971931933481244e+01
2.824702979560012750e+02
1.967632088327637234e+02
-2.382412878547110608e+02
-2.261336072310648504e+01
4.977962899990684491e+02
7.116698409409659689e+02
-1.809757970231751472e+02
9.784446362426618293e+01
6.676223071160446807e+02
3.789801274415971193e+02
-4.701415760337717984e+02
-1.189393536193422563e+02
3.578356290986384920e+02
4.671438213984560548e+02
-2.489649019868765549e+02
1.811703548487510318e+02
9.488847891572801245e+02
1.010532409062292459e+03
-3.974354694147706937e+02
-1.433005585492513774e+02
4.416271881980113108e+02
4.782297462197106483e+02
-1.126080412130377368e+02
3.965258207808047075e+01
-1.091105313957439478e+02
-2.726597920309386609e+02
-1.131002426291258871e+03
-2.919176179519977836e+02
6.638702853828580146e+02
6.255965034176338122e+02
-2.060632343960803325e+02
2.617987165800729485e+02
5.806732756775356847e+02
5.332509601812803339e+02
-1.395856190702614185e+03
-2.138915426189072093e+02
6.949483567065107081e+02
7.517242241467412214e+02
-2.123598419704823641e+02
-2.102136078618461568e+01
2.625439249177395027e+02
2.838176404603132141e+02
-2.168073866292672847e+02
7.541455179198152337e+02
1.403445613400862385e+03
7.116886096139542133e+02
-5.075283898113320333e+02
-2.900274553008670608e+01
4.521196054248601399e+02
7.116648636078119807e+02
3.693068321877312599e+01
-2.012803045482174014e+01
1.493050570642171593e+01
4.436337266788750355e+01
-2.053139013348849176e+02
1.119553078825581238e+01
3.187433011311803739e+02
6.943072143022876617e+02
3.595652602819556165e+01
3.856982516649275112e+02
5.040784296086736163e+02
1.614237816532937870e+02
-7.346294150035317898e+02
-7.285777212087187316e+00
3.549489765491026674e+02
1.970176249221331943e+02
-8.653264914878085392e+02
1.220282366846184061e+02
9.335064689474628494e+02
1.260789314477312018e+03
1.834595525575393538e+02
9.137351995496325685e+01
1.942911041958841452e+02
1.722604035719662647e+02
-1.975250036961135436e+02
2.618698653313350064e+02
5.185321967519636246e+02
3.329332883578587143e+02
-4.431418590081207185e+02
-5.859076629041611994e+01
3.219210893030685838e+02
5.842355086100782273e+02
4.797185166657693145e+01
2.642439773744644640e+02
4.240153770628996313e+02
5.533433404786655956e+02
4.565169807774218214e+01
5.227538400148185929e+02
4.203502698634634385e+02
1.652277882336460380e+02
-1.049879248577469070e+03
-4.014972349468638413e+02
1.726525163646043950e+02
4.755529770779118621e+02
-3.091526733669018512e+01
3.536640058597075154e+02
6.052992549710050980e+02
3.959010305282329796e+02
-2.902061625217164078e+02
4.454100513130293848e+01
8.252025110828440120e+02
9.486694041242352569e+02
-1.966978243765628349e+03
4.089007126407716441e+02
1.172408081987861351e+03
7.965094400690444445e+02
-1.167154382928488531e+03
-3.429513339064054662e+02
4.071217195667969122e+02
6.189582777454688767e+02
2.532082803309507142e+02
3.562767834670250977e+02
3.315114096716299628e+02
3.603527968390342551e+01
-7.121470399342160817e+02
-2.803819048585212954e+02
2.395029474105994041e+02
5.628820813484003338e+02
-3.980732967395422861e+02
-3.152589573513029109e+02
1.329866566837839343e+02
3.628344515815884392e+02
-3.043720235907120042e+01
2.076443574529770046e+02
6.139862285871986103e+01
-2.037785661249015945e+00
-2.008319897515785328e+02
1.172309934917387011e+02
2.194326554160735441e+02
1.990497402522758819e+02
-2.007550873928113333e+02
2.962292960212928392e+02
4.434008041703672234e+02
4.651798601432723217e+02
9.762449366351836133e+00
3.547803573048921777e+01
2.012404977361057945e+02
1.895886373576034600e+02
-8.791347189477528801e+00
7.110396998318982753e+01
-9.711672025785352602e+00
-4.568330974874897521e+01
-1.744134266641903253e+02
4.065337871217953989e+02
5.807321205380534366e+02
3.068903061149441669e+02
-3.891823367449939610e+02
4.022416797071890642e+02
8.267929124030400772e+02
3.651087655295198147e+02
-8.804656265094512264e+02
-5.035279885560473758e+02
3.536945069729719648e+02
1.106033339882933205e+03
-2.835310274180031683e+03
-1.659222824861176605e+03
6.121493046457517551e+01
-6.129964585023184043e+01
-8.842021972884549541e+02
-2.157550968709728636e+02
1.731549436585773094e+02
3.049072994927652758e+02
-7.093164677551887110e+01
-1.623810407203677419e+00
2.243030224261092940e+02
4.777715676053234688e+02
1.077546805509295780e+02
8.753316216208928324e+01
9.808022896498009402e+01
2.476849819871818852e+02
-1.823499112562231517e+01
1.869091453310409747e+02
2.689702514302989016e+02
2.412365257463420676e+02
-1.003402947482675529e+02
9.213120996245232845e+02
8.343942746190239177e+02
3.738903978990847463e+02
-6.084118432112170467e+02
-3.386431474089302469e+02
2.590163869768704785e+02
5.879717401415866789e+02
2.898665173343305810e+02
2.798525866885584037e+02
5.961383824216682115e+01
1.315179627469295269e+02
-2.842895435844379790e+02
-7.835621905992064740e+01
-2.425969727197565362e+01
1.059374957570631608e+02
-1.780972812540372630e+01
2.028982028115700871e+02
3.280641367085345905e+02
4.049556317187418699e+02
-2.390999017870439047e+02
-3.642927407183771038e+02
-1.998209875352615086e+02
1.803046400186995299e+02
2.269989547204501150e+02
2.677710893101680085e+02
1.755080264663086780e+02
2.620365585415437977e+02
5.572743169871734459e+00
1.905431295800613611e+02
1.232911378290100117e+02
2.086305021071317185e+02
-1.368615221845656720e+02
5.565601482086029961e+01
2.897815417100066071e+01
2.053555641534056235e+02
8.388015150976914924e+01
2.610515746912918189e+02
2.573203945181778636e+02
1.051525207900982650e+02
-2.351753310998575728e+02
4.245858027068772600e+01
2.172757104394900978e+02
3.985557005442627769e+02
-5.706471460570909926e+01
-5.207802967695918284e+01
4.246914286986376652e+01
2.898956010043760330e+02
2.180901698028888802e+02
2.887875137559877885e+02
2.082132162381456624e+02
2.301601618545552412e+02
-6.808535363654574724e+01
-4.332797429915462573e+01
-5.812784130549856343e+01
-1.381386887201572335e+02
-1.096609924007020282e+02
1.665099446005323784e+02
3.286998669496141474e+02
2.992173502276796739e+02
-2.304925445235744235e+02
-1.624422523638320968e+02
-2.842990322506201295e+01
1.621129966397304827e+02
-1.950420917180821334e+01
2.032561326436957643e+02
1.037914138237096893e+02
-1.723283940077833520e+01
-3.615539220597063945e+02
3.507228260638387241e+01
3.920939945562968774e+02
2.985366155582636907e+02
-2.046287044332906930e+02
-1.624713097436760449e+02
1.956702996657840288e+02
1.949390490580458959e+02
-8.956401278676224820e+01
-4.882429733742290523e+01
9.422631555304886319e+01
2.321780624772512738e+02
-9.688629441505891293e+01
-5.014703461536324625e+00
8.356649979135892181e+01
1.704496457259429292e+02
4.556001497325156180e+01
4.220117615216048534e+01
1.732383478613089665e+02
2.468387916330970313e+02
3.342549477081699649e+01
-2.437889885297706283e-01
-3.392201921640680240e+01
6.501953617521532180e+01
-2.906634247929328652e+01
-6.049533245864186881e+01
4.726332725558783920e+01
9.257456263923896245e+01
-9.916926759246646839e+01
5.256596286344915114e+01
1.511990017305036531e+02
2.483044659598730846e+02
3.076465213141132438e+01
-3.929354731520913901e+01
-4.207978505647500356e+01
-2.663981822442964997e+01
-2.570986290709689683e+02
-9.150670047482171299e+01
2.142106801324111416e+02
3.276233682166355834e+02
-3.598324783665528770e+00
-1.800123786495300067e+02
-1.212986721875682292e+02
5.096894024165271020e+01
1.702182839047060270e+01
4.150002560121951234e+01
2.775859660501979675e+01
7.461610914004496919e+01
3.202037556490514447e+01
8.224389187130141465e+01
5.096480445266101356e+01
2.989189207785773661e+01
-6.895192875442549507e+01
7.605857373112878861e+01
7.392805371382844726e+01
1.813710746835952747e+01
-1.391501082901613131e+02
-4.015943325353012483e+01
1.389583877387152029e+02
1.272676153879525458e+02
-3.130475369154545007e+01
-4.223087994311189419e+01
6.702230388797691774e+01
1.401234063098363833e+02
1.990219623254818515e+01
2.693595137914846305e+01
6.550332886299922563e+01
1.556666873453230551e+02
1.818289413322062131e+01
1.287880011541674286e+01
-9.419135467762643543e+00
-1.906810796018229226e+01
-6.692598656864674922e+01
1.684678737516985336e+01
8.492881150007885083e+01
8.176655415065549448e+01
-6.565672846340088142e+01
-2.507700654235333104e+01
1.978235065542209270e+01
3.698618955561414623e+01
-8.709558362860019542e+01
-3.871713533518874328e+01
-3.206079189328469692e+00
6.342634596134421088e+01
-1.063416210708019527e+01
1.089423663015306332e+01
1.002539759412441889e+01
3.524742817102960668e+00
-8.254603440307616324e+01
1.914348447920647089e+01
7.887855149799595722e+01
1.112425473173762782e+02
-1.279813658500052753e+01
-1.748181458123494991e+01
1.974027776927111333e+01
2.122212760817027188e+01
-3.148522508910388140e+01
-3.534758199583537763e+00
2.805542367389624658e+01
2.071410367900143434e+00
-8.132159214153566040e+01
2.460112628030826087e+01
5.211207066072812921e+01
5.783280047234285348e+01
-5.637563833882850162e+01
1.170204186438425786e+01
4.153641832779920406e+01
2.738335587687723205e+01
-8.064005552532714205e+01
-1.650420057190143908e+01
4.129923334543960323e+01
3.480291171036058984e+01
-7.306895504691955523e+01
-2.583099093241509792e+01
3.461096901732677367e+01
7.959043986953666661e+01
-2.845135511241151605e+01
3.273318362936351633e+01
4.016794678467675794e+01
-7.419218460528478332e+00
-1.205446788116016137e+02
-4.178700371340286779e+01
3.752558506082819179e+01
1.681039128171645203e+01
-7.647836002822734258e+01
-3.496942507627696273e+01
4.517253481896693046e+01
5.181917587437969530e+01
-1.372973253198678911e+01
2.921678865244164669e+01
7.373453287851161519e+01
6.909362865985293922e+01
-3.330850309601494530e+01
-3.410385157329204020e+01
2.789109227438895555e+00
2.189337776839490601e+01
-2.856265258947606256e+01
-4.787396053429812781e+00
1.225798895925114707e+01
3.457206819756328997e+01
-1.694651039530311820e+01
1.252627362506272490e+01
7.655557993907849834e+01
7.194684354138944116e+01
-1.177219519193632280e+01
-2.959326788218807991e+01
-1.598357000695483521e+01
2.037146516712804001e+01
-2.536811633759385387e+01
5.826834783662269146e+00
1.504889337503230173e+01
2.859106541946420066e+01
-6.166802301756439064e+00
2.254239422898511336e+01
3.297105778054785929e+01
1.906083598737578200e+01
-2.969441009596393144e+01
3.499313461957514448e+01
5.950490598762871031e+01
4.211460843966955991e+01
-2.784210347570518707e+01
1.167011836892502430e+01
3.889195404669575851e+01
4.217447785631528490e+01
-3.325025701280849688e+01
-6.480481752032886789e+00
2.250338094703531411e+01
2.890591149174872143e+01
-2.359410006183109587e+01
-2.155692823300378702e+00
6.111054474478356369e+00
1.883699826875107419e+01
-2.353148046537253890e+01
-2.470397792684958738e+00
1.439122784648724895e+01
1.120635213659777563e+01
-1.553879305312680970e+01
7.280809306054523589e+00
1.245584487957517261e+01
8.933736138574944974e+00
-1.196652955952740172e+01
2.155877612812280120e+01
1.810238019001052123e+01
-1.573836564089529944e+01
-5.225264091694269553e+01
-1.925732602386706294e+00
2.585836172629266017e+01
1.083088652879442293e+01
-3.806575791499645334e+01
-8.506077049948009616e+00
3.085137067981340309e+01
3.696662803872507652e+01
-9.181021084095551288e+00
1.849123437021802019e+01
3.465970420673737351e+01
2.642476246714968369e+01
-1.203003374824689331e+01
4.191508146668688539e+00
1.733804268654811054e+01
2.178388869488438928e+01
-2.483893145823351745e+01
-2.294658809630036878e+00
2.497250587695738488e+01
2.297510721330253958e+01
-2.280943187773298320e+01
-4.199940432313525207e+01
-1.344973966707062019e+01
2.238258718139925563e+01
6.643991009435032069e+00
1.700820102408042445e+01
6.600969557163296919e+00
-2.685135178598598849e-01
-3.661254817155747077e+01
-1.932677126444470872e+01
1.297086504996731726e+01
1.944850551458364407e+01
-2.667022754779754123e+01
-2.301881421766459823e+01
-7.847385432848260400e+00
1.042374826544291588e+00
-1.866382669602861100e+01
4.941558702102964773e+00
2.526975273524152854e+01
2.986634429023854409e+01
-1.081934329182093180e+01
-1.289318485673015680e+01
-1.730624981331030154e+00
6.249126863820202438e+00
-5.367028604009498771e+00
7.754333765669772838e+00
1.929823272547461954e+01
1.652559507740838285e+01
-1.574423050951313741e+01
-7.312553962218641068e+00
5.556744410688041924e+00
9.380578071445695443e+00
-1.442123810701327358e+01
-1.306389039392953322e+01
-4.637990037291580769e+00
-2.810423664656763076e+00
-1.703006801667729775e+01
-4.570793580427889857e+00
1.433926549750804469e+01
2.382562134427219647e+01
1.093523864701091775e+01
6.529145492694580000e+00
-5.961082851288312945e+00
-2.008130486983765195e+01
-3.214949940449258037e+01
-5.324003072452170748e+00
2.042052187765134619e+01
2.310747661029485656e+01
3.549279731500074586e-01
7.720852897337256771e+00
2.270893771131584771e+01
1.900194503794969947e+01
-1.473599923586228044e+01
-1.247334574553892850e+01
8.788462616489178814e+00
1.193589583726442704e+01
2.640987392398110312e-01
6.679668010764655328e+00
2.036359006708315178e+01
1.008501325412872873e+01
-2.073992414595812761e+01
-1.216181618749537563e+01
9.360510921858598010e+00
1.452813561249619845e+01
-7.067028986750552022e-01
5.723259862936147968e+00
7.629908241831753202e+00
-6.049105634288514111e+00
-2.273842989483580368e+01
7.841968707507196434e-01
1.424460352113240980e+01
8.421903601538250683e+00
-1.922022980228348388e+01
-5.732438577232481514e+00
4.753462980191303977e+00
1.482000280779670387e+00
-2.221028502875698862e+01
-1.205367068914325479e+01
-1.994272493768417309e+00
1.514933478422323399e+00
-1.369390124363159167e+01
3.318616684356689994e+00
1.753692967466873753e+01
1.987293625117438012e+01
-7.936698600598126596e+00
-1.059325609626743514e+01
-8.228892198695614724e+00
1.996840588935462346e+00
-2.024005800642954433e+00
1.294159424817075532e+01
1.494340918935221296e+01
6.779267951488472832e+00
-1.677508822665459931e+01
-1.099617521085327709e+01
1.588639980313012678e+00
5.897157445108550888e+00
-5.357510132520072688e+00
9.623738431534900606e-01
9.855374569949681529e+00
6.858103556635168019e+00
-6.839443168860847244e+00
-2.442097921667142568e+00
-5.696812014564333060e-01
-2.533030648332784018e+00
-1.442875850150542050e+01
9.009884958512285325e-01
1.619590752788724686e+01
1.625866348504738212e+01
-5.412477378772863057e-01
-1.793995556250028489e+00
3.169411162433188878e-01
1.084327986564725510e+00
-4.936305289989972422e+00
8.719199538401429805e+00
1.913283239236651312e+01
7.590703802796341826e+00
-1.255074157987469796e+01
-8.449725632374525119e+00
5.501527459069986747e+00
8.942267631091258551e+00
-1.931606673381486949e+00
-4.817898000337996756e+00
2.361664553048489212e-01
4.139927383822784357e+00
-1.688322586882412990e+00
2.566146795134581993e+00
3.655640671526967811e+00
8.650007113487220067e+00
9.342299843239374013e+00
9.784729999863307270e+00
6.407991015889183295e+00
9.316545334999006833e-01
-7.511975888804897750e+00
-8.889519192491457389e-01
1.917609687885358030e-02
7.228671621704957362e-01
-7.183471576888083909e+00
1.141661857638132105e+00
7.414109000311793984e+00
8.536193003949582803e+00
-1.991082239259913456e+00
-2.233853903140687325e-01
5.901723278560369046e-01
-3.228617128534547298e+00
-1.218258963288305274e+01
-2.545022335272578040e+00
8.421028576167806534e+00
1.031867766290479516e+01
5.447891659251382634e-01
2.290910723955582817e+00
5.501951299652139582e+00
2.423246556702864041e+00
-3.868100034322335290e+00
1.305784503174753031e+00
6.297786451346991221e+00
2.366101009445087389e+00
-7.425461076983476794e+00
-3.999466116077732725e+00
8.431922840390455587e-01
-7.643202995422819779e-01
-5.539862666844738825e+00
9.946084839560505042e-01
5.335652422923487848e+00
1.880561595155911592e+00
-8.183444670792283659e+00
-2.667712024335673782e+00
3.379242296833645298e+00
4.236692367176310370e+00
-3.659010934619983502e+00
-4.492210067064974055e+00
2.120146836256742162e+00
3.949225715552507232e+00
-1.827386093355869434e+00
-3.260481046212911682e+00
-4.514089583778822856e+00
-5.552790156100936514e+00
-6.364055114269758562e+00
2.622256441852906850e+00
9.084011299053209143e+00
6.866292110553898986e+00
-5.087831776102230918e+00
-6.734487722476797167e+00
-5.043507696013851405e-01
5.032674088933959844e+00
2.582465515972113046e+00
3.903185568905323866e+00
1.757260089402796321e+00
1.994621647369516415e+00
-3.079182962787694322e+00
6.385718339342874583e-02
2.614595259630343449e+00
2.513685814963350307e+00
-2.446216941002754997e+00
-3.691820096044045041e-01
2.178701868606585101e+00
3.180251682934731150e+00
-3.628554531886856171e+00
-3.140650053878429659e+00
-1.695282100510461798e-01
3.716099639062238946e+00
6.943513681928619174e-01
2.141185149206832616e-01
7.405780404029246311e-01
-7.453605202847515265e-01
-2.669022085593690363e+00
1.412134510038686841e+00
5.302755677680638158e+00
3.983610834983340343e+00
-2.234551353971202747e+00
-1.381825471878057154e+00
1.698836048285551348e+00
2.350262086863437183e+00
-1.866959626555307450e+00
-9.668017376568968091e-01
3.341758557723368828e+00
4.553151826475077435e+00
-4.609544513583983538e-01
2.879184586053337713e-01
1.037900817365511985e+00
1.776423847273944423e+00
-1.521921645904440679e+00
1.428281196883757875e+00
5.282769642775304142e+00
4.120797828247706462e+00
-1.536053875315117390e+00
6.908538148518414967e-01
3.055005693224309926e+00
1.739486024084911708e+00
-1.685288755403231642e+00
8.621601566051846632e-02
2.578401866738359249e+00
7.017497914587987884e-01
-2.065310109116611059e+00
1.233897126058502769e+00
4.118295403098895413e+00
3.135159373477779177e+00
-1.392703072605571801e+00
-6.168181343456743959e-02
2.128065501150044447e+00
2.201094538049452043e-01
-3.581454964284610742e+00
-3.228548689396393279e+00
6.910954164434841562e-01
2.087400584809767867e+00
-3.053914107004001011e-01
-2.459336917819964496e-01
8.800595432492287762e-02
-6.097057110538185443e-01
-2.999708605085543933e+00
5.086371922876337104e-01
3.233694775242221375e+00
2.804629202601553573e+00
-5.106020482318309739e-01
5.010298558337036301e-01
2.035141554660206520e+00
7.477763386603691886e-02
-3.019680077894562054e+00
-6.021420107408033129e-01
2.226921691795342717e+00
2.296925814592309933e+00
-5.698541522164018991e-01
9.499763586107020652e-01
1.782922665549538710e+00
3.478013929118177749e-01
-2.699737595782320643e+00
-4.868132930182396678e-01
1.686311492669442913e+00
1.593962278481767081e+00
-2.147021512540144172e+00
-1.454740487243575409e+00
3.797883063135102932e-01
6.456263572538420981e-01
-8.323135262440729543e-01
1.845773673203791931e+00
3.013536989379915987e+00
1.561348604125593509e+00
-3.175861032739180967e+00
-1.584569886717280385e+00
1.432047562713453903e+00
7.163453948220014356e-01
-1.275392028359152663e+00
-1.788448059801180925e-03
1.860497567499181493e+00
4.078100929293873578e-01
-3.362318994056976873e+00
-1.344288763986050350e+00
1.560917888058985126e+00
2.123393156626207201e+00
-1.402967769337799098e+00
-5.328802678393796954e-01
8.929381268961096574e-02
1.059226704073067848e+00
-6.924775196042959324e-01
5.847264081036999128e-01
1.359933865593623281e+00
5.661884983284266593e-01
-1.345073020579606426e+00
8.664677269818794880e-02
2.728372002699304133e-01
4.656637493737502131e-01
-2.260175630683793013e+00
-6.974285871250616164e-01
1.350196552384721249e+00
1.732508701795733908e+00
2.224124820215265808e-01
-1.058822304608431214e-01
-5.433753173295780697e-02
1.676719433978008489e+00
-2.381856818725770764e-01
8.205003348932619067e-01
1.405235564515876057e+00
1.539775878085143157e+00
1.450433320006654092e-01
1.361294244719097879e+00
2.450790565729613846e+00
1.320484226088821655e+00
-1.307117334455180968e+00
-8.038616251604311369e-01
1.408094682970451483e+00
1.400694494517050082e+00
-7.202914867321135173e-01
1.245058140692182902e-01
9.064768576166164493e-01
1.807745212388918166e-01
-1.825820199841794000e+00
-3.273204403429660903e-02
1.429065410201731501e+00
8.249300899523445141e-01
-1.216255033364356475e+00
2.522683678363278892e-01
1.846487138554311125e+00
1.869789408199105329e+00
-1.196708125997502981e+00
-2.892801605386352004e-01
3.329924868654176584e-01
-2.003877473137109233e-01
-1.695904103862002854e+00
-2.493938477502460616e-01
1.608274666213724613e+00
1.513517156319680534e+00
-3.348273336798175404e-01
7.688667097532964068e-01
1.715571428775898299e+00
1.167449661540434835e+00
-5.114701840761191054e-01
9.137410897151448941e-01
2.405105126581238650e+00
1.033722197916495666e+00
-1.276549379920904004e+00
-8.063340980197205576e-01
7.753176258027811851e-01
1.186225175602114712e+00
-8.021933114725935399e-01
7.870299276127756816e-01
1.046826467477243838e+00
-4.405239686175657643e-02
-1.572776107861439066e+00
4.356964116059469649e-01
2.671580257096402899e+00
1.903156002251912726e+00
-9.735603295903199061e-01
-2.867064943411552491e-01
9.336887965711305748e-01
4.072790771878339600e-01
-1.447589991188305669e+00
-7.459463626896253308e-01
3.072433542158733433e-01
9.255436572911533988e-01
1.450397236609384313e-02
9.306751198605710540e-01
1.279810402098527478e+00
4.639866870083431127e-01
-6.238509841988746363e-01
4.715203662087138481e-01
1.667768104523112971e+00
1.144278216868791276e+00
-2.964916733436435692e-01
8.014989765570835756e-01
1.346323816560346165e+00
1.411705504990237392e+00
-4.479254957334001808e-01
5.656152109725661736e-01
1.706708861552961309e+00
1.421300757356006583e+00
-7.546914626793574943e-01
-1.048539307635796142e-01
5.569219755516243708e-01
2.657686058162053166e-01
-9.457032310233554062e-01
1.528100952646424537e-01
1.059753730199417543e+00
3.331593535661090399e-01
-1.405055387834538205e+00
4.984951986158202564e-01
1.950159472933603366e+00
1.871839964648190913e+00
-6.654230629349148218e-01
-4.731222575103171124e-01
2.105884470917427087e-01
3.832648270318974593e-01
-3.272482129618599356e-02
7.309276710456144022e-01
1.445492420964143765e+00
8.351077433094429292e-01
-8.196105896647960520e-01
5.480281166383167007e-02
1.208506192086023834e+00
1.311437852815252159e+00
-3.965183425472587619e-02
8.243974959892462762e-01
2.402222454748895064e+00
2.473382195289446361e+00
5.188852940322362661e-01
2.953979755414941621e-01
8.176303270229471343e-01
6.964267828146871731e-01
3.715592024182963471e-02
1.540533205931279292e+00
2.406703828804507506e+00
1.635962426529849800e+00
-8.906753885155018757e-01
-4.763148610220255263e-02
8.708197869643059530e-01
9.511946421886575687e-01
-5.440105086022931635e-01
6.519895135459783386e-01
2.693619727377206008e+00
2.632156484338473046e+00
7.075871552499568562e-01
7.775885358644222256e-01
1.211222212770814988e+00
4.415560302287564465e-01
-1.360888098831786852e+00
-4.808027388308633299e-01
8.829384323329894091e-01
9.721394540907394299e-01
-8.113237502731414086e-01
2.607788580486399832e-01
1.608918097066532882e+00
2.139952843444059560e+00
9.864083024359187046e-01
9.003121087540486567e-01
1.714529863676389931e+00
2.197059621467934765e+00
1.053926210277564390e+00
1.295270224188967090e+00
1.215211001389882473e+00
1.388850032111464738e+00
4.722126688857022359e-01
1.115563573312705170e+00
1.895365669529710084e+00
1.836294859007209235e+00
5.899033204926396046e-01
1.057203408265485756e+00
1.643060037813939056e+00
9.472475150234378471e-01
-2.722721358417318771e-01
1.142206668681006176e+00
2.279529313027170101e+00
2.358609815552637823e+00
6.998347315782333933e-01
9.830678989227373821e-01
2.487858309637531296e+00
2.358628583820843172e+00
6.490040667636195471e-01
8.565328956382831649e-01
1.624317161427971223e+00
2.202883906416550186e+00
1.377655688181349092e+00
1.284631912677299814e+00
1.546590223907967410e+00
2.126034640038596990e+00
9.096387095606477402e-01
1.368543084459441284e+00
1.805679060664282520e+00
1.750820599258049004e+00
1.109285325449552495e+00
1.162396557789124207e+00
2.032711754087813905e+00
2.245148497025441614e+00
1.578272001964842186e+00
2.289891388229484459e+00
2.976831225579741780e+00
2.641264357611851299e+00
1.219306152656198572e+00
1.664194732113618347e+00
2.058776352941562138e+00
2.003763954879870912e+00
1.065777919507792992e+00
2.076448333208441355e+00
2.861935666963995928e+00
2.368094242157455120e+00
8.053246886963554285e-01
1.350636977248927950e+00
1.742224684099962007e+00
2.001024202723595824e+00
1.361523448802258729e+00
2.755714552792636329e+00
3.145577686613135526e+00
2.322351571441324314e+00
7.928503096300844044e-01
1.550315445587649332e+00
2.678012078856835565e+00
2.983120429503693050e+00
2.425321931457974145e+00
2.966019665379394432e+00
3.158480464779044539e+00
2.283695277774534738e+00
1.046590013518646334e+00
2.069725584673010932e+00
3.210747627618462108e+00
3.102594272521357777e+00
2.068648898012797055e+00
2.305961727397599415e+00
3.499030833461287848e+00
4.096616380572263516e+00
2.465197689764201172e+00
2.033303387868337531e+00
2.294805499956317441e+00
2.850678919177723980e+00
2.784371942691341140e+00
3.410467336579269038e+00
3.597192819979510681e+00
3.774597209918890695e+00
2.552738431003571673e+00
2.386955420228873415e+00
2.720962777393856502e+00
3.049962367855347356e+00
3.136281323338088622e+00
4.440044587979228297e+00
4.583756275041301009e+00
4.222766248419276280e+00
2.774406685103771864e+00
3.429136297098258623e+00
4.072563640568500176e+00
3.866733053150581245e+00
3.524343133352974000e+00
4.308172334657825786e+00
4.800626671907738618e+00
4.731759074155143630e+00
3.538285525995660930e+00
4.104796982785199333e+00
4.208929644433693440e+00
3.581625927295937650e+00
2.986014572730292027e+00
4.446440058207574708e+00
5.489462067395495914e+00
5.896912249804548978e+00
4.282393461075669983e+00
3.993325105370209460e+00
4.212966955720524709e+00
4.198214753711584812e+00
3.924406085754490459e+00
4.291921533983368953e+00
4.585835468375626611e+00
4.677979270652397048e+00
3.930389930739277116e+00
4.664912175912488301e+00
5.147241653691511765e+00
5.789760810074136899e+00
5.312250784075632559e+00
5.339473120782829874e+00
5.186535272835000043e+00
4.981899364512176298e+00
4.230100490212826081e+00
4.815155795946734152e+00
5.701554946923318212e+00
6.373422160013926252e+00
5.476006680877127941e+00
5.172972861518196019e+00
5.542086309885423390e+00
5.950084343465158021e+00
5.654075498663234001e+00
6.090972683299961332e+00
6.260632011963366494e+00
6.410378460804412981e+00
5.554672429550719492e+00
5.845803025764238825e+00
6.126029007075031174e+00
6.020000736616228032e+00
5.955840867571359887e+00
6.387275264470306801e+00
6.740110382549416634e+00
6.313896363014436020e+00
5.636771651816721906e+00
6.262085678736198702e+00
6.471635948849051800e+00
6.613508254869766567e+00
5.877673165192161875e+00
6.763289251954531345e+00
7.190559969757390313e+00
6.833582104401105362e+00
6.109193784460291710e+00
7.117034514797864198e+00
7.547400641404043320e+00
7.461718643035163190e+00
6.046763475369780316e+00
6.708491201680523375e+00
7.412068663098793309e+00
7.556798531334998792e+00
7.182313515423553341e+00
8.008568333102560999e+00
8.425811694088263692e+00
7.841010633444730260e+00
6.794345544359449818e+00
7.286116774011164310e+00
7.979410688573031152e+00
7.942688616160530124e+00
7.033566794459312099e+00
7.173134841177004617e+00
7.539570754766430127e+00
8.039926873523567608e+00
7.864891148025064282e+00
8.129227569499340333e+00
8.111505448620896175e+00
7.941105597438562924e+00
7.329410959002419901e+00
7.852940393557568122e+00
8.212903143989086274e+00
8.334245585753119911e+00
7.767767439827718334e+00
8.089509416316928991e+00
8.555211679862555485e+00
8.937643553527141904e+00
8.566725889804203575e+00
9.072233257000252848e+00
9.224300563864098024e+00
8.811590413197919247e+00
8.044366920172072000e+00
8.745922152264533622e+00
9.117384989808565265e+00
9.153558815352790035e+00
8.145174788332010252e+00
8.569429477769913817e+00
9.280504997513476795e+00
9.673327282060853349e+00
8.799255758202367161e+00
8.821671905320892293e+00
9.214233290513154984e+00
9.576360610561286180e+00
9.454984853121988664e+00
9.596308349584543151e+00
9.859757476454880987e+00
9.805027865836574819e+00
8.911482210997297315e+00
9.176653711291317350e+00
9.412263168895940169e+00
9.460341041702024611e+00
8.756991800676992455e+00
9.182845388463645619e+00
9.890460983318854815e+00
9.937941418666426330e+00
9.031339549413308632e+00
9.508113922077557234e+00
1.024235974776789782e+01
1.061739158314497189e+01
9.937423452815293601e+00
9.873456876887537703e+00
1.021113352645568284e+01
1.028254026528170151e+01
9.867070201069767066e+00
1.025968696926935664e+01
1.076561292046820739e+01
1.113768360524660395e+01
1.049346718502413367e+01
1.082051787569037593e+01
1.090081961237797969e+01
1.096735809886375712e+01
1.024667063508959508e+01
1.032576927396621969e+01
1.037681236183792066e+01
1.032687168883716211e+01
9.843394435706839474e+00
1.062571266510264145e+01
1.109746288425702687e+01
1.129842558241050199e+01
1.060755045001731034e+01
1.098443468888807750e+01
1.141521637358304275e+01
1.135979414001244336e+01
1.115867129736275665e+01
1.136509362002470169e+01
1.133782609596315361e+01
1.076003395971022059e+01
1.004867093455554183e+01
1.062755690601689729e+01
1.147057722600592022e+01
1.161641302410702892e+01
1.095561104254556284e+01
1.110907047923061874e+01
1.135865549632930893e+01
1.149648275000642350e+01
1.105281199710466389e+01
1.135704127486408588e+01
1.159800671133436722e+01
1.148274459862452090e+01
1.078556551815750453e+01
1.120470110697666755e+01
1.149800137445669179e+01
1.158833864419438875e+01
1.090694952278982477e+01
1.122918554933604618e+01
1.153491256095749762e+01
1.139322021071687097e+01
1.067467806365308292e+01
1.132546064095181215e+01
1.207318662999976056e+01
1.235153323983169749e+01
1.169402456483969921e+01
1.177905758240296663e+01
1.200807760068543928e+01
1.198146700364418571e+01
1.128829680101747535e+01
1.156060106177716129e+01
1.243389085044121245e+01
1.274917569176434107e+01
1.186341995903774027e+01
1.136608340990794730e+01
1.117759503211949479e+01
1.187889326204890672e+01
1.213844675915710347e+01
1.258301818603378841e+01
1.255888117842891205e+01
1.231223503297632327e+01
1.147861008076129430e+01
1.153239550362729737e+01
1.192898180432864663e+01
1.249427256733150848e+01
1.221190214284540509e+01
1.213315151999600339e+01
1.211049867533233027e+01
1.225718061402002768e+01
1.197120964438146373e+01
1.224576564256063982e+01
1.250647591296427308e+01
1.242495742104488521e+01
1.190534115695460748e+01
1.253062670507311438e+01
1.297458015158720634e+01
1.257810347537283313e+01
1.140605377187693037e+01
1.180693244671667941e+01
1.287985703591935760e+01
1.365726658580116570e+01
1.285535517992717303e+01
1.269887961327685666e+01
1.269677182953506289e+01
1.303593440840707984e+01
1.269574707475215014e+01
1.301306651487977106e+01
1.320696039318802661e+01
1.295113540397198726e+01
1.213008619670475241e+01
1.227114456873583848e+01
1.301769014585869932e+01
1.324535610189040646e+01
1.239731553809101960e+01
1.253615635512200832e+01
1.296244275446659877e+01
1.354187618543594773e+01
1.283538124267771785e+01
1.267257311605832015e+01
1.273005532915106031e+01
1.303882037608901179e+01
1.278142064024272706e+01
1.309519622763697377e+01
1.335115771928625250e+01
1.321489919790788292e+01
1.279462848962287325e+01
1.309034897665834585e+01
1.366599992388338336e+01
1.386938920342418058e+01
1.305291120371992264e+01
1.302269325841753478e+01
1.314143357770983123e+01
1.331508100353752511e+01
1.305233156573534892e+01
1.330236481992026754e+01
1.379650255613411503e+01
1.377553122701443300e+01
1.306030810209120396e+01
1.307660369132372224e+01
1.333984536168759583e+01
1.343210421085617057e+01
1.323874558738528862e+01
1.367786223880346874e+01
1.426135345946489608e+01
1.383912612993976943e+01
1.257391180213881476e+01
1.270181793390745284e+01
1.348695024233782291e+01
1.395497997631258791e+01
1.356548431267789034e+01
1.335314681714296725e+01
1.328984415784938022e+01
1.306457153396559789e+01
1.224571865100817192e+01
1.256247462077790011e+01
1.294596254380449984e+01
1.331993535947435703e+01
1.302712995636393423e+01
1.308119696238583707e+01
1.294614399945671224e+01
1.288551030613256465e+01
1.228571304817644894e+01
1.247008032014002943e+01
1.241075409400974294e+01
1.210717336982746239e+01
1.157867493441718842e+01
1.220765632919652077e+01
1.304592802503557891e+01
1.326579874181021523e+01
1.251015596212158698e+01
1.246839629743952216e+01
1.255039237016583797e+01
1.222609419273440956e+01
1.155357615546433969e+01
1.199534795297521761e+01
1.263218589253390789e+01
1.257347135075581868e+01
1.161140990183261046e+01
1.152571285366261833e+01
1.174461503414531549e+01
1.140803473337502894e+01
1.055787518080935072e+01
1.087297212585205841e+01
1.158767430571394108e+01
1.192559759723582147e+01
1.118428004196208825e+01
1.158562833496476330e+01
1.177143730336403316e+01
1.137179371252427273e+01
1.064648448011976178e+01
1.121748129067584543e+01
1.194196917865522956e+01
1.178203138804319039e+01
1.093374739465652645e+01
1.095297301376243482e+01
1.114845796147887924e+01
1.070150806981827607e+01
1.043808745278380279e+01
1.071453541330016357e+01
1.119584110863745607e+01
1.086611630320468080e+01
1.015972862766507845e+01
1.038045217547068333e+01
1.068451827994888603e+01
1.085784693851769056e+01
1.046675600849259702e+01
1.050872159200631550e+01
1.070815089080167759e+01
1.083959000560465924e+01
1.054579927656868676e+01
1.078850133957734592e+01
1.041195176733133643e+01
1.000545202332762074e+01
9.602122843880120939e+00
9.992862409723185735e+00
1.050653670859425937e+01
1.056566579906281156e+01
9.906485520230958741e+00
1.014958447696156796e+01
1.009943191127774753e+01
9.942765852255025294e+00
9.452099405401432008e+00
9.737250206890921689e+00
9.786418350727702276e+00
9.378381618503730976e+00
8.773847602739570206e+00
9.070981934777803346e+00
9.524140939004206885e+00
9.407973502019785883e+00
8.689541415423077453e+00
8.643057746434566369e+00
9.093763500522662468e+00
9.422576069731531945e+00
8.879426691995806920e+00
8.760030499570659046e+00
8.598474014070218274e+00
8.539978862003970050e+00
8.009726125964460763e+00
7.999188663555225176e+00
8.193109066533745377e+00
8.075945637757468987e+00
7.642793148820607563e+00
8.064023929433979276e+00
8.439557951216524856e+00
8.153210627925849607e+00
7.448705417688079145e+00
7.614587947879427610e+00
7.791042303713915373e+00
7.204301355693425890e+00
6.168299194301434696e+00
6.480137110921067034e+00
7.056242847631941650e+00
7.233154160859275095e+00
6.660390989669653372e+00
6.669378946214404635e+00
6.841702077697159545e+00
6.842029127606994443e+00
6.060506846001905146e+00
6.190887955288729927e+00
6.129566096100217187e+00
5.827519766547919033e+00
5.374711646364886519e+00
5.722786012360662866e+00
5.952668819178918547e+00
5.723645527580076831e+00
5.021937453266418494e+00
5.492955851194323280e+00
6.163417331225785389e+00
5.949575939958340776e+00
5.192666269772240106e+00
5.401288945229965499e+00
6.133602392023119521e+00
6.095375089114818401e+00
5.046178011142256281e+00
5.223600870125584272e+00
5.701879360224930693e+00
5.901276686878993871e+00
5.179140979640346920e+00
4.886857437561407558e+00
4.993184823398857830e+00
5.060399381337670199e+00
4.520261444912505588e+00
4.747959583752654922e+00
4.794896310390502236e+00
4.664773331471564255e+00
4.172504705307368944e+00
4.684933359672961650e+00
5.117940190840574388e+00
5.151413509779788846e+00
4.160593107896763065e+00
4.378498822078681130e+00
5.196962243438739470e+00
5.716898949976108923e+00
4.735123204742913039e+00
4.154107813878709976e+00
4.306935115905504041e+00
4.886269375201433007e+00
4.580717774534152298e+00
4.577100730584002797e+00
4.987326384324077821e+00
4.993177711853641121e+00
4.104112690236583205e+00
4.013936235047800949e+00
4.326232643169112713e+00
4.828994430225315604e+00
4.368948027627301833e+00
4.302419067158516519e+00
3.637379605274102090e+00
5.040634120409123398e+00
8.454336561284002016e+00
9.408181252941540507e+00
8.446657094585741987e+00
4.511090959064762096e+00
3.628613934189914847e+00
4.492690944841345235e+00
4.975619221179405471e+00
5.292669421033652455e+00
4.889170264123093190e+00
5.218818678252705290e+00
5.401520381526889736e+00
5.375799621420082275e+00
4.885937656451583955e+00
5.242548467458161277e+00
5.996103270798117002e+00
6.381836145699649521e+00
5.768257094843903587e+00
5.825864412335316267e+00
6.215758131975010592e+00
6.495071127749763029e+00
6.295361555834388056e+00
6.728385450335572671e+00
7.562071787694724989e+00
7.875574346806449633e+00
7.536007706003296391e+00
7.771059476071272343e+00
8.366386127802025285e+00
8.507931660468846857e+00
8.010422027792847288e+00
8.247682002436821591e+00
8.878300082274868998e+00
9.418722096792455645e+00
9.019386809247691872e+00
9.261470832388818408e+00
9.898960231982034230e+00
1.046749117542330332e+01
1.023951210524486477e+01
1.055796177555200011e+01
1.108565486028573055e+01
1.148895653871058364e+01
1.112394304901740050e+01
1.152925163195966363e+01
1.192544811120474968e+01
1.215597291930960999e+01
1.184811684736645176e+01
1.276890800843718665e+01
1.379453853061277435e+01
1.409019409213017227e+01
1.331967653119712125e+01
1.375215797320958622e+01
1.452463115295987173e+01
1.486665137421656446e+01
1.422777340770615595e+01
1.450893370620550904e+01
1.511116549562789224e+01
1.550339630475308361e+01
1.536613102707638845e+01
1.586239076953254745e+01
1.643403214875865359e+01
1.655151699408509813e+01
1.587455765288422249e+01
1.609148553797343695e+01
1.703239243874676134e+01
1.753127309967686642e+01
1.706953921034709509e+01
1.714106763635710706e+01
1.752867167819455574e+01
1.782295045776819364e+01
1.767679936853730638e+01
1.816750327390764497e+01
1.831004449102938381e+01
1.815158752891789362e+01
1.753924330422571742e+01
1.831452586580934039e+01
1.937714874137207133e+01
1.944033300697921618e+01
1.858133245134927236e+01
1.864970236269074633e+01
1.905055981998050285e+01
1.930402239774957707e+01
1.896824319487786781e+01
1.898958633988261369e+01
1.908151611745738663e+01
1.930616805007633019e+01
1.911717731859135938e+01
1.946188239228177608e+01
1.971035347170241536e+01
1.974240397202994401e+01
1.932475496593405850e+01
2.012538001015107625e+01
2.041831265952247065e+01
2.006778846064263888e+01
1.882363389435175804e+01
1.896780633019396234e+01
1.946631920522612802e+01
1.972760591107988759e+01
1.934583378765989892e+01
1.979800874020407164e+01
2.023376040487443106e+01
1.993606475439123571e+01
1.902330638772200189e+01
1.931044203979336160e+01
1.972895193163555660e+01
1.995337760974070207e+01
1.961245789967250275e+01
1.943010028366283493e+01
1.938344315836476284e+01
1.926745760045236366e+01
1.889118465889706044e+01
1.957356897639363069e+01
1.955094888820184096e+01
1.962566421846146980e+01
1.899060004964939807e+01
1.930700565435655847e+01
1.977808558711754472e+01
1.960254732622118823e+01
1.869063063028477600e+01
1.897619232362227493e+01
1.960545513712555632e+01
1.982284685402722246e+01
1.914004188484049251e+01
1.883752948652548653e+01
1.953996290472355213e+01
1.957908204962138043e+01
1.859409461806919950e+01
1.886637313380368752e+01
1.914820658826852551e+01
1.884081647104226676e+01
1.791017036577024513e+01
1.874629060073908704e+01
1.961647573701710101e+01
1.918166616277436987e+01
1.784702595574657025e+01
1.790824443556773460e+01
1.863235005349659446e+01
1.861855620396162081e+01
1.734059476299578861e+01
1.758443891442512097e+01
1.764830742149549181e+01
1.763927246422376882e+01
1.694591999734339538e+01
1.753710991636362593e+01
1.818455003454480234e+01
1.828438022162890420e+01
1.726046574202520034e+01
1.741653756197493763e+01
1.726647248203444818e+01
1.669103870749955831e+01
1.586036409408030323e+01
1.635960200168849354e+01
1.696993899098887937e+01
1.676778901358612117e+01
1.580251541303278096e+01
1.643370360830090959e+01
1.676098187088482661e+01
1.624063623162494707e+01
1.484591549147060974e+01
1.572046877164218337e+01
1.684309772293298124e+01
1.679884584799132341e+01
1.523852882825132227e+01
1.488342482893262364e+01
1.511066266707496020e+01
1.534761658459470723e+01
1.465002136562245560e+01
1.529616857664074026e+01
1.557987823227739455e+01
1.532894091591712460e+01
1.437278749878415240e+01
1.477888640892345862e+01
1.511355020719258135e+01
1.444823496963038778e+01
1.291532766884843397e+01
1.314489620976398143e+01
1.390777396339497862e+01
1.413163139572144189e+01
1.318634308053451498e+01
1.352324392506434059e+01
1.400990636070896755e+01
1.381217916035547333e+01
1.250397155989855058e+01
1.271780675824078877e+01
1.354960986753284580e+01
1.344148853173493485e+01
1.253963260024574033e+01
1.277266604850471055e+01
1.335628685130784987e+01
1.320715240044902217e+01
1.199206781026729907e+01
1.293839287876731525e+01
1.339209734000901797e+01
1.298053315071954827e+01
1.124914470975240910e+01
1.175767296953202212e+01
1.231961411849393784e+01
1.189690274235434941e+01
9.988541287734840068e+00
1.067345530962667333e+01
1.243111068841062306e+01
1.297733168487494204e+01
1.147876795509453096e+01
1.137606593182193926e+01
1.139423497389480033e+01
1.130422494423363133e+01
9.166168753453831641e+00
9.280567994743204707e+00
1.001515500903385991e+01
1.019288409659797878e+01
8.923104756624770317e+00
9.999895992853986115e+00
1.080925486609873154e+01
1.030878507482124107e+01
7.970740833066049191e+00
8.069290183809199490e+00
8.990249522084727829e+00
9.418218302946515408e+00
8.306398872242983344e+00
9.004574600746989788e+00
9.431785164605415162e+00
9.419363473224557026e+00
7.823517055683660182e+00
8.041843091697103318e+00
8.545540534412632283e+00
8.444435464142930670e+00
7.310634921653020868e+00
7.659080756144405200e+00
7.950909710318677881e+00
8.335236724927169050e+00
7.805570656755115522e+00
8.636072698258887570e+00
9.245901443035682732e+00
8.119740476104238880e+00
6.327209404544626103e+00
6.775390381639740056e+00
7.158451735538523764e+00
7.508474179132431203e+00
6.340105362448996473e+00
6.700074037367055091e+00
7.912815012477975252e+00
8.007489637695815787e+00
6.875618493270512666e+00
7.577334761934876539e+00
7.834734500443387262e+00
8.017671339813054132e+00
6.312482404800224600e+00
7.309519809945159707e+00
8.161517483036698550e+00
8.410571618615296785e+00
6.554509654943611707e+00
6.651661044505945419e+00
7.088072617716308699e+00
6.794262701175012964e+00
5.704449519966885873e+00
6.902522042274035208e+00
7.263398907518336500e+00
6.453570208925502705e+00
5.091104476786330935e+00
6.442761429819518604e+00
8.440204877061221467e+00
7.990115854331388157e+00
5.661094460882979185e+00
6.537055695929591792e+00
7.322164575171272283e+00
8.040611850163154273e+00
6.489605135216458542e+00
7.105831749600751479e+00
7.927531746706561577e+00
7.809714721202850818e+00
5.900547407188297733e+00
6.279970313265857307e+00
7.489162611759107691e+00
7.584531177192885387e+00
5.692399962976680605e+00
6.767586189730001145e+00
7.947550075987342311e+00
8.333292743865616359e+00
5.539245986875216410e+00
5.509091918873651572e+00
7.127989406888821655e+00
7.650704010070359828e+00
6.243654452788890197e+00
6.820420898631690321e+00
7.590149026740506066e+00
6.805175090843697205e+00
5.341194902710480363e+00
6.884031452070017210e+00
8.345881716187365740e+00
8.370092830532946948e+00
6.504167407277869906e+00
8.078442880165173534e+00
9.194176135728577393e+00
8.515721559662770446e+00
5.568927569344482187e+00
6.600166641683046009e+00
8.658654455052399612e+00
8.605213155317848361e+00
6.221816685930879665e+00
6.860866358200642168e+00
7.360493078968842084e+00
7.193412313058504814e+00
3.949164562287073466e+00
4.573114042871074147e+00
6.819287481694277453e+00
7.513780338413774906e+00
5.012857814804675627e+00
5.517906090870284608e+00
6.625584752399388044e+00
6.914386028679114560e+00
3.898377007654569404e+00
5.872473136229640289e+00
7.234355927674630315e+00
7.237534632414440061e+00
4.396520236337766008e+00
6.345463329858536561e+00
9.001527657315858022e+00
9.147650883799022026e+00
3.995506858140422057e+00
3.862989146110457739e+00
6.195301784890147268e+00
8.265406202117457468e+00
7.184528406343424045e+00
8.071062884113819891e+00
9.061498078769648856e+00
8.366389304262028759e+00
4.699719070957526945e+00
5.495795465013834757e+00
7.619060608745126473e+00
8.779064139930840227e+00
6.007314604948351899e+00
7.121619366220844682e+00
6.111672227537781055e+00
4.951593437908148765e+00
4.259336716188335537e+00
8.020824865062229136e+00
1.070480498943283010e+01
8.508134566635515483e+00
3.470237059900727505e+00
6.339930830869265677e+00
9.615823854433752871e+00
9.788454723050698192e+00
6.455086313927613340e+00
7.480429615025165013e+00
1.042104624917492828e+01
9.659936021038459941e+00
5.652328458741639139e+00
7.322261845948359493e+00
9.609517538191525432e+00
9.558993838954481959e+00
6.090354012677024365e+00
7.912667477196676735e+00
1.036024209610370406e+01
1.047698709934308425e+01
7.018955569241133396e+00
8.149523152896790634e+00
8.489771719772159386e+00
7.712623039067739938e+00
4.536608726751881093e+00
6.696317677615597042e+00
9.507313964505355486e+00
9.989089978223230304e+00
7.468684316292200087e+00
9.098571489073584928e+00
1.024821068211905128e+01
1.058976883213447451e+01
7.802057950700122646e+00
9.922989371554409743e+00
1.037943537144909456e+01
8.084268556782898685e+00
5.177050486782253991e+00
8.653893352582480603e+00
1.181155421192618427e+01
1.106722008620562114e+01
6.213699740965560991e+00
7.914130488558079435e+00
1.161688259759974429e+01
1.223172531692941511e+01
8.086083180759370492e+00
9.058744497718395294e+00
1.011366648925734424e+01
9.081861816091793216e+00
4.652609405198904646e+00
6.009807246360221455e+00
9.082816250547452341e+00
9.684135521953690429e+00
7.436022011766581841e+00
9.082945244015553143e+00
1.164994825863384698e+01
1.222565834545582142e+01
8.812003255291681825e+00
1.016681817229128804e+01
9.702755545967168160e+00
8.296454269709231610e+00
5.749892520523092188e+00
9.716026983628667679e+00
1.198995176926335660e+01
1.128295271231909247e+01
6.906014943761386249e+00
8.302258104915921422e+00
9.935144532150117058e+00
1.031250974834894052e+01
6.782959740413242677e+00
8.944030597350945300e+00
1.037243121448481631e+01
9.946141092292915431e+00
6.477264274921412657e+00
9.241780278136813465e+00
1.102636306105590513e+01
1.089087710163689593e+01
8.716137790726611101e+00
1.374285590908846899e+01
1.542774043914516469e+01
1.113884220715682183e+01
3.656122978932447420e+00
5.672587467779968584e+00
8.763909453022083795e+00
9.036801580098209996e+00
6.821134898116331335e+00
9.489877193332789673e+00
1.240539971949509024e+01
1.092522261328127620e+01
5.816359327951976077e+00
8.176555172673134919e+00
1.079739779584367376e+01
1.285987989036089729e+01
1.048608291356206124e+01
1.253485045622145932e+01
1.366892240876866182e+01
1.011101134144900549e+01
6.129220901865932269e+00
9.160470819168214263e+00
1.393269306397258589e+01
1.308320939273671968e+01
8.188909932064166952e+00
9.931851171924199306e+00
1.168367709328345860e+01
1.126180774666040740e+01
6.444224953936678268e+00
1.104472478129780910e+01
1.393118045179255304e+01
1.186484048711379025e+01
5.706809127046899022e+00
7.764529900895129622e+00
1.283631086509733699e+01
1.440550884363585205e+01
8.730598094975571044e+00
9.535861668162889160e+00
1.114021243901958336e+01
1.249774228137076904e+01
8.324163758501187615e+00
1.062622459630469685e+01
1.243008526223974819e+01
1.342881943885242180e+01
9.534437067397908194e+00
1.098733464063130150e+01
1.515722760148632631e+01
1.362691090118833337e+01
7.884899824350643627e+00
9.738013833979048073e+00
1.152434204390954875e+01
1.137473479850573810e+01
7.100593600592282506e+00
1.203381662876277680e+01
1.657582732681212079e+01
1.473834667135373522e+01
8.905415790517292152e+00
1.167362384294428068e+01
1.594787839852303080e+01
1.449975120535176742e+01
7.817735879604792437e+00
8.193778492478767106e+00
1.214753486058845589e+01
1.406699793756818906e+01
1.129264356400781821e+01
1.350349150629653217e+01
1.535631911763240254e+01
1.480790355326714725e+01
8.532065133523646594e+00
1.263916046700851581e+01
1.709692894951416875e+01
1.668759619885882728e+01
1.042399631257273640e+01
1.192953521622480650e+01
1.559916759463895097e+01
1.651917495886876708e+01
7.830131172245847537e+00
9.973019518852241916e+00
1.091512138476378801e+01
1.129058548887591762e+01
6.021682581529647749e+00
8.501403088800632446e+00
1.314225479338956326e+01
1.392490477161750206e+01
8.072969454107717269e+00
1.091052267634811379e+01
1.326262926905599748e+01
1.102860287765684788e+01
6.046586079938680136e+00
1.206683322104883160e+01
1.832967570192282025e+01
1.622483016164267156e+01
8.501557588466484461e+00
1.150520605682505071e+01
1.544238942851699470e+01
1.755629010227383446e+01
9.471450391450268569e+00
1.476171826487190764e+01
1.629258310850941882e+01
1.616240606615836484e+01
9.798631428286730838e+00
9.465433325658104025e+00
1.248546405835939055e+01
1.342755086686334209e+01
9.982682448460600710e+00
1.196470743338727338e+01
1.572097199372045218e+01
1.496094281758404065e+01
6.986706750551957334e+00
9.151920574463076719e+00
1.272810124716169788e+01
1.263914822580001029e+01
5.730261563187984741e+00
9.346029162153053349e+00
1.669535612145613612e+01
1.606727904446901434e+01
7.840512165908545050e+00
9.011037595346227391e+00
1.518540461443805789e+01
1.468182030393280968e+01
1.102565549272331324e+01
1.220659898593588011e+01
1.735522937602275562e+01
1.604193420435228745e+01
8.306791755581068415e+00
1.295463486592947966e+01
1.784752922939744835e+01
1.598383877801559372e+01
9.601274616234007908e+00
1.265426050547096715e+01
1.534739317417149529e+01
1.365774107435274765e+01
2.447088450022305572e+00
1.035116768741336912e+01
1.748491180697287106e+01
1.932550792745638546e+01
1.082763416406185897e+01
1.308609405524186364e+01
1.519625279098999293e+01
1.543453801614039556e+01
1.007957441815751309e+01
1.199393198692576590e+01
1.465034816095091230e+01
1.325829596427873192e+01
6.148146157636064757e+00
8.423017999485461260e+00
1.141190869506170102e+01
1.740151526157983852e+01
1.283795814942751434e+01
1.523720437371387071e+01
1.553674247523255758e+01
1.789180197582532372e+01
1.112290058373086765e+01
1.236668853151405223e+01
1.207098898770729178e+01
1.137227486061517290e+01
6.632356770658050849e+00
1.239544320780728270e+01
1.539313240819744344e+01
1.582827655143175782e+01
1.164159020174207093e+01
1.505806951501576485e+01
1.685400107545359205e+01
1.125015383030096316e+01
2.766636085304396975e+00
9.124235733738951026e+00
1.639150262795276092e+01
1.922065749817971891e+01
1.050347269291063945e+01
1.096099589621500314e+01
1.635389052819755307e+01
1.978329240745648576e+01
1.169765298595884317e+01
1.358830429391891848e+01
1.346548328225032343e+01
1.094040505802029450e+01
3.661344193488006660e+00
9.232396566939907956e+00
1.484624991602175648e+01
1.297472372268180152e+01
2.082162008913192697e+00
8.331173816230908358e+00
1.037604347827250528e+01
7.397792637995125986e+00
6.390542063752754354e-01
7.139649151385502712e+00
1.543223554162932842e+01
1.497916273429104983e+01
5.933120877650073233e+00
5.479614561743606060e+00
6.969732294793884009e+00
8.166596940488121348e+00
5.584699355587642522e+00
7.588863543591410910e+00
6.622946038659343948e+00
5.397946819896792370e+00
3.322754625682565521e+00
1.324731585916907228e+01
1.571330894291610747e+01
1.193925963992841055e+01
-1.805593053679310778e-01
3.719720630902773717e+00
8.632444661259818020e+00
7.038032099179686973e+00
1.281774060629648382e+00
7.774185318316048310e+00
1.197990321343336717e+01
8.368152038017136363e+00
-2.533530389675828776e+00
2.394625083451325853e+00
8.918632644219799843e+00
9.239802653709807245e+00
5.878950573310195438e-01
4.370899002069067230e+00
9.475072043288058410e+00
7.735666385260245193e+00
2.714717328508896799e+00
4.074823636556372364e+00
6.891965687439977728e+00
5.052513419211947188e+00
-1.622107323708708027e+00
1.955535488994337046e+00
5.670761798916740482e+00
7.891305658900481745e+00
2.149621815996216601e+00
9.038759871461671480e+00
9.963194065458846893e+00
1.313001205656219028e+01
6.086788409436614700e+00
7.706689059638200945e+00
8.992572291834122211e+00
9.279320253541021302e+00
3.702804808442728968e-01
5.228755955476408701e+00
8.425617953720820452e+00
1.132517843246638023e+01
5.437996515620071136e+00
3.249859557683187905e+00
9.579378782458698449e-01
2.978945032977388774e+00
2.527256938770713113e+00
1.116194019018855599e+01
1.097846309612919669e+01
5.723294694885793454e+00
-2.629524583555828077e+00
-6.833515593769287300e+00
1.416700600161687085e+01
5.914271587220012094e+01
5.620221685742613715e+01
4.508455429258421532e+01
-6.666495227941421575e+00
-9.974663860191427034e+00
-4.155891527049766943e+00
6.908181136108185072e+00
1.142609855939910801e+01
5.523046505639054082e+00
-3.067787281818616485e+00
1.873630400961004083e+00
5.878216626858011828e+00
5.383171233728384131e+00
-2.180515290165117470e+00
4.433015981886046397e+00
7.018622995250392016e+00
5.468477852941327377e+00
1.249864890750877366e+00
6.120023179027026750e+00
1.344812345574575652e+01
1.006245006481931270e+01
-2.361574022814480145e+00
-4.070755482198406661e+00
-4.998422616556605469e+00
-1.662426936232448860e+00
-5.423696419934064261e-01
1.257895409128536457e+01
1.431921116844083031e+01
1.094037844645335689e+01
-3.162734524286622495e+00
-1.396364254588634779e+00
4.638488458867986886e+00
7.352617119601467799e+00
8.269271111249507644e-01
8.600544778712246874e-01
4.653344275496421822e+00
6.966727187370893581e+00
5.303254432153893916e+00
1.047904401390084494e+01
1.108163033519175755e+01
5.914769934087054537e+00
-2.842378654192744936e+00
7.247848087784707793e+00
1.284053995599625786e+01
1.195972659763970647e+01
2.067955028088366731e+00
4.251717541016575730e+00
8.605131775960648710e+00
7.450775796991321975e+00
1.363643850255192191e+00
6.802352979601785421e+00
9.688732470793194551e+00
1.054379781428100848e+01
2.167271429015475093e+00
2.218379187489419646e+00
3.165028670571922720e-01
-1.261001205940968095e+00
-8.105215097183165796e+00
5.783255466044109339e-01
8.350779393732572942e+00
9.678988968877282772e+00
-3.817933237544056002e+00
-1.131247705978833062e+00
4.221351465728959695e+00
9.548927964350857778e+00
2.299193474879465349e+00
4.086266447342228325e+00
9.800717864926244971e+00
1.074550184070814751e+01
-9.619614129127137536e-01
6.559508453816544904e-01
6.242926643388748253e+00
6.667898413527021617e+00
-1.539633693589648189e+00
-1.194650538310934929e+00
4.499654574184757116e+00
1.339774625351884296e+01
4.514369236948480690e+00
2.181863101278534334e+00
-1.351847336366788666e+00
-1.698831587445398306e+00
-3.658690753974501053e+00
2.869633945711060896e+00
6.765958503592470308e+00
1.047816748759037786e+01
7.502838558202128139e-02
2.764541165381666055e+00
1.960953046273104849e+00
1.697205997317312365e+00
-5.562690614193954275e+00
1.090882988561290956e+00
1.610002218978507926e+00
7.462790908432133108e+00
1.202784470972429798e+00
5.752367003037255344e+00
6.658877794129291594e+00
6.969326139295573874e+00
-1.588166726100195714e+00
3.919015896481925498e+00
5.272203579767176684e+00
1.094075702488960999e+01
-2.052155195011985178e+00
-5.052226951983362468e+00
-2.136501637158368272e+00
2.707616439427224631e+00
3.659171752896955176e+00
8.624256880037457051e+00
1.131196129102834291e+01
7.600687413064775022e+00
-4.691852612566350444e+00
2.736049108094474214e+00
1.193855743679336534e+01
1.555428098994023678e+01
5.182412063050687578e+00
3.990179051097402674e+00
1.973215512760130297e+00
-5.998935872709119099e-01
-1.210630011188753485e+01
-6.306827708870383908e+00
-1.571982213595019440e+00
7.036491738737275625e+00
2.459432878349515850e+00
8.311421825580247003e+00
1.108304082611149433e+01
7.868778284751180685e+00
-2.096268498766710398e+00
1.287270163304528259e+00
1.985949165287397733e+00
7.372620079098796353e+00
1.211588560522766311e+00
8.668788332219774517e+00
9.788762829452055669e+00
1.879959875601491470e+00
-5.992687784299105758e+00
2.161388493357412344e+00
7.206756810765774901e+00
7.666829340956224037e+00
-3.407116171387993830e+00
7.780769756677305971e-01
6.611666203402042363e+00
4.206491786037763525e+00
-7.337663174796674070e+00
-3.717069586869192754e+00
3.652814028619941755e+00
1.122702183412551413e+01
3.897418975670015939e+00
1.661459343158511404e+00
4.060285134502166215e+00
2.988267395458271025e+00
-6.098557347150243224e+00
-7.674388965486519387e-01
-3.241130005932747693e+00
-6.270001349757453601e-01
-8.721668527158447759e+00
6.476067248264851806e-01
6.206280540543724022e+00
7.045358178795170900e+00
-1.474762781098464792e+01
-1.087412616895144879e+01
-4.816716077447918742e+00
4.525312514015776166e+00
-1.224827858728994689e+00
5.288549465503487923e+00
3.286057703072652547e+00
2.955646993464755568e+00
-1.320618184675780604e+01
-3.536808653211489961e+00
1.934945291222661456e+00
-1.391732664913338136e+00
-1.046226620256765649e+01
-3.686322599073654227e-01
6.702837440025844806e+00
8.784306765831184194e+00
-1.063699032871016747e+01
-3.733847842337238987e+00
6.720654802869359123e+00
1.349852439575941077e+01
1.866285735430724957e+00
3.651227782122365539e+00
7.757805850412270665e+00
1.451748073156415764e+01
-1.523679725619697889e+00
-4.711883955221998654e+00
-5.403637057000985067e+00
-5.643571534174685489e+00
-1.725923086311886578e+01
-1.306008032165484245e+01
-4.798387220682565513e+00
7.735614461784201978e+00
3.929690222796004662e+00
1.220467444533130497e+01
1.108598574859555796e+01
8.690301182142828651e+00
-1.936181538146127146e+00
-5.795682945031715327e+00
-2.044850169208914714e+00
-3.798283932949469976e-01
-7.270948751362896756e-01
8.343470660982868381e+00
2.618675915498431817e+00
-4.242790234552999529e+00
-1.611420762900234394e+01
-8.392282973277921387e-01
6.675055100251173990e+00
3.937616856524133624e+00
-1.329219872630462440e+01
-5.132188011515811610e+00
5.425333415678515792e+00
3.255886487369318960e+00
-9.355947057308444670e+00
2.142407223927112359e+00
1.654778866647700397e+01
1.489244830906557837e+01
-1.008073486381928241e+01
-9.675224895871750164e+00
2.569216508907893548e+00
5.417441698753256318e+00
-1.292245070427139098e+01
-9.147280492250894568e+00
6.511159364265790117e+00
1.672725332475923565e+01
5.314599462889675330e+00
-3.380520702322243665e+00
8.223215969717813725e-03
3.142091745803855751e+00
8.062115440148146517e-01
5.584519407451488782e+00
2.921782818840427787e+00
-1.930591701576962249e+00
-1.919527632478817125e+01
-1.024280568615080078e+01
-2.504994254241304841e+00
9.086238523983071858e+00
7.721654326625105647e+00
1.503102881223494691e+01
8.294464869163808984e+00
3.926739351536253086e-01
-1.002488175735219933e+01
-1.148318374374313722e+00
5.239326827933533437e+00
5.386608549986271477e+00
-7.872224857885619542e+00
-6.025817969930413298e+00
-4.776215706969959562e+00
5.331477343689210890e+00
-8.450915297756649736e+00
-1.577922209490836281e+01
-1.136629804459336768e+01
6.381494064485162099e+00
5.667174756243435141e+00
1.191425018755896126e+01
8.233598389712726728e+00
2.764596816303333537e-01
-1.056111146268749934e+01
2.620947875939459770e+00
5.977844052268809882e+00
-2.576288469484680377e+00
-3.161633970162571572e+01
-1.832395427161655022e+01
-6.455592914691995254e+00
-9.972474098248295116e-01
-2.053174967929725980e+01
-1.391740358095833408e+01
-3.904502477684587802e+00
3.420532715820779335e-01
-3.001617173852707321e+00
1.719809939774386720e+01
2.527056334340286270e+01
1.867185647894651268e+01
-1.480925024735041262e+01
-1.488032304854324295e+01
-1.124395349470394834e+01
-9.333503024427590944e+00
-2.327636352878348802e+01
-1.767172691037441368e+01
1.680558145872930842e+00
2.364836087170250423e+01
1.435171463892685573e+01
5.057359388514377052e+00
-7.462379223909342052e+00
1.373128696871763532e+00
1.869327964939991427e+00
2.221972520546303187e+01
1.433418172692668158e+01
3.440290418752868007e+00
-2.187004695127125586e+01
-1.285936347370512145e+01
-7.808856221642491713e-01
6.964002089848272403e-01
-2.307108215822990260e+01
-1.183733675702545973e+01
-6.094157376948932558e+00
-2.007704755217611048e+00
-1.875036905571023738e+01
-5.119800781993359529e+00
9.553594514751094779e-01
2.385848552777750431e+00
-1.759747259377235196e+01
-9.725515305213619399e+00
7.711676024665829132e+00
6.160013744603508812e+00
-1.068713889081980994e+01
-1.448653884865493247e+01
-1.273840748101911302e+01
-9.246270603346719241e+00
-1.470031201842337154e+01
-3.616482574842991293e-01
9.196125314723161415e-01
5.742608638724869818e-01
-2.763492869813615371e+01
-1.714334465335055313e+01
-8.026339467918756299e+00
2.483145986981687869e+00
-4.943447333768610896e+00
3.887266094787845960e-02
6.147475728961649288e+00
1.192407487323331772e+01
-1.086326416209480961e+01
-7.056376615937193897e+00
-7.703920480443627206e+00
-9.043423637398415593e-01
-1.748312644129763171e+01
-1.113312176291687372e+01
-9.220175575294902615e+00
-4.439921482409862286e+00
-2.398170556761438377e+01
-3.016886457337135230e+00
1.422744347232411322e+01
2.486912055841721170e+01
-3.947088814463110662e+00
-1.215292709376086799e+00
7.387727757457817290e+00
1.217557099000993048e+01
-2.088830391290095179e+01
-2.200179584215178963e+01
-4.089534414063497714e+00
1.590573939596243314e+01
2.062577756439180288e+00
-3.720717809471346449e+00
-2.133675930822799938e+00
1.491517311254664513e+01
-2.715011648439472847e+00
-2.118670959425425160e+00
-1.714017826286725921e+01
-1.318627083824399548e+01
-1.815873807804435103e+01
-4.849186366785545488e+00
7.828440888599661029e+00
3.115551998980779835e+00
-1.226831591194419602e+01
-1.697045075647310552e+00
8.618398257425466724e+00
2.087047917468166602e+01
6.537224721284674578e-01
-3.632548250042313853e+00
-1.441518637571574502e+01
-1.563613485928091684e+01
-1.981047356357851896e+01
2.715782825968798608e+00
1.112267756627461779e+01
9.834064508695387730e+00
-2.038418726983386975e+01
-8.439231511407575326e+00
8.261103922312169612e-01
5.271065261671105340e+00
-1.442396315736010770e+01
-7.904986405334456734e+00
4.531834312105348594e+00
1.949729226034439478e+01
-3.202870385971206879e+00
-7.613386488195118318e+00
-9.963859602370424895e+00
-2.904459431638835021e+00
-1.905473383622053163e+01
-1.464255112858618446e+01
2.987157291327299014e+00
2.710656646822592108e+01
3.152097412338250138e+00
-1.550320339407456238e+01
-2.554513691200827097e+01
-1.107501819572157586e+01
-6.708843435504026509e+00
1.325425163593342681e+01
6.404203697043742594e+00
-5.565583677563648024e+00
-2.306037095604407128e+01
6.802586178960419616e+00
2.167012823020646906e+01
1.735385540875150667e+01
-2.623325001091147968e+01
-2.242794193034586314e+01
-4.910017378143000322e+00
1.742843343125354050e+00
-1.664373775014540868e+01
-1.304639358365404078e+01
-7.087660596849728378e+00
-4.084523361118757023e-01
-2.916771215326821931e+01
-2.149465437874143348e+01
3.607653022824950373e+00
1.457527714990170864e+01
-4.528567060720352977e+00
-6.477603736602643991e+00
-2.797515253009603686e+00
5.280931942568888537e+00
-1.249406642681156931e+01
-5.716173373836070937e+00
2.192270860008914468e+00
-2.432873529420234160e+00
-1.842696725274848291e+01
2.790737757934894869e+00
8.533946886481743377e+00
9.373921889240667937e+00
-2.940651029445950826e+01
-1.843915945889035157e+01
-3.903286212342286454e+00
1.356576464392648163e+01
-8.601177922916889429e+00
3.154955057165543142e+00
-5.790097443082482087e+00
5.782358882120015586e+00
-1.615361609182012259e+01
-2.979115189911651029e+01
-1.829439017102185971e+01
1.257867778948742910e+01
4.822764910731704546e+00
4.415335663896484242e+00
-1.798026272633614653e+01
-4.577509123312760053e+00
-7.133164368696325752e+00
-1.368746181065426271e+01
-4.464777996357121914e+00
1.592430695285987063e+01
1.151035762023225395e+01
-3.009088631089749111e+00
-2.999551466983146852e+01
-3.156677785707449146e+01
-2.567200869715588851e+01
1.371563322281419417e+00
6.651700885827881216e+00
1.403420774049222253e+01
-1.016446804156719175e+01
-7.928631245585689158e-02
1.650640960681623026e-01
1.388031314101364799e+01
8.607996381595371949e-01
-4.660347002405898387e+00
-1.419782557070193008e+01
-1.898170554710108249e+01
-3.023091747382009942e+01
-1.309550774779605398e+01
-9.771506660311288783e+00
6.705802388262547709e+00
-1.627969385557615567e+01
-1.101666005601129150e+01
-2.013149555959931192e+01
-4.467719138611248475e+00
-7.495580177433402547e+00
5.328529036559104703e+00
1.324696992283104358e+01
8.887145990408242824e+00
-3.256827648813021447e+00
3.677193219683080327e-01
-9.924527161588526880e+00
-7.623783748247081604e+00
-2.484145461935522903e+01
-9.759585726046779541e+00
-2.032216758572528370e+00
9.538360208387404171e+00
-5.356848288106672129e+00
8.335908400365264370e+00
4.143257608679095760e+00
-7.236565850246835296e+00
-3.111753688887131730e+01
-2.279019636935296944e+01
7.274740441625443532e-01
1.841608791528061673e+01
-1.872034521013555608e+00
7.436419710478812561e+00
-5.095845194796403632e+00
-6.731138653295727359e+00
-3.903227386208948246e+01
-1.857445106724413364e+01
-4.350111263331890576e+00
1.148880391935616352e+01
-1.090376729688094315e+01
-9.696832630103910944e+00
-1.793193600571964907e+01
-1.219080863684110483e+01
-1.676536760742319387e+01
1.891293755617131467e+01
1.686744480471100260e+01
2.411377947445811998e+01
-1.606123132263991238e+01
-1.254275742065252608e+01
-1.324279907681989776e+01
1.357844609512158129e+00
-1.024922599142926316e+01
-1.634116461997697556e+01
-8.624831549048934676e+00
9.413175600138204757e+00
6.050747923079295099e+00
9.265219474499582220e-02
-1.663082020566100638e+01
-8.079271051667141990e+00
-2.183304823822445329e+01
-2.417829543462316266e+00
1.816399392528496692e+00
1.354237154752100158e+00
-2.721204420628573217e+01
-1.311786686057579487e+01
2.880539464529805027e+00
2.125333892919007894e+01
-1.181438797784333694e+01
-1.678725945930317920e+01
-1.479632499601452977e+01
3.759075788463215773e+00
-1.746181889969630419e+01
-1.026690851741556720e+01
-2.321470271430977661e+01
-2.979885149156878743e+00
-1.604167213214000398e+01
1.210867253729233095e+00
-6.670917106955516651e+00
2.068155305361964125e+00
-2.753626807065235482e+01
-1.611782022581233775e+01
-9.273287916383329277e-01
1.904821225724848333e+01
9.616239967437206104e+00
1.486857589452242578e+01
2.882789108668820077e+01
1.481676283120437176e+01
-2.276188595427807826e+01
-2.180216744695262321e+01
4.330947602675642827e+00
1.733854683435627919e+01
-1.536187960347115578e+01
-2.863439838039806062e+01
-3.269576456718439772e+01
-2.450124115060251384e+01
-3.176971877114916509e+01
-1.069951159198642898e+01
-2.603567625340507341e+00
1.020331952719901913e+01
1.346669706212514939e+01
3.589890007404327577e+01
1.792998138336986713e+01
-2.926981009401717060e+01
-7.147706723165531173e+01
-4.802047668301398176e+01
-3.559832297065212092e+00
4.758947647205292242e+01
8.834253241261036393e+00
1.198284003190130953e+01
-8.328997753292723516e+00
9.604216949135286896e+00
-1.557538676933415189e+01
-2.724090961847501546e+01
-2.544767987434603285e+01
-1.403118738569934720e+01
-2.083025184040650046e+01
-6.709488119878675327e+00
2.632540925677087529e+00
4.353070886934405914e-01
-5.044117595490288153e+01
-5.043639997347325021e+01
-3.847802461664577578e+01
-3.540873521122172463e+01
-3.841642519243080045e+01
-8.493949417484309095e+00
1.482426044692954292e+01
2.958093470563205685e+01
-4.514223380931652940e+01
-3.924347502145158018e+01
-5.549743048002891044e+01
-4.067280522728005110e+01
-2.982349399466037454e+01
-1.947327865866792251e+01
-1.691343691511167080e+01
2.790149268356443724e+00
-2.137757701641314156e+01
-1.904127399042791069e+01
-1.939201955482867845e+01
2.241475817903085144e+01
-4.295919501240993199e+00
4.792213771043472015e-01
-2.976546577216915779e+01
-2.297200092140169403e+01
-2.650432518157478512e+01
-3.042457637308079832e+00
9.855455981003233390e+00
-1.487803710653561851e+01
-4.950503711886148750e+01
-3.651668599002935611e+00
2.873531151212790036e+01
3.335505965649270621e+01
-3.429628376683939450e+01
-3.466297852783674216e+01
1.219716998738225300e+01
4.536047939512385341e+01
-7.333297266158703032e+00
-2.731051259854316271e+01
-4.354367870479431701e+01
1.128005373857152271e+01
-1.317621107665173241e+01
-1.531092406197572231e+01
-3.143855834135543859e+01
1.866132335048826718e+01
1.130325139666177847e+01
2.739869582729855146e+00
-4.654829511313907631e+01
-4.516549654408299119e+01
-5.246674329863634512e+01
-2.758456962745675867e+00
-4.509835745490715198e+00
6.738454487895854328e+00
-4.516016914121168924e+01
-2.447636020496454634e+01
-4.353984236243413797e+00
2.878277245871347034e+01
2.424898532274890606e+00
-1.887753680713443671e+01
-1.377153036752415538e+01
1.276670477108166857e+01
-2.553741547845624993e+01
-3.646053256885902272e+01
-5.026014393475831099e+01
-2.862253954517990095e+01
-3.833949434792966571e+01
-1.415181869867124398e+01
-1.633578557829780209e+01
3.661528993362135331e+00
-4.076119179126652625e+01
-1.957579931768649928e+01
1.052816299481376561e+01
2.355020380576282335e+01
-2.731784230474234931e+01
-5.328782435822378005e+01
-7.909599438233121305e+01
-5.199537931607800090e+01
-3.402392118612004879e+01
5.199755764409130165e+01
4.940220011801682887e+01
2.507960090921727669e+01
-5.662501607630819223e+01
-6.117073323561335485e+01
-5.379019823532759403e+01
-5.519973297983236549e+00
-4.270081317909760976e+00
3.694707854639490563e+01
2.377577267560969787e+01
-6.583449385651075403e+00
-4.528501748378283054e+01
-1.345788920343008321e+01
1.173479257198438930e+01
1.586270330114353300e+01
-1.352696721960172610e+01
1.281968127286724268e+01
-1.241129421848256698e+01
-2.149891732379913734e+01
-5.312604680125483014e+01
1.586012048029414778e+01
3.696136240733522982e+01
1.609768906237740538e+01
-4.112833042165293307e+01
-2.374986447485857965e+01
-6.531461905940433299e-01
4.536074866329576594e+01
-1.338176427985686168e+01
-3.328466275144598541e+01
-8.898896850626999822e+01
-4.247776835580337007e+01
-5.255182277789899103e+01
2.065724124735270006e+00
1.083969380234399615e+01
4.389832735612801429e+01
-1.517481924530900095e+01
-3.466469231988170918e+01
-3.135734720968584099e+01
2.385684947469561834e+00
-1.218419250601950132e+01
1.114658740472884446e+01
-8.286775018562847706e+00
1.475087777470112549e+01
1.013937524771065357e+00
3.642059488406252932e+00
-2.003164369512620979e+01
-3.905621291752692770e+01
-3.272835524514292871e+01
1.533029908298828126e+01
6.719624401937187130e+00
-3.574375037133550848e+01
-8.480755010434934604e+01
-6.065005359816054664e+01
-4.080187850985761600e+01
6.957211879308706770e+00
-1.026849596962219735e+01
2.816868654175404885e+00
7.242620565388891984e-01
-3.215926735184848617e+00
-4.807787041842294684e+01
-1.088949459399695741e+01
-3.183406595861783828e+01
1.075582443040607947e-02
-4.369296793555288616e+01
3.312291917239289063e+01
3.406542044075548148e+01
2.716927269084330376e+01
-3.707511164891651134e+01
-3.197832307937728658e+01
-4.027596104423411560e+01
-3.736721857251305323e+01
-9.702903968865857820e+00
1.535383102364865948e+01
-2.221776530102922464e+01
-3.113880928565112072e+01
-6.463314942540174002e+01
8.886985710928970050e+00
1.646892722312327351e+01
-7.127846148708925966e+00
-5.730978951728302917e+01
-2.386474241230424909e+01
-8.075210724472091428e+00
4.513922215833163420e+01
-2.537859271433011443e+01
-3.459970879273578248e+01
-2.569517065306213865e+01
-2.669153068266200890e+01
-7.135135599953095209e+01
-1.609875541774950136e+01
3.590333056790655064e+01
5.806407603257262906e+01
-9.083188030033767291e+01
-9.726414616198056251e+01
-2.909302815397616371e+01
1.223362661842493679e+02
3.419345388940313057e+01
-2.098625339668061418e+00
1.137935774859989735e+01
9.032551942207977902e+01
7.747296737461235239e+01
4.969248197245108400e+01
-3.701997592349523103e+01
-5.903167870842216303e+01
-8.009168837142003383e+01
-3.104835356213478903e+01
-3.050739824159052915e+01
3.889629700458018813e-01
-9.205418313404872777e+01
-5.433824954153993758e+01
-5.287636934432234170e+01
-1.573325529871826767e+01
8.397869788807714286e+00
4.778333500701479331e+00
-7.848630829300383027e+01
-7.914863471884487467e+01
-9.370039935260304276e+01
5.902920549676561279e+01
1.080459945858356861e+02
4.364235165229547420e+01
-7.842806911467488362e+01
-5.054152160942359728e+01
1.439318668135805446e+00
2.286630045192434224e+01
-9.735504587842504520e+01
-9.849932802129525555e+01
-1.701279540481028363e+01
7.143821100202562491e+01
-5.279196781791879545e+01
-4.581667507948579043e+01
-1.235976572781776213e+02
-1.237885550940246882e+00
7.378892724002813708e+00
8.007387619242614107e+00
6.318897092565214990e+01
2.349819989371114559e+01
-3.667960756798535726e+01
-4.792740473178758265e+01
-6.741802220972897430e+01
1.930857334412753090e+01
-5.648890893689473103e+01
-1.043054108405663243e+02
-1.447890391645711361e+02
-1.004420837466227994e+02
-6.883295903800500071e+01
1.152231145517818511e+01
-1.486036232906870502e+01
-2.044094563403465514e+01
-1.711674271740156144e+02
-1.552274896148626624e+02
-1.758201811606949718e+02
-8.720372482451516305e+01
-9.914457917239559492e+01
-1.029901759855130479e+02
-1.169347308939718033e+02
2.295175944165469772e+01
1.136085508070695056e+02
2.373608001318311551e+02
-1.242484797492258686e+01
-1.551394992467932070e+02
-2.812764974560769247e+02
-2.121191069542353702e+01
5.146132700535886073e+01
-3.165360742752929557e+00
-1.313746565816790053e+02
-8.804971955397107308e+01
-4.987421848278446923e+00
3.452080012339103376e+01
-9.513493674498670316e+01
-7.044535334345370359e+01
1.269052098655598293e+01
1.075498765995837687e+02
-7.587247183605339451e+00
-9.184609348754108282e+01
-1.192682931467467711e+02
-7.549314413466861140e+01
-5.004685590989500099e+01
4.302275483619359875e+01
-1.582137860182767142e+00
-5.517599010221155709e+01
-2.715961395184713183e+02
-2.488430117959417487e+02
-1.369149135109871338e+02
8.212352605058489630e+00
-2.851224452923548469e+01
-3.943271503391370914e+01
-1.699119076656103289e+02
-1.471694282596495782e+02
-1.693576660210607940e+02
-8.199418453175111665e+01
-4.805884861135229613e+01
3.179062221188587856e+01
-4.380758541054891708e+01
6.269069090260412480e+01
-7.122410847251357779e+01
-1.029173109740671634e+02
-2.018399897965723540e+02
-1.100380387637086841e+02
-2.952433708406263335e+01
-2.661446218257951912e+00
-9.869201708674540896e+01
-3.814230173650948519e+00
3.677721437048218434e+01
3.517051220652441401e+01
-1.412255493221135794e+02
-1.117847282485251554e+02
4.448353247586286585e+00
8.040213361783476387e+01
2.533310422828979114e+01
4.498375201451022320e+01
8.314852254034593670e+01
5.625859802058179326e+01
-1.030684562326851079e+02
-1.249289619168758065e+02
-9.100897084863946418e+01
-1.008562477653637757e+02
-1.649359697128023470e+02
-6.561184354059680857e+01
-1.232492838624693832e+02
6.487912108461841854e+01
-6.519967279705987551e+01
-3.504758681071403004e+01
-2.029113642718149606e+02
-2.465310590889421860e+02
-2.834116949355952784e+02
-7.067447079570666801e+01
-1.445485252145561361e+01
5.978935083262641115e+00
-2.388581904231758699e+02
-2.458461716285140994e+02
-2.217849295823248781e+02
-1.321194950911649357e+02
-3.747219084442103849e+02
-3.607220404134899923e+02
-1.979577003789021603e+02
1.342097867665034983e+02
-2.841590512044496677e+02
-3.742362964152247287e+02
-2.000785413744747530e+02
1.622091852054554124e+02
5.597443940670246576e+01
-2.071009961262290631e+02
-2.857949437192108917e+02
-3.322476508267903483e+01
1.568691148068352348e+01
-1.362166080231039622e+01
-7.939075815015024773e+01
-1.118951544565498182e+02
-1.395981322385689509e+02
-7.069434084706340116e+01
2.478671430002523834e+01
1.146190865669078391e+02
-3.969232082480520063e+01
-1.310603341890072215e+02
-1.845580635856047138e+02
-4.332062474358726689e+01
-4.902306807499719099e+01
-3.636322275163296780e+01
-1.579621433057665172e+02
-1.689051650996589160e+01
-1.455866455767789205e+02
-4.149293027704385395e+02
-5.142298270219739607e+02
-2.717060645415104432e+02
8.330596191830615282e+01
4.090997531991677079e+02
1.643240600144838766e+02
-1.833056310991250726e+01
-3.470448373067086436e+02
-2.283445408055844439e+02
-2.060816536904228826e+02
-1.298222100594091728e+02
-1.687169062903524264e+01
9.914066918455503696e+01
-3.716983854981010182e+01
-2.044966465954517503e+02
-1.749918619920052265e+02
-1.799338845269935661e+01
4.183889872055303982e+01
-5.221472439290458567e+01
-1.714972728689422752e+02
-1.837340590006341756e+02
-2.135217006514489526e+02
-1.112108950157294913e+02
-6.771147703590651190e+01
-1.335318860852751754e+02
-3.764639256883424423e+02
-3.006570002362436753e+02
-4.354941561477343726e+02
-9.387042046764472403e+00
-9.383502597820275071e+01
2.566841976328708341e+01
-1.810958063384511263e+02
-1.489284915746912077e+02
-1.648081014487573270e+02
-9.362805312937854296e+01
-4.382472853652407707e+01
1.732017384378179159e+01
-1.297139012271099716e+02
-1.857572553673540199e+02
-2.721107089004350428e+02
-2.132449824075471767e+01
-2.726782718700098140e+00
6.835771449558646395e+01
5.783870258355874228e+01
2.210411139896201860e+02
5.402066762243066478e+01
6.590964625214080286e+01
-6.481437809067770104e+02
-5.072849404979156702e+02
-8.731917299451570216e+02
-3.106680556620390803e+02
-2.392698917388109408e+02
-3.775078654473928168e+02
-6.754701451117883835e+02
-1.284650311651728316e+02
1.274152581175207999e+01
-1.151376559439651288e+02
-2.572725781571082848e+02
-3.528583982167165800e+02
-4.023050278379907354e+02
-3.003771615083032316e+02
-6.868852575609816995e+02
-1.375145107347074998e+02
-1.520492906094221723e+02
3.612514459848997461e+01
-1.248222030424008437e+02
-2.366808593063450985e+02
-3.180524508099780974e+02
-9.907752179841985196e+01
-1.481802873915583518e+02
-8.811695788456106015e+01
-4.938849266741630686e+02
-5.948909815445620097e+02
-4.382971671684592820e+02
2.670401903394813985e+02
1.919281566198838505e+02
-5.418095305744383268e+02
-1.859098149522380027e+03
-9.927802192093949998e+02
-4.469452821642087201e+02
1.576243945215791484e+02
-1.548250740221275237e+02
-2.275518009531673158e+02
-4.101962624812832701e+02
-3.960529214365980692e+02
-2.402158552060395209e+02
-5.092614878825212799e+01
-2.585723553877880363e+02
-2.147165190024979324e+02
-3.116352177616380459e+02
2.703540941595882074e+01
1.189270928220612973e+02
4.773441090397316344e+01
-4.671251199527576432e+02
-8.105276572661335877e+01
1.662715336585378338e+02
-3.711491351098694622e+02
-2.762970838548853408e+03
-5.711996332981831983e+03
1.040641896153867037e+03
-1.909869649426828744e+02
8.489561708355665814e+02
-8.123113604488025885e+02
1.227450129657854632e+03
1.935562478537997606e+02
-3.816849810063318955e+02
-6.645548384882637549e+00
8.772230105603354389e+01
1.334517940784821519e+02
-3.013809091075854099e+02
-1.858040525577661413e+02
-5.217719769147615807e+02
-4.115712635978732692e+02
-5.971489062992111485e+02
-1.681622216742704268e+02
-2.540436637978973238e+02
3.132131012292708760e+02
4.764978027115444092e+02
5.504836282126042306e+02
-1.233122101534560926e+02
-9.451568236839008250e+02
-1.518714535837748144e+03
1.702546344426116889e+02
1.675811556587198368e+02
-2.082818599438476781e+02
-1.618568116487309680e+03
-6.046715495298990390e+02
-4.400035728267674244e+02
-4.232888532692218746e+02
-6.151291278549703065e+02
7.836829107735525213e+01
-1.523946292747455402e+02
-2.468305649246584608e+02
-4.805246182870558300e+02
-1.003959369288994878e+02
-2.330496995759656897e+02
-3.470226508896416817e+02
-3.420023129352150590e+02
-9.998270860151148298e+00
-8.285384262243575222e+02
-1.928248314214526090e+03
-3.300728659257117215e+03
1.987476830844278766e+03
-4.871343379323715453e+03
-2.367842232297491137e+03
-9.793148018021252028e+02
-1.092116696348308125e+02
2.123045556074981448e+02
-1.793604299609447708e+02
-2.297560216891550340e+02
-1.048901267314293051e+02
-8.003431119328665133e+00
9.671137403140104993e+01
-5.189147633270289361e+02
-2.173122351581653504e+02
1.182318313809892629e+01
4.379100052886072945e+02
3.365808906482124030e+02
4.945737699324957930e+02
6.565544248963524865e+01
4.278542486570042058e+01
-2.971021972884545903e+02
-3.504624284424120333e+02
-4.593162162080237749e+02
-8.976678534182116209e+02
-1.175627900035513676e+03
-1.163133398491873010e+02
-3.833016716742301355e+02
-6.306739909615165516e+02
1.969133803591718106e+03
1.063125759701760944e+04
-7.269486976385057915e+02
-8.911791333810214155e+02
-8.421962640756605651e+02
1.171454278519983291e+03
6.143596412937189370e+02
-7.332667256103529496e+01
-6.663821175694162093e+02
-2.095717496974105742e+01
5.590830362121538428e+02
2.393290692973553178e+02
-6.624219157623703040e+02
-4.671217830649498524e+02
-2.938321631998837802e+02
2.009308791222363766e+02
-6.748608563325067280e+02
-8.490200734024832627e+02
-6.820506234981025955e+02
-9.313948338924073767e+01
-1.763043034824990229e+02
4.184512794072275597e+02
2.563042341378569517e+02
7.106033612344882613e+02
5.193673310519686765e+02
8.244806775975114306e+02
-5.860357960194633051e+02
7.271861933639843301e+03
-5.515794236076186280e+03
-7.962534550495822259e+03
-4.771535898375224861e+03
4.352893875642166677e+02
-1.576296222088708191e+03
-5.493325774907999630e+02
2.984420730504552921e+02
6.773325999249127563e+02
3.362302468697534152e+01
-1.468011957948170902e+02
-7.725668502670206408e+02
-6.308126627930278119e+02
-6.265674830078786499e+02
4.431722004616933646e+02
1.229027232732236996e+02
3.443425913728262344e+01
-6.596738292749336097e+02
1.670851160101955202e+02
-4.701314639763256196e+02
-6.834081632736522351e+02
-8.535384938856662984e+02
-2.676932556271219710e+02
1.934479274107075071e+02
9.370195210439159439e+01
-5.316918186068263594e+02
-8.682553483147362385e+02
-1.636037718957858715e+03
-1.674707807386411787e+03
3.950142122487159213e+03
2.613770453482933135e+03
-2.329680878915381982e+04
