3.295122253389445177e+02
4.801788920056114875e+02
-4.838821107994388512e+03
-4.709654441327721543e+03
-4.223154441327722452e+03
-3.848487774661055482e+03
-3.694987774661055482e+03
-3.894987774661055482e+03
-3.808987774661055482e+03
-3.738654441327721997e+03
-3.747987774661055482e+03
-3.923654441327721997e+03
-3.808987774661055482e+03
-3.685987774661055482e+03
-3.686321107994388512e+03
-3.875987774661055482e+03
-3.810154441327721997e+03
-3.703321107994388512e+03
-3.628154441327721997e+03
-3.775154441327721997e+03
-3.588154441327721997e+03
-3.479821107994388512e+03
-3.460321107994388512e+03
-3.698654441327721997e+03
-3.613821107994388512e+03
-3.563321107994388512e+03
-3.563321107994388512e+03
-3.755321107994388512e+03
-3.652654441327721997e+03
-3.577321107994388512e+03
-3.573654441327721997e+03
-3.725821107994388512e+03
-3.576821107994388512e+03
-3.517321107994388512e+03
-3.518487774661055482e+03
-3.731154441327721997e+03
-3.623987774661055482e+03
-3.546321107994388512e+03
-3.576821107994388512e+03
-3.755654441327721997e+03
-3.656487774661055482e+03
-3.542487774661055482e+03
-3.544987774661055482e+03
-3.728821107994388512e+03
-3.641987774661055482e+03
-3.539654441327721997e+03
-3.514321107994388512e+03
-3.631154441327721997e+03
-3.508654441327721997e+03
-3.448987774661055482e+03
-3.531654441327721997e+03
-3.752987774661055482e+03
-3.626821107994388512e+03
-3.519821107994388512e+03
-3.488654441327721997e+03
-3.668821107994388512e+03
-3.589987774661055482e+03
-3.584821107994388512e+03
-3.608654441327721997e+03
-3.776321107994388512e+03
-3.635321107994388512e+03
-3.526987774661055482e+03
-3.522654441327721997e+03
-3.719654441327721997e+03
-3.631154441327721997e+03
-3.535821107994388512e+03
-3.552487774661055482e+03
-3.714821107994388512e+03
-3.573654441327721997e+03
-3.438987774661055482e+03
-3.430987774661055482e+03
-3.630821107994388512e+03
-3.530321107994388512e+03
-3.470321107994388512e+03
-3.492487774661055482e+03
-3.665821107994388512e+03
-3.577821107994388512e+03
-3.512654441327721997e+03
-3.569321107994388512e+03
-3.725987774661055482e+03
-3.623487774661055482e+03
-3.547821107994388512e+03
-3.593987774661055482e+03
-3.773987774661055482e+03
-3.668654441327721997e+03
-3.561654441327721997e+03
-3.548821107994388512e+03
-3.686321107994388512e+03
-3.596321107994388512e+03
-3.559821107994388512e+03
-3.565154441327721997e+03
-3.743487774661055482e+03
-3.625487774661055482e+03
-3.544821107994388512e+03
-3.554487774661055482e+03
-3.661654441327721997e+03
-3.539321107994388512e+03
-3.447154441327721997e+03
-3.511321107994388512e+03
-3.723154441327721997e+03
-3.629987774661055482e+03
-3.541654441327721997e+03
-3.551821107994388512e+03
-3.742154441327721997e+03
-3.663154441327721997e+03
-3.620821107994388512e+03
-3.630321107994388512e+03
-3.787321107994388512e+03
-3.643154441327721997e+03
-3.550154441327721997e+03
-3.546154441327721997e+03
-3.725321107994388512e+03
-3.575154441327721997e+03
-3.460154441327721997e+03
-3.439321107994388512e+03
-3.655654441327721997e+03
-3.589821107994388512e+03
-3.553654441327721997e+03
-3.572487774661055482e+03
-3.755821107994388512e+03
-3.621154441327721997e+03
-3.536487774661055482e+03
-3.537487774661055482e+03
-3.745987774661055482e+03
-3.649654441327721997e+03
-3.609321107994388512e+03
-3.635821107994388512e+03
-3.795154441327721997e+03
-3.624987774661055482e+03
-3.514654441327721997e+03
-3.565821107994388512e+03
-3.820654441327721997e+03
-3.710987774661055482e+03
-3.577154441327721997e+03
-3.549154441327721997e+03
-3.726487774661055482e+03
-3.653821107994388512e+03
-3.578654441327721997e+03
-3.607487774661055482e+03
-3.775487774661055482e+03
-3.639987774661055482e+03
-3.490487774661055482e+03
-3.445154441327721997e+03
-3.658487774661055482e+03
-3.651321107994388512e+03
-3.609487774661055482e+03
-3.572321107994388512e+03
-3.710487774661055482e+03
-3.647154441327721997e+03
-3.595821107994388512e+03
-3.582987774661055482e+03
-3.713154441327721997e+03
-3.595487774661055482e+03
-3.530487774661055482e+03
-3.553487774661055482e+03
-3.738487774661055482e+03
-3.624654441327721997e+03
-3.534821107994388512e+03
-3.525321107994388512e+03
-3.690654441327721997e+03
-3.619321107994388512e+03
-3.574654441327721997e+03
-3.604154441327721997e+03
-3.752154441327721997e+03
-3.665321107994388512e+03
-3.601821107994388512e+03
-3.594154441327721997e+03
-3.723987774661055482e+03
-3.610821107994388512e+03
-3.531154441327721997e+03
-3.566487774661055482e+03
-3.761154441327721997e+03
-3.716487774661055482e+03
-3.614487774661055482e+03
-3.541487774661055482e+03
-3.692987774661055482e+03
-3.631654441327721997e+03
-3.578154441327721997e+03
-3.534987774661055482e+03
-3.686487774661055482e+03
-3.606987774661055482e+03
-3.576821107994388512e+03
-3.593654441327721997e+03
-3.754487774661055482e+03
-3.637487774661055482e+03
-3.565987774661055482e+03
-3.577987774661055482e+03
-3.772987774661055482e+03
-3.627321107994388512e+03
-3.539654441327721997e+03
-3.559654441327721997e+03
-3.750821107994388512e+03
-3.657654441327721997e+03
-3.550487774661055482e+03
-3.516654441327721997e+03
-3.676487774661055482e+03
-3.574487774661055482e+03
-3.545321107994388512e+03
-3.562321107994388512e+03
-3.720487774661055482e+03
-3.592821107994388512e+03
-3.535987774661055482e+03
-3.527321107994388512e+03
-3.706654441327721997e+03
-3.623154441327721997e+03
-3.585987774661055482e+03
-3.588821107994388512e+03
-3.717321107994388512e+03
-3.587821107994388512e+03
-3.531821107994388512e+03
-3.558821107994388512e+03
-3.735154441327721997e+03
-3.631821107994388512e+03
-3.568654441327721997e+03
-3.655987774661055482e+03
-3.864821107994388512e+03
-3.725154441327721997e+03
-3.517821107994388512e+03
-3.450321107994388512e+03
-3.653321107994388512e+03
-3.639154441327721997e+03
-3.601654441327721997e+03
-3.576321107994388512e+03
-3.728987774661055482e+03
-3.616654441327721997e+03
-3.539154441327721997e+03
-3.496987774661055482e+03
-3.664321107994388512e+03
-3.582987774661055482e+03
-3.546987774661055482e+03
-3.531487774661055482e+03
-3.689321107994388512e+03
-3.629654441327721997e+03
-3.638321107994388512e+03
-3.646154441327721997e+03
-3.772154441327721997e+03
-3.616487774661055482e+03
-3.581321107994388512e+03
-3.585321107994388512e+03
-3.753987774661055482e+03
-3.627321107994388512e+03
-3.582321107994388512e+03
-3.626654441327721997e+03
-3.804321107994388512e+03
-3.706487774661055482e+03
-3.615987774661055482e+03
-3.638654441327721997e+03
-3.810321107994388512e+03
-3.700654441327721997e+03
-3.595154441327721997e+03
-3.559821107994388512e+03
-3.710154441327721997e+03
-3.591154441327721997e+03
-3.544321107994388512e+03
-3.549321107994388512e+03
-3.713487774661055482e+03
-3.616654441327721997e+03
-3.576654441327721997e+03
-3.600321107994388512e+03
-3.775154441327721997e+03
-3.689987774661055482e+03
-3.611821107994388512e+03
-3.565321107994388512e+03
-3.682654441327721997e+03
-3.582487774661055482e+03
-3.546654441327721997e+03
-3.569821107994388512e+03
-3.779987774661055482e+03
-3.713154441327721997e+03
-3.654654441327721997e+03
-3.620654441327721997e+03
-3.746487774661055482e+03
-3.621987774661055482e+03
-3.608321107994388512e+03
-3.630321107994388512e+03
-3.822321107994388512e+03
-3.706654441327721997e+03
-3.644821107994388512e+03
-3.649987774661055482e+03
-3.799987774661055482e+03
-3.643987774661055482e+03
-3.550487774661055482e+03
-3.535821107994388512e+03
-3.758487774661055482e+03
-3.690321107994388512e+03
-3.605654441327721997e+03
-3.514987774661055482e+03
-3.643654441327721997e+03
-3.570821107994388512e+03
-3.591321107994388512e+03
-3.581487774661055482e+03
-3.722987774661055482e+03
-3.627154441327721997e+03
-3.597487774661055482e+03
-3.612487774661055482e+03
-3.732821107994388512e+03
-3.597487774661055482e+03
-3.516821107994388512e+03
-3.512654441327721997e+03
-3.712154441327721997e+03
-3.641987774661055482e+03
-3.604487774661055482e+03
-3.629154441327721997e+03
-3.776154441327721997e+03
-3.673487774661055482e+03
-3.568321107994388512e+03
-3.578987774661055482e+03
-3.704154441327721997e+03
-3.603321107994388512e+03
-3.519321107994388512e+03
-3.518321107994388512e+03
-3.634654441327721997e+03
-3.560821107994388512e+03
-3.575321107994388512e+03
-3.653321107994388512e+03
-3.791321107994388512e+03
-3.633821107994388512e+03
-3.566654441327721997e+03
-3.571654441327721997e+03
-3.795654441327721997e+03
-3.748487774661055482e+03
-3.745154441327721997e+03
-3.738821107994388512e+03
-3.847321107994388512e+03
-3.753654441327721997e+03
-3.673654441327721997e+03
-3.660987774661055482e+03
-3.783154441327721997e+03
-3.712987774661055482e+03
-3.661987774661055482e+03
-3.648987774661055482e+03
-3.778987774661055482e+03
-3.702154441327721997e+03
-3.620321107994388512e+03
-3.602654441327721997e+03
-3.708987774661055482e+03
-3.659154441327721997e+03
-3.593487774661055482e+03
-3.560821107994388512e+03
-3.672154441327721997e+03
-3.614821107994388512e+03
-3.606154441327721997e+03
-3.611321107994388512e+03
-3.723821107994388512e+03
-3.631154441327721997e+03
-3.609821107994388512e+03
-3.649321107994388512e+03
-3.797487774661055482e+03
-3.662321107994388512e+03
-3.549821107994388512e+03
-3.555154441327721997e+03
-3.726154441327721997e+03
-3.652987774661055482e+03
-3.596987774661055482e+03
-3.593654441327721997e+03
-3.799987774661055482e+03
-3.734154441327721997e+03
-3.677821107994388512e+03
-3.611154441327721997e+03
-3.720654441327721997e+03
-3.683321107994388512e+03
-3.650821107994388512e+03
-3.664987774661055482e+03
-3.770321107994388512e+03
-3.696654441327721997e+03
-3.642821107994388512e+03
-3.595821107994388512e+03
-3.702654441327721997e+03
-3.589321107994388512e+03
-3.578154441327721997e+03
-3.593654441327721997e+03
-3.774154441327721997e+03
-3.725321107994388512e+03
-3.658154441327721997e+03
-3.561821107994388512e+03
-3.635821107994388512e+03
-3.574821107994388512e+03
-3.629321107994388512e+03
-3.648154441327721997e+03
-3.752154441327721997e+03
-3.641821107994388512e+03
-3.608321107994388512e+03
-3.639154441327721997e+03
-3.783487774661055482e+03
-3.688487774661055482e+03
-3.628487774661055482e+03
-3.601821107994388512e+03
-3.720821107994388512e+03
-3.657487774661055482e+03
-3.629154441327721997e+03
-3.657987774661055482e+03
-3.814821107994388512e+03
-3.742487774661055482e+03
-3.692987774661055482e+03
-3.668987774661055482e+03
-3.793821107994388512e+03
-3.723654441327721997e+03
-3.691487774661055482e+03
-3.675654441327721997e+03
-3.777987774661055482e+03
-3.631487774661055482e+03
-3.599321107994388512e+03
-3.641154441327721997e+03
-3.819487774661055482e+03
-3.741321107994388512e+03
-3.670487774661055482e+03
-3.649154441327721997e+03
-3.743821107994388512e+03
-3.646654441327721997e+03
-3.644654441327721997e+03
-3.645321107994388512e+03
-3.755154441327721997e+03
-3.630987774661055482e+03
-3.587321107994388512e+03
-3.557321107994388512e+03
-3.644821107994388512e+03
-3.587154441327721997e+03
-3.593154441327721997e+03
-3.639321107994388512e+03
-3.774987774661055482e+03
-3.709321107994388512e+03
-3.685321107994388512e+03
-3.652154441327721997e+03
-3.735321107994388512e+03
-3.632154441327721997e+03
-3.617987774661055482e+03
-3.638321107994388512e+03
-3.744154441327721997e+03
-3.624654441327721997e+03
-3.557654441327721997e+03
-3.534821107994388512e+03
-3.716487774661055482e+03
-3.664154441327721997e+03
-3.657987774661055482e+03
-3.615321107994388512e+03
-3.737487774661055482e+03
-3.685987774661055482e+03
-3.706487774661055482e+03
-3.694654441327721997e+03
-3.750987774661055482e+03
-3.625321107994388512e+03
-3.598487774661055482e+03
-3.634654441327721997e+03
-3.773321107994388512e+03
-3.716487774661055482e+03
-3.685487774661055482e+03
-3.625321107994388512e+03
-3.675654441327721997e+03
-3.607987774661055482e+03
-3.613987774661055482e+03
-3.627987774661055482e+03
-3.719654441327721997e+03
-3.633987774661055482e+03
-3.586987774661055482e+03
-3.598654441327721997e+03
-3.691321107994388512e+03
-3.666154441327721997e+03
-3.600321107994388512e+03
-3.540321107994388512e+03
-3.624987774661055482e+03
-3.578821107994388512e+03
-3.603321107994388512e+03
-3.591321107994388512e+03
-3.697987774661055482e+03
-3.639321107994388512e+03
-3.620821107994388512e+03
-3.626154441327721997e+03
-3.730321107994388512e+03
-3.660821107994388512e+03
-3.601321107994388512e+03
-3.575154441327721997e+03
-3.695154441327721997e+03
-3.659654441327721997e+03
-3.654321107994388512e+03
-3.650654441327721997e+03
-3.776154441327721997e+03
-3.712321107994388512e+03
-3.661321107994388512e+03
-3.614321107994388512e+03
-3.700987774661055482e+03
-3.621821107994388512e+03
-3.590821107994388512e+03
-3.575654441327721997e+03
-3.712487774661055482e+03
-3.680987774661055482e+03
-3.679321107994388512e+03
-3.641487774661055482e+03
-3.739987774661055482e+03
-3.708821107994388512e+03
-3.752987774661055482e+03
-3.738321107994388512e+03
-3.805154441327721997e+03
-3.696654441327721997e+03
-3.632821107994388512e+03
-3.595654441327721997e+03
-3.681654441327721997e+03
-3.641321107994388512e+03
-3.662321107994388512e+03
-3.651987774661055482e+03
-3.769821107994388512e+03
-3.688987774661055482e+03
-3.639654441327721997e+03
-3.597654441327721997e+03
-3.711321107994388512e+03
-3.681321107994388512e+03
-3.676821107994388512e+03
-3.647154441327721997e+03
-3.699154441327721997e+03
-3.569821107994388512e+03
-3.538321107994388512e+03
-3.587154441327721997e+03
-3.740487774661055482e+03
-3.636987774661055482e+03
-3.564321107994388512e+03
-3.494821107994388512e+03
-3.638821107994388512e+03
-3.646987774661055482e+03
-3.694654441327721997e+03
-3.672321107994388512e+03
-3.726821107994388512e+03
-3.655487774661055482e+03
-3.624987774661055482e+03
-3.562821107994388512e+03
-3.646154441327721997e+03
-3.613987774661055482e+03
-3.664154441327721997e+03
-3.667321107994388512e+03
-3.769487774661055482e+03
-3.697654441327721997e+03
-3.700821107994388512e+03
-3.683154441327721997e+03
-3.767987774661055482e+03
-3.644321107994388512e+03
-3.568987774661055482e+03
-3.528321107994388512e+03
-3.637154441327721997e+03
-3.629154441327721997e+03
-3.651487774661055482e+03
-3.638654441327721997e+03
-3.695987774661055482e+03
-3.619321107994388512e+03
-3.619321107994388512e+03
-3.613821107994388512e+03
-3.702321107994388512e+03
-3.625654441327721997e+03
-3.610654441327721997e+03
-3.562321107994388512e+03
-3.637987774661055482e+03
-3.573487774661055482e+03
-3.584987774661055482e+03
-3.544487774661055482e+03
-3.649821107994388512e+03
-3.595987774661055482e+03
-3.641321107994388512e+03
-3.638321107994388512e+03
-3.773321107994388512e+03
-3.697987774661055482e+03
-3.653487774661055482e+03
-3.569321107994388512e+03
-3.643654441327721997e+03
-3.559654441327721997e+03
-3.556487774661055482e+03
-3.568654441327721997e+03
-3.685487774661055482e+03
-3.620487774661055482e+03
-3.590154441327721997e+03
-3.573821107994388512e+03
-3.669487774661055482e+03
-3.585321107994388512e+03
-3.589321107994388512e+03
-3.581154441327721997e+03
-3.728487774661055482e+03
-3.633154441327721997e+03
-3.570821107994388512e+03
-3.466321107994388512e+03
-3.530987774661055482e+03
-3.508154441327721997e+03
-3.554321107994388512e+03
-3.590321107994388512e+03
-3.711821107994388512e+03
-3.655154441327721997e+03
-3.633821107994388512e+03
-3.595487774661055482e+03
-3.689321107994388512e+03
-3.658487774661055482e+03
-3.650654441327721997e+03
-3.606321107994388512e+03
-3.671321107994388512e+03
-3.626654441327721997e+03
-3.669154441327721997e+03
-3.654654441327721997e+03
-3.705654441327721997e+03
-3.610154441327721997e+03
-3.602154441327721997e+03
-3.553321107994388512e+03
-3.609821107994388512e+03
-3.497987774661055482e+03
-3.483821107994388512e+03
-3.442321107994388512e+03
-3.540154441327721997e+03
-3.530487774661055482e+03
-3.545487774661055482e+03
-3.534154441327721997e+03
-3.595987774661055482e+03
-3.557154441327721997e+03
-3.573987774661055482e+03
-3.531654441327721997e+03
-3.556654441327721997e+03
-3.453987774661055482e+03
-3.482487774661055482e+03
-3.500654441327721997e+03
-3.589654441327721997e+03
-3.504821107994388512e+03
-3.495821107994388512e+03
-3.544487774661055482e+03
-3.674321107994388512e+03
-3.633154441327721997e+03
-3.589821107994388512e+03
-3.557154441327721997e+03
-3.635821107994388512e+03
-3.603321107994388512e+03
-3.625821107994388512e+03
-3.619987774661055482e+03
-3.689154441327721997e+03
-3.615821107994388512e+03
-3.585487774661055482e+03
-3.531821107994388512e+03
-3.601987774661055482e+03
-3.538654441327721997e+03
-3.506321107994388512e+03
-3.441821107994388512e+03
-3.527987774661055482e+03
-3.506154441327721997e+03
-3.518321107994388512e+03
-3.482654441327721997e+03
-3.536654441327721997e+03
-3.479487774661055482e+03
-3.487487774661055482e+03
-3.457487774661055482e+03
-3.506821107994388512e+03
-3.413987774661055482e+03
-3.449654441327721997e+03
-3.480154441327721997e+03
-3.606487774661055482e+03
-3.536487774661055482e+03
-3.463154441327721997e+03
-3.364987774661055482e+03
-3.410987774661055482e+03
-3.388821107994388512e+03
-3.457654441327721997e+03
-3.436987774661055482e+03
-3.534987774661055482e+03
-3.498487774661055482e+03
-3.523321107994388512e+03
-3.464821107994388512e+03
-3.488987774661055482e+03
-3.412987774661055482e+03
-3.428154441327721997e+03
-3.408321107994388512e+03
-3.541487774661055482e+03
-3.532821107994388512e+03
-3.528987774661055482e+03
-3.433321107994388512e+03
-3.434654441327721997e+03
-3.376154441327721997e+03
-3.401821107994388512e+03
-3.358654441327721997e+03
-3.438821107994388512e+03
-3.369654441327721997e+03
-3.421987774661055482e+03
-3.384321107994388512e+03
-3.477487774661055482e+03
-3.407321107994388512e+03
-3.430154441327721997e+03
-3.353821107994388512e+03
-3.385821107994388512e+03
-3.316487774661055482e+03
-3.357821107994388512e+03
-3.362987774661055482e+03
-3.439487774661055482e+03
-3.346987774661055482e+03
-3.329821107994388512e+03
-3.256654441327721997e+03
-3.358654441327721997e+03
-3.315154441327721997e+03
-3.308487774661055482e+03
-3.180987774661055482e+03
-3.201821107994388512e+03
-3.154321107994388512e+03
-3.225487774661055482e+03
-3.229487774661055482e+03
-3.349487774661055482e+03
-3.350321107994388512e+03
-3.385321107994388512e+03
-3.377321107994388512e+03
-3.366821107994388512e+03
-3.258487774661055482e+03
-3.223821107994388512e+03
-3.225487774661055482e+03
-3.351487774661055482e+03
-3.315154441327721997e+03
-3.311654441327721997e+03
-3.223821107994388512e+03
-3.263821107994388512e+03
-3.185487774661055482e+03
-3.221821107994388512e+03
-3.213321107994388512e+03
-3.279487774661055482e+03
-3.166987774661055482e+03
-3.104821107994388512e+03
-3.114154441327721997e+03
-3.226654441327721997e+03
-3.196154441327721997e+03
-3.122821107994388512e+03
-3.094487774661055482e+03
-3.172987774661055482e+03
-3.139321107994388512e+03
-3.119487774661055482e+03
-3.061487774661055482e+03
-3.164987774661055482e+03
-3.112821107994388512e+03
-3.101487774661055482e+03
-3.055987774661055482e+03
-3.098821107994388512e+03
-3.074654441327721997e+03
-3.046654441327721997e+03
-3.014821107994388512e+03
-3.094654441327721997e+03
-3.107487774661055482e+03
-3.139654441327721997e+03
-3.091821107994388512e+03
-3.118654441327721997e+03
-3.093654441327721997e+03
-3.074321107994388512e+03
-2.999487774661055482e+03
-3.030821107994388512e+03
-2.947487774661055482e+03
-2.927154441327721997e+03
-2.862321107994388512e+03
-2.978487774661055482e+03
-3.003654441327721997e+03
-3.058321107994388512e+03
-3.031654441327721997e+03
-3.094321107994388512e+03
-2.984654441327721997e+03
-2.887154441327721997e+03
-2.841321107994388512e+03
-2.983654441327721997e+03
-3.049487774661055482e+03
-3.040487774661055482e+03
-2.940487774661055482e+03
-2.954987774661055482e+03
-2.904654441327721997e+03
-2.919321107994388512e+03
-2.862821107994388512e+03
-2.871654441327721997e+03
-2.799654441327721997e+03
-2.812487774661055482e+03
-2.784487774661055482e+03
-2.839154441327721997e+03
-2.764821107994388512e+03
-2.779154441327721997e+03
-2.774321107994388512e+03
-2.849654441327721997e+03
-2.797487774661055482e+03
-2.736154441327721997e+03
-2.737154441327721997e+03
-2.833654441327721997e+03
-2.825154441327721997e+03
-2.779487774661055482e+03
-2.709154441327721997e+03
-2.767154441327721997e+03
-2.697987774661055482e+03
-2.663821107994388512e+03
-2.565821107994388512e+03
-2.648987774661055482e+03
-2.632154441327721997e+03
-2.668321107994388512e+03
-2.658487774661055482e+03
-2.722154441327721997e+03
-2.652154441327721997e+03
-2.633321107994388512e+03
-2.609987774661055482e+03
-2.720987774661055482e+03
-2.671987774661055482e+03
-2.672154441327721997e+03
-2.629154441327721997e+03
-2.704487774661055482e+03
-2.632321107994388512e+03
-2.597154441327721997e+03
-2.508487774661055482e+03
-2.557154441327721997e+03
-2.540487774661055482e+03
-2.561487774661055482e+03
-2.513987774661055482e+03
-2.546987774661055482e+03
-2.434487774661055482e+03
-2.418487774661055482e+03
-2.363154441327721997e+03
-2.456987774661055482e+03
-2.422487774661055482e+03
-2.437654441327721997e+03
-2.431821107994388512e+03
-2.489821107994388512e+03
-2.454821107994388512e+03
-2.451154441327721997e+03
-2.427321107994388512e+03
-2.479321107994388512e+03
-2.370321107994388512e+03
-2.365487774661055482e+03
-2.328487774661055482e+03
-2.415654441327721997e+03
-2.332321107994388512e+03
-2.332654441327721997e+03
-2.322321107994388967e+03
-2.408654441327721997e+03
-2.330154441327721997e+03
-2.296154441327721997e+03
-2.259154441327722452e+03
-2.327821107994388512e+03
-2.246654441327721997e+03
-2.197154441327721997e+03
-2.111987774661055482e+03
-2.192987774661055482e+03
-2.124154441327722452e+03
-2.150321107994388512e+03
-2.186987774661055482e+03
-2.322154441327721997e+03
-2.242987774661055482e+03
-2.160487774661055482e+03
-2.123821107994388967e+03
-2.197821107994388967e+03
-2.124987774661055482e+03
-2.052821107994388512e+03
-1.995987774661055482e+03
-2.024154441327722452e+03
-1.938154441327722452e+03
-1.924154441327721997e+03
-1.924321107994388967e+03
-2.041987774661055482e+03
-2.005487774661055482e+03
-1.986154441327721997e+03
-1.940154441327721997e+03
-2.005987774661055482e+03
-1.938487774661055482e+03
-1.904321107994388512e+03
-1.854654441327722452e+03
-1.913154441327721997e+03
-1.823654441327722452e+03
-1.755321107994388967e+03
-1.713987774661055482e+03
-1.834321107994388512e+03
-1.823821107994388967e+03
-1.832821107994388512e+03
-1.751821107994388512e+03
-1.784821107994388967e+03
-1.685321107994388512e+03
-1.670821107994388512e+03
-1.638487774661055482e+03
-1.676321107994388512e+03
-1.588654441327721997e+03
-1.584987774661055482e+03
-1.565821107994388967e+03
-1.638654441327722452e+03
-1.505487774661055482e+03
-1.494487774661055482e+03
-1.491321107994388512e+03
-1.602154441327721997e+03
-1.506321107994388512e+03
-1.456321107994388512e+03
-1.404821107994388512e+03
-1.503487774661055482e+03
-1.443654441327722452e+03
-1.439487774661055482e+03
-1.376654441327721997e+03
-1.440821107994388967e+03
-1.339821107994388967e+03
-1.318654441327722452e+03
-1.258487774661055482e+03
-1.338654441327721997e+03
-1.278821107994388967e+03
-1.249654441327721997e+03
-1.189821107994388512e+03
-1.223154441327722452e+03
-1.159987774661055482e+03
-1.177987774661055482e+03
-1.142654441327722452e+03
-1.168987774661055482e+03
-1.064987774661055482e+03
-1.090487774661055482e+03
-1.120154441327722452e+03
-1.210321107994388967e+03
-1.089821107994388512e+03
-1.038654441327722452e+03
-1.054154441327722452e+03
-1.155987774661055482e+03
-1.075654441327722452e+03
-9.746544413277224521e+02
-9.091544413277224521e+02
-9.726544413277224521e+02
-8.899877746610554823e+02
-8.699877746610554823e+02
-8.579877746610554823e+02
-9.294877746610554823e+02
-8.393211079943885125e+02
-7.913211079943885125e+02
-7.461544413277224521e+02
-8.238211079943885125e+02
-7.431544413277224521e+02
-7.041544413277224521e+02
-6.989877746610554823e+02
-8.336544413277224521e+02
-8.711544413277224521e+02
-8.033211079943885125e+02
-6.433211079943885125e+02
-6.311544413277224521e+02
-5.416544413277224521e+02
-5.453211079943885125e+02
-5.216544413277224521e+02
-6.438211079943885125e+02
-5.801544413277224521e+02
-5.121544413277224521e+02
-4.426544413277224521e+02
-5.386544413277224521e+02
-4.999877746610554823e+02
-4.704877746610554823e+02
-4.151544413277224521e+02
-4.611544413277224521e+02
-3.408211079943885125e+02
-2.818211079943885125e+02
-2.048211079943885125e+02
-3.074877746610554823e+02
-2.699877746610554823e+02
-2.676544413277224521e+02
-2.051544413277224521e+02
-2.261544413277224521e+02
-1.174877746610554823e+02
-6.598777466105548228e+01
-3.248777466105548228e+01
-1.434877746610554823e+02
-1.081544413277224521e+02
-1.083211079943885125e+02
-7.282110799438851245e+01
-1.293211079943885125e+02
-6.348777466105548228e+01
1.345558672277547885e+00
3.001222533894451772e+01
-1.582110799438851245e+01
4.951222533894451772e+01
1.106788920056114875e+02
2.058455586722775479e+02
1.570122253389445177e+02
1.625122253389445177e+02
1.011788920056114875e+02
7.067889200561148755e+01
2.984555867227754788e+01
1.270122253389445177e+02
1.855122253389445177e+02
2.066788920056114875e+02
1.061788920056114875e+02
1.675122253389445177e+02
2.285122253389445177e+02
2.695122253389445177e+02
1.780122253389445177e+02
1.796788920056114875e+02
2.360122253389445177e+02
2.768455586722775479e+02
2.321788920056114875e+02
2.756788920056114875e+02
3.135122253389445177e+02
3.173455586722775479e+02
2.663455586722775479e+02
3.523455586722775479e+02
4.525122253389445177e+02
5.166788920056114875e+02
5.195122253389445177e+02
5.913455586722775479e+02
5.541788920056114875e+02
4.533455586722775479e+02
3.471788920056114875e+02
4.636788920056114875e+02
5.040122253389445177e+02
5.341788920056114875e+02
4.403455586722775479e+02
5.553455586722775479e+02
5.610122253389445177e+02
5.581788920056114875e+02
4.451788920056114875e+02
5.691788920056114875e+02
6.636788920056114875e+02
7.853455586722775479e+02
7.331788920056114875e+02
8.601788920056114875e+02
8.801788920056105781e+02
8.928455586722775479e+02
7.125122253389445177e+02
7.733455586722775479e+02
8.138455586722775479e+02
9.640122253389445177e+02
9.498455586722775479e+02
1.073345558672277548e+03
1.053845558672277548e+03
1.029845558672277548e+03
9.300122253389445177e+02
1.042845558672277548e+03
1.138678892005610578e+03
1.215178892005611488e+03
1.238012225338944518e+03
1.379678892005611488e+03
1.467512225338944518e+03
1.467512225338944518e+03
1.389012225338944518e+03
1.448012225338944518e+03
1.474845558672277548e+03
1.506178892005610578e+03
1.491678892005610578e+03
1.638178892005610578e+03
1.795512225338943608e+03
1.883678892005611488e+03
1.797678892005610578e+03
1.809178892005611488e+03
1.845178892005611488e+03
1.972345558672277548e+03
2.023512225338944518e+03
2.157512225338944518e+03
2.180678892005611488e+03
2.135178892005610578e+03
2.069512225338944518e+03
2.195345558672277548e+03
2.324345558672277548e+03
2.369512225338944518e+03
2.359845558672277548e+03
2.377845558672277548e+03
2.422178892005610578e+03
2.465678892005610578e+03
2.469678892005610578e+03
2.561512225338943608e+03
2.612178892005611488e+03
2.698178892005610578e+03
2.733012225338944518e+03
2.812345558672277548e+03
2.853678892005611488e+03
2.896678892005611488e+03
2.887178892005610578e+03
2.983845558672277548e+03
2.998345558672277548e+03
3.043012225338943608e+03
2.993178892005611488e+03
3.078012225338943608e+03
3.137345558672277548e+03
3.226512225338943608e+03
3.237845558672277548e+03
3.337178892005611488e+03
3.365845558672277548e+03
3.420178892005611488e+03
3.381845558672277548e+03
3.537512225338943608e+03
3.661178892005611488e+03
3.801678892005611488e+03
3.759678892005611488e+03
3.833012225338943608e+03
3.845012225338943608e+03
3.916845558672277548e+03
3.896678892005611488e+03
3.996512225338943608e+03
4.006012225338943608e+03
4.015678892005611488e+03
3.990178892005611488e+03
4.123012225338943608e+03
4.207845558672277548e+03
4.293512225338943608e+03
4.358512225338943608e+03
4.516345558672277548e+03
4.539845558672277548e+03
4.544512225338943608e+03
4.482678892005611488e+03
4.644845558672277548e+03
4.733178892005611488e+03
4.822845558672277548e+03
4.813178892005611488e+03
4.917845558672277548e+03
5.028012225338943608e+03
5.077678892005611488e+03
5.031678892005611488e+03
5.051512225338943608e+03
5.076345558672277548e+03
5.141178892005611488e+03
5.185512225338943608e+03
5.384678892005611488e+03
5.536345558672277548e+03
5.630178892005611488e+03
5.589845558672277548e+03
5.674345558672277548e+03
5.816345558672277548e+03
5.988845558672277548e+03
6.011512225338943608e+03
6.101678892005611488e+03
6.116845558672277548e+03
6.208678892005611488e+03
6.194012225338943608e+03
6.326678892005611488e+03
6.429512225338943608e+03
6.535512225338943608e+03
6.540178892005611488e+03
6.645345558672277548e+03
6.720012225338943608e+03
6.813512225338943608e+03
6.785345558672277548e+03
6.888178892005611488e+03
6.994512225338943608e+03
7.144512225338943608e+03
7.147178892005611488e+03
7.197512225338943608e+03
7.261178892005611488e+03
7.350845558672277548e+03
7.426512225338943608e+03
7.601345558672277548e+03
7.721512225338943608e+03
7.790345558672275729e+03
7.736178892005611488e+03
7.831178892005609669e+03
7.915512225338943608e+03
8.027678892005609669e+03
8.067012225338943608e+03
8.185678892005611488e+03
8.267345558672275729e+03
8.341178892005611488e+03
8.331678892005611488e+03
8.386845558672277548e+03
8.406845558672275729e+03
8.436345558672275729e+03
8.420845558672277548e+03
8.490178892005609669e+03
8.541512225338943608e+03
8.583178892005609669e+03
8.572845558672275729e+03
8.632678892005611488e+03
8.648178892005609669e+03
8.671512225338943608e+03
8.671845558672275729e+03
8.732345558672277548e+03
8.772845558672277548e+03
8.773345558672275729e+03
8.780845558672277548e+03
8.839345558672277548e+03
8.903512225338943608e+03
8.939845558672277548e+03
8.925345558672277548e+03
8.958845558672277548e+03
8.987678892005611488e+03
9.010845558672275729e+03
9.007012225338943608e+03
9.067845558672277548e+03
9.130012225338943608e+03
9.197012225338943608e+03
9.204012225338943608e+03
9.248012225338943608e+03
9.270678892005611488e+03
9.276345558672275729e+03
9.271678892005611488e+03
9.318012225338943608e+03
9.353512225338943608e+03
9.370345558672277548e+03
9.363178892005611488e+03
9.426512225338943608e+03
9.478512225338943608e+03
9.484845558672275729e+03
9.476178892005611488e+03
9.520345558672275729e+03
9.567845558672275729e+03
9.601512225338943608e+03
9.616845558672277548e+03
9.681345558672275729e+03
9.702512225338943608e+03
9.687012225338943608e+03
9.662512225338943608e+03
9.713845558672277548e+03
9.760678892005611488e+03
9.783512225338943608e+03
9.738512225338943608e+03
9.740345558672275729e+03
9.781845558672277548e+03
9.823678892005611488e+03
9.863512225338943608e+03
9.937012225338943608e+03
1.000501222533894361e+04
1.002134555867227755e+04
1.000484555867227755e+04
1.002251222533894361e+04
1.007317889200560967e+04
1.005784555867227573e+04
1.006534555867227755e+04
1.007567889200561149e+04
1.009384555867227755e+04
1.008734555867227755e+04
1.008117889200561149e+04
1.015567889200561149e+04
1.023384555867227573e+04
1.030767889200560967e+04
1.030101222533894361e+04
1.031167889200561149e+04
1.031967889200560967e+04
1.033501222533894361e+04
1.034051222533894361e+04
1.039001222533894361e+04
1.041151222533894361e+04
1.045617889200560967e+04
1.047384555867227573e+04
1.054101222533894361e+04
1.053284555867227755e+04
1.056001222533894361e+04
1.059601222533894361e+04
1.065484555867227573e+04
1.069451222533894361e+04
1.070084555867227755e+04
1.073101222533894361e+04
1.075184555867227755e+04
1.078484555867227755e+04
1.083634555867227755e+04
1.088117889200561149e+04
1.094151222533894361e+04
1.098351222533894361e+04
1.099384555867227755e+04
1.096284555867227755e+04
1.098734555867227755e+04
1.102667889200561149e+04
1.108184555867227755e+04
1.108201222533894361e+04
1.108201222533894361e+04
1.109934555867227755e+04
1.110267889200561149e+04
1.110267889200561149e+04
1.110267889200561149e+04
1.110267889200561149e+04
1.110267889200561149e+04
1.110267889200561149e+04
1.110267889200561149e+04
1.110267889200561149e+04
1.110267889200561149e+04
1.110267889200561149e+04
1.110267889200561149e+04
1.110267889200561149e+04
1.110267889200561149e+04
1.110267889200561149e+04
1.110267889200561149e+04
1.110267889200561149e+04
1.110267889200561149e+04
1.110267889200561149e+04
1.110267889200561149e+04
1.110267889200561149e+04
1.110267889200561149e+04
1.110267889200561149e+04
1.110267889200561149e+04
1.110267889200561149e+04
1.110267889200561149e+04
1.110267889200561149e+04
1.110267889200561149e+04
1.110267889200561149e+04
1.110267889200561149e+04
1.110267889200561149e+04
1.110267889200561149e+04
1.110267889200561149e+04
1.110267889200561149e+04
1.110267889200561149e+04
1.110267889200561149e+04
1.110267889200561149e+04
1.110267889200561149e+04
1.110267889200561149e+04
1.110267889200561149e+04
1.110267889200561149e+04
1.110267889200561149e+04
1.110267889200561149e+04
1.110267889200561149e+04
1.110267889200561149e+04
1.110267889200561149e+04
1.110267889200561149e+04
1.110267889200561149e+04
1.110267889200561149e+04
1.110267889200561149e+04
1.110267889200561149e+04
1.110267889200561149e+04
1.110267889200561149e+04
1.110267889200561149e+04
1.110267889200561149e+04
1.110267889200561149e+04
1.110267889200561149e+04
1.110267889200561149e+04
1.110267889200561149e+04
1.110267889200561149e+04
1.110267889200561149e+04
1.110267889200561149e+04
1.110267889200561149e+04
1.110267889200561149e+04
1.110267889200561149e+04
1.110267889200561149e+04
1.110267889200561149e+04
1.110267889200561149e+04
1.110267889200561149e+04
1.110267889200561149e+04
1.110267889200561149e+04
1.110267889200561149e+04
1.110267889200561149e+04
1.110267889200561149e+04
1.110267889200561149e+04
1.110267889200561149e+04
1.110267889200561149e+04
1.110267889200561149e+04
1.110267889200561149e+04
1.110267889200561149e+04
1.110267889200561149e+04
1.110267889200561149e+04
1.110267889200561149e+04
1.110267889200561149e+04
1.110267889200561149e+04
1.110267889200561149e+04
1.110267889200561149e+04
1.110267889200561149e+04
1.110267889200561149e+04
1.110267889200561149e+04
1.110267889200561149e+04
1.110267889200561149e+04
1.110267889200561149e+04
1.110267889200561149e+04
1.110267889200561149e+04
1.110267889200561149e+04
1.110267889200561149e+04
1.110267889200561149e+04
1.110267889200561149e+04
1.110267889200561149e+04
1.110267889200561149e+04
1.110267889200561149e+04
1.110267889200561149e+04
1.110267889200561149e+04
1.110267889200561149e+04
1.110267889200561149e+04
1.110267889200561149e+04
1.110267889200561149e+04
1.110267889200561149e+04
1.110267889200561149e+04
1.110267889200561149e+04
1.110267889200561149e+04
1.110267889200561149e+04
1.110267889200561149e+04
1.110267889200561149e+04
1.110267889200561149e+04
1.110267889200561149e+04
1.110267889200561149e+04
1.110267889200561149e+04
1.110267889200561149e+04
1.110267889200561149e+04
1.110267889200561149e+04
1.110267889200561149e+04
1.110267889200561149e+04
1.110267889200561149e+04
1.110267889200561149e+04
1.110267889200561149e+04
1.110267889200561149e+04
1.110267889200561149e+04
1.110267889200561149e+04
1.110267889200561149e+04
1.110267889200561149e+04
1.110267889200561149e+04
1.110267889200561149e+04
1.110267889200561149e+04
1.110267889200561149e+04
1.110267889200561149e+04
1.110267889200561149e+04
1.110267889200561149e+04
1.110267889200561149e+04
1.110267889200561149e+04
1.110267889200561149e+04
1.110267889200561149e+04
1.110267889200561149e+04
1.110267889200561149e+04
1.110267889200561149e+04
1.110267889200561149e+04
1.110267889200561149e+04
1.110267889200561149e+04
1.110267889200561149e+04
1.110267889200561149e+04
1.110267889200561149e+04
1.110267889200561149e+04
1.110267889200561149e+04
1.110267889200561149e+04
1.110267889200561149e+04
1.110267889200561149e+04
1.110267889200561149e+04
1.110267889200561149e+04
1.110267889200561149e+04
1.110267889200561149e+04
1.110267889200561149e+04
1.110267889200561149e+04
1.110267889200561149e+04
1.110267889200561149e+04
1.110267889200561149e+04
1.110267889200561149e+04
1.110267889200561149e+04
1.110267889200561149e+04
1.110267889200561149e+04
1.110267889200561149e+04
1.110267889200561149e+04
1.110267889200561149e+04
1.110267889200561149e+04
1.110267889200561149e+04
1.110267889200561149e+04
1.110267889200561149e+04
1.110267889200561149e+04
1.110267889200561149e+04
1.110267889200561149e+04
1.110267889200561149e+04
1.110267889200561149e+04
1.110267889200561149e+04
1.110267889200561149e+04
1.110267889200561149e+04
1.110267889200561149e+04
1.110267889200561149e+04
1.110267889200561149e+04
1.110267889200561149e+04
1.110267889200561149e+04
1.110267889200561149e+04
1.110267889200561149e+04
1.110267889200561149e+04
1.110267889200561149e+04
1.110267889200561149e+04
1.110267889200561149e+04
1.110267889200561149e+04
1.110267889200561149e+04
1.110267889200561149e+04
1.110267889200561149e+04
1.110267889200561149e+04
1.110267889200561149e+04
1.110267889200561149e+04
1.110267889200561149e+04
1.110267889200561149e+04
1.110267889200561149e+04
1.110267889200561149e+04
1.110267889200561149e+04
1.110267889200561149e+04
1.110267889200561149e+04
1.110267889200561149e+04
1.110267889200561149e+04
1.110267889200561149e+04
1.110267889200561149e+04
1.110267889200561149e+04
1.110267889200561149e+04
1.110267889200561149e+04
1.110267889200561149e+04
1.110267889200561149e+04
1.110267889200561149e+04
1.110267889200561149e+04
1.110267889200561149e+04
1.110267889200561149e+04
1.110267889200561149e+04
1.110267889200561149e+04
1.110267889200561149e+04
1.110267889200561149e+04
1.110267889200561149e+04
1.110267889200561149e+04
1.110267889200561149e+04
1.110267889200561149e+04
1.110267889200561149e+04
1.110267889200561149e+04
1.110267889200561149e+04
1.110267889200561149e+04
1.110267889200561149e+04
1.110267889200561149e+04
1.110267889200561149e+04
1.110267889200561149e+04
1.110267889200561149e+04
1.110267889200561149e+04
1.110267889200561149e+04
1.110267889200561149e+04
1.110267889200561149e+04
1.110267889200561149e+04
1.110267889200561149e+04
1.110267889200561149e+04
1.110267889200561149e+04
1.110267889200561149e+04
1.110267889200561149e+04
1.110267889200561149e+04
1.110267889200561149e+04
1.110267889200561149e+04
1.110267889200561149e+04
1.110267889200561149e+04
1.110267889200561149e+04
1.110267889200561149e+04
1.110267889200561149e+04
1.110267889200561149e+04
1.110267889200561149e+04
1.110267889200561149e+04
1.110267889200561149e+04
1.110267889200561149e+04
1.110267889200561149e+04
1.110267889200561149e+04
1.110267889200561149e+04
1.110267889200561149e+04
1.110267889200561149e+04
1.110267889200561149e+04
1.110267889200561149e+04
1.110267889200561149e+04
1.110267889200561149e+04
1.110267889200561149e+04
1.110267889200561149e+04
1.110267889200561149e+04
1.110267889200561149e+04
1.110267889200561149e+04
1.110267889200561149e+04
1.110267889200561149e+04
1.110267889200561149e+04
1.110267889200561149e+04
1.110267889200561149e+04
1.110267889200561149e+04
1.110267889200561149e+04
1.110267889200561149e+04
1.110267889200561149e+04
1.110267889200561149e+04
1.110267889200561149e+04
1.110267889200561149e+04
1.110267889200561149e+04
1.110267889200561149e+04
1.110267889200561149e+04
1.110267889200561149e+04
1.110267889200561149e+04
1.110267889200561149e+04
1.110267889200561149e+04
1.110267889200561149e+04
1.110267889200561149e+04
1.110267889200561149e+04
1.110267889200561149e+04
1.110267889200561149e+04
1.110267889200561149e+04
1.110267889200561149e+04
1.110267889200561149e+04
1.110267889200561149e+04
1.110267889200561149e+04
1.110267889200561149e+04
1.110267889200561149e+04
1.110267889200561149e+04
1.110267889200561149e+04
1.110267889200561149e+04
1.110267889200561149e+04
1.110267889200561149e+04
1.110267889200561149e+04
1.110267889200561149e+04
1.110267889200561149e+04
1.110267889200561149e+04
1.110267889200561149e+04
1.110267889200561149e+04
1.110267889200561149e+04
1.110267889200561149e+04
1.110267889200561149e+04
1.110267889200561149e+04
1.110267889200561149e+04
1.110267889200561149e+04
1.110267889200561149e+04
1.110267889200561149e+04
1.110267889200561149e+04
1.110267889200561149e+04
1.110267889200561149e+04
1.110267889200561149e+04
1.110267889200561149e+04
1.110267889200561149e+04
1.110267889200561149e+04
1.110267889200561149e+04
1.110267889200561149e+04
1.110267889200561149e+04
1.110267889200561149e+04
1.110267889200561149e+04
1.110267889200561149e+04
1.110267889200561149e+04
1.110267889200561149e+04
1.110267889200561149e+04
1.110267889200561149e+04
1.110267889200561149e+04
1.110267889200561149e+04
1.110267889200561149e+04
1.110267889200561149e+04
1.110267889200561149e+04
1.110267889200561149e+04
1.110267889200561149e+04
1.110267889200561149e+04
1.110267889200561149e+04
1.110267889200561149e+04
1.110267889200561149e+04
1.110267889200561149e+04
1.110267889200561149e+04
1.110267889200561149e+04
1.110267889200561149e+04
1.110267889200561149e+04
1.110267889200561149e+04
1.110267889200561149e+04
1.110267889200561149e+04
1.110267889200561149e+04
1.110267889200561149e+04
1.110267889200561149e+04
1.110267889200561149e+04
1.110267889200561149e+04
1.110267889200561149e+04
1.110267889200561149e+04
1.110267889200561149e+04
1.110267889200561149e+04
1.110267889200561149e+04
1.110267889200561149e+04
1.110267889200561149e+04
1.110267889200561149e+04
1.110267889200561149e+04
1.110267889200561149e+04
1.110267889200561149e+04
1.110267889200561149e+04
1.110267889200561149e+04
1.110267889200561149e+04
1.110267889200561149e+04
1.110267889200561149e+04
1.110267889200561149e+04
1.110267889200561149e+04
1.110267889200561149e+04
1.110267889200561149e+04
1.110267889200561149e+04
1.110267889200561149e+04
1.110267889200561149e+04
1.110267889200561149e+04
1.110267889200561149e+04
1.110267889200561149e+04
1.110267889200561149e+04
1.110267889200561149e+04
1.110267889200561149e+04
1.110267889200561149e+04
1.110267889200561149e+04
1.110267889200561149e+04
1.110267889200561149e+04
1.110267889200561149e+04
1.110267889200561149e+04
1.110267889200561149e+04
1.110267889200561149e+04
1.110267889200561149e+04
1.110267889200561149e+04
1.110267889200561149e+04
1.110267889200561149e+04
1.110267889200561149e+04
1.110267889200561149e+04
1.110267889200561149e+04
1.110267889200561149e+04
1.110267889200561149e+04
1.110267889200561149e+04
1.110267889200561149e+04
1.110267889200561149e+04
1.110267889200561149e+04
1.110267889200561149e+04
1.110267889200561149e+04
1.110267889200561149e+04
1.110267889200561149e+04
1.110267889200561149e+04
1.110267889200561149e+04
1.110267889200561149e+04
1.110267889200561149e+04
1.110267889200561149e+04
1.110267889200561149e+04
1.110267889200561149e+04
1.110267889200561149e+04
1.110267889200561149e+04
1.110267889200561149e+04
1.110267889200561149e+04
1.110267889200561149e+04
1.110267889200561149e+04
1.110267889200561149e+04
1.110267889200561149e+04
1.110267889200561149e+04
1.110267889200561149e+04
1.110267889200561149e+04
1.110267889200561149e+04
1.110267889200561149e+04
1.110267889200561149e+04
1.110267889200561149e+04
1.110267889200561149e+04
1.110267889200561149e+04
1.110267889200561149e+04
1.110267889200561149e+04
1.110267889200561149e+04
1.110267889200561149e+04
1.110267889200561149e+04
1.110267889200561149e+04
1.110267889200561149e+04
1.110267889200561149e+04
1.110267889200561149e+04
1.110267889200561149e+04
1.110267889200561149e+04
1.110267889200561149e+04
1.110267889200561149e+04
1.110267889200561149e+04
1.110267889200561149e+04
1.110267889200561149e+04
1.110267889200561149e+04
1.110267889200561149e+04
1.110267889200561149e+04
1.110267889200561149e+04
1.110267889200561149e+04
1.110267889200561149e+04
1.110267889200561149e+04
1.110267889200561149e+04
1.110267889200561149e+04
1.110267889200561149e+04
1.110267889200561149e+04
1.110267889200561149e+04
1.110267889200561149e+04
1.110267889200561149e+04
1.110267889200561149e+04
1.110267889200561149e+04
1.110267889200561149e+04
1.110267889200561149e+04
1.110267889200561149e+04
1.110267889200561149e+04
1.110267889200561149e+04
1.110267889200561149e+04
1.110267889200561149e+04
1.110267889200561149e+04
1.110267889200561149e+04
1.110267889200561149e+04
1.110267889200561149e+04
1.110267889200561149e+04
1.110267889200561149e+04
1.110267889200561149e+04
1.110267889200561149e+04
1.110267889200561149e+04
1.110267889200561149e+04
1.110267889200561149e+04
1.110267889200561149e+04
1.110267889200561149e+04
1.110267889200561149e+04
1.110267889200561149e+04
1.110267889200561149e+04
1.110267889200561149e+04
1.110267889200561149e+04
1.110267889200561149e+04
1.110267889200561149e+04
1.110267889200561149e+04
1.110267889200561149e+04
1.110267889200561149e+04
1.110267889200561149e+04
1.110267889200561149e+04
1.110267889200561149e+04
1.110267889200561149e+04
1.110267889200561149e+04
1.110267889200561149e+04
1.110267889200561149e+04
1.110267889200561149e+04
1.110267889200561149e+04
1.110267889200561149e+04
1.110267889200561149e+04
1.110267889200561149e+04
1.110267889200561149e+04
1.110267889200561149e+04
1.110267889200561149e+04
1.110267889200561149e+04
1.110267889200561149e+04
1.110267889200561149e+04
1.110267889200561149e+04
1.110267889200561149e+04
1.110267889200561149e+04
1.110267889200561149e+04
1.110267889200561149e+04
1.110267889200561149e+04
1.110267889200561149e+04
1.110267889200561149e+04
1.110267889200561149e+04
1.110267889200561149e+04
1.110267889200561149e+04
1.110267889200561149e+04
1.110267889200561149e+04
1.110267889200561149e+04
1.110267889200561149e+04
1.110267889200561149e+04
1.110267889200561149e+04
1.110267889200561149e+04
1.110267889200561149e+04
1.110267889200561149e+04
1.110267889200561149e+04
1.110267889200561149e+04
1.110267889200561149e+04
1.110267889200561149e+04
1.110267889200561149e+04
1.110267889200561149e+04
1.110267889200561149e+04
1.110267889200561149e+04
1.110267889200561149e+04
1.110267889200561149e+04
1.110267889200561149e+04
1.110267889200561149e+04
1.110267889200561149e+04
1.110267889200561149e+04
1.110267889200561149e+04
1.110267889200561149e+04
1.110267889200561149e+04
1.110267889200561149e+04
1.110267889200561149e+04
1.110267889200561149e+04
1.110267889200561149e+04
1.110267889200561149e+04
1.110267889200561149e+04
1.110267889200561149e+04
1.110267889200561149e+04
1.110267889200561149e+04
1.110267889200561149e+04
1.110267889200561149e+04
1.110267889200561149e+04
1.110267889200561149e+04
1.110267889200561149e+04
1.110267889200561149e+04
1.110267889200561149e+04
1.110267889200561149e+04
1.110267889200561149e+04
1.110267889200561149e+04
1.110267889200561149e+04
1.110267889200561149e+04
1.110267889200561149e+04
1.110267889200561149e+04
1.110267889200561149e+04
1.110267889200561149e+04
1.110267889200561149e+04
1.110267889200561149e+04
1.110267889200561149e+04
1.110267889200561149e+04
1.110267889200561149e+04
1.110267889200561149e+04
1.110267889200561149e+04
1.110267889200561149e+04
1.110267889200561149e+04
1.110267889200561149e+04
1.110267889200561149e+04
1.110267889200561149e+04
1.110267889200561149e+04
1.110267889200561149e+04
1.110267889200561149e+04
1.110267889200561149e+04
1.110267889200561149e+04
1.110267889200561149e+04
1.110267889200561149e+04
1.110267889200561149e+04
1.110267889200561149e+04
1.110267889200561149e+04
1.110267889200561149e+04
1.110267889200561149e+04
1.110267889200561149e+04
1.110267889200561149e+04
1.110267889200561149e+04
1.110267889200561149e+04
1.110267889200561149e+04
1.110267889200561149e+04
1.110267889200561149e+04
1.110267889200561149e+04
1.110267889200561149e+04
1.110267889200561149e+04
1.110267889200561149e+04
1.110267889200561149e+04
1.110267889200561149e+04
1.110267889200561149e+04
1.110267889200561149e+04
1.110267889200561149e+04
1.110267889200561149e+04
1.110267889200561149e+04
1.110267889200561149e+04
1.110267889200561149e+04
1.110267889200561149e+04
1.110267889200561149e+04
1.110267889200561149e+04
1.110267889200561149e+04
1.110267889200561149e+04
1.110267889200561149e+04
1.110267889200561149e+04
1.110267889200561149e+04
1.110267889200561149e+04
1.110267889200561149e+04
1.110267889200561149e+04
1.110267889200561149e+04
1.110267889200561149e+04
1.110267889200561149e+04
1.110267889200561149e+04
1.110267889200561149e+04
1.110267889200561149e+04
1.110267889200561149e+04
1.110267889200561149e+04
1.110267889200561149e+04
1.110267889200561149e+04
1.110267889200561149e+04
1.110267889200561149e+04
1.110267889200561149e+04
1.110267889200561149e+04
1.110267889200561149e+04
1.110267889200561149e+04
1.110267889200561149e+04
1.110267889200561149e+04
1.110267889200561149e+04
1.110267889200561149e+04
1.110267889200561149e+04
1.110267889200561149e+04
1.110267889200561149e+04
1.110267889200561149e+04
1.110267889200561149e+04
1.110267889200561149e+04
1.110267889200561149e+04
1.110267889200561149e+04
1.110267889200561149e+04
1.110267889200561149e+04
1.110267889200561149e+04
1.110267889200561149e+04
1.110267889200561149e+04
1.110267889200561149e+04
1.110267889200561149e+04
1.110267889200561149e+04
1.110267889200561149e+04
1.110267889200561149e+04
1.110267889200561149e+04
1.110267889200561149e+04
1.110267889200561149e+04
1.110267889200561149e+04
1.110267889200561149e+04
1.110267889200561149e+04
1.110267889200561149e+04
1.110267889200561149e+04
1.110267889200561149e+04
1.110267889200561149e+04
1.110267889200561149e+04
1.110267889200561149e+04
1.110267889200561149e+04
1.110267889200561149e+04
1.110267889200561149e+04
1.110267889200561149e+04
1.110267889200561149e+04
1.110267889200561149e+04
1.110267889200561149e+04
1.110267889200561149e+04
1.110267889200561149e+04
1.110267889200561149e+04
1.110267889200561149e+04
1.110267889200561149e+04
1.110267889200561149e+04
1.110267889200561149e+04
1.110267889200561149e+04
1.110267889200561149e+04
1.110267889200561149e+04
1.110267889200561149e+04
1.110267889200561149e+04
1.110267889200561149e+04
1.110267889200561149e+04
1.110267889200561149e+04
1.110267889200561149e+04
1.110267889200561149e+04
1.110267889200561149e+04
1.110267889200561149e+04
1.110267889200561149e+04
1.110267889200561149e+04
1.110267889200561149e+04
1.110267889200561149e+04
1.110267889200561149e+04
1.110267889200561149e+04
1.110267889200561149e+04
1.110267889200561149e+04
1.110267889200561149e+04
1.110267889200561149e+04
1.110267889200561149e+04
1.110267889200561149e+04
1.110267889200561149e+04
1.110267889200561149e+04
1.110267889200561149e+04
1.110267889200561149e+04
1.110267889200561149e+04
1.110267889200561149e+04
1.110267889200561149e+04
1.110267889200561149e+04
1.110267889200561149e+04
1.110267889200561149e+04
1.110267889200561149e+04
1.110267889200561149e+04
1.110267889200561149e+04
1.110267889200561149e+04
1.110267889200561149e+04
1.110267889200561149e+04
1.110267889200561149e+04
1.110267889200561149e+04
1.110267889200561149e+04
1.110267889200561149e+04
1.110267889200561149e+04
1.110267889200561149e+04
1.110267889200561149e+04
1.110267889200561149e+04
1.110267889200561149e+04
1.110267889200561149e+04
1.110267889200561149e+04
1.110267889200561149e+04
1.110267889200561149e+04
1.110267889200561149e+04
1.110267889200561149e+04
1.110267889200561149e+04
1.110267889200561149e+04
1.110267889200561149e+04
1.110267889200561149e+04
1.110267889200561149e+04
1.110267889200561149e+04
1.110267889200561149e+04
1.110267889200561149e+04
1.110267889200561149e+04
1.110267889200561149e+04
1.110267889200561149e+04
1.110267889200561149e+04
1.110267889200561149e+04
1.110267889200561149e+04
1.110267889200561149e+04
1.110267889200561149e+04
1.110267889200561149e+04
1.110267889200561149e+04
1.110267889200561149e+04
1.110267889200561149e+04
1.110267889200561149e+04
1.110267889200561149e+04
1.110267889200561149e+04
1.110267889200561149e+04
1.110267889200561149e+04
1.110267889200561149e+04
1.110267889200561149e+04
1.110267889200561149e+04
1.110267889200561149e+04
1.110267889200561149e+04
1.110267889200561149e+04
1.110267889200561149e+04
1.110267889200561149e+04
1.110267889200561149e+04
1.110267889200561149e+04
1.110267889200561149e+04
1.110267889200561149e+04
1.110267889200561149e+04
1.110267889200561149e+04
1.110267889200561149e+04
1.110267889200561149e+04
1.110267889200561149e+04
1.110267889200561149e+04
1.110267889200561149e+04
1.110267889200561149e+04
1.110267889200561149e+04
1.110267889200561149e+04
1.110267889200561149e+04
1.110267889200561149e+04
1.110267889200561149e+04
1.110267889200561149e+04
1.110267889200561149e+04
1.110267889200561149e+04
1.110267889200561149e+04
1.110267889200561149e+04
1.110267889200561149e+04
1.110267889200561149e+04
1.110267889200561149e+04
1.110267889200561149e+04
1.110267889200561149e+04
1.110267889200561149e+04
1.110267889200561149e+04
1.110267889200561149e+04
1.110267889200561149e+04
1.110267889200561149e+04
1.110267889200561149e+04
1.110267889200561149e+04
1.110267889200561149e+04
1.110267889200561149e+04
1.110267889200561149e+04
1.110267889200561149e+04
1.110267889200561149e+04
1.110267889200561149e+04
1.110267889200561149e+04
1.110267889200561149e+04
1.110267889200561149e+04
1.110267889200561149e+04
1.110267889200561149e+04
1.110267889200561149e+04
1.110267889200561149e+04
1.110267889200561149e+04
1.110267889200561149e+04
1.110267889200561149e+04
1.110267889200561149e+04
1.110267889200561149e+04
1.110267889200561149e+04
1.110267889200561149e+04
1.110267889200561149e+04
1.110267889200561149e+04
1.110267889200561149e+04
1.110267889200561149e+04
1.110267889200561149e+04
1.110267889200561149e+04
1.110267889200561149e+04
1.110267889200561149e+04
1.110267889200561149e+04
1.110267889200561149e+04
1.110267889200561149e+04
1.110267889200561149e+04
1.110267889200561149e+04
1.110267889200561149e+04
1.110267889200561149e+04
1.110267889200561149e+04
1.110267889200561149e+04
1.110267889200561149e+04
1.110267889200561149e+04
1.110267889200561149e+04
1.110267889200561149e+04
1.110267889200561149e+04
1.110267889200561149e+04
1.110267889200561149e+04
1.110267889200561149e+04
1.110267889200561149e+04
1.110267889200561149e+04
1.110267889200561149e+04
1.110267889200561149e+04
1.110267889200561149e+04
1.110267889200561149e+04
1.110267889200561149e+04
1.110267889200561149e+04
1.110267889200561149e+04
1.110267889200561149e+04
1.110267889200561149e+04
1.110267889200561149e+04
1.110267889200561149e+04
1.110267889200561149e+04
1.110267889200561149e+04
1.110267889200561149e+04
1.110267889200561149e+04
1.110267889200561149e+04
1.110267889200561149e+04
1.110267889200561149e+04
1.110267889200561149e+04
1.110267889200561149e+04
1.110267889200561149e+04
1.110267889200561149e+04
1.110267889200561149e+04
1.110267889200561149e+04
1.110267889200561149e+04
1.110267889200561149e+04
1.110267889200561149e+04
1.110267889200561149e+04
1.110267889200561149e+04
1.110267889200561149e+04
1.110267889200561149e+04
1.110267889200561149e+04
1.110267889200561149e+04
1.110267889200561149e+04
1.110267889200561149e+04
1.110267889200561149e+04
1.110267889200561149e+04
1.110267889200561149e+04
1.110267889200561149e+04
1.110267889200561149e+04
1.110267889200561149e+04
1.110267889200561149e+04
1.110267889200561149e+04
1.110267889200561149e+04
1.110267889200561149e+04
1.110267889200561149e+04
1.110267889200561149e+04
1.110267889200561149e+04
1.110267889200561149e+04
1.110267889200561149e+04
1.110267889200561149e+04
1.110267889200561149e+04
1.110267889200561149e+04
1.110267889200561149e+04
1.110267889200561149e+04
1.110267889200561149e+04
1.110267889200561149e+04
1.110267889200561149e+04
1.110267889200561149e+04
1.110267889200561149e+04
1.110267889200561149e+04
1.110267889200561149e+04
1.110267889200561149e+04
1.110267889200561149e+04
1.110267889200561149e+04
1.110267889200561149e+04
1.110267889200561149e+04
1.110267889200561149e+04
1.110267889200561149e+04
1.110267889200561149e+04
1.110267889200561149e+04
1.110267889200561149e+04
1.110267889200561149e+04
1.110267889200561149e+04
1.110267889200561149e+04
1.110267889200561149e+04
1.110267889200561149e+04
1.110267889200561149e+04
1.110267889200561149e+04
1.110267889200561149e+04
1.110267889200561149e+04
1.110267889200561149e+04
1.110267889200561149e+04
1.110267889200561149e+04
1.110267889200561149e+04
1.110267889200561149e+04
1.110267889200561149e+04
1.110267889200561149e+04
1.110267889200561149e+04
1.110267889200561149e+04
1.110267889200561149e+04
1.110267889200561149e+04
1.110267889200561149e+04
1.110267889200561149e+04
1.110267889200561149e+04
1.110267889200561149e+04
1.110267889200561149e+04
1.110267889200561149e+04
1.110267889200561149e+04
1.110267889200561149e+04
1.110267889200561149e+04
1.110267889200561149e+04
1.110267889200561149e+04
1.110267889200561149e+04
1.110267889200561149e+04
1.110267889200561149e+04
1.110267889200561149e+04
1.110267889200561149e+04
1.110267889200561149e+04
1.110267889200561149e+04
1.110267889200561149e+04
1.110267889200561149e+04
1.110267889200561149e+04
1.110267889200561149e+04
1.110267889200561149e+04
1.110267889200561149e+04
1.110267889200561149e+04
1.110267889200561149e+04
1.110267889200561149e+04
1.110267889200561149e+04
1.110267889200561149e+04
1.110267889200561149e+04
1.110267889200561149e+04
1.110267889200561149e+04
1.110267889200561149e+04
1.110267889200561149e+04
1.110267889200561149e+04
1.110267889200561149e+04
1.110267889200561149e+04
1.110267889200561149e+04
1.110267889200561149e+04
1.110267889200561149e+04
1.110267889200561149e+04
1.110267889200561149e+04
1.110267889200561149e+04
1.110267889200561149e+04
1.110267889200561149e+04
1.110267889200561149e+04
1.110267889200561149e+04
1.110267889200561149e+04
1.110267889200561149e+04
1.110267889200561149e+04
1.110267889200561149e+04
1.110267889200561149e+04
1.110267889200561149e+04
1.110267889200561149e+04
1.110267889200561149e+04
1.110267889200561149e+04
1.110267889200561149e+04
1.110267889200561149e+04
1.110267889200561149e+04
1.110267889200561149e+04
1.110267889200561149e+04
1.110267889200561149e+04
1.110267889200561149e+04
1.110267889200561149e+04
1.110267889200561149e+04
1.110267889200561149e+04
1.110267889200561149e+04
1.110267889200561149e+04
1.110267889200561149e+04
1.110267889200561149e+04
1.110267889200561149e+04
1.110267889200561149e+04
1.110267889200561149e+04
1.110267889200561149e+04
1.110267889200561149e+04
1.110267889200561149e+04
1.110267889200561149e+04
1.110267889200561149e+04
1.110267889200561149e+04
1.110267889200561149e+04
1.110267889200561149e+04
1.110267889200561149e+04
1.110267889200561149e+04
1.110267889200561149e+04
1.110267889200561149e+04
1.110267889200561149e+04
1.110267889200561149e+04
1.110267889200561149e+04
1.110267889200561149e+04
1.110267889200561149e+04
1.110267889200561149e+04
1.110267889200561149e+04
1.110267889200561149e+04
1.110267889200561149e+04
1.110267889200561149e+04
1.110267889200561149e+04
1.110267889200561149e+04
1.110267889200561149e+04
1.110267889200561149e+04
1.110267889200561149e+04
1.110267889200561149e+04
1.110267889200561149e+04
1.110267889200561149e+04
1.110267889200561149e+04
1.110267889200561149e+04
1.110267889200561149e+04
1.110267889200561149e+04
1.110267889200561149e+04
1.110267889200561149e+04
1.110267889200561149e+04
1.110267889200561149e+04
1.110267889200561149e+04
1.110267889200561149e+04
1.110267889200561149e+04
1.110267889200561149e+04
1.110267889200561149e+04
1.110267889200561149e+04
1.110267889200561149e+04
1.110267889200561149e+04
1.110267889200561149e+04
1.110267889200561149e+04
1.110267889200561149e+04
1.110267889200561149e+04
1.110267889200561149e+04
1.110267889200561149e+04
1.110267889200561149e+04
1.110267889200561149e+04
1.110267889200561149e+04
1.110267889200561149e+04
1.110267889200561149e+04
1.110267889200561149e+04
1.110267889200561149e+04
1.110267889200561149e+04
1.110267889200561149e+04
1.110267889200561149e+04
1.110267889200561149e+04
1.110267889200561149e+04
1.110267889200561149e+04
1.110267889200561149e+04
1.110267889200561149e+04
1.110267889200561149e+04
1.110267889200561149e+04
1.110267889200561149e+04
1.110267889200561149e+04
1.110267889200561149e+04
1.110267889200561149e+04
1.110267889200561149e+04
1.110267889200561149e+04
1.110267889200561149e+04
1.110267889200561149e+04
1.110267889200561149e+04
1.110267889200561149e+04
1.110267889200561149e+04
1.110267889200561149e+04
1.110267889200561149e+04
1.110267889200561149e+04
1.110267889200561149e+04
1.110267889200561149e+04
1.110267889200561149e+04
1.110267889200561149e+04
1.110267889200561149e+04
1.110267889200561149e+04
1.110267889200561149e+04
1.110267889200561149e+04
1.110267889200561149e+04
1.110267889200561149e+04
1.110267889200561149e+04
1.110267889200561149e+04
1.110267889200561149e+04
1.110267889200561149e+04
1.110267889200561149e+04
1.110267889200561149e+04
1.110267889200561149e+04
1.110267889200561149e+04
1.110267889200561149e+04
1.110267889200561149e+04
1.110267889200561149e+04
1.110267889200561149e+04
1.110267889200561149e+04
1.110267889200561149e+04
1.110267889200561149e+04
1.110267889200561149e+04
1.110267889200561149e+04
1.110267889200561149e+04
1.110267889200561149e+04
1.110267889200561149e+04
1.110267889200561149e+04
1.110267889200561149e+04
1.110267889200561149e+04
1.110267889200561149e+04
1.110267889200561149e+04
1.110267889200561149e+04
1.110267889200561149e+04
1.110267889200561149e+04
1.110267889200561149e+04
1.110267889200561149e+04
1.110267889200561149e+04
1.110267889200561149e+04
1.110267889200561149e+04
1.110267889200561149e+04
1.110267889200561149e+04
1.110267889200561149e+04
1.110267889200561149e+04
1.110267889200561149e+04
1.110267889200561149e+04
1.110267889200561149e+04
1.110267889200561149e+04
1.110267889200561149e+04
1.110267889200561149e+04
1.110267889200561149e+04
1.110267889200561149e+04
1.110267889200561149e+04
1.110267889200561149e+04
1.110267889200561149e+04
1.110267889200561149e+04
1.110267889200561149e+04
1.110267889200561149e+04
1.110267889200561149e+04
1.110267889200561149e+04
1.110267889200561149e+04
1.110267889200561149e+04
1.110267889200561149e+04
1.110267889200561149e+04
1.110267889200561149e+04
1.110267889200561149e+04
1.110267889200561149e+04
1.110267889200561149e+04
1.110267889200561149e+04
1.110267889200561149e+04
1.110267889200561149e+04
1.110267889200561149e+04
1.110267889200561149e+04
1.110267889200561149e+04
1.110267889200561149e+04
1.110267889200561149e+04
1.110267889200561149e+04
1.110267889200561149e+04
1.110267889200561149e+04
1.110267889200561149e+04
1.110267889200561149e+04
1.110267889200561149e+04
1.110267889200561149e+04
1.110267889200561149e+04
1.110267889200561149e+04
1.110267889200561149e+04
1.110267889200561149e+04
1.110267889200561149e+04
1.110267889200561149e+04
1.110267889200561149e+04
1.110267889200561149e+04
1.110267889200561149e+04
1.110267889200561149e+04
1.110267889200561149e+04
1.110267889200561149e+04
1.110267889200561149e+04
1.110267889200561149e+04
1.110267889200561149e+04
1.110267889200561149e+04
1.110267889200561149e+04
1.110267889200561149e+04
1.110267889200561149e+04
1.110267889200561149e+04
1.110267889200561149e+04
1.110267889200561149e+04
1.110267889200561149e+04
1.110267889200561149e+04
1.110267889200561149e+04
1.110267889200561149e+04
1.110267889200561149e+04
1.110267889200561149e+04
1.110267889200561149e+04
1.110267889200561149e+04
1.110267889200561149e+04
1.110267889200561149e+04
1.110267889200561149e+04
1.110267889200561149e+04
1.110267889200561149e+04
1.110267889200561149e+04
1.110267889200561149e+04
1.110267889200561149e+04
1.110267889200561149e+04
1.110267889200561149e+04
1.110267889200561149e+04
1.110267889200561149e+04
1.110267889200561149e+04
1.110267889200561149e+04
1.110267889200561149e+04
1.110267889200561149e+04
1.110267889200561149e+04
1.110267889200561149e+04
1.110267889200561149e+04
1.110267889200561149e+04
1.110267889200561149e+04
1.110267889200561149e+04
1.110267889200561149e+04
1.110267889200561149e+04
1.110267889200561149e+04
1.110267889200561149e+04
1.110267889200561149e+04
1.110267889200561149e+04
1.110267889200561149e+04
1.110267889200561149e+04
1.110267889200561149e+04
1.110267889200561149e+04
1.110267889200561149e+04
1.110267889200561149e+04
1.110267889200561149e+04
1.110267889200561149e+04
1.110267889200561149e+04
1.110267889200561149e+04
1.110267889200561149e+04
1.110267889200561149e+04
1.110267889200561149e+04
1.110267889200561149e+04
1.110267889200561149e+04
1.110267889200561149e+04
1.110267889200561149e+04
1.110267889200561149e+04
1.110267889200561149e+04
1.110267889200561149e+04
1.110267889200561149e+04
1.110267889200561149e+04
1.110267889200561149e+04
1.110267889200561149e+04
1.110267889200561149e+04
1.110267889200561149e+04
1.110267889200561149e+04
1.110267889200561149e+04
1.110267889200561149e+04
1.110267889200561149e+04
1.110267889200561149e+04
1.110267889200561149e+04
1.110267889200561149e+04
1.110267889200561149e+04
1.110267889200561149e+04
1.110267889200561149e+04
1.110267889200561149e+04
1.110267889200561149e+04
1.110267889200561149e+04
1.110267889200561149e+04
1.110267889200561149e+04
1.110267889200561149e+04
1.110267889200561149e+04
1.110267889200561149e+04
1.110267889200561149e+04
1.110267889200561149e+04
1.110267889200561149e+04
1.110267889200561149e+04
1.110267889200561149e+04
1.110267889200561149e+04
1.110267889200561149e+04
1.110267889200561149e+04
1.110267889200561149e+04
1.110267889200561149e+04
1.110267889200561149e+04
1.110267889200561149e+04
1.110267889200561149e+04
1.110267889200561149e+04
1.110267889200561149e+04
1.110267889200561149e+04
1.110267889200561149e+04
1.110267889200561149e+04
1.110267889200561149e+04
1.110267889200561149e+04
1.110267889200561149e+04
1.110267889200561149e+04
1.110267889200561149e+04
1.110267889200561149e+04
1.110267889200561149e+04
1.110267889200561149e+04
1.110267889200561149e+04
1.110267889200561149e+04
1.110267889200561149e+04
1.110267889200561149e+04
1.110267889200561149e+04
1.110267889200561149e+04
1.110267889200561149e+04
1.110267889200561149e+04
1.110267889200561149e+04
1.110267889200561149e+04
1.110267889200561149e+04
1.110267889200561149e+04
1.110267889200561149e+04
1.110267889200561149e+04
1.110267889200561149e+04
1.110267889200561149e+04
1.110267889200561149e+04
1.110267889200561149e+04
1.110267889200561149e+04
1.110267889200561149e+04
1.110267889200561149e+04
1.110267889200561149e+04
1.110267889200561149e+04
1.110267889200561149e+04
1.110267889200561149e+04
1.110267889200561149e+04
1.110267889200561149e+04
1.110267889200561149e+04
1.110267889200561149e+04
1.110267889200561149e+04
1.110267889200561149e+04
1.110267889200561149e+04
1.110267889200561149e+04
1.110267889200561149e+04
1.110267889200561149e+04
1.110267889200561149e+04
1.110267889200561149e+04
1.110267889200561149e+04
1.110267889200561149e+04
1.110267889200561149e+04
1.110267889200561149e+04
1.110267889200561149e+04
1.110267889200561149e+04
1.110267889200561149e+04
1.110267889200561149e+04
1.110267889200561149e+04
1.110267889200561149e+04
1.110267889200561149e+04
1.110267889200561149e+04
1.110267889200561149e+04
1.110267889200561149e+04
1.110267889200561149e+04
1.110267889200561149e+04
1.110267889200561149e+04
1.110267889200561149e+04
1.110267889200561149e+04
1.110267889200561149e+04
1.110267889200561149e+04
1.110267889200561149e+04
1.110267889200561149e+04
1.110267889200561149e+04
1.110267889200561149e+04
1.110267889200561149e+04
1.110267889200561149e+04
1.110267889200561149e+04
1.110267889200561149e+04
1.110267889200561149e+04
1.110267889200561149e+04
1.110267889200561149e+04
1.110267889200561149e+04
1.110267889200561149e+04
1.110267889200561149e+04
1.110267889200561149e+04
1.110267889200561149e+04
1.110267889200561149e+04
1.110267889200561149e+04
1.110267889200561149e+04
1.110267889200561149e+04
1.110267889200561149e+04
1.110267889200561149e+04
1.110267889200561149e+04
1.110267889200561149e+04
1.110267889200561149e+04
1.110267889200561149e+04
1.110267889200561149e+04
1.110267889200561149e+04
1.110267889200561149e+04
1.110267889200561149e+04
1.110267889200561149e+04
1.110267889200561149e+04
1.110267889200561149e+04
1.110267889200561149e+04
1.110267889200561149e+04
1.110267889200561149e+04
1.110267889200561149e+04
1.110267889200561149e+04
1.110267889200561149e+04
1.110267889200561149e+04
1.110267889200561149e+04
1.110267889200561149e+04
1.110267889200561149e+04
1.110267889200561149e+04
1.110267889200561149e+04
1.110267889200561149e+04
1.110267889200561149e+04
1.110267889200561149e+04
1.110267889200561149e+04
1.110267889200561149e+04
1.110267889200561149e+04
1.110267889200561149e+04
1.110267889200561149e+04
1.110267889200561149e+04
1.110267889200561149e+04
1.110267889200561149e+04
1.110267889200561149e+04
1.110267889200561149e+04
1.110267889200561149e+04
1.110267889200561149e+04
1.110267889200561149e+04
1.110267889200561149e+04
1.110267889200561149e+04
1.110267889200561149e+04
1.110267889200561149e+04
1.110267889200561149e+04
1.110267889200561149e+04
1.110267889200561149e+04
1.110267889200561149e+04
1.110267889200561149e+04
1.110267889200561149e+04
1.110267889200561149e+04
1.110267889200561149e+04
1.110267889200561149e+04
1.110267889200561149e+04
1.110267889200561149e+04
1.110267889200561149e+04
1.110267889200561149e+04
1.110267889200561149e+04
1.110267889200561149e+04
1.110267889200561149e+04
1.110267889200561149e+04
1.110267889200561149e+04
1.110267889200561149e+04
1.110267889200561149e+04
1.110267889200561149e+04
1.110267889200561149e+04
1.110267889200561149e+04
1.110267889200561149e+04
1.110267889200561149e+04
1.110267889200561149e+04
1.110267889200561149e+04
1.110267889200561149e+04
1.110267889200561149e+04
1.110267889200561149e+04
1.110267889200561149e+04
1.110267889200561149e+04
1.110267889200561149e+04
1.110267889200561149e+04
1.110267889200561149e+04
1.110267889200561149e+04
1.110267889200561149e+04
1.110267889200561149e+04
1.110267889200561149e+04
1.110267889200561149e+04
1.110267889200561149e+04
1.110267889200561149e+04
1.110267889200561149e+04
1.110267889200561149e+04
1.110267889200561149e+04
1.110267889200561149e+04
1.110267889200561149e+04
1.110267889200561149e+04
1.110267889200561149e+04
1.110267889200561149e+04
1.110267889200561149e+04
1.110267889200561149e+04
1.110267889200561149e+04
1.110267889200561149e+04
1.110267889200561149e+04
1.110267889200561149e+04
1.110267889200561149e+04
1.110267889200561149e+04
1.110267889200561149e+04
1.110267889200561149e+04
1.110267889200561149e+04
1.110267889200561149e+04
1.110267889200561149e+04
1.110267889200561149e+04
1.110267889200561149e+04
1.110267889200561149e+04
1.110267889200561149e+04
1.110267889200561149e+04
1.110267889200561149e+04
1.110267889200561149e+04
1.110267889200561149e+04
1.110267889200561149e+04
1.110267889200561149e+04
1.110267889200561149e+04
1.110267889200561149e+04
1.110267889200561149e+04
1.110267889200561149e+04
1.110267889200561149e+04
1.110267889200561149e+04
1.110267889200561149e+04
1.110267889200561149e+04
1.110267889200561149e+04
1.110267889200561149e+04
1.110267889200561149e+04
1.110267889200561149e+04
1.110267889200561149e+04
1.110267889200561149e+04
1.110267889200561149e+04
1.110267889200561149e+04
1.110267889200561149e+04
1.110267889200561149e+04
1.110267889200561149e+04
1.110267889200561149e+04
1.110267889200561149e+04
1.110267889200561149e+04
1.110267889200561149e+04
1.110267889200561149e+04
1.110267889200561149e+04
1.110267889200561149e+04
1.110267889200561149e+04
1.110267889200561149e+04
1.110267889200561149e+04
1.110267889200561149e+04
1.110267889200561149e+04
1.110267889200561149e+04
1.110267889200561149e+04
1.110267889200561149e+04
1.110267889200561149e+04
1.110267889200561149e+04
1.110267889200561149e+04
1.110267889200561149e+04
1.110267889200561149e+04
1.110267889200561149e+04
1.110267889200561149e+04
1.110267889200561149e+04
1.110267889200561149e+04
1.110267889200561149e+04
1.110267889200561149e+04
1.110267889200561149e+04
1.110267889200561149e+04
1.110267889200561149e+04
1.110267889200561149e+04
1.110267889200561149e+04
1.110267889200561149e+04
1.110267889200561149e+04
1.110267889200561149e+04
1.110267889200561149e+04
1.110267889200561149e+04
1.110267889200561149e+04
1.110267889200561149e+04
1.110267889200561149e+04
1.110267889200561149e+04
1.110267889200561149e+04
1.110267889200561149e+04
1.110267889200561149e+04
1.110267889200561149e+04
1.110267889200561149e+04
1.110267889200561149e+04
1.110267889200561149e+04
1.110267889200561149e+04
1.110267889200561149e+04
1.110267889200561149e+04
1.110267889200561149e+04
1.110267889200561149e+04
1.110267889200561149e+04
1.110267889200561149e+04
1.110267889200561149e+04
1.110267889200561149e+04
1.110267889200561149e+04
1.110267889200561149e+04
1.110267889200561149e+04
1.110267889200561149e+04
1.110267889200561149e+04
1.110267889200561149e+04
1.110267889200561149e+04
1.110267889200561149e+04
1.110267889200561149e+04
1.110267889200561149e+04
1.110267889200561149e+04
1.110267889200561149e+04
1.110267889200561149e+04
1.110267889200561149e+04
1.110267889200561149e+04
1.110267889200561149e+04
1.110267889200561149e+04
1.110267889200561149e+04
1.110267889200561149e+04
1.110267889200561149e+04
1.110267889200561149e+04
1.110267889200561149e+04
1.110267889200561149e+04
1.110267889200561149e+04
1.110267889200561149e+04
1.110267889200561149e+04
1.110267889200561149e+04
1.110267889200561149e+04
1.110267889200561149e+04
1.110267889200561149e+04
1.110267889200561149e+04
1.110267889200561149e+04
1.110267889200561149e+04
1.110267889200561149e+04
1.110267889200561149e+04
1.110267889200561149e+04
1.081051222533894361e+04
9.322512225338943608e+03
8.879345558672275729e+03
7.671012225338943608e+03
8.708178892005609669e+03
7.636345558672277548e+03
8.696012225338943608e+03
7.661845558672277548e+03
8.731678892005611488e+03
7.669178892005609669e+03
8.711678892005611488e+03
7.664845558672277548e+03
8.721178892005611488e+03
7.657845558672277548e+03
8.704178892005611488e+03
7.650512225338943608e+03
8.705178892005611488e+03
7.634512225338943608e+03
8.691678892005611488e+03
7.654178892005611488e+03
8.719178892005609669e+03
7.643512225338943608e+03
8.682012225338943608e+03
7.624345558672277548e+03
8.691178892005609669e+03
7.623512225338943608e+03
8.683678892005609669e+03
7.631012225338943608e+03
8.697512225338943608e+03
7.630012225338943608e+03
8.687012225338943608e+03
7.635012225338943608e+03
8.700678892005611488e+03
7.604512225338943608e+03
8.586845558672277548e+03
6.810012225338943608e+03
5.979012225338943608e+03
4.090012225338943608e+03
3.938345558672277548e+03
3.916345558672277548e+03
3.924678892005611488e+03
3.891345558672277548e+03
3.908178892005611488e+03
3.929345558672277548e+03
3.950345558672277548e+03
3.928012225338943608e+03
3.936178892005611488e+03
3.940845558672277548e+03
3.962345558672277548e+03
3.940512225338943608e+03
3.959678892005611488e+03
3.956512225338943608e+03
3.960012225338943608e+03
3.924512225338943608e+03
3.945678892005611488e+03
3.930345558672277548e+03
3.933012225338943608e+03
3.873178892005611488e+03
3.895178892005611488e+03
3.893012225338943608e+03
3.930845558672277548e+03
3.906678892005611488e+03
3.942512225338943608e+03
3.932678892005611488e+03
3.949512225338943608e+03
3.915845558672277548e+03
3.914012225338943608e+03
3.912512225338943608e+03
3.957345558672277548e+03
3.944512225338943608e+03
3.948845558672277548e+03
3.907845558672277548e+03
3.930345558672277548e+03
3.913845558672277548e+03
3.922012225338943608e+03
3.924678892005611488e+03
3.952178892005611488e+03
3.934512225338943608e+03
3.914012225338943608e+03
3.869345558672277548e+03
3.875345558672277548e+03
3.876512225338943608e+03
3.928345558672277548e+03
3.926178892005611488e+03
3.947345558672277548e+03
3.910345558672277548e+03
3.926178892005611488e+03
3.907178892005611488e+03
3.919512225338943608e+03
3.886512225338943608e+03
3.891178892005611488e+03
3.869845558672277548e+03
3.874012225338943608e+03
3.842012225338943608e+03
3.867012225338943608e+03
3.862012225338943608e+03
3.886512225338943608e+03
3.857178892005611488e+03
3.880512225338943608e+03
3.859345558672277548e+03
3.882512225338943608e+03
3.868012225338943608e+03
3.892178892005611488e+03
3.890012225338943608e+03
3.901512225338943608e+03
3.880345558672277548e+03
3.893012225338943608e+03
3.866178892005611488e+03
3.867845558672277548e+03
3.834845558672277548e+03
3.867178892005611488e+03
3.870678892005611488e+03
3.892845558672277548e+03
3.870512225338943608e+03
3.886178892005611488e+03
3.861345558672277548e+03
3.851345558672277548e+03
3.816012225338943608e+03
3.832512225338943608e+03
3.848345558672277548e+03
3.881012225338943608e+03
3.852345558672277548e+03
3.864178892005611488e+03
3.836512225338943608e+03
3.841345558672277548e+03
3.796345558672277548e+03
3.828678892005611488e+03
3.829678892005611488e+03
3.854678892005611488e+03
3.821178892005611488e+03
3.836012225338943608e+03
3.816345558672277548e+03
3.832345558672277548e+03
3.820178892005611488e+03
3.875678892005611488e+03
3.872845558672277548e+03
3.893345558672277548e+03
3.841512225338943608e+03
3.850178892005611488e+03
3.832512225338943608e+03
3.849345558672277548e+03
3.828512225338943608e+03
3.829345558672277548e+03
3.825678892005611488e+03
3.844845558672277548e+03
3.835678892005611488e+03
3.835178892005611488e+03
3.807345558672277548e+03
3.816845558672277548e+03
3.793512225338943608e+03
3.821345558672277548e+03
3.812678892005611488e+03
3.815178892005611488e+03
3.775845558672277548e+03
3.801678892005611488e+03
3.808845558672277548e+03
3.830512225338943608e+03
3.792178892005611488e+03
3.806345558672277548e+03
3.797512225338943608e+03
3.819012225338943608e+03
3.782845558672277548e+03
3.792178892005611488e+03
3.769512225338943608e+03
3.804345558672277548e+03
3.780178892005611488e+03
3.805845558672277548e+03
3.782678892005611488e+03
3.802012225338943608e+03
3.768512225338943608e+03
3.797345558672277548e+03
3.810512225338943608e+03
3.838345558672277548e+03
3.819178892005611488e+03
3.819178892005611488e+03
3.814178892005611488e+03
3.803512225338943608e+03
3.765345558672277548e+03
3.772178892005611488e+03
3.782512225338943608e+03
3.791178892005611488e+03
3.747845558672277548e+03
3.736178892005611488e+03
3.724678892005611488e+03
3.742345558672277548e+03
3.744178892005611488e+03
3.783012225338943608e+03
3.792678892005611488e+03
3.820012225338943608e+03
3.820678892005611488e+03
3.841678892005611488e+03
3.808512225338943608e+03
3.770845558672277548e+03
3.724678892005611488e+03
3.750512225338943608e+03
3.776012225338943608e+03
3.832678892005611488e+03
3.808178892005611488e+03
3.815178892005611488e+03
3.775012225338943608e+03
3.780845558672277548e+03
3.743012225338943608e+03
3.740178892005611488e+03
3.734178892005611488e+03
3.754512225338943608e+03
3.741512225338943608e+03
3.758178892005611488e+03
3.745845558672277548e+03
3.749345558672277548e+03
3.704012225338943608e+03
3.710345558672277548e+03
3.713512225338943608e+03
3.725845558672277548e+03
3.720512225338943608e+03
3.755345558672277548e+03
3.768512225338943608e+03
3.791178892005611488e+03
3.747512225338943608e+03
3.778012225338943608e+03
3.814678892005611488e+03
3.837345558672277548e+03
3.814512225338943608e+03
3.774512225338943608e+03
3.762345558672277548e+03
3.769178892005611488e+03
3.743678892005611488e+03
3.752345558672277548e+03
3.732178892005611488e+03
3.761512225338943608e+03
3.733345558672277548e+03
3.745178892005611488e+03
3.717012225338943608e+03
3.729845558672277548e+03
3.716178892005611488e+03
3.740178892005611488e+03
3.745012225338943608e+03
3.747845558672277548e+03
3.725345558672277548e+03
3.761012225338943608e+03
3.766178892005611488e+03
3.767345558672277548e+03
3.722678892005611488e+03
3.735845558672277548e+03
3.745345558672277548e+03
3.767012225338943608e+03
3.722845558672277548e+03
3.721512225338943608e+03
3.700845558672277548e+03
3.742845558672277548e+03
3.718012225338943608e+03
3.734512225338943608e+03
3.718178892005611488e+03
3.760678892005611488e+03
3.738845558672277548e+03
3.744178892005611488e+03
3.700012225338943608e+03
3.713345558672277548e+03
3.696512225338943608e+03
3.735845558672277548e+03
3.724845558672277548e+03
3.743678892005611488e+03
3.708345558672277548e+03
3.725345558672277548e+03
3.726178892005611488e+03
3.751012225338943608e+03
3.733345558672277548e+03
3.728178892005611488e+03
3.718012225338943608e+03
3.736512225338943608e+03
3.708845558672277548e+03
3.706345558672277548e+03
3.690512225338943608e+03
3.712512225338943608e+03
3.698678892005611488e+03
3.724178892005611488e+03
3.715345558672277548e+03
3.734345558672277548e+03
3.705512225338943608e+03
3.728345558672277548e+03
3.731178892005611488e+03
3.748512225338943608e+03
3.717678892005611488e+03
3.714012225338943608e+03
3.688678892005611488e+03
3.721512225338943608e+03
3.725178892005611488e+03
3.784012225338943608e+03
3.767512225338943608e+03
3.755012225338943608e+03
3.689012225338943608e+03
3.696345558672277548e+03
3.679178892005611488e+03
3.713178892005611488e+03
3.707845558672277548e+03
3.748845558672277548e+03
3.740178892005611488e+03
3.740512225338943608e+03
3.708012225338943608e+03
3.727178892005611488e+03
3.733512225338943608e+03
3.749178892005611488e+03
3.725845558672277548e+03
3.744512225338943608e+03
3.721678892005611488e+03
3.723178892005611488e+03
3.700012225338943608e+03
3.749845558672277548e+03
3.752012225338943608e+03
3.756678892005611488e+03
3.726012225338943608e+03
3.748178892005611488e+03
3.742012225338943608e+03
3.764345558672277548e+03
3.718678892005611488e+03
3.717345558672277548e+03
3.673345558672277548e+03
3.699178892005611488e+03
3.678345558672277548e+03
3.712845558672277548e+03
3.705678892005611488e+03
3.735512225338943608e+03
3.701345558672277548e+03
3.703178892005611488e+03
3.694178892005611488e+03
3.724512225338943608e+03
3.714012225338943608e+03
3.739678892005611488e+03
3.732178892005611488e+03
3.750678892005611488e+03
3.727012225338943608e+03
3.736178892005611488e+03
3.720345558672277548e+03
3.726678892005611488e+03
3.721512225338943608e+03
3.742345558672277548e+03
3.725178892005611488e+03
3.717845558672277548e+03
3.683845558672277548e+03
3.693012225338943608e+03
3.683512225338943608e+03
3.711678892005611488e+03
3.700678892005611488e+03
3.718178892005611488e+03
3.705845558672277548e+03
3.714012225338943608e+03
3.679845558672277548e+03
3.697345558672277548e+03
3.678178892005611488e+03
3.703845558672277548e+03
3.680012225338943608e+03
3.722178892005611488e+03
3.709512225338943608e+03
3.712012225338943608e+03
3.674512225338943608e+03
3.684845558672277548e+03
3.676345558672277548e+03
3.679178892005611488e+03
3.677678892005611488e+03
3.697345558672277548e+03
3.675678892005611488e+03
3.677512225338943608e+03
3.658012225338943608e+03
3.695178892005611488e+03
3.695678892005611488e+03
3.703845558672277548e+03
3.682678892005611488e+03
3.705178892005611488e+03
3.705178892005611488e+03
3.732012225338943608e+03
3.702345558672277548e+03
3.708678892005611488e+03
3.696678892005611488e+03
3.709678892005611488e+03
3.693512225338943608e+03
3.719345558672277548e+03
3.725012225338943608e+03
3.738678892005611488e+03
3.681845558672277548e+03
3.689512225338943608e+03
3.699845558672277548e+03
3.749178892005611488e+03
3.715012225338943608e+03
3.712012225338943608e+03
3.704345558672277548e+03
3.740178892005611488e+03
3.731845558672277548e+03
3.732345558672277548e+03
3.697512225338943608e+03
3.689512225338943608e+03
3.668012225338943608e+03
3.694178892005611488e+03
3.682345558672277548e+03
3.696178892005611488e+03
3.665845558672277548e+03
3.683678892005611488e+03
3.670845558672277548e+03
3.683345558672277548e+03
3.681512225338943608e+03
3.697012225338943608e+03
3.672845558672277548e+03
3.683178892005611488e+03
3.674345558672277548e+03
3.720012225338943608e+03
3.726678892005611488e+03
3.731012225338943608e+03
3.695345558672277548e+03
3.699345558672277548e+03
3.689845558672277548e+03
3.699512225338943608e+03
3.665012225338943608e+03
3.678845558672277548e+03
3.681678892005611488e+03
3.713345558672277548e+03
3.674512225338943608e+03
3.686845558672277548e+03
3.662012225338943608e+03
3.704512225338943608e+03
3.706845558672277548e+03
3.721012225338943608e+03
3.716678892005611488e+03
3.710845558672277548e+03
3.684345558672277548e+03
3.683845558672277548e+03
3.670678892005611488e+03
3.693512225338943608e+03
3.669178892005611488e+03
3.671678892005611488e+03
3.654345558672277548e+03
3.672678892005611488e+03
3.671345558672277548e+03
3.696845558672277548e+03
3.680178892005611488e+03
3.684678892005611488e+03
3.645678892005611488e+03
3.654178892005611488e+03
3.634512225338943608e+03
3.659845558672277548e+03
3.645012225338943608e+03
3.657845558672277548e+03
3.651345558672277548e+03
3.698512225338943608e+03
3.713845558672277548e+03
3.742678892005611488e+03
3.688012225338943608e+03
3.677012225338943608e+03
3.644345558672277548e+03
3.685512225338943608e+03
3.678678892005611488e+03
3.682345558672277548e+03
3.649012225338943608e+03
3.672012225338943608e+03
3.677512225338943608e+03
3.697012225338943608e+03
3.668512225338943608e+03
3.684845558672277548e+03
3.689845558672277548e+03
3.719345558672277548e+03
3.688178892005611488e+03
3.672512225338943608e+03
3.645678892005611488e+03
3.654512225338943608e+03
3.645845558672277548e+03
3.669845558672277548e+03
3.654012225338943608e+03
3.648678892005611488e+03
3.603512225338943608e+03
3.613845558672277548e+03
3.621845558672277548e+03
3.650012225338943608e+03
3.635512225338943608e+03
3.642012225338943608e+03
3.615178892005611488e+03
3.630178892005611488e+03
3.619345558672277548e+03
3.654845558672277548e+03
3.656512225338943608e+03
3.690012225338943608e+03
3.672345558672277548e+03
3.701512225338943608e+03
3.662845558672277548e+03
3.658678892005611488e+03
3.630012225338943608e+03
3.664178892005611488e+03
3.673845558672277548e+03
3.690012225338943608e+03
3.672678892005611488e+03
3.700178892005611488e+03
3.693012225338943608e+03
3.692178892005611488e+03
3.652678892005611488e+03
3.668178892005611488e+03
3.688345558672277548e+03
3.710345558672277548e+03
3.696012225338943608e+03
3.703345558672277548e+03
3.698512225338943608e+03
3.692512225338943608e+03
3.662512225338943608e+03
3.665012225338943608e+03
3.662012225338943608e+03
3.668345558672277548e+03
3.657512225338943608e+03
3.684178892005611488e+03
3.677012225338943608e+03
3.701512225338943608e+03
3.673678892005611488e+03
3.681845558672277548e+03
3.641345558672277548e+03
3.642512225338943608e+03
3.621678892005611488e+03
3.650012225338943608e+03
3.647678892005611488e+03
3.667178892005611488e+03
3.640178892005611488e+03
3.653178892005611488e+03
3.644178892005611488e+03
3.655845558672277548e+03
3.631845558672277548e+03
3.648512225338943608e+03
3.651012225338943608e+03
3.681345558672277548e+03
3.644012225338943608e+03
3.644178892005611488e+03
3.640345558672277548e+03
3.680012225338943608e+03
3.662512225338943608e+03
3.649512225338943608e+03
3.629678892005611488e+03
3.659012225338943608e+03
3.658178892005611488e+03
3.671345558672277548e+03
3.660012225338943608e+03
3.664845558672277548e+03
3.660012225338943608e+03
3.679845558672277548e+03
3.685512225338943608e+03
3.698512225338943608e+03
3.664345558672277548e+03
3.657012225338943608e+03
3.646512225338943608e+03
3.677178892005611488e+03
3.673345558672277548e+03
3.681845558672277548e+03
3.673178892005611488e+03
3.680845558672277548e+03
3.659345558672277548e+03
3.647178892005611488e+03
3.633845558672277548e+03
3.659678892005611488e+03
3.677845558672277548e+03
3.718845558672277548e+03
3.696345558672277548e+03
3.689012225338943608e+03
3.645012225338943608e+03
3.654512225338943608e+03
3.650012225338943608e+03
3.671178892005611488e+03
3.675512225338943608e+03
3.686845558672277548e+03
3.670512225338943608e+03
3.654012225338943608e+03
3.648178892005611488e+03
3.655678892005611488e+03
3.650345558672277548e+03
3.644178892005611488e+03
3.628345558672277548e+03
3.629012225338943608e+03
3.623845558672277548e+03
3.644512225338943608e+03
3.641012225338943608e+03
3.647178892005611488e+03
3.625345558672277548e+03
3.645178892005611488e+03
3.635178892005611488e+03
3.662178892005611488e+03
3.646012225338943608e+03
3.662345558672277548e+03
3.631845558672277548e+03
3.633012225338943608e+03
3.612678892005611488e+03
3.631178892005611488e+03
3.629845558672277548e+03
3.642678892005611488e+03
3.617178892005611488e+03
3.622512225338943608e+03
3.613012225338943608e+03
3.648512225338943608e+03
3.644345558672277548e+03
3.667178892005611488e+03
3.663678892005611488e+03
3.695678892005611488e+03
3.669012225338943608e+03
3.671012225338943608e+03
3.616012225338943608e+03
3.624512225338943608e+03
3.605512225338943608e+03
3.641512225338943608e+03
3.632845558672277548e+03
3.637345558672277548e+03
3.615512225338943608e+03
3.632678892005611488e+03
3.633012225338943608e+03
3.629845558672277548e+03
3.615178892005611488e+03
3.625178892005611488e+03
3.621345558672277548e+03
3.643178892005611488e+03
3.626012225338943608e+03
3.655178892005611488e+03
3.642678892005611488e+03
3.659845558672277548e+03
3.635845558672277548e+03
3.626678892005611488e+03
3.604512225338943608e+03
3.623178892005611488e+03
3.612845558672277548e+03
3.626178892005611488e+03
3.610512225338943608e+03
3.621178892005611488e+03
3.627678892005611488e+03
3.661345558672277548e+03
3.651678892005611488e+03
3.627512225338943608e+03
3.589012225338943608e+03
3.614678892005611488e+03
3.625178892005611488e+03
3.657345558672277548e+03
3.644512225338943608e+03
3.638678892005611488e+03
3.611012225338943608e+03
3.609845558672277548e+03
3.614345558672277548e+03
3.639012225338943608e+03
3.622012225338943608e+03
3.634345558672277548e+03
3.628845558672277548e+03
3.667178892005611488e+03
3.668512225338943608e+03
3.678178892005611488e+03
3.651512225338943608e+03
3.664678892005611488e+03
3.654512225338943608e+03
3.650512225338943608e+03
3.613845558672277548e+03
3.623345558672277548e+03
3.633345558672277548e+03
3.657178892005611488e+03
3.638512225338943608e+03
3.664178892005611488e+03
3.667512225338943608e+03
3.675345558672277548e+03
3.659012225338943608e+03
3.686345558672277548e+03
3.685012225338943608e+03
3.691512225338943608e+03
3.657678892005611488e+03
3.671845558672277548e+03
3.654845558672277548e+03
3.667845558672277548e+03
3.640678892005611488e+03
3.659178892005611488e+03
3.650512225338943608e+03
3.689345558672277548e+03
3.690512225338943608e+03
3.697512225338943608e+03
3.655345558672277548e+03
3.649345558672277548e+03
3.633845558672277548e+03
3.672678892005611488e+03
3.666012225338943608e+03
3.666678892005611488e+03
3.629512225338943608e+03
3.641178892005611488e+03
3.627512225338943608e+03
3.633845558672277548e+03
3.617345558672277548e+03
3.643678892005611488e+03
3.624845558672277548e+03
3.626178892005611488e+03
3.611845558672277548e+03
3.639178892005611488e+03
3.625345558672277548e+03
3.635012225338943608e+03
3.637012225338943608e+03
3.660845558672277548e+03
3.647512225338943608e+03
3.649178892005611488e+03
3.636345558672277548e+03
3.663512225338943608e+03
3.649012225338943608e+03
3.660512225338943608e+03
3.654178892005611488e+03
3.682512225338943608e+03
3.688845558672277548e+03
3.685678892005611488e+03
3.674012225338943608e+03
3.679678892005611488e+03
3.671512225338943608e+03
3.680678892005611488e+03
3.655012225338943608e+03
3.671678892005611488e+03
3.672345558672277548e+03
3.711678892005611488e+03
3.698345558672277548e+03
3.708678892005611488e+03
3.672678892005611488e+03
3.662512225338943608e+03
3.630345558672277548e+03
3.631678892005611488e+03
3.615178892005611488e+03
3.619845558672277548e+03
3.618012225338943608e+03
3.652845558672277548e+03
3.638178892005611488e+03
3.646178892005611488e+03
3.637012225338943608e+03
3.648512225338943608e+03
3.636845558672277548e+03
3.645678892005611488e+03
3.651345558672277548e+03
3.684178892005611488e+03
3.681678892005611488e+03
3.677678892005611488e+03
3.654845558672277548e+03
3.672512225338943608e+03
3.677512225338943608e+03
3.678512225338943608e+03
3.634012225338943608e+03
3.653178892005611488e+03
3.648845558672277548e+03
3.675012225338943608e+03
3.639845558672277548e+03
3.648678892005611488e+03
3.634845558672277548e+03
3.664678892005611488e+03
3.655178892005611488e+03
3.689178892005611488e+03
3.678178892005611488e+03
3.714345558672277548e+03
3.703845558672277548e+03
3.714012225338943608e+03
3.663178892005611488e+03
3.648178892005611488e+03
3.647012225338943608e+03
3.700512225338943608e+03
3.713178892005611488e+03
3.690345558672277548e+03
3.652178892005611488e+03
3.660178892005611488e+03
3.673845558672277548e+03
3.699678892005611488e+03
3.656845558672277548e+03
3.654512225338943608e+03
3.622678892005611488e+03
3.651512225338943608e+03
3.648178892005611488e+03
3.686345558672277548e+03
3.674845558672277548e+03
3.686512225338943608e+03
3.653012225338943608e+03
3.674512225338943608e+03
3.624178892005611488e+03
3.618178892005611488e+03
3.592012225338943608e+03
3.633845558672277548e+03
3.639678892005611488e+03
3.648012225338943608e+03
3.626178892005611488e+03
3.634178892005611488e+03
3.623345558672277548e+03
3.642845558672277548e+03
3.614178892005611488e+03
3.626845558672277548e+03
6.501788920056114875e+02
