6.363333333333332575e+02
7.826666666666665151e+02
4.271666666666666288e+02
5.625000000000000000e+02
1.050666666666666515e+03
1.426333333333333258e+03
1.582666666666666515e+03
1.388166666666666515e+03
1.477500000000000000e+03
1.547999999999999773e+03
1.529333333333333258e+03
1.346666666666666515e+03
1.460333333333333258e+03
1.587000000000000000e+03
1.591833333333333258e+03
1.408333333333333258e+03
1.475666666666666515e+03
1.579500000000000000e+03
1.643166666666666515e+03
1.495166666666666515e+03
1.673833333333333258e+03
1.784166666666666515e+03
1.799333333333333258e+03
1.559500000000000000e+03
1.645166666666666515e+03
1.705833333333333030e+03
1.711333333333333258e+03
1.514000000000000000e+03
1.607166666666666515e+03
1.683666666666666515e+03
1.690333333333333258e+03
1.537500000000000000e+03
1.689000000000000000e+03
1.744833333333333258e+03
1.749166666666666515e+03
1.532999999999999773e+03
1.640333333333333258e+03
1.705333333333333258e+03
1.668333333333333258e+03
1.497833333333333030e+03
1.603333333333333258e+03
1.716666666666666515e+03
1.705166666666666515e+03
1.520000000000000000e+03
1.608666666666666515e+03
1.714000000000000000e+03
1.745500000000000000e+03
1.636166666666666515e+03
1.761166666666666515e+03
1.813666666666666515e+03
1.724499999999999773e+03
1.499166666666666515e+03
1.629000000000000000e+03
1.743333333333333030e+03
1.781666666666666515e+03
1.599333333333333030e+03
1.670666666666666515e+03
1.673666666666666515e+03
1.649333333333333258e+03
1.481833333333333258e+03
1.623166666666666515e+03
1.738000000000000000e+03
1.746666666666666515e+03
1.546166666666666515e+03
1.632166666666666515e+03
1.727333333333333258e+03
1.710833333333333258e+03
1.541499999999999773e+03
1.674833333333333258e+03
1.803666666666666515e+03
1.814833333333333258e+03
1.616666666666666515e+03
1.724500000000000000e+03
1.790000000000000000e+03
1.775166666666666515e+03
1.601166666666666515e+03
1.681166666666666515e+03
1.743500000000000000e+03
1.687833333333333258e+03
1.536166666666666515e+03
1.641499999999999773e+03
1.710166666666666515e+03
1.661833333333333258e+03
1.478833333333333258e+03
1.581833333333333258e+03
1.690166666666666515e+03
1.708333333333333258e+03
1.574166666666666515e+03
1.662666666666666515e+03
1.694833333333333030e+03
1.693500000000000000e+03
1.517333333333333030e+03
1.634000000000000000e+03
1.715666666666666515e+03
1.709666666666666515e+03
1.609833333333333258e+03
1.734666666666666515e+03
1.825500000000000000e+03
1.754333333333333258e+03
1.535333333333333258e+03
1.630000000000000000e+03
1.722833333333333030e+03
1.717166666666666515e+03
1.518666666666666515e+03
1.595000000000000000e+03
1.639166666666666515e+03
1.634166666666666515e+03
1.474666666666666515e+03
1.618333333333333258e+03
1.710666666666666515e+03
1.711333333333333030e+03
1.524499999999999773e+03
1.679500000000000000e+03
1.801666666666666515e+03
1.827000000000000000e+03
1.610000000000000000e+03
1.673166666666666515e+03
1.702166666666666515e+03
1.677833333333333030e+03
1.491666666666666515e+03
1.628333333333333258e+03
1.715333333333333030e+03
1.721333333333333258e+03
1.519333333333333258e+03
1.611833333333333258e+03
1.642833333333333258e+03
1.613833333333333258e+03
1.456833333333333030e+03
1.628833333333333258e+03
1.740666666666666515e+03
1.683833333333333258e+03
1.435333333333333258e+03
1.548166666666666515e+03
1.687500000000000000e+03
1.710499999999999773e+03
1.529666666666666515e+03
1.606666666666666515e+03
1.685166666666666515e+03
1.654333333333333258e+03
1.476666666666666515e+03
1.613000000000000000e+03
1.767999999999999773e+03
1.819000000000000000e+03
1.598166666666666515e+03
1.606500000000000000e+03
1.657666666666666515e+03
1.702833333333333258e+03
1.561666666666666515e+03
1.613666666666666515e+03
1.658166666666666515e+03
1.671833333333333030e+03
1.544833333333333030e+03
1.664333333333333258e+03
1.723166666666666515e+03
1.706666666666666515e+03
1.523666666666666515e+03
1.631500000000000000e+03
1.712333333333333258e+03
1.725666666666666515e+03
1.570833333333333258e+03
1.639000000000000000e+03
1.674833333333333030e+03
1.646500000000000000e+03
1.505500000000000000e+03
1.600000000000000000e+03
1.662666666666666515e+03
1.667000000000000000e+03
1.534833333333333258e+03
1.643833333333333258e+03
1.717333333333333258e+03
1.686666666666666515e+03
1.501666666666666515e+03
1.550000000000000000e+03
1.645833333333333030e+03
1.713166666666666515e+03
1.564000000000000000e+03
1.633000000000000000e+03
1.695333333333333258e+03
1.738999999999999773e+03
1.574833333333333258e+03
1.642833333333333258e+03
1.675166666666666515e+03
1.664166666666666515e+03
1.512166666666666515e+03
1.628166666666666515e+03
1.696833333333333030e+03
1.685500000000000000e+03
1.494666666666666515e+03
1.645166666666666515e+03
1.723833333333333258e+03
1.690166666666666515e+03
1.495666666666666515e+03
1.589833333333333258e+03
1.699833333333333030e+03
1.732333333333333030e+03
1.567666666666666515e+03
1.673000000000000000e+03
1.705000000000000000e+03
1.692499999999999773e+03
1.538833333333333258e+03
1.665500000000000000e+03
1.722999999999999773e+03
1.729166666666666515e+03
1.554666666666666515e+03
1.642333333333333258e+03
1.683500000000000000e+03
1.676166666666666515e+03
1.543166666666666515e+03
1.670500000000000000e+03
1.728666666666666515e+03
1.697999999999999773e+03
1.509500000000000000e+03
1.608500000000000000e+03
1.680166666666666515e+03
1.608166666666666515e+03
1.403666666666666515e+03
1.536166666666666515e+03
1.737499999999999773e+03
1.801666666666666515e+03
1.595166666666666515e+03
1.610666666666666515e+03
1.657500000000000000e+03
1.686000000000000000e+03
1.529166666666666515e+03
1.627833333333333258e+03
1.703166666666666515e+03
1.744999999999999773e+03
1.583166666666666515e+03
1.666666666666666515e+03
1.702000000000000000e+03
1.715666666666666515e+03
1.557166666666666515e+03
1.620333333333333258e+03
1.614499999999999773e+03
1.616166666666666515e+03
1.500333333333333258e+03
1.654500000000000000e+03
1.682333333333333258e+03
1.673166666666666515e+03
1.507833333333333030e+03
1.637500000000000000e+03
1.679999999999999773e+03
1.631500000000000000e+03
1.447666666666666515e+03
1.544333333333333258e+03
1.635999999999999773e+03
1.617500000000000000e+03
1.446833333333333258e+03
1.552666666666666515e+03
1.655833333333333258e+03
1.682333333333333258e+03
1.532166666666666515e+03
1.651166666666666515e+03
1.705333333333333258e+03
1.702166666666666515e+03
1.539666666666666515e+03
1.637833333333333030e+03
1.684166666666666515e+03
1.661000000000000000e+03
1.485166666666666515e+03
1.563500000000000000e+03
1.643333333333333258e+03
1.687500000000000000e+03
1.571000000000000000e+03
1.668000000000000000e+03
1.707666666666666515e+03
1.687166666666666515e+03
1.484166666666666515e+03
1.557666666666666515e+03
1.613166666666666515e+03
1.638166666666666515e+03
1.501166666666666515e+03
1.628000000000000000e+03
1.652333333333333258e+03
1.636499999999999773e+03
1.449499999999999773e+03
1.552666666666666515e+03
1.608666666666666515e+03
1.596000000000000000e+03
1.451666666666666515e+03
1.614666666666666515e+03
1.717000000000000000e+03
1.737166666666666515e+03
1.513833333333333258e+03
1.576166666666666515e+03
1.659333333333333258e+03
1.739166666666666515e+03
1.602833333333333258e+03
1.672166666666666515e+03
1.658166666666666515e+03
1.673499999999999773e+03
1.523999999999999773e+03
1.609666666666666515e+03
1.634500000000000000e+03
1.625333333333333030e+03
1.516166666666666515e+03
1.656666666666666515e+03
1.737333333333333258e+03
1.740333333333333258e+03
1.541166666666666515e+03
1.605833333333333258e+03
1.641333333333333258e+03
1.617000000000000000e+03
1.478333333333333258e+03
1.579333333333333258e+03
1.673833333333333030e+03
1.656500000000000000e+03
1.533500000000000000e+03
1.647166666666666515e+03
1.737166666666666515e+03
1.737833333333333258e+03
1.619666666666666515e+03
1.691333333333333030e+03
1.678666666666666515e+03
1.599166666666666515e+03
1.463333333333333258e+03
1.614500000000000000e+03
1.686833333333333258e+03
1.678500000000000000e+03
1.460166666666666515e+03
1.507500000000000000e+03
1.511166666666666515e+03
1.511666666666666515e+03
1.400833333333333258e+03
1.493333333333333258e+03
1.582666666666666515e+03
1.588499999999999773e+03
1.472166666666666515e+03
1.537666666666666515e+03
1.591333333333333258e+03
1.595500000000000000e+03
1.471000000000000000e+03
1.548666666666666515e+03
1.634333333333333030e+03
1.649833333333333258e+03
1.539499999999999773e+03
1.580166666666666515e+03
1.634833333333333030e+03
1.670000000000000000e+03
1.570833333333333030e+03
1.629333333333333030e+03
1.635500000000000000e+03
1.629166666666666515e+03
1.528500000000000000e+03
1.626333333333333258e+03
1.648666666666666515e+03
1.607333333333333030e+03
1.459500000000000000e+03
1.589833333333333258e+03
1.698999999999999773e+03
1.689333333333333258e+03
1.520666666666666515e+03
1.592000000000000000e+03
1.646166666666666515e+03
1.641666666666666515e+03
1.434666666666666515e+03
1.500500000000000000e+03
1.557833333333333030e+03
1.624999999999999773e+03
1.517166666666666515e+03
1.561166666666666515e+03
1.595666666666666515e+03
1.586666666666666515e+03
1.481500000000000000e+03
1.565500000000000000e+03
1.621000000000000000e+03
1.665833333333333258e+03
1.545333333333333258e+03
1.652666666666666515e+03
1.660666666666666515e+03
1.644000000000000000e+03
1.459666666666666515e+03
1.510833333333333258e+03
1.580333333333333030e+03
1.679166666666666515e+03
1.604666666666666515e+03
1.663166666666666515e+03
1.608999999999999773e+03
1.592333333333333258e+03
1.494166666666666515e+03
1.610000000000000000e+03
1.642499999999999773e+03
1.606166666666666515e+03
1.454000000000000000e+03
1.549833333333333258e+03
1.610999999999999773e+03
1.643333333333333258e+03
1.526499999999999773e+03
1.597500000000000000e+03
1.624499999999999773e+03
1.591499999999999773e+03
1.428333333333333030e+03
1.498000000000000000e+03
1.553499999999999773e+03
1.578833333333333258e+03
1.456333333333333258e+03
1.524500000000000000e+03
1.562000000000000000e+03
1.571166666666666515e+03
1.466500000000000000e+03
1.606333333333333258e+03
1.638666666666666515e+03
1.596833333333333258e+03
1.423833333333333258e+03
1.507000000000000000e+03
1.569333333333333258e+03
1.578000000000000000e+03
1.484500000000000000e+03
1.586333333333333258e+03
1.595166666666666515e+03
1.588833333333333258e+03
1.479833333333333258e+03
1.605000000000000000e+03
1.657166666666666515e+03
1.687333333333333258e+03
1.596000000000000000e+03
1.648333333333333258e+03
1.647500000000000000e+03
1.605833333333333258e+03
1.478000000000000000e+03
1.536333333333333258e+03
1.554166666666666515e+03
1.578499999999999773e+03
1.496666666666666515e+03
1.602333333333333258e+03
1.614833333333333258e+03
1.593500000000000000e+03
1.487833333333333258e+03
1.609166666666666515e+03
1.683500000000000000e+03
1.713999999999999773e+03
1.534000000000000000e+03
1.583166666666666515e+03
1.583000000000000000e+03
1.620000000000000000e+03
1.491833333333333258e+03
1.543833333333333258e+03
1.527999999999999773e+03
1.544000000000000000e+03
1.484666666666666515e+03
1.613666666666666515e+03
1.631499999999999773e+03
1.587333333333333030e+03
1.443666666666666515e+03
1.506833333333333258e+03
1.540166666666666515e+03
1.598833333333333258e+03
1.550000000000000000e+03
1.625666666666666515e+03
1.622666666666666515e+03
1.610833333333333258e+03
1.520499999999999773e+03
1.602499999999999773e+03
1.653666666666666515e+03
1.641666666666666515e+03
1.549833333333333258e+03
1.568500000000000000e+03
1.634666666666666515e+03
1.703999999999999773e+03
1.621666666666666515e+03
1.664833333333333030e+03
1.627333333333333258e+03
1.634166666666666515e+03
1.520333333333333258e+03
1.577333333333333258e+03
1.592833333333333030e+03
1.594833333333333258e+03
1.495833333333333258e+03
1.571000000000000000e+03
1.629833333333333030e+03
1.658000000000000000e+03
1.536999999999999773e+03
1.569166666666666515e+03
1.574333333333333030e+03
1.574000000000000000e+03
1.449833333333333258e+03
1.514000000000000000e+03
1.567333333333333258e+03
1.619499999999999773e+03
1.534833333333333030e+03
1.616666666666666515e+03
1.642000000000000000e+03
1.654333333333333258e+03
1.513499999999999773e+03
1.544333333333333258e+03
1.547000000000000000e+03
1.584333333333333030e+03
1.480666666666666515e+03
1.503333333333333258e+03
1.463166666666666515e+03
1.485000000000000000e+03
1.420333333333333258e+03
1.521166666666666515e+03
1.577333333333333258e+03
1.612333333333333030e+03
1.541333333333333258e+03
1.589500000000000000e+03
1.572833333333333258e+03
1.570833333333333258e+03
1.451666666666666515e+03
1.536000000000000000e+03
1.578166666666666515e+03
1.613666666666666515e+03
1.500666666666666515e+03
1.543333333333333258e+03
1.552833333333333258e+03
1.572500000000000000e+03
1.513333333333333258e+03
1.637500000000000000e+03
1.667500000000000000e+03
1.618333333333333258e+03
1.469666666666666515e+03
1.577833333333333258e+03
1.650333333333333258e+03
1.715666666666666515e+03
1.572333333333333258e+03
1.573333333333333258e+03
1.535499999999999773e+03
1.558999999999999773e+03
1.497000000000000000e+03
1.557833333333333258e+03
1.582500000000000000e+03
1.647499999999999773e+03
1.566000000000000000e+03
1.599000000000000000e+03
1.541333333333333030e+03
1.529833333333333030e+03
1.432000000000000000e+03
1.506000000000000000e+03
1.507666666666666515e+03
1.522500000000000000e+03
1.437166666666666515e+03
1.565500000000000000e+03
1.647166666666666515e+03
1.693166666666666515e+03
1.579833333333333258e+03
1.575833333333333030e+03
1.555500000000000000e+03
1.562166666666666515e+03
1.503666666666666515e+03
1.573166666666666515e+03
1.581999999999999773e+03
1.587500000000000000e+03
1.493333333333333258e+03
1.570833333333333258e+03
1.587166666666666515e+03
1.640833333333333258e+03
1.565166666666666515e+03
1.627499999999999773e+03
1.612166666666666515e+03
1.649833333333333258e+03
1.552500000000000000e+03
1.610500000000000000e+03
1.561166666666666515e+03
1.556833333333333030e+03
1.416500000000000000e+03
1.493333333333333258e+03
1.532666666666666515e+03
1.613333333333333258e+03
1.529500000000000000e+03
1.622666666666666515e+03
1.630833333333333030e+03
1.625666666666666515e+03
1.504333333333333258e+03
1.564333333333333258e+03
1.591666666666666515e+03
1.609333333333333258e+03
1.519166666666666515e+03
1.608833333333333258e+03
1.602833333333333258e+03
1.606000000000000000e+03
1.453166666666666515e+03
1.545500000000000000e+03
1.601666666666666515e+03
1.709833333333333030e+03
1.644000000000000000e+03
1.670499999999999773e+03
1.618666666666666515e+03
1.580666666666666515e+03
1.452833333333333258e+03
1.507166666666666515e+03
1.536666666666666515e+03
1.587499999999999773e+03
1.498000000000000000e+03
1.521500000000000000e+03
1.520166666666666515e+03
1.559333333333333258e+03
1.494500000000000000e+03
1.536500000000000000e+03
1.492999999999999773e+03
1.499333333333333258e+03
1.447500000000000000e+03
1.540333333333333258e+03
1.550333333333333258e+03
1.598166666666666515e+03
1.534333333333333258e+03
1.647833333333333258e+03
1.665000000000000000e+03
1.707333333333333030e+03
1.604000000000000000e+03
1.608166666666666515e+03
1.595166666666666515e+03
1.613666666666666515e+03
1.557666666666666515e+03
1.594166666666666515e+03
1.561166666666666515e+03
1.582500000000000000e+03
1.553500000000000000e+03
1.664500000000000000e+03
1.642666666666666515e+03
1.623000000000000000e+03
1.524500000000000000e+03
1.603500000000000000e+03
1.602666666666666515e+03
1.549833333333333258e+03
1.426333333333333258e+03
1.475500000000000000e+03
1.526166666666666515e+03
1.555166666666666515e+03
1.470500000000000000e+03
1.500666666666666515e+03
1.479833333333333258e+03
1.489333333333333258e+03
1.419333333333333258e+03
1.484333333333333258e+03
1.507000000000000000e+03
1.559666666666666515e+03
1.482833333333333030e+03
1.542500000000000000e+03
1.562666666666666515e+03
1.628333333333333258e+03
1.544000000000000000e+03
1.562166666666666515e+03
1.545833333333333258e+03
1.581499999999999773e+03
1.530000000000000000e+03
1.588833333333333030e+03
1.580833333333333258e+03
1.600833333333333030e+03
1.545833333333333258e+03
1.633500000000000000e+03
1.608166666666666515e+03
1.581166666666666515e+03
1.458000000000000000e+03
1.529166666666666515e+03
1.601833333333333258e+03
1.693333333333333258e+03
1.641500000000000000e+03
1.656666666666666515e+03
1.577333333333333258e+03
1.584166666666666515e+03
1.487333333333333258e+03
1.533000000000000000e+03
1.511000000000000000e+03
1.562999999999999773e+03
1.531833333333333258e+03
1.612666666666666515e+03
1.603666666666666515e+03
1.625833333333333030e+03
1.487000000000000000e+03
1.483833333333333258e+03
1.485166666666666515e+03
1.586833333333333030e+03
1.587166666666666515e+03
1.641166666666666515e+03
1.608333333333333258e+03
1.647666666666666515e+03
1.559499999999999773e+03
1.613499999999999773e+03
1.556666666666666515e+03
1.593000000000000000e+03
1.498333333333333030e+03
1.566500000000000000e+03
1.537166666666666515e+03
1.609500000000000000e+03
1.567000000000000000e+03
1.639166666666666515e+03
1.597833333333333030e+03
1.592333333333333030e+03
1.495333333333333258e+03
1.579833333333333258e+03
1.590499999999999773e+03
1.662500000000000000e+03
1.550333333333333258e+03
1.587166666666666515e+03
1.589166666666666515e+03
1.709333333333333030e+03
1.678333333333333030e+03
1.713166666666666515e+03
1.636666666666666515e+03
1.632166666666666515e+03
1.517333333333333258e+03
1.512666666666666515e+03
1.467666666666666515e+03
1.466333333333333258e+03
1.469000000000000000e+03
1.566166666666666515e+03
1.597500000000000000e+03
1.595833333333333258e+03
1.472833333333333258e+03
1.500000000000000000e+03
1.488666666666666515e+03
1.560500000000000000e+03
1.506666666666666515e+03
1.584666666666666515e+03
1.548000000000000000e+03
1.557333333333333030e+03
1.473666666666666515e+03
1.570500000000000000e+03
1.622833333333333258e+03
1.610500000000000000e+03
1.495333333333333258e+03
1.514166666666666515e+03
1.578000000000000000e+03
1.603166666666666515e+03
1.518000000000000000e+03
1.545333333333333258e+03
1.552666666666666515e+03
1.604000000000000000e+03
1.498333333333333030e+03
1.553500000000000000e+03
1.564333333333333258e+03
1.609666666666666515e+03
1.557500000000000000e+03
1.579166666666666515e+03
1.590666666666666515e+03
1.616333333333333258e+03
1.528500000000000000e+03
1.520166666666666515e+03
1.485500000000000000e+03
1.523500000000000000e+03
1.486166666666666515e+03
1.502166666666666515e+03
1.514333333333333258e+03
1.571000000000000000e+03
1.522333333333333258e+03
1.594333333333333258e+03
1.611833333333333258e+03
1.666500000000000000e+03
1.545999999999999773e+03
1.525833333333333258e+03
1.474999999999999773e+03
1.491166666666666515e+03
1.401500000000000000e+03
1.491833333333333258e+03
1.578333333333333258e+03
1.626666666666666515e+03
1.480166666666666515e+03
1.404833333333333258e+03
1.402500000000000000e+03
1.491833333333333258e+03
1.475333333333333258e+03
1.518000000000000000e+03
1.503500000000000000e+03
1.561333333333333258e+03
1.548666666666666515e+03
1.610333333333333030e+03
1.582666666666666515e+03
1.612166666666666515e+03
1.556166666666666515e+03
1.617333333333333258e+03
1.581666666666666515e+03
1.572666666666666515e+03
1.493333333333333258e+03
1.540500000000000000e+03
1.595833333333333258e+03
1.592999999999999773e+03
1.495833333333333258e+03
1.499333333333333258e+03
1.532000000000000000e+03
1.592666666666666515e+03
1.522833333333333030e+03
1.577000000000000000e+03
1.586166666666666515e+03
1.670666666666666515e+03
1.579166666666666515e+03
1.597166666666666515e+03
1.554833333333333258e+03
1.563499999999999773e+03
1.501833333333333030e+03
1.563000000000000000e+03
1.572999999999999773e+03
1.577666666666666515e+03
1.457666666666666515e+03
1.493000000000000000e+03
1.476500000000000000e+03
1.519166666666666515e+03
1.434833333333333258e+03
1.500666666666666515e+03
1.510500000000000000e+03
1.585833333333333030e+03
1.536333333333333030e+03
1.565666666666666515e+03
1.537000000000000000e+03
1.562333333333333258e+03
1.505500000000000000e+03
1.596666666666666515e+03
1.619666666666666515e+03
1.662833333333333030e+03
1.568999999999999773e+03
1.578833333333333258e+03
1.563833333333333030e+03
1.576166666666666515e+03
1.525500000000000000e+03
1.558166666666666515e+03
1.542666666666666515e+03
1.539333333333333258e+03
1.458333333333333258e+03
1.554500000000000000e+03
1.562166666666666515e+03
1.607166666666666515e+03
1.507000000000000000e+03
1.573166666666666515e+03
1.557000000000000000e+03
1.573166666666666515e+03
1.476333333333333258e+03
1.546333333333333258e+03
1.551666666666666515e+03
1.576666666666666515e+03
1.475666666666666515e+03
1.546333333333333258e+03
1.567166666666666515e+03
1.641000000000000000e+03
1.541166666666666515e+03
1.607000000000000000e+03
1.576500000000000000e+03
1.550166666666666515e+03
1.408166666666666515e+03
1.462333333333333258e+03
1.509500000000000000e+03
1.513833333333333258e+03
1.426166666666666515e+03
1.497333333333333258e+03
1.572666666666666515e+03
1.623499999999999773e+03
1.570333333333333258e+03
1.631666666666666515e+03
1.633333333333333258e+03
1.624666666666666515e+03
1.487999999999999773e+03
1.488000000000000000e+03
1.483833333333333258e+03
1.519333333333333258e+03
1.441333333333333258e+03
1.489666666666666515e+03
1.503666666666666515e+03
1.546833333333333030e+03
1.478333333333333258e+03
1.542666666666666515e+03
1.594166666666666515e+03
1.615000000000000000e+03
1.504000000000000000e+03
1.503000000000000000e+03
1.494333333333333258e+03
1.550333333333333030e+03
1.474166666666666515e+03
1.536666666666666515e+03
1.535666666666666515e+03
1.575666666666666515e+03
1.511166666666666515e+03
1.571166666666666515e+03
1.563499999999999773e+03
1.579500000000000000e+03
1.496833333333333258e+03
1.604666666666666515e+03
1.604499999999999773e+03
1.603833333333333258e+03
1.484999999999999773e+03
1.569666666666666515e+03
1.572666666666666515e+03
1.592833333333333258e+03
1.470666666666666515e+03
1.535500000000000000e+03
1.539833333333333258e+03
1.583500000000000000e+03
1.491166666666666515e+03
1.553500000000000000e+03
1.548333333333333258e+03
1.599000000000000000e+03
1.514666666666666515e+03
1.569000000000000000e+03
1.562333333333333258e+03
1.584500000000000000e+03
1.531833333333333258e+03
1.597500000000000000e+03
1.578666666666666515e+03
1.590999999999999773e+03
1.536000000000000000e+03
1.607166666666666515e+03
1.564000000000000000e+03
1.532666666666666515e+03
1.439333333333333258e+03
1.524333333333333258e+03
1.534666666666666515e+03
1.523166666666666515e+03
1.419000000000000000e+03
1.502833333333333258e+03
1.554666666666666515e+03
1.609166666666666515e+03
1.523833333333333258e+03
1.606666666666666515e+03
1.622333333333333030e+03
1.639500000000000000e+03
1.533500000000000000e+03
1.584000000000000000e+03
1.575000000000000000e+03
1.593333333333333258e+03
1.483500000000000000e+03
1.539333333333333258e+03
1.556500000000000000e+03
1.557166666666666515e+03
1.431666666666666515e+03
1.405333333333333258e+03
1.438000000000000000e+03
1.542833333333333258e+03
1.488833333333333258e+03
1.530499999999999773e+03
1.482833333333333030e+03
1.497166666666666515e+03
1.386666666666666515e+03
1.456666666666666515e+03
1.505500000000000000e+03
1.549166666666666515e+03
1.430666666666666515e+03
1.450833333333333258e+03
1.448166666666666515e+03
1.479000000000000000e+03
1.422833333333333258e+03
1.528500000000000000e+03
1.566833333333333258e+03
1.597833333333333258e+03
1.468333333333333258e+03
1.481833333333333258e+03
1.485000000000000000e+03
1.533666666666666515e+03
1.500166666666666515e+03
1.561666666666666515e+03
1.572166666666666515e+03
1.573500000000000000e+03
1.457833333333333258e+03
1.489833333333333258e+03
1.497000000000000000e+03
1.522833333333333258e+03
1.434833333333333258e+03
1.464166666666666515e+03
1.470000000000000000e+03
1.484000000000000000e+03
1.438500000000000000e+03
1.518833333333333258e+03
1.580499999999999773e+03
1.648166666666666515e+03
1.593166666666666515e+03
1.577333333333333258e+03
1.489333333333333258e+03
1.445333333333333258e+03
1.386166666666666515e+03
1.496833333333333258e+03
1.577666666666666515e+03
1.617500000000000000e+03
1.530666666666666515e+03
1.566833333333333258e+03
1.584999999999999773e+03
1.585333333333333258e+03
1.459333333333333258e+03
1.468833333333333258e+03
1.520000000000000000e+03
1.556000000000000000e+03
1.509499999999999773e+03
1.544333333333333258e+03
1.571333333333333258e+03
1.551333333333333258e+03
1.430500000000000000e+03
1.483000000000000000e+03
1.552500000000000000e+03
1.603166666666666515e+03
1.534166666666666515e+03
1.568333333333333258e+03
1.533333333333333258e+03
1.490000000000000000e+03
1.401333333333333258e+03
1.518166666666666515e+03
1.537666666666666515e+03
1.531500000000000000e+03
1.392166666666666515e+03
1.456666666666666515e+03
1.456666666666666515e+03
1.468500000000000000e+03
1.360000000000000000e+03
1.432833333333333258e+03
1.470666666666666515e+03
1.529833333333333258e+03
1.465500000000000000e+03
1.567500000000000000e+03
1.585666666666666515e+03
1.609666666666666515e+03
1.456166666666666515e+03
1.470666666666666515e+03
1.454333333333333258e+03
1.530500000000000000e+03
1.494166666666666515e+03
1.581666666666666515e+03
1.549000000000000000e+03
1.522666666666666515e+03
1.374166666666666515e+03
1.419333333333333258e+03
1.463500000000000000e+03
1.516833333333333030e+03
1.464833333333333258e+03
1.533666666666666515e+03
1.570666666666666515e+03
1.567833333333333258e+03
1.459333333333333258e+03
1.477333333333333258e+03
1.451833333333333258e+03
1.454000000000000000e+03
1.393833333333333258e+03
1.514333333333333258e+03
1.589666666666666515e+03
1.635499999999999773e+03
1.532999999999999773e+03
1.536333333333333030e+03
1.519333333333333258e+03
1.535500000000000000e+03
1.494333333333333258e+03
1.589666666666666515e+03
1.620833333333333030e+03
1.560000000000000000e+03
1.409833333333333258e+03
1.453000000000000000e+03
1.523333333333333258e+03
1.552166666666666515e+03
1.468333333333333258e+03
1.466500000000000000e+03
1.472500000000000000e+03
1.512500000000000000e+03
1.471333333333333258e+03
1.525666666666666515e+03
1.529833333333333258e+03
1.589166666666666515e+03
1.586666666666666515e+03
1.605500000000000000e+03
1.547166666666666515e+03
1.504333333333333258e+03
1.412000000000000000e+03
1.460166666666666515e+03
1.433166666666666515e+03
1.466500000000000000e+03
1.397833333333333258e+03
1.497500000000000000e+03
1.530833333333333258e+03
1.554166666666666515e+03
1.442333333333333030e+03
1.461833333333333258e+03
1.444833333333333258e+03
1.430833333333333030e+03
1.351833333333333258e+03
1.464500000000000000e+03
1.551166666666666515e+03
1.608000000000000000e+03
1.522500000000000000e+03
1.552333333333333258e+03
1.550333333333333030e+03
1.531333333333333258e+03
1.462333333333333258e+03
1.522333333333333258e+03
1.540500000000000000e+03
1.502000000000000000e+03
1.390000000000000000e+03
1.439833333333333258e+03
1.485000000000000000e+03
1.507666666666666515e+03
1.471666666666666515e+03
1.552000000000000000e+03
1.563833333333333030e+03
1.542166666666666515e+03
1.418500000000000000e+03
1.496500000000000000e+03
1.543333333333333258e+03
1.572666666666666515e+03
1.479500000000000000e+03
1.484833333333333258e+03
1.529000000000000000e+03
1.559333333333333258e+03
1.472166666666666515e+03
1.437500000000000000e+03
1.374166666666666515e+03
1.377333333333333258e+03
1.363000000000000000e+03
1.511666666666666515e+03
1.587666666666666515e+03
1.601833333333333030e+03
1.470000000000000000e+03
1.487666666666666515e+03
1.552000000000000000e+03
1.653999999999999773e+03
1.609333333333333258e+03
1.641333333333333258e+03
1.578500000000000000e+03
1.593833333333333258e+03
1.496166666666666515e+03
1.562000000000000000e+03
1.570999999999999773e+03
1.586166666666666515e+03
1.492333333333333258e+03
1.545833333333333258e+03
1.548500000000000000e+03
1.579500000000000000e+03
1.447500000000000000e+03
1.478166666666666515e+03
1.493166666666666515e+03
1.576500000000000000e+03
1.511666666666666515e+03
1.519500000000000000e+03
1.496833333333333258e+03
1.499833333333333258e+03
1.457500000000000000e+03
1.545166666666666515e+03
1.589499999999999773e+03
1.586166666666666515e+03
1.461500000000000000e+03
1.490000000000000000e+03
1.519333333333333258e+03
1.554166666666666515e+03
1.489666666666666515e+03
1.544166666666666515e+03
1.607666666666666515e+03
1.665833333333333258e+03
1.559666666666666515e+03
1.575166666666666515e+03
1.559666666666666515e+03
1.585666666666666515e+03
1.489500000000000000e+03
1.555333333333333258e+03
1.594000000000000000e+03
1.598166666666666515e+03
1.488000000000000000e+03
1.544166666666666515e+03
1.556833333333333258e+03
1.540333333333333030e+03
1.463166666666666515e+03
1.519333333333333258e+03
1.548166666666666515e+03
1.519166666666666515e+03
1.455000000000000000e+03
1.540833333333333258e+03
1.576833333333333258e+03
1.582166666666666515e+03
1.492666666666666515e+03
1.522500000000000000e+03
1.535499999999999773e+03
1.488666666666666515e+03
1.401333333333333258e+03
1.425000000000000000e+03
1.505833333333333258e+03
1.559833333333333258e+03
1.505333333333333258e+03
1.523333333333333258e+03
1.505500000000000000e+03
1.503666666666666515e+03
1.436000000000000000e+03
1.534166666666666515e+03
1.580833333333333258e+03
1.587833333333333030e+03
1.492333333333333258e+03
1.521833333333333258e+03
1.525833333333333030e+03
1.488166666666666515e+03
1.397166666666666515e+03
1.471666666666666515e+03
1.528000000000000000e+03
1.548833333333333030e+03
1.468000000000000000e+03
1.514333333333333258e+03
1.520499999999999773e+03
1.508833333333333030e+03
1.417333333333333258e+03
1.478833333333333258e+03
1.503333333333333030e+03
1.524333333333333258e+03
1.425833333333333258e+03
1.467666666666666515e+03
1.497000000000000000e+03
1.543999999999999773e+03
1.498500000000000000e+03
1.594833333333333258e+03
1.605333333333333258e+03
1.580333333333333258e+03
1.425000000000000000e+03
1.464000000000000000e+03
1.508166666666666515e+03
1.507500000000000000e+03
1.432500000000000000e+03
1.474000000000000000e+03
1.487666666666666515e+03
1.459833333333333258e+03
1.361166666666666515e+03
1.444333333333333258e+03
1.508833333333333258e+03
1.556333333333333258e+03
1.454500000000000000e+03
1.507000000000000000e+03
1.499000000000000000e+03
1.540333333333333258e+03
1.468833333333333258e+03
1.528833333333333258e+03
1.521666666666666515e+03
1.507166666666666515e+03
1.429333333333333258e+03
1.489000000000000000e+03
1.468666666666666515e+03
1.488666666666666515e+03
1.409000000000000000e+03
1.492166666666666515e+03
1.548166666666666515e+03
1.593500000000000000e+03
1.530499999999999773e+03
1.538166666666666515e+03
1.516833333333333030e+03
1.578333333333333258e+03
1.506833333333333258e+03
1.560333333333333030e+03
1.553833333333333258e+03
1.586666666666666515e+03
1.533000000000000000e+03
1.575333333333333258e+03
1.589999999999999773e+03
1.561166666666666515e+03
1.461000000000000000e+03
1.487666666666666515e+03
1.549666666666666515e+03
1.557666666666666515e+03
1.485333333333333258e+03
1.525333333333333258e+03
1.534500000000000000e+03
1.524000000000000000e+03
1.443833333333333258e+03
1.517833333333333258e+03
1.543499999999999773e+03
1.548166666666666515e+03
1.474333333333333258e+03
1.557000000000000000e+03
1.586333333333333258e+03
1.598833333333333258e+03
1.471500000000000000e+03
1.507500000000000000e+03
1.496333333333333258e+03
1.492166666666666515e+03
1.420833333333333258e+03
1.498166666666666515e+03
1.558499999999999773e+03
1.574166666666666515e+03
1.510166666666666515e+03
1.565333333333333258e+03
1.576833333333333258e+03
1.560500000000000000e+03
1.500333333333333258e+03
1.568833333333333258e+03
1.616499999999999773e+03
1.579999999999999773e+03
1.478333333333333030e+03
1.504833333333333258e+03
1.542000000000000000e+03
1.577000000000000000e+03
1.475833333333333258e+03
1.536500000000000000e+03
1.517500000000000000e+03
1.502333333333333258e+03
1.438833333333333258e+03
1.543666666666666515e+03
1.604333333333333030e+03
1.576333333333333030e+03
1.457500000000000000e+03
1.493166666666666515e+03
1.512000000000000000e+03
1.498333333333333258e+03
1.404833333333333258e+03
1.452833333333333258e+03
1.491833333333333258e+03
1.551833333333333258e+03
1.527166666666666515e+03
1.601333333333333030e+03
1.593166666666666515e+03
1.564666666666666515e+03
1.510500000000000000e+03
1.572333333333333258e+03
1.602666666666666515e+03
1.594499999999999773e+03
1.519166666666666515e+03
1.580833333333333258e+03
1.587166666666666515e+03
1.595833333333333258e+03
1.489666666666666515e+03
1.537666666666666515e+03
1.537833333333333258e+03
1.532999999999999773e+03
1.411000000000000000e+03
1.458000000000000000e+03
1.471500000000000000e+03
1.488833333333333258e+03
1.430666666666666515e+03
1.510500000000000000e+03
1.529833333333333258e+03
1.520833333333333258e+03
1.440000000000000000e+03
1.555000000000000000e+03
1.589499999999999773e+03
1.602999999999999773e+03
1.463500000000000000e+03
1.479666666666666515e+03
1.473166666666666515e+03
1.499166666666666515e+03
1.469500000000000000e+03
1.520666666666666515e+03
1.525166666666666515e+03
1.500833333333333258e+03
1.415666666666666515e+03
1.460833333333333258e+03
1.497500000000000000e+03
1.526833333333333030e+03
1.453833333333333258e+03
1.516500000000000000e+03
1.573000000000000000e+03
1.593500000000000000e+03
1.476166666666666515e+03
1.478333333333333258e+03
1.486166666666666515e+03
1.510499999999999773e+03
1.468000000000000000e+03
1.569666666666666515e+03
1.580000000000000000e+03
1.560666666666666515e+03
1.414166666666666515e+03
1.466333333333333258e+03
1.474666666666666515e+03
1.498166666666666515e+03
1.416666666666666515e+03
1.494500000000000000e+03
1.573333333333333258e+03
1.587666666666666515e+03
1.476666666666666515e+03
1.496166666666666515e+03
1.506500000000000000e+03
1.490666666666666515e+03
1.387000000000000000e+03
1.466333333333333258e+03
1.508500000000000000e+03
1.541500000000000000e+03
1.443166666666666515e+03
1.515500000000000000e+03
1.541333333333333258e+03
1.569666666666666515e+03
1.492500000000000000e+03
1.522000000000000000e+03
1.553333333333333030e+03
1.598166666666666515e+03
1.515833333333333030e+03
1.532000000000000000e+03
1.499833333333333258e+03
1.516666666666666515e+03
1.452500000000000000e+03
1.521666666666666515e+03
1.551166666666666515e+03
1.570666666666666515e+03
1.487833333333333258e+03
1.524666666666666515e+03
1.531500000000000000e+03
1.506333333333333258e+03
1.421666666666666515e+03
1.528000000000000000e+03
1.585333333333333258e+03
1.615833333333333030e+03
1.526500000000000000e+03
1.572333333333333258e+03
1.615833333333333030e+03
1.607333333333333258e+03
1.492999999999999773e+03
1.502666666666666515e+03
1.510999999999999773e+03
1.559999999999999773e+03
1.495499999999999773e+03
1.525500000000000000e+03
1.528166666666666515e+03
1.574666666666666515e+03
1.496333333333333258e+03
1.533666666666666515e+03
1.523833333333333258e+03
1.541000000000000000e+03
1.489833333333333258e+03
1.513500000000000000e+03
1.549500000000000000e+03
1.586333333333333258e+03
1.546833333333333030e+03
1.608000000000000000e+03
1.617166666666666515e+03
1.604333333333333258e+03
1.489166666666666515e+03
1.526000000000000000e+03
1.519833333333333030e+03
1.527999999999999773e+03
1.464166666666666515e+03
1.544833333333333258e+03
1.560166666666666515e+03
1.544500000000000000e+03
1.430166666666666515e+03
1.475333333333333258e+03
1.471833333333333258e+03
1.521333333333333258e+03
1.474833333333333258e+03
1.583500000000000000e+03
1.577333333333333258e+03
1.543000000000000000e+03
1.429833333333333258e+03
1.513500000000000000e+03
1.583666666666666515e+03
1.647666666666666515e+03
1.623833333333333030e+03
1.672999999999999773e+03
1.629833333333333258e+03
1.556666666666666515e+03
1.438000000000000000e+03
1.494666666666666515e+03
1.542000000000000000e+03
1.559833333333333258e+03
1.492166666666666515e+03
1.549333333333333258e+03
1.612333333333333258e+03
1.665166666666666515e+03
1.544666666666666515e+03
1.521000000000000000e+03
1.499666666666666515e+03
1.558999999999999773e+03
1.534499999999999773e+03
1.596666666666666515e+03
1.573166666666666515e+03
1.570833333333333258e+03
1.450333333333333258e+03
1.445500000000000000e+03
1.442833333333333258e+03
1.501500000000000000e+03
1.502333333333333258e+03
1.627500000000000000e+03
1.628166666666666515e+03
1.626166666666666515e+03
1.500499999999999773e+03
1.561333333333333258e+03
1.594333333333333258e+03
1.612500000000000000e+03
1.579666666666666515e+03
1.661833333333333258e+03
1.672166666666666515e+03
1.667333333333333258e+03
1.566500000000000000e+03
1.602999999999999773e+03
1.570166666666666515e+03
1.554833333333333258e+03
1.494500000000000000e+03
1.628000000000000000e+03
1.686333333333333030e+03
1.729000000000000000e+03
1.577833333333333258e+03
1.552499999999999773e+03
1.511000000000000000e+03
1.517833333333333258e+03
1.481666666666666515e+03
1.544333333333333258e+03
1.543833333333333258e+03
1.580666666666666515e+03
1.514166666666666515e+03
1.602666666666666515e+03
1.619333333333333030e+03
1.700500000000000000e+03
1.652166666666666515e+03
1.669166666666666515e+03
1.609499999999999773e+03
1.592833333333333258e+03
1.507499999999999773e+03
1.568999999999999773e+03
1.621666666666666515e+03
1.686500000000000000e+03
1.584333333333333030e+03
1.559500000000000000e+03
1.557833333333333258e+03
1.604333333333333030e+03
1.565666666666666515e+03
1.627333333333333030e+03
1.613999999999999773e+03
1.633166666666666515e+03
1.558333333333333258e+03
1.608833333333333258e+03
1.614666666666666515e+03
1.615500000000000000e+03
1.595833333333333030e+03
1.636166666666666515e+03
1.639000000000000000e+03
1.611000000000000000e+03
1.528833333333333030e+03
1.574500000000000000e+03
1.555000000000000000e+03
1.584000000000000000e+03
1.524000000000000000e+03
1.615833333333333258e+03
1.619499999999999773e+03
1.613833333333333258e+03
1.533166666666666515e+03
1.636833333333333258e+03
1.647333333333333258e+03
1.657333333333333258e+03
1.518000000000000000e+03
1.590000000000000000e+03
1.624999999999999773e+03
1.667500000000000000e+03
1.633833333333333258e+03
1.727166666666666515e+03
1.744833333333333258e+03
1.694500000000000000e+03
1.577166666666666515e+03
1.611166666666666515e+03
1.627999999999999773e+03
1.631999999999999773e+03
1.546833333333333030e+03
1.573166666666666515e+03
1.577666666666666515e+03
1.643833333333333258e+03
1.622833333333333030e+03
1.651833333333333258e+03
1.597666666666666515e+03
1.585333333333333258e+03
1.515666666666666515e+03
1.582000000000000000e+03
1.597499999999999773e+03
1.634666666666666515e+03
1.570999999999999773e+03
1.628499999999999773e+03
1.651999999999999773e+03
1.703999999999999773e+03
1.663166666666666515e+03
1.710666666666666515e+03
1.694166666666666515e+03
1.678333333333333030e+03
1.591666666666666515e+03
1.646666666666666515e+03
1.654333333333333258e+03
1.671833333333333030e+03
1.579166666666666515e+03
1.635833333333333258e+03
1.671333333333333030e+03
1.734166666666666515e+03
1.659166666666666515e+03
1.681166666666666515e+03
1.685666666666666515e+03
1.737499999999999773e+03
1.711500000000000000e+03
1.745000000000000000e+03
1.741833333333333030e+03
1.750499999999999773e+03
1.641000000000000000e+03
1.650166666666666515e+03
1.627000000000000000e+03
1.633166666666666515e+03
1.547500000000000000e+03
1.591666666666666515e+03
1.632166666666666515e+03
1.660666666666666515e+03
1.578666666666666515e+03
1.654166666666666515e+03
1.719666666666666515e+03
1.772166666666666515e+03
1.683833333333333258e+03
1.681333333333333030e+03
1.679666666666666515e+03
1.694166666666666515e+03
1.643833333333333258e+03
1.692999999999999773e+03
1.700833333333333030e+03
1.747333333333333258e+03
1.672666666666666515e+03
1.739333333333333258e+03
1.732333333333333258e+03
1.749333333333333030e+03
1.633166666666666515e+03
1.641000000000000000e+03
1.614000000000000000e+03
1.623000000000000000e+03
1.555000000000000000e+03
1.652333333333333258e+03
1.679999999999999773e+03
1.722833333333333258e+03
1.641333333333333258e+03
1.703666666666666515e+03
1.731499999999999773e+03
1.754500000000000000e+03
1.707500000000000000e+03
1.727166666666666515e+03
1.697499999999999773e+03
1.634333333333333258e+03
1.540833333333333258e+03
1.615666666666666515e+03
1.688999999999999773e+03
1.737333333333333258e+03
1.659666666666666515e+03
1.685833333333333258e+03
1.679833333333333258e+03
1.694333333333333258e+03
1.627166666666666515e+03
1.662333333333333258e+03
1.664000000000000000e+03
1.657999999999999773e+03
1.569333333333333258e+03
1.618833333333333030e+03
1.630333333333333258e+03
1.657333333333333258e+03
1.571999999999999773e+03
1.620666666666666515e+03
1.627666666666666515e+03
1.648500000000000000e+03
1.580000000000000000e+03
1.666833333333333030e+03
1.722833333333333030e+03
1.770166666666666515e+03
1.697500000000000000e+03
1.731166666666666515e+03
1.725666666666666515e+03
1.717166666666666515e+03
1.629666666666666515e+03
1.680333333333333258e+03
1.745833333333333258e+03
1.793833333333333258e+03
1.679833333333333258e+03
1.647166666666666515e+03
1.619000000000000000e+03
1.708000000000000000e+03
1.715999999999999773e+03
1.794500000000000000e+03
1.769833333333333258e+03
1.753833333333333258e+03
1.634333333333333030e+03
1.644166666666666515e+03
1.653666666666666515e+03
1.735833333333333258e+03
1.689666666666666515e+03
1.686166666666666515e+03
1.645000000000000000e+03
1.658500000000000000e+03
1.603166666666666515e+03
1.646000000000000000e+03
1.652833333333333258e+03
1.661000000000000000e+03
1.592833333333333258e+03
1.673833333333333258e+03
1.693666666666666515e+03
1.675833333333333258e+03
1.539500000000000000e+03
1.621166666666666515e+03
1.708833333333333030e+03
1.822666666666666515e+03
1.722833333333333258e+03
1.722999999999999773e+03
1.677999999999999773e+03
1.715666666666666515e+03
1.658333333333333258e+03
1.701000000000000000e+03
1.700833333333333258e+03
1.687666666666666515e+03
1.594166666666666515e+03
1.615166666666666515e+03
1.658833333333333258e+03
1.693333333333333258e+03
1.596833333333333258e+03
1.632500000000000000e+03
1.656166666666666515e+03
1.729500000000000000e+03
1.645666666666666515e+03
1.651833333333333258e+03
1.622333333333333030e+03
1.659500000000000000e+03
1.620166666666666515e+03
1.662666666666666515e+03
1.668833333333333030e+03
1.675833333333333258e+03
1.631499999999999773e+03
1.694000000000000000e+03
1.742666666666666515e+03
1.779333333333333258e+03
1.676166666666666515e+03
1.684666666666666515e+03
1.679499999999999773e+03
1.714166666666666515e+03
1.685000000000000000e+03
1.739999999999999773e+03
1.773666666666666515e+03
1.777666666666666515e+03
1.689000000000000000e+03
1.701833333333333030e+03
1.721833333333333258e+03
1.757999999999999773e+03
1.733666666666666515e+03
1.808666666666666515e+03
1.854666666666666515e+03
1.818833333333333258e+03
1.653833333333333258e+03
1.668333333333333258e+03
1.738500000000000000e+03
1.816500000000000000e+03
1.753999999999999773e+03
1.738333333333333258e+03
1.681000000000000000e+03
1.640333333333333030e+03
1.540333333333333258e+03
1.605666666666666515e+03
1.644166666666666515e+03
1.712666666666666515e+03
1.670833333333333030e+03
1.708999999999999773e+03
1.686333333333333258e+03
1.689333333333333030e+03
1.592666666666666515e+03
1.605833333333333258e+03
1.570499999999999773e+03
1.559333333333333258e+03
1.506333333333333258e+03
1.624833333333333258e+03
1.731500000000000000e+03
1.802166666666666515e+03
1.733000000000000000e+03
1.753333333333333258e+03
1.726666666666666515e+03
1.686833333333333258e+03
1.599000000000000000e+03
1.660500000000000000e+03
1.703666666666666515e+03
1.701000000000000000e+03
1.587166666666666515e+03
1.592333333333333258e+03
1.602500000000000000e+03
1.595000000000000000e+03
1.502833333333333258e+03
1.564500000000000000e+03
1.628833333333333258e+03
1.686833333333333258e+03
1.598000000000000000e+03
1.658500000000000000e+03
1.664000000000000000e+03
1.651333333333333258e+03
1.576500000000000000e+03
1.666333333333333258e+03
1.742166666666666515e+03
1.754666666666666515e+03
1.667333333333333258e+03
1.676499999999999773e+03
1.674000000000000000e+03
1.641000000000000000e+03
1.613499999999999773e+03
1.664666666666666515e+03
1.693666666666666515e+03
1.665500000000000000e+03
1.569499999999999773e+03
1.596333333333333258e+03
1.595166666666666515e+03
1.621333333333333258e+03
1.573000000000000000e+03
1.612666666666666515e+03
1.612666666666666515e+03
1.651999999999999773e+03
1.595000000000000000e+03
1.644166666666666515e+03
1.582000000000000000e+03
1.559166666666666515e+03
1.489833333333333258e+03
1.578333333333333258e+03
1.637500000000000000e+03
1.674833333333333030e+03
1.597833333333333030e+03
1.634000000000000000e+03
1.595166666666666515e+03
1.581666666666666515e+03
1.489500000000000000e+03
1.532333333333333258e+03
1.523833333333333030e+03
1.501000000000000000e+03
1.427666666666666515e+03
1.492166666666666515e+03
1.541666666666666515e+03
1.571833333333333258e+03
1.506833333333333258e+03
1.539666666666666515e+03
1.579666666666666515e+03
1.649333333333333258e+03
1.580000000000000000e+03
1.575000000000000000e+03
1.538833333333333258e+03
1.542999999999999773e+03
1.469833333333333258e+03
1.491833333333333258e+03
1.521166666666666515e+03
1.542166666666666515e+03
1.499333333333333258e+03
1.577000000000000000e+03
1.627833333333333030e+03
1.642166666666666515e+03
1.564666666666666515e+03
1.599833333333333030e+03
1.599333333333333030e+03
1.565666666666666515e+03
1.438333333333333258e+03
1.488666666666666515e+03
1.539000000000000000e+03
1.581833333333333258e+03
1.523500000000000000e+03
1.560000000000000000e+03
1.552166666666666515e+03
1.561000000000000000e+03
1.458000000000000000e+03
1.490166666666666515e+03
1.471833333333333258e+03
1.480500000000000000e+03
1.426166666666666515e+03
1.487000000000000000e+03
1.498833333333333258e+03
1.490666666666666515e+03
1.411333333333333258e+03
1.498500000000000000e+03
1.570666666666666515e+03
1.590833333333333258e+03
1.523499999999999773e+03
1.582500000000000000e+03
1.643666666666666515e+03
1.665000000000000000e+03
1.544833333333333030e+03
1.573833333333333258e+03
1.603333333333333030e+03
1.631499999999999773e+03
1.516500000000000000e+03
1.490833333333333258e+03
1.462500000000000000e+03
1.463166666666666515e+03
1.394833333333333258e+03
1.443666666666666515e+03
1.442166666666666515e+03
1.451666666666666515e+03
1.400166666666666515e+03
1.486000000000000000e+03
1.527166666666666515e+03
1.569500000000000000e+03
1.461166666666666515e+03
1.498000000000000000e+03
1.561166666666666515e+03
1.640666666666666515e+03
1.533000000000000000e+03
1.494000000000000000e+03
1.486666666666666515e+03
1.569833333333333030e+03
1.532833333333333258e+03
1.564500000000000000e+03
1.582000000000000000e+03
1.598166666666666515e+03
1.484166666666666515e+03
1.489500000000000000e+03
1.500500000000000000e+03
1.570666666666666515e+03
1.495666666666666515e+03
1.546500000000000000e+03
1.535666666666666515e+03
1.747833333333333030e+03
2.177000000000000000e+03
2.302000000000000000e+03
2.132166666666666515e+03
1.631499999999999773e+03
1.475166666666666515e+03
1.493833333333333258e+03
1.500166666666666515e+03
1.548833333333333030e+03
1.489000000000000000e+03
1.522833333333333258e+03
1.501166666666666515e+03
1.500166666666666515e+03
1.422166666666666515e+03
1.470833333333333258e+03
1.516833333333333258e+03
1.567666666666666515e+03
1.492333333333333258e+03
1.505000000000000000e+03
1.503999999999999773e+03
1.533499999999999773e+03
1.495333333333333258e+03
1.548833333333333258e+03
1.608333333333333258e+03
1.646999999999999773e+03
1.592333333333333030e+03
1.607500000000000000e+03
1.620999999999999773e+03
1.615000000000000000e+03
1.526500000000000000e+03
1.546000000000000000e+03
1.571333333333333258e+03
1.609166666666666515e+03
1.531666666666666515e+03
1.549166666666666515e+03
1.567000000000000000e+03
1.613666666666666515e+03
1.551499999999999773e+03
1.578666666666666515e+03
1.594999999999999773e+03
1.636999999999999773e+03
1.555833333333333030e+03
1.595333333333333030e+03
1.604666666666666515e+03
1.645333333333333258e+03
1.598333333333333258e+03
1.703166666666666515e+03
1.746500000000000000e+03
1.746999999999999773e+03
1.637833333333333258e+03
1.684499999999999773e+03
1.708833333333333030e+03
1.733166666666666515e+03
1.631000000000000000e+03
1.662333333333333258e+03
1.693833333333333030e+03
1.743166666666666515e+03
1.711333333333333030e+03
1.769499999999999773e+03
1.802000000000000000e+03
1.823333333333333258e+03
1.757000000000000000e+03
1.797500000000000000e+03
1.853000000000000000e+03
1.911333333333333258e+03
1.858500000000000000e+03
1.875500000000000000e+03
1.889499999999999773e+03
1.931666666666666515e+03
1.895666666666666515e+03
1.952500000000000000e+03
1.954333333333333030e+03
1.945000000000000000e+03
1.897500000000000000e+03
2.001666666666666515e+03
2.086500000000000000e+03
2.117833333333333030e+03
2.045333333333333258e+03
2.075000000000000000e+03
2.100166666666666515e+03
2.144500000000000000e+03
2.087666666666666515e+03
2.098000000000000000e+03
2.080166666666666515e+03
2.106666666666666515e+03
2.080166666666666515e+03
2.142333333333333030e+03
2.157500000000000000e+03
2.200000000000000000e+03
2.162666666666666515e+03
2.267500000000000000e+03
2.284000000000000000e+03
2.287166666666666515e+03
2.149333333333333030e+03
2.180500000000000000e+03
2.212500000000000000e+03
2.258333333333333030e+03
2.220166666666666515e+03
2.304666666666666515e+03
2.338666666666666515e+03
2.339333333333333030e+03
2.252666666666666515e+03
2.301666666666666515e+03
2.324666666666666515e+03
2.359666666666666515e+03
2.323000000000000000e+03
2.330166666666666515e+03
2.288500000000000000e+03
2.281833333333333030e+03
2.251833333333333030e+03
2.352333333333333030e+03
2.362500000000000000e+03
2.398333333333333030e+03
2.333333333333333030e+03
2.364500000000000000e+03
2.377500000000000000e+03
2.393500000000000000e+03
2.312500000000000000e+03
2.348833333333333030e+03
2.400500000000000000e+03
2.439500000000000000e+03
2.377833333333333030e+03
2.373666666666666515e+03
2.407833333333333030e+03
2.436500000000000000e+03
2.359000000000000000e+03
2.406166666666666515e+03
2.405166666666666515e+03
2.423000000000000000e+03
2.342166666666666515e+03
2.428000000000000000e+03
2.473000000000000000e+03
2.456500000000000000e+03
2.341000000000000000e+03
2.380166666666666515e+03
2.421833333333333030e+03
2.441333333333333030e+03
2.319333333333333030e+03
2.344000000000000000e+03
2.311666666666666515e+03
2.341833333333333030e+03
2.280166666666666515e+03
2.361166666666666515e+03
2.403333333333333030e+03
2.451333333333333030e+03
2.366333333333333030e+03
2.363000000000000000e+03
2.296000000000000000e+03
2.248166666666666515e+03
2.169333333333333030e+03
2.234166666666666515e+03
2.272000000000000000e+03
2.282666666666666515e+03
2.206500000000000000e+03
2.273666666666666515e+03
2.282333333333333030e+03
2.279000000000000000e+03
2.187500000000000000e+03
2.283833333333333030e+03
2.345833333333333030e+03
2.353166666666666515e+03
2.210333333333333030e+03
2.196000000000000000e+03
2.172833333333333030e+03
2.182666666666666515e+03
2.117000000000000000e+03
2.195333333333333030e+03
2.216833333333333030e+03
2.234166666666666515e+03
2.167000000000000000e+03
2.204000000000000000e+03
2.175666666666666515e+03
2.128333333333333030e+03
2.006000000000000000e+03
2.047833333333333030e+03
2.083000000000000000e+03
2.119500000000000000e+03
2.056833333333333030e+03
2.116500000000000000e+03
2.144500000000000000e+03
2.132666666666666515e+03
2.028833333333333030e+03
2.054833333333333030e+03
2.089833333333333030e+03
2.088000000000000000e+03
2.013500000000000000e+03
2.049000000000000000e+03
2.075166666666666515e+03
2.095000000000000000e+03
2.011666666666666515e+03
2.092333333333333030e+03
2.099166666666666515e+03
2.095833333333333030e+03
1.953999999999999773e+03
1.995833333333333258e+03
1.988166666666666515e+03
1.966666666666666515e+03
1.850833333333333030e+03
1.929666666666666515e+03
2.023166666666666515e+03
2.076166666666666515e+03
1.971666666666666515e+03
1.980500000000000000e+03
1.942833333333333258e+03
1.939333333333333030e+03
1.792833333333333030e+03
1.826666666666666515e+03
1.844333333333333258e+03
1.889499999999999773e+03
1.818666666666666515e+03
1.920666666666666515e+03
1.954666666666666515e+03
1.932833333333333030e+03
1.767500000000000000e+03
1.787999999999999773e+03
1.806500000000000000e+03
1.849333333333333258e+03
1.778166666666666515e+03
1.845166666666666515e+03
1.837833333333333258e+03
1.850833333333333030e+03
1.761666666666666515e+03
1.792999999999999773e+03
1.791000000000000000e+03
1.797833333333333258e+03
1.702166666666666515e+03
1.726833333333333258e+03
1.731500000000000000e+03
1.775166666666666515e+03
1.751166666666666515e+03
1.818333333333333030e+03
1.829666666666666515e+03
1.787833333333333258e+03
1.668499999999999773e+03
1.687166666666666515e+03
1.667499999999999773e+03
1.686666666666666515e+03
1.630166666666666515e+03
1.699166666666666515e+03
1.748833333333333030e+03
1.789500000000000000e+03
1.728333333333333030e+03
1.786666666666666515e+03
1.777999999999999773e+03
1.797000000000000000e+03
1.667166666666666515e+03
1.725833333333333258e+03
1.742166666666666515e+03
1.776000000000000000e+03
1.676000000000000000e+03
1.686000000000000000e+03
1.677166666666666515e+03
1.678666666666666515e+03
1.623333333333333030e+03
1.687333333333333030e+03
1.687500000000000000e+03
1.670333333333333258e+03
1.615833333333333030e+03
1.698999999999999773e+03
1.757500000000000000e+03
1.745166666666666515e+03
1.638166666666666515e+03
1.693499999999999773e+03
1.717333333333333030e+03
1.773500000000000000e+03
1.701833333333333030e+03
1.750499999999999773e+03
1.746000000000000000e+03
1.743500000000000000e+03
1.646666666666666515e+03
1.664166666666666515e+03
1.668500000000000000e+03
1.690000000000000000e+03
1.607666666666666515e+03
1.679999999999999773e+03
1.714833333333333258e+03
1.741999999999999773e+03
1.616666666666666515e+03
1.634666666666666515e+03
1.671333333333333258e+03
1.704500000000000000e+03
1.645666666666666515e+03
1.681499999999999773e+03
1.690833333333333258e+03
1.671166666666666515e+03
1.599333333333333258e+03
1.681833333333333258e+03
1.731166666666666515e+03
1.751999999999999773e+03
1.680666666666666515e+03
1.751833333333333258e+03
1.765500000000000000e+03
1.741000000000000000e+03
1.628999999999999773e+03
1.677000000000000000e+03
1.714000000000000000e+03
1.726499999999999773e+03
1.621500000000000000e+03
1.661666666666666515e+03
1.661500000000000000e+03
1.665666666666666515e+03
1.539666666666666515e+03
1.578333333333333258e+03
1.632166666666666515e+03
1.679666666666666515e+03
1.599833333333333258e+03
1.644166666666666515e+03
1.662833333333333258e+03
1.699166666666666515e+03
1.576666666666666515e+03
1.644499999999999773e+03
1.651999999999999773e+03
1.658333333333333030e+03
1.540833333333333258e+03
1.615333333333333258e+03
1.650166666666666515e+03
1.668666666666666515e+03
1.510333333333333258e+03
1.531333333333333258e+03
1.580166666666666515e+03
1.679999999999999773e+03
1.647500000000000000e+03
1.704000000000000000e+03
1.714333333333333030e+03
1.707500000000000000e+03
1.576666666666666515e+03
1.623000000000000000e+03
1.655500000000000000e+03
1.714833333333333030e+03
1.621500000000000000e+03
1.672333333333333258e+03
1.607499999999999773e+03
1.592500000000000000e+03
1.555833333333333258e+03
1.692500000000000000e+03
1.726000000000000000e+03
1.688499999999999773e+03
1.537166666666666515e+03
1.624666666666666515e+03
1.702333333333333258e+03
1.731333333333333030e+03
1.621333333333333030e+03
1.658166666666666515e+03
1.710500000000000000e+03
1.703000000000000000e+03
1.593499999999999773e+03
1.666000000000000000e+03
1.698166666666666515e+03
1.700833333333333258e+03
1.594166666666666515e+03
1.665833333333333258e+03
1.692333333333333258e+03
1.710666666666666515e+03
1.605499999999999773e+03
1.644166666666666515e+03
1.623333333333333258e+03
1.615000000000000000e+03
1.515166666666666515e+03
1.600666666666666515e+03
1.652333333333333030e+03
1.689166666666666515e+03
1.611833333333333258e+03
1.681499999999999773e+03
1.696666666666666515e+03
1.717333333333333030e+03
1.635166666666666515e+03
1.687666666666666515e+03
1.657166666666666515e+03
1.618333333333333258e+03
1.532333333333333258e+03
1.638666666666666515e+03
1.695666666666666515e+03
1.701833333333333258e+03
1.585500000000000000e+03
1.643499999999999773e+03
1.699833333333333258e+03
1.719833333333333030e+03
1.600166666666666515e+03
1.621166666666666515e+03
1.610666666666666515e+03
1.602000000000000000e+03
1.493333333333333258e+03
1.548500000000000000e+03
1.599500000000000000e+03
1.626333333333333258e+03
1.572000000000000000e+03
1.631500000000000000e+03
1.650000000000000000e+03
1.656166666666666515e+03
1.559333333333333030e+03
1.595500000000000000e+03
1.554500000000000000e+03
1.552166666666666515e+03
1.495666666666666515e+03
1.633166666666666515e+03
1.683333333333333258e+03
1.705499999999999773e+03
1.596166666666666515e+03
1.646833333333333030e+03
1.657833333333333258e+03
1.692166666666666515e+03
1.598833333333333258e+03
1.651833333333333258e+03
1.642166666666666515e+03
1.661500000000000000e+03
1.560999999999999773e+03
1.629333333333333258e+03
1.632166666666666515e+03
1.645333333333333258e+03
1.583333333333333258e+03
1.707166666666666515e+03
1.710833333333333030e+03
1.645166666666666515e+03
1.475166666666666515e+03
1.525000000000000000e+03
1.564666666666666515e+03
1.599333333333333258e+03
1.564166666666666515e+03
1.648666666666666515e+03
1.685999999999999773e+03
1.665333333333333030e+03
1.549500000000000000e+03
1.608000000000000000e+03
1.638833333333333258e+03
1.702000000000000000e+03
1.646999999999999773e+03
1.702666666666666515e+03
1.699500000000000000e+03
1.644499999999999773e+03
1.557333333333333258e+03
1.629500000000000000e+03
1.708666666666666515e+03
1.725166666666666515e+03
1.623000000000000000e+03
1.667166666666666515e+03
1.666499999999999773e+03
1.669666666666666515e+03
1.553500000000000000e+03
1.650499999999999773e+03
1.664166666666666515e+03
1.651499999999999773e+03
1.519166666666666515e+03
1.583500000000000000e+03
1.644999999999999773e+03
1.705833333333333258e+03
1.590833333333333030e+03
1.617666666666666515e+03
1.610333333333333258e+03
1.672499999999999773e+03
1.579500000000000000e+03
1.636500000000000000e+03
1.643333333333333030e+03
1.666999999999999773e+03
1.579166666666666515e+03
1.615000000000000000e+03
1.662666666666666515e+03
1.656666666666666515e+03
1.539833333333333030e+03
1.574666666666666515e+03
1.580666666666666515e+03
1.598166666666666515e+03
1.512666666666666515e+03
1.608833333333333258e+03
1.659666666666666515e+03
1.652500000000000000e+03
1.555999999999999773e+03
1.615500000000000000e+03
1.649000000000000000e+03
1.642833333333333030e+03
1.532500000000000000e+03
1.574333333333333258e+03
1.630833333333333030e+03
1.687999999999999773e+03
1.646833333333333258e+03
1.703833333333333030e+03
1.703166666666666515e+03
1.686500000000000000e+03
1.560500000000000000e+03
1.623166666666666515e+03
1.665000000000000000e+03
1.690833333333333258e+03
1.593166666666666515e+03
1.650333333333333030e+03
1.682333333333333258e+03
1.717833333333333030e+03
1.575499999999999773e+03
1.614333333333333258e+03
1.585666666666666515e+03
1.596666666666666515e+03
1.492000000000000000e+03
1.543166666666666515e+03
1.579000000000000000e+03
1.605000000000000000e+03
1.507333333333333258e+03
1.551833333333333258e+03
1.556833333333333030e+03
1.550333333333333258e+03
1.481666666666666515e+03
1.603333333333333258e+03
1.692500000000000000e+03
1.694833333333333258e+03
1.573333333333333258e+03
1.629499999999999773e+03
1.639166666666666515e+03
1.670666666666666515e+03
1.544000000000000000e+03
1.630833333333333258e+03
1.613166666666666515e+03
1.633666666666666515e+03
1.517833333333333258e+03
1.531500000000000000e+03
1.561333333333333258e+03
1.609333333333333258e+03
1.569000000000000000e+03
1.612166666666666515e+03
1.630333333333333030e+03
1.631500000000000000e+03
1.507166666666666515e+03
1.541500000000000000e+03
1.559166666666666515e+03
1.584166666666666515e+03
1.485499999999999773e+03
1.559833333333333258e+03
1.636333333333333258e+03
1.654500000000000000e+03
1.543166666666666515e+03
1.565500000000000000e+03
1.623833333333333258e+03
1.638000000000000000e+03
1.593333333333333258e+03
1.628000000000000000e+03
1.653500000000000000e+03
1.646166666666666515e+03
1.547166666666666515e+03
1.619666666666666515e+03
1.673500000000000000e+03
1.680000000000000000e+03
1.579833333333333258e+03
1.622333333333333258e+03
1.617500000000000000e+03
1.598666666666666515e+03
1.442500000000000000e+03
1.552000000000000000e+03
1.607333333333333258e+03
1.657000000000000000e+03
1.552166666666666515e+03
1.609333333333333258e+03
1.609166666666666515e+03
1.623333333333333258e+03
1.554333333333333258e+03
1.601833333333333258e+03
1.605333333333333258e+03
1.625000000000000000e+03
1.546499999999999773e+03
1.609333333333333258e+03
1.624499999999999773e+03
1.716833333333333030e+03
1.640500000000000000e+03
1.692166666666666515e+03
1.651666666666666515e+03
1.673499999999999773e+03
1.551166666666666515e+03
1.582833333333333030e+03
1.554666666666666515e+03
1.585500000000000000e+03
1.511166666666666515e+03
1.598166666666666515e+03
1.626499999999999773e+03
1.665666666666666515e+03
1.617500000000000000e+03
1.665499999999999773e+03
1.645666666666666515e+03
1.596166666666666515e+03
1.484500000000000000e+03
1.564500000000000000e+03
1.637000000000000000e+03
1.696333333333333258e+03
1.606666666666666515e+03
1.635499999999999773e+03
1.659166666666666515e+03
1.698000000000000000e+03
1.587499999999999773e+03
1.609000000000000000e+03
1.579666666666666515e+03
1.563833333333333258e+03
1.457000000000000000e+03
1.537000000000000000e+03
1.571666666666666515e+03
1.570500000000000000e+03
1.432000000000000000e+03
1.499666666666666515e+03
1.491666666666666515e+03
1.485333333333333258e+03
1.413000000000000000e+03
1.519333333333333258e+03
1.590833333333333258e+03
1.604666666666666515e+03
1.505499999999999773e+03
1.514000000000000000e+03
1.494333333333333030e+03
1.526833333333333258e+03
1.492000000000000000e+03
1.545166666666666515e+03
1.517333333333333258e+03
1.535333333333333258e+03
1.498333333333333258e+03
1.628833333333333258e+03
1.635166666666666515e+03
1.626333333333333258e+03
1.481000000000000000e+03
1.522500000000000000e+03
1.537000000000000000e+03
1.549833333333333258e+03
1.476333333333333258e+03
1.546000000000000000e+03
1.550333333333333258e+03
1.522333333333333258e+03
1.399500000000000000e+03
1.465000000000000000e+03
1.498666666666666515e+03
1.526500000000000000e+03
1.430833333333333258e+03
1.473166666666666515e+03
1.502666666666666515e+03
1.512333333333333258e+03
1.456000000000000000e+03
1.484000000000000000e+03
1.498166666666666515e+03
1.495333333333333258e+03
1.432500000000000000e+03
1.486333333333333258e+03
1.492166666666666515e+03
1.535666666666666515e+03
1.466333333333333258e+03
1.564833333333333258e+03
1.558166666666666515e+03
1.611333333333333030e+03
1.527833333333333258e+03
1.572666666666666515e+03
1.557666666666666515e+03
1.570833333333333030e+03
1.470833333333333258e+03
1.529166666666666515e+03
1.542500000000000000e+03
1.583000000000000000e+03
1.512000000000000000e+03
1.517833333333333258e+03
1.496500000000000000e+03
1.544333333333333030e+03
1.538666666666666515e+03
1.630500000000000000e+03
1.607166666666666515e+03
1.576000000000000000e+03
1.524000000000000000e+03
1.598000000000000000e+03
1.796333333333333258e+03
2.291833333333333030e+03
2.247666666666666515e+03
2.134333333333333030e+03
1.566000000000000000e+03
1.490333333333333030e+03
1.415833333333333258e+03
1.527500000000000000e+03
1.559333333333333258e+03
1.545333333333333258e+03
1.461833333333333258e+03
1.517666666666666515e+03
1.515499999999999773e+03
1.527333333333333030e+03
1.434000000000000000e+03
1.492500000000000000e+03
1.499333333333333258e+03
1.498333333333333258e+03
1.456333333333333258e+03
1.512333333333333258e+03
1.551666666666666515e+03
1.529666666666666515e+03
1.412000000000000000e+03
1.397166666666666515e+03
1.368500000000000000e+03
1.436166666666666515e+03
1.451000000000000000e+03
1.600500000000000000e+03
1.609333333333333258e+03
1.607000000000000000e+03
1.464166666666666515e+03
1.476166666666666515e+03
1.501833333333333030e+03
1.543666666666666515e+03
1.487500000000000000e+03
1.492833333333333258e+03
1.493833333333333258e+03
1.522499999999999773e+03
1.495000000000000000e+03
1.548166666666666515e+03
1.533000000000000000e+03
1.499333333333333258e+03
1.414833333333333258e+03
1.510166666666666515e+03
1.541666666666666515e+03
1.558666666666666515e+03
1.472500000000000000e+03
1.512666666666666515e+03
1.535833333333333258e+03
1.553833333333333258e+03
1.499166666666666515e+03
1.548166666666666515e+03
1.545833333333333258e+03
1.563833333333333258e+03
1.471500000000000000e+03
1.475833333333333258e+03
1.429500000000000000e+03
1.452333333333333258e+03
1.403166666666666515e+03
1.503500000000000000e+03
1.539333333333333030e+03
1.590499999999999773e+03
1.478833333333333030e+03
1.511666666666666515e+03
1.525500000000000000e+03
1.569833333333333258e+03
1.487500000000000000e+03
1.517166666666666515e+03
1.524333333333333030e+03
1.530833333333333258e+03
1.432333333333333258e+03
1.457833333333333258e+03
1.476666666666666515e+03
1.512166666666666515e+03
1.443833333333333258e+03
1.476833333333333258e+03
1.497666666666666515e+03
1.588666666666666515e+03
1.513333333333333258e+03
1.515333333333333030e+03
1.472166666666666515e+03
1.506500000000000000e+03
1.483000000000000000e+03
1.559000000000000000e+03
1.565500000000000000e+03
1.595500000000000000e+03
1.500833333333333258e+03
1.534500000000000000e+03
1.489166666666666515e+03
1.505666666666666515e+03
1.435666666666666515e+03
1.506166666666666515e+03
1.487666666666666515e+03
1.535166666666666515e+03
1.469500000000000000e+03
1.516500000000000000e+03
1.488666666666666515e+03
1.507833333333333258e+03
1.429500000000000000e+03
1.488500000000000000e+03
1.467833333333333258e+03
1.515000000000000000e+03
1.409333333333333258e+03
1.413166666666666515e+03
1.426500000000000000e+03
1.483666666666666515e+03
1.483666666666666515e+03
1.536333333333333258e+03
1.547500000000000000e+03
1.546500000000000000e+03
1.454333333333333258e+03
1.518500000000000000e+03
1.565833333333333258e+03
1.619833333333333030e+03
1.542333333333333258e+03
1.546666666666666515e+03
1.492333333333333258e+03
1.484166666666666515e+03
1.388666666666666515e+03
1.443666666666666515e+03
1.454000000000000000e+03
1.536500000000000000e+03
1.502333333333333258e+03
1.563666666666666515e+03
1.550166666666666515e+03
1.550166666666666515e+03
1.459666666666666515e+03
1.503500000000000000e+03
1.497166666666666515e+03
1.551666666666666515e+03
1.508999999999999773e+03
1.566333333333333030e+03
1.536666666666666515e+03
1.506666666666666515e+03
1.433333333333333258e+03
1.492166666666666515e+03
1.494833333333333258e+03
1.515500000000000000e+03
1.434833333333333258e+03
1.476666666666666515e+03
1.480333333333333030e+03
1.490666666666666515e+03
1.418833333333333258e+03
1.463166666666666515e+03
1.496833333333333258e+03
1.562833333333333258e+03
1.526000000000000000e+03
1.539166666666666515e+03
1.524833333333333258e+03
1.537999999999999773e+03
1.466333333333333258e+03
1.510000000000000000e+03
1.477833333333333030e+03
1.515833333333333258e+03
1.438833333333333258e+03
1.507333333333333258e+03
1.496000000000000000e+03
1.516666666666666515e+03
1.382166666666666515e+03
1.405833333333333258e+03
1.397000000000000000e+03
1.474000000000000000e+03
1.430833333333333258e+03
1.505166666666666515e+03
1.473166666666666515e+03
1.489833333333333258e+03
1.383666666666666515e+03
1.444000000000000000e+03
1.441666666666666515e+03
1.447333333333333258e+03
1.383000000000000000e+03
1.450333333333333258e+03
1.455333333333333258e+03
1.488166666666666515e+03
1.383500000000000000e+03
1.432333333333333258e+03
1.456000000000000000e+03
1.517833333333333258e+03
1.459666666666666515e+03
1.491000000000000000e+03
1.495666666666666515e+03
1.542500000000000000e+03
1.445833333333333258e+03
1.442500000000000000e+03
1.413500000000000000e+03
1.434333333333333258e+03
1.381833333333333258e+03
1.450500000000000000e+03
1.485166666666666515e+03
1.582666666666666515e+03
1.563000000000000000e+03
1.626999999999999773e+03
1.598666666666666515e+03
1.582666666666666515e+03
1.499833333333333258e+03
1.481500000000000000e+03
1.465166666666666515e+03
1.490166666666666515e+03
1.469166666666666515e+03
1.513500000000000000e+03
1.469000000000000000e+03
1.456500000000000000e+03
1.379333333333333258e+03
1.454666666666666515e+03
1.468333333333333030e+03
1.490666666666666515e+03
1.410166666666666515e+03
1.464333333333333258e+03
1.488166666666666515e+03
1.500500000000000000e+03
1.431166666666666515e+03
1.478166666666666515e+03
1.510666666666666515e+03
1.514999999999999773e+03
1.405500000000000000e+03
1.416166666666666515e+03
1.446333333333333258e+03
1.480333333333333258e+03
1.416833333333333258e+03
1.459833333333333258e+03
1.506000000000000000e+03
1.552166666666666515e+03
1.495833333333333258e+03
1.476166666666666515e+03
1.464500000000000000e+03
1.477833333333333258e+03
1.459166666666666515e+03
1.490000000000000000e+03
1.453666666666666515e+03
1.445166666666666515e+03
1.369500000000000000e+03
1.428166666666666515e+03
1.451666666666666515e+03
1.521999999999999773e+03
1.505333333333333258e+03
1.545166666666666515e+03
1.493333333333333258e+03
1.474000000000000000e+03
1.426000000000000000e+03
1.479500000000000000e+03
1.479166666666666515e+03
1.499166666666666515e+03
1.448666666666666515e+03
1.477500000000000000e+03
1.461000000000000000e+03
1.500500000000000000e+03
1.433000000000000000e+03
1.430333333333333258e+03
1.425833333333333258e+03
1.502833333333333258e+03
1.487500000000000000e+03
1.520833333333333030e+03
1.499666666666666515e+03
1.497000000000000000e+03
1.427166666666666515e+03
1.478500000000000000e+03
1.468500000000000000e+03
1.454500000000000000e+03
1.338500000000000000e+03
1.395000000000000000e+03
1.408500000000000000e+03
1.445833333333333258e+03
1.380500000000000000e+03
1.426500000000000000e+03
1.445666666666666515e+03
1.491833333333333258e+03
1.477833333333333258e+03
1.567833333333333258e+03
1.574333333333333258e+03
1.560500000000000000e+03
1.420000000000000000e+03
1.422333333333333258e+03
1.405333333333333258e+03
1.430000000000000000e+03
1.383166666666666515e+03
1.437166666666666515e+03
1.488166666666666515e+03
1.581333333333333258e+03
1.553999999999999773e+03
1.549166666666666515e+03
1.485333333333333030e+03
1.529000000000000000e+03
1.506333333333333258e+03
1.586166666666666515e+03
1.538833333333333030e+03
1.522499999999999773e+03
1.416166666666666515e+03
1.460333333333333258e+03
1.463833333333333258e+03
1.501666666666666515e+03
1.427500000000000000e+03
1.466166666666666515e+03
1.445166666666666515e+03
1.466333333333333258e+03
1.398333333333333258e+03
1.454500000000000000e+03
1.444500000000000000e+03
1.462333333333333258e+03
1.395000000000000000e+03
1.434500000000000000e+03
1.458333333333333258e+03
1.461666666666666515e+03
1.396666666666666515e+03
1.390333333333333258e+03
1.386166666666666515e+03
1.432333333333333258e+03
1.416333333333333258e+03
1.483166666666666515e+03
1.461666666666666515e+03
1.474000000000000000e+03
1.377333333333333258e+03
1.418333333333333258e+03
1.427666666666666515e+03
1.490333333333333258e+03
1.472333333333333258e+03
1.519166666666666515e+03
1.514500000000000000e+03
1.544500000000000000e+03
1.460666666666666515e+03
1.473666666666666515e+03
1.432833333333333258e+03
1.455833333333333258e+03
1.383833333333333258e+03
1.414000000000000000e+03
1.392833333333333258e+03
1.435166666666666515e+03
1.373666666666666515e+03
1.467333333333333258e+03
1.504500000000000000e+03
1.562166666666666515e+03
1.468166666666666515e+03
1.493666666666666515e+03
1.478833333333333258e+03
1.500000000000000000e+03
1.391333333333333258e+03
1.404833333333333258e+03
1.427000000000000000e+03
1.501166666666666515e+03
1.463000000000000000e+03
1.477000000000000000e+03
1.467833333333333258e+03
1.537666666666666515e+03
1.483000000000000000e+03
1.497666666666666515e+03
1.416666666666666515e+03
1.423833333333333258e+03
1.391166666666666515e+03
1.442166666666666515e+03
1.458833333333333258e+03
1.468666666666666515e+03
1.431166666666666515e+03
1.478500000000000000e+03
1.486833333333333030e+03
1.525166666666666515e+03
1.450666666666666515e+03
1.447500000000000000e+03
1.397500000000000000e+03
1.417833333333333258e+03
1.393500000000000000e+03
1.467833333333333258e+03
1.470166666666666515e+03
1.496333333333333258e+03
1.425500000000000000e+03
1.478833333333333258e+03
1.483666666666666515e+03
1.518333333333333258e+03
1.453166666666666515e+03
1.491333333333333258e+03
1.510666666666666515e+03
1.566833333333333258e+03
1.494666666666666515e+03
1.489500000000000000e+03
1.443000000000000000e+03
1.460500000000000000e+03
1.397000000000000000e+03
1.435833333333333258e+03
1.464166666666666515e+03
1.541666666666666515e+03
1.476333333333333258e+03
1.446500000000000000e+03
1.392000000000000000e+03
1.437000000000000000e+03
1.423000000000000000e+03
1.487333333333333258e+03
1.466833333333333258e+03
1.474333333333333030e+03
1.430333333333333258e+03
1.535833333333333258e+03
1.547666666666666515e+03
1.545833333333333258e+03
1.418333333333333258e+03
1.417333333333333258e+03
1.411166666666666515e+03
1.439500000000000000e+03
1.392166666666666515e+03
1.420500000000000000e+03
1.414333333333333258e+03
1.437666666666666515e+03
1.367333333333333258e+03
1.397000000000000000e+03
1.433333333333333258e+03
1.478500000000000000e+03
1.434666666666666515e+03
1.461500000000000000e+03
1.474666666666666515e+03
1.510166666666666515e+03
1.456333333333333258e+03
1.484500000000000000e+03
1.481833333333333030e+03
1.497166666666666515e+03
1.437000000000000000e+03
1.485833333333333258e+03
1.461333333333333258e+03
1.468666666666666515e+03
1.364333333333333258e+03
1.414166666666666515e+03
1.422000000000000000e+03
1.485666666666666515e+03
1.424166666666666515e+03
1.481666666666666515e+03
1.452166666666666515e+03
1.490333333333333030e+03
1.428333333333333258e+03
1.445333333333333258e+03
1.444333333333333258e+03
1.532666666666666515e+03
1.507000000000000000e+03
1.523166666666666515e+03
1.453666666666666515e+03
1.493500000000000000e+03
1.459833333333333258e+03
1.469833333333333258e+03
1.474666666666666515e+03
1.526333333333333258e+03
1.491666666666666515e+03
1.457500000000000000e+03
1.370166666666666515e+03
1.384166666666666515e+03
1.398333333333333258e+03
1.514166666666666515e+03
1.517499999999999773e+03
1.556333333333333030e+03
1.480166666666666515e+03
1.509833333333333258e+03
1.470000000000000000e+03
1.500000000000000000e+03
1.444166666666666515e+03
1.448166666666666515e+03
1.409000000000000000e+03
1.423333333333333258e+03
1.379166666666666515e+03
1.437666666666666515e+03
1.418500000000000000e+03
1.467333333333333258e+03
1.400000000000000000e+03
1.451666666666666515e+03
1.406666666666666515e+03
1.456500000000000000e+03
1.430500000000000000e+03
1.483333333333333258e+03
1.475666666666666515e+03
1.490833333333333258e+03
1.440333333333333258e+03
1.463166666666666515e+03
1.429500000000000000e+03
1.450333333333333258e+03
1.402500000000000000e+03
1.467000000000000000e+03
1.470000000000000000e+03
1.507500000000000000e+03
1.466666666666666515e+03
1.504666666666666515e+03
1.460166666666666515e+03
1.433000000000000000e+03
1.365500000000000000e+03
1.402000000000000000e+03
1.438500000000000000e+03
1.502833333333333258e+03
1.453166666666666515e+03
1.479833333333333258e+03
1.426000000000000000e+03
1.430000000000000000e+03
1.351333333333333258e+03
1.423000000000000000e+03
1.436000000000000000e+03
1.479333333333333258e+03
1.414833333333333258e+03
1.440333333333333258e+03
1.403666666666666515e+03
1.443166666666666515e+03
1.429166666666666515e+03
1.538333333333333258e+03
1.525333333333333258e+03
1.557499999999999773e+03
1.462666666666666515e+03
1.486000000000000000e+03
1.457000000000000000e+03
1.492666666666666515e+03
1.446333333333333258e+03
1.453833333333333258e+03
1.445666666666666515e+03
1.491500000000000000e+03
1.470000000000000000e+03
1.478833333333333258e+03
1.433000000000000000e+03
1.456833333333333258e+03
1.406333333333333258e+03
1.456500000000000000e+03
1.447833333333333258e+03
1.469833333333333258e+03
1.397833333333333258e+03
1.451833333333333258e+03
1.463833333333333258e+03
1.506500000000000000e+03
1.423500000000000000e+03
1.436000000000000000e+03
1.408833333333333258e+03
1.451666666666666515e+03
1.391833333333333258e+03
1.420333333333333258e+03
1.375166666666666515e+03
1.438666666666666515e+03
1.395500000000000000e+03
1.447500000000000000e+03
1.406500000000000000e+03
1.448000000000000000e+03
1.389666666666666515e+03
1.447166666666666515e+03
1.473000000000000000e+03
1.535833333333333030e+03
1.516000000000000000e+03
1.529666666666666515e+03
1.531166666666666515e+03
1.499666666666666515e+03
1.415500000000000000e+03
1.417666666666666515e+03
1.450166666666666515e+03
1.473666666666666515e+03
1.392166666666666515e+03
1.373833333333333258e+03
1.349833333333333258e+03
1.385333333333333258e+03
1.378666666666666515e+03
1.453000000000000000e+03
1.476833333333333258e+03
1.536000000000000000e+03
1.543166666666666515e+03
1.589500000000000000e+03
1.526499999999999773e+03
1.453666666666666515e+03
1.363666666666666515e+03
1.420333333333333258e+03
1.474666666666666515e+03
1.580666666666666515e+03
1.517333333333333030e+03
1.527333333333333258e+03
1.451333333333333258e+03
1.477000000000000000e+03
1.406833333333333258e+03
1.407333333333333258e+03
1.401000000000000000e+03
1.436500000000000000e+03
1.412166666666666515e+03
1.446500000000000000e+03
1.441833333333333258e+03
1.449666666666666515e+03
1.354666666666666515e+03
1.350666666666666515e+03
1.349833333333333258e+03
1.372833333333333258e+03
1.362333333333333258e+03
1.440666666666666515e+03
1.472833333333333258e+03
1.527333333333333258e+03
1.442833333333333258e+03
1.511333333333333258e+03
1.591166666666666515e+03
1.645833333333333030e+03
1.603833333333333258e+03
1.516666666666666515e+03
1.481833333333333258e+03
1.489500000000000000e+03
1.450833333333333258e+03
1.479500000000000000e+03
1.452000000000000000e+03
1.515833333333333258e+03
1.457833333333333258e+03
1.477333333333333258e+03
1.413666666666666515e+03
1.434500000000000000e+03
1.401666666666666515e+03
1.451500000000000000e+03
1.471499999999999773e+03
1.476166666666666515e+03
1.429000000000000000e+03
1.497833333333333258e+03
1.517833333333333258e+03
1.528166666666666515e+03
1.439000000000000000e+03
1.459166666666666515e+03
1.475833333333333258e+03
1.519500000000000000e+03
1.434833333333333258e+03
1.427000000000000000e+03
1.384000000000000000e+03
1.467166666666666515e+03
1.423666666666666515e+03
1.463500000000000000e+03
1.441500000000000000e+03
1.527333333333333258e+03
1.482166666666666515e+03
1.476166666666666515e+03
1.384666666666666515e+03
1.410166666666666515e+03
1.382500000000000000e+03
1.459666666666666515e+03
1.434833333333333258e+03
1.473333333333333258e+03
1.405166666666666515e+03
1.449666666666666515e+03
1.458166666666666515e+03
1.515000000000000000e+03
1.477333333333333258e+03
1.465166666666666515e+03
1.438833333333333258e+03
1.470833333333333258e+03
1.406000000000000000e+03
1.397166666666666515e+03
1.371500000000000000e+03
1.424333333333333258e+03
1.398666666666666515e+03
1.444500000000000000e+03
1.433833333333333258e+03
1.475500000000000000e+03
1.430166666666666515e+03
1.482000000000000000e+03
1.498500000000000000e+03
1.524333333333333258e+03
1.454500000000000000e+03
1.439500000000000000e+03
1.392833333333333258e+03
1.453000000000000000e+03
1.453833333333333258e+03
1.572500000000000000e+03
1.557166666666666515e+03
1.546166666666666515e+03
1.415333333333333258e+03
1.420166666666666515e+03
1.383833333333333258e+03
1.453666666666666515e+03
1.443500000000000000e+03
1.516166666666666515e+03
1.485166666666666515e+03
1.483500000000000000e+03
1.429333333333333258e+03
1.479500000000000000e+03
1.493500000000000000e+03
1.517166666666666515e+03
1.467500000000000000e+03
1.504500000000000000e+03
1.463666666666666515e+03
1.476000000000000000e+03
1.436666666666666515e+03
1.534333333333333258e+03
1.533333333333333258e+03
1.541666666666666515e+03
1.486166666666666515e+03
1.529500000000000000e+03
1.520000000000000000e+03
1.568999999999999773e+03
1.483000000000000000e+03
1.476666666666666515e+03
1.382500000000000000e+03
1.425333333333333258e+03
1.380333333333333258e+03
1.455333333333333258e+03
1.448333333333333258e+03
1.505000000000000000e+03
1.437500000000000000e+03
1.441833333333333258e+03
1.427333333333333258e+03
1.492500000000000000e+03
1.473833333333333030e+03
1.518833333333333030e+03
1.497000000000000000e+03
1.532500000000000000e+03
1.503166666666666515e+03
1.521166666666666515e+03
1.481166666666666515e+03
1.486333333333333258e+03
1.486500000000000000e+03
1.537833333333333258e+03
1.501666666666666515e+03
1.476833333333333258e+03
1.409500000000000000e+03
1.429833333333333258e+03
1.413000000000000000e+03
1.471833333333333258e+03
1.455000000000000000e+03
1.489333333333333258e+03
1.457333333333333258e+03
1.470333333333333258e+03
1.411333333333333258e+03
1.457833333333333258e+03
1.420333333333333258e+03
1.466333333333333258e+03
1.420666666666666515e+03
1.501666666666666515e+03
1.474000000000000000e+03
1.470166666666666515e+03
1.395500000000000000e+03
1.411666666666666515e+03
1.393666666666666515e+03
1.410333333333333258e+03
1.418666666666666515e+03
1.464666666666666515e+03
1.423833333333333258e+03
1.431333333333333258e+03
1.392000000000000000e+03
1.460333333333333258e+03
1.452666666666666515e+03
1.467333333333333258e+03
1.422833333333333258e+03
1.469333333333333258e+03
1.478666666666666515e+03
1.542333333333333258e+03
1.491333333333333258e+03
1.499000000000000000e+03
1.471166666666666515e+03
1.485666666666666515e+03
1.453500000000000000e+03
1.503166666666666515e+03
1.521666666666666515e+03
1.556333333333333258e+03
1.448000000000000000e+03
1.468166666666666515e+03
1.482000000000000000e+03
1.579166666666666515e+03
1.512333333333333258e+03
1.516833333333333030e+03
1.501833333333333258e+03
1.566666666666666515e+03
1.536500000000000000e+03
1.536166666666666515e+03
1.470666666666666515e+03
1.458833333333333258e+03
1.413166666666666515e+03
1.465833333333333258e+03
1.444333333333333030e+03
1.477666666666666515e+03
1.411333333333333258e+03
1.448333333333333258e+03
1.430333333333333258e+03
1.465666666666666515e+03
1.453500000000000000e+03
1.470333333333333258e+03
1.418166666666666515e+03
1.446833333333333258e+03
1.448000000000000000e+03
1.555166666666666515e+03
1.566166666666666515e+03
1.565000000000000000e+03
1.486833333333333258e+03
1.499333333333333258e+03
1.477166666666666515e+03
1.478833333333333258e+03
1.406000000000000000e+03
1.442333333333333258e+03
1.455166666666666515e+03
1.517666666666666515e+03
1.438833333333333258e+03
1.473833333333333030e+03
1.432166666666666515e+03
1.512000000000000000e+03
1.503000000000000000e+03
1.526500000000000000e+03
1.523000000000000000e+03
1.520500000000000000e+03
1.465166666666666515e+03
1.456166666666666515e+03
1.426833333333333258e+03
1.468833333333333258e+03
1.416666666666666515e+03
1.421333333333333258e+03
1.400166666666666515e+03
1.443666666666666515e+03
1.451833333333333258e+03
1.502833333333333258e+03
1.480666666666666515e+03
1.487333333333333258e+03
1.409500000000000000e+03
1.412000000000000000e+03
1.367333333333333258e+03
1.408666666666666515e+03
1.386833333333333258e+03
1.419500000000000000e+03
1.410833333333333258e+03
1.505000000000000000e+03
1.531666666666666515e+03
1.592999999999999773e+03
1.479333333333333258e+03
1.450000000000000000e+03
1.386166666666666515e+03
1.474333333333333258e+03
1.469833333333333258e+03
1.473666666666666515e+03
1.408000000000000000e+03
1.452333333333333258e+03
1.466333333333333258e+03
1.504666666666666515e+03
1.455666666666666515e+03
1.487166666666666515e+03
1.490333333333333258e+03
1.532333333333333258e+03
1.463833333333333258e+03
1.435166666666666515e+03
1.390666666666666515e+03
1.414000000000000000e+03
1.400833333333333258e+03
1.443000000000000000e+03
1.406500000000000000e+03
1.393333333333333258e+03
1.305333333333333258e+03
1.333333333333333258e+03
1.343500000000000000e+03
1.403333333333333258e+03
1.375166666666666515e+03
1.392000000000000000e+03
1.335333333333333258e+03
1.363833333333333258e+03
1.344166666666666515e+03
1.420333333333333258e+03
1.426000000000000000e+03
1.498166666666666515e+03
1.455000000000000000e+03
1.504833333333333258e+03
1.435166666666666515e+03
1.434333333333333258e+03
1.379166666666666515e+03
1.435500000000000000e+03
1.458333333333333258e+03
1.502000000000000000e+03
1.472833333333333258e+03
1.525666666666666515e+03
1.511833333333333258e+03
1.515833333333333258e+03
1.435666666666666515e+03
1.456500000000000000e+03
1.480833333333333258e+03
1.524500000000000000e+03
1.497833333333333258e+03
1.514333333333333258e+03
1.508499999999999773e+03
1.493666666666666515e+03
1.429333333333333258e+03
1.424166666666666515e+03
1.420000000000000000e+03
1.447333333333333258e+03
1.424833333333333258e+03
1.479833333333333258e+03
1.464833333333333258e+03
1.529499999999999773e+03
1.475999999999999773e+03
1.488999999999999773e+03
1.405000000000000000e+03
1.411333333333333258e+03
1.370666666666666515e+03
1.427000000000000000e+03
1.426000000000000000e+03
1.459666666666666515e+03
1.397000000000000000e+03
1.410000000000000000e+03
1.395166666666666515e+03
1.427500000000000000e+03
1.383500000000000000e+03
1.415000000000000000e+03
1.412333333333333258e+03
1.467500000000000000e+03
1.393000000000000000e+03
1.394666666666666515e+03
1.407333333333333258e+03
1.491833333333333258e+03
1.451333333333333258e+03
1.409000000000000000e+03
1.374833333333333258e+03
1.437166666666666515e+03
1.436333333333333258e+03
1.456333333333333258e+03
1.434833333333333258e+03
1.446333333333333258e+03
1.432166666666666515e+03
1.474833333333333258e+03
1.486333333333333258e+03
1.515666666666666515e+03
1.456500000000000000e+03
1.445833333333333258e+03
1.429666666666666515e+03
1.487333333333333258e+03
1.476000000000000000e+03
1.489833333333333258e+03
1.471500000000000000e+03
1.481166666666666515e+03
1.432166666666666515e+03
1.407000000000000000e+03
1.392166666666666515e+03
1.457166666666666515e+03
1.502500000000000000e+03
1.587500000000000000e+03
1.543000000000000000e+03
1.528166666666666515e+03
1.441833333333333258e+03
1.454833333333333258e+03
1.436166666666666515e+03
1.473833333333333258e+03
1.483833333333333258e+03
1.509166666666666515e+03
1.467333333333333258e+03
1.428500000000000000e+03
1.420000000000000000e+03
1.444166666666666515e+03
1.438333333333333258e+03
1.419833333333333258e+03
1.388333333333333258e+03
1.390500000000000000e+03
1.377666666666666515e+03
1.414833333333333258e+03
1.413500000000000000e+03
1.429666666666666515e+03
1.392833333333333258e+03
1.430000000000000000e+03
1.413833333333333258e+03
1.477666666666666515e+03
1.442000000000000000e+03
1.467166666666666515e+03
1.397333333333333258e+03
1.398666666666666515e+03
1.358500000000000000e+03
1.387833333333333258e+03
1.390333333333333258e+03
1.419500000000000000e+03
1.371666666666666515e+03
1.380333333333333258e+03
1.362833333333333258e+03
1.432000000000000000e+03
1.424500000000000000e+03
1.470166666666666515e+03
1.467833333333333258e+03
1.532333333333333258e+03
1.480166666666666515e+03
1.478333333333333030e+03
1.365666666666666515e+03
1.384166666666666515e+03
1.346166666666666515e+03
1.417166666666666515e+03
1.393333333333333258e+03
1.401166666666666515e+03
1.362333333333333258e+03
1.413166666666666515e+03
1.418500000000000000e+03
1.415833333333333258e+03
1.374000000000000000e+03
1.392500000000000000e+03
1.389833333333333258e+03
1.436333333333333258e+03
1.397000000000000000e+03
1.445500000000000000e+03
1.413500000000000000e+03
1.458500000000000000e+03
1.417666666666666515e+03
1.410333333333333258e+03
1.369833333333333258e+03
1.405666666666666515e+03
1.389500000000000000e+03
1.416000000000000000e+03
1.379666666666666515e+03
1.392666666666666515e+03
1.395000000000000000e+03
1.465500000000000000e+03
1.448666666666666515e+03
1.399166666666666515e+03
1.310333333333333258e+03
1.355333333333333258e+03
1.374833333333333258e+03
1.440000000000000000e+03
1.414833333333333258e+03
1.413666666666666515e+03
1.372000000000000000e+03
1.377666666666666515e+03
1.386333333333333258e+03
1.428666666666666515e+03
1.389833333333333258e+03
1.413500000000000000e+03
1.403500000000000000e+03
1.483166666666666515e+03
1.487333333333333258e+03
1.507000000000000000e+03
1.449000000000000000e+03
1.481500000000000000e+03
1.467833333333333258e+03
1.462666666666666515e+03
1.384666666666666515e+03
1.398000000000000000e+03
1.418500000000000000e+03
1.463666666666666515e+03
1.429000000000000000e+03
1.485500000000000000e+03
1.495833333333333030e+03
1.509166666666666515e+03
1.462833333333333258e+03
1.508666666666666515e+03
1.504500000000000000e+03
1.525666666666666515e+03
1.469333333333333258e+03
1.499833333333333258e+03
1.457833333333333258e+03
1.467833333333333258e+03
1.414666666666666515e+03
1.464000000000000000e+03
1.458333333333333258e+03
1.530000000000000000e+03
1.532166666666666515e+03
1.546833333333333030e+03
1.479333333333333258e+03
1.467666666666666515e+03
1.428166666666666515e+03
1.484333333333333258e+03
1.470833333333333258e+03
1.475166666666666515e+03
1.408500000000000000e+03
1.430333333333333258e+03
1.403833333333333258e+03
1.410500000000000000e+03
1.369666666666666515e+03
1.425000000000000000e+03
1.396000000000000000e+03
1.404333333333333258e+03
1.379500000000000000e+03
1.436666666666666515e+03
1.413666666666666515e+03
1.433833333333333258e+03
1.438833333333333258e+03
1.472500000000000000e+03
1.440166666666666515e+03
1.445500000000000000e+03
1.439000000000000000e+03
1.498333333333333258e+03
1.467666666666666515e+03
1.487166666666666515e+03
1.474500000000000000e+03
1.523333333333333258e+03
1.523833333333333258e+03
1.508833333333333258e+03
1.492333333333333258e+03
1.511833333333333258e+03
1.493833333333333258e+03
1.509666666666666515e+03
1.457666666666666515e+03
1.495666666666666515e+03
1.497000000000000000e+03
1.578000000000000000e+03
1.553166666666666515e+03
1.571333333333333030e+03
1.503166666666666515e+03
1.487666666666666515e+03
1.425000000000000000e+03
1.425000000000000000e+03
1.393833333333333258e+03
1.401666666666666515e+03
1.393166666666666515e+03
1.454833333333333258e+03
1.430666666666666515e+03
1.445666666666666515e+03
1.436500000000000000e+03
1.462000000000000000e+03
1.434500000000000000e+03
1.446000000000000000e+03
1.456166666666666515e+03
1.528833333333333258e+03
1.520333333333333258e+03
1.507500000000000000e+03
1.459333333333333258e+03
1.495500000000000000e+03
1.511500000000000000e+03
1.514499999999999773e+03
1.429333333333333258e+03
1.456166666666666515e+03
1.445500000000000000e+03
1.491000000000000000e+03
1.428500000000000000e+03
1.451333333333333258e+03
1.430833333333333258e+03
1.496666666666666515e+03
1.479333333333333258e+03
1.547666666666666515e+03
1.520000000000000000e+03
1.576000000000000000e+03
1.549166666666666515e+03
1.569166666666666515e+03
1.482500000000000000e+03
1.461500000000000000e+03
1.455333333333333258e+03
1.545666666666666515e+03
1.562999999999999773e+03
1.528499999999999773e+03
1.475666666666666515e+03
1.492500000000000000e+03
1.524333333333333258e+03
1.568000000000000000e+03
1.490666666666666515e+03
1.474666666666666515e+03
1.410000000000000000e+03
1.458666666666666515e+03
1.445666666666666515e+03
1.523666666666666515e+03
1.502166666666666515e+03
1.526666666666666515e+03
1.457166666666666515e+03
1.495166666666666515e+03
1.399333333333333258e+03
1.384166666666666515e+03
1.337666666666666515e+03
1.421166666666666515e+03
1.437166666666666515e+03
1.451833333333333258e+03
1.404500000000000000e+03
1.421000000000000000e+03
1.400666666666666515e+03
1.443500000000000000e+03
1.389666666666666515e+03
1.417500000000000000e+03
9.311666666666666288e+02
