3.737057737260402064e+02
5.122057737260402064e+02
1.608724403927068920e+02
2.933724403927068352e+02
7.917057737260400927e+02
1.168372440392706721e+03
1.314539107059373691e+03
1.116872440392706721e+03
1.203539107059373691e+03
1.283539107059373691e+03
1.265539107059373691e+03
1.084372440392706721e+03
1.198039107059373691e+03
1.328372440392706721e+03
1.331372440392706721e+03
1.142872440392706721e+03
1.215705773726040206e+03
1.325039107059373237e+03
1.385705773726040206e+03
1.219539107059373691e+03
1.395539107059373691e+03
1.506872440392706721e+03
1.529039107059373237e+03
1.286872440392706721e+03
1.377872440392706721e+03
1.434539107059373691e+03
1.433872440392706721e+03
1.237039107059373691e+03
1.333872440392706721e+03
1.417039107059373691e+03
1.425872440392706721e+03
1.282372440392706721e+03
1.437705773726040206e+03
1.490039107059373691e+03
1.484205773726040206e+03
1.258705773726040206e+03
1.366705773726040206e+03
1.441372440392706721e+03
1.411372440392706721e+03
1.238539107059373691e+03
1.337372440392706721e+03
1.458705773726040206e+03
1.454039107059373691e+03
1.267539107059373691e+03
1.350705773726040206e+03
1.451539107059373691e+03
1.484039107059373691e+03
1.361539107059373691e+03
1.484539107059373691e+03
1.542039107059373691e+03
1.468539107059373691e+03
1.247705773726040206e+03
1.372705773726040206e+03
1.474872440392706721e+03
1.504039107059373237e+03
1.326705773726040206e+03
1.407872440392706721e+03
1.418705773726040206e+03
1.391539107059373691e+03
1.220039107059373691e+03
1.350872440392706721e+03
1.461539107059373691e+03
1.468872440392706721e+03
1.277205773726040206e+03
1.363872440392706721e+03
1.461039107059373237e+03
1.443872440392706721e+03
1.276205773726040206e+03
1.419205773726040206e+03
1.553705773726040206e+03
1.561372440392706721e+03
1.353872440392706721e+03
1.453372440392706721e+03
1.522872440392706721e+03
1.511705773726040206e+03
1.345039107059373691e+03
1.432705773726040206e+03
1.491705773726040206e+03
1.431372440392706721e+03
1.272039107059373691e+03
1.375705773726040206e+03
1.447039107059373691e+03
1.404205773726040206e+03
1.221039107059373691e+03
1.330539107059373691e+03
1.435539107059373237e+03
1.450539107059373691e+03
1.309372440392706721e+03
1.396872440392706721e+03
1.437705773726040206e+03
1.432872440392706721e+03
1.256539107059373691e+03
1.365039107059373691e+03
1.445539107059373691e+03
1.436205773726040206e+03
1.334872440392706721e+03
1.456539107059373691e+03
1.544205773726040206e+03
1.474372440392706721e+03
1.258872440392706721e+03
1.352205773726040206e+03
1.444039107059373691e+03
1.435372440392706721e+03
1.243039107059373237e+03
1.322872440392706721e+03
1.368872440392706721e+03
1.367205773726040206e+03
1.209039107059373691e+03
1.353205773726040206e+03
1.446539107059373691e+03
1.446205773726040206e+03
1.264039107059373691e+03
1.410539107059373691e+03
1.528539107059373691e+03
1.551539107059373691e+03
1.339372440392706721e+03
1.408039107059373691e+03
1.440705773726040206e+03
1.418872440392706721e+03
1.233372440392706721e+03
1.371705773726040206e+03
1.455539107059373237e+03
1.453539107059373691e+03
1.245205773726040206e+03
1.337039107059373691e+03
1.373705773726040206e+03
1.345872440392706721e+03
1.189205773726040206e+03
1.367539107059373691e+03
1.478039107059373237e+03
1.427872440392706721e+03
1.174372440392706721e+03
1.288872440392706721e+03
1.417205773726040206e+03
1.441539107059373691e+03
1.261205773726040206e+03
1.340705773726040206e+03
1.421705773726040206e+03
1.397872440392706721e+03
1.229205773726040206e+03
1.361705773726040206e+03
1.508205773726040206e+03
1.552705773726040206e+03
1.335372440392706721e+03
1.339872440392706721e+03
1.378539107059373691e+03
1.417205773726040206e+03
1.281539107059373691e+03
1.343205773726040206e+03
1.389872440392706721e+03
1.410539107059373691e+03
1.289372440392706721e+03
1.407039107059373691e+03
1.463539107059373691e+03
1.443205773726040206e+03
1.264205773726040206e+03
1.371705773726040206e+03
1.453039107059373691e+03
1.466372440392706721e+03
1.307372440392706721e+03
1.378372440392706721e+03
1.412539107059373691e+03
1.382205773726040206e+03
1.238539107059373691e+03
1.340039107059373691e+03
1.401539107059373237e+03
1.410039107059373691e+03
1.273372440392706721e+03
1.391539107059373691e+03
1.468205773726040206e+03
1.433372440392706721e+03
1.234872440392706721e+03
1.274872440392706721e+03
1.368372440392706721e+03
1.441372440392706721e+03
1.294539107059373237e+03
1.362372440392706721e+03
1.422039107059373691e+03
1.462039107059373237e+03
1.303372440392706721e+03
1.371372440392706721e+03
1.404039107059373691e+03
1.394872440392706721e+03
1.249872440392706721e+03
1.368372440392706721e+03
1.433372440392706721e+03
1.417705773726040206e+03
1.227039107059373691e+03
1.377872440392706721e+03
1.459039107059373691e+03
1.431872440392706721e+03
1.238372440392706721e+03
1.331205773726040206e+03
1.437705773726040206e+03
1.469872440392706721e+03
1.305872440392706721e+03
1.411705773726040206e+03
1.442205773726040206e+03
1.428372440392706721e+03
1.275872440392706721e+03
1.408205773726040206e+03
1.471872440392706721e+03
1.466872440392706721e+03
1.279705773726040206e+03
1.358039107059373691e+03
1.403872440392706721e+03
1.406705773726040206e+03
1.278205773726040206e+03
1.398372440392706721e+03
1.448039107059373237e+03
1.418872440392706721e+03
1.237705773726040206e+03
1.348872440392706721e+03
1.424205773726040206e+03
1.357705773726040206e+03
1.149705773726040206e+03
1.279372440392706721e+03
1.481205773726040206e+03
1.552372440392706721e+03
1.344539107059373691e+03
1.351705773726040206e+03
1.386205773726040206e+03
1.418705773726040206e+03
1.275872440392706721e+03
1.382872440392706721e+03
1.454205773726040206e+03
1.489039107059373237e+03
1.321539107059373691e+03
1.402872440392706721e+03
1.440539107059373691e+03
1.456372440392706721e+03
1.294372440392706721e+03
1.353372440392706721e+03
1.344872440392706721e+03
1.347205773726040206e+03
1.224872440392706721e+03
1.377705773726040206e+03
1.408539107059373691e+03
1.402205773726040206e+03
1.238705773726040206e+03
1.373705773726040206e+03
1.414039107059373691e+03
1.362539107059373237e+03
1.176872440392706721e+03
1.276539107059373691e+03
1.375705773726040206e+03
1.354539107059373691e+03
1.181872440392706721e+03
1.285039107059373691e+03
1.386705773726040206e+03
1.417205773726040206e+03
1.265039107059373691e+03
1.387539107059373691e+03
1.444039107059373691e+03
1.446872440392706721e+03
1.278705773726040206e+03
1.367039107059373691e+03
1.407205773726040206e+03
1.389039107059373691e+03
1.216039107059373691e+03
1.303539107059373691e+03
1.385872440392706721e+03
1.438539107059373691e+03
1.322372440392706721e+03
1.422539107059373691e+03
1.455872440392706721e+03
1.432539107059373691e+03
1.223705773726040206e+03
1.298539107059373691e+03
1.354039107059373691e+03
1.381872440392706721e+03
1.247372440392706721e+03
1.367039107059373691e+03
1.388705773726040206e+03
1.369372440392706721e+03
1.182372440392706721e+03
1.290372440392706721e+03
1.348372440392706721e+03
1.337205773726040206e+03
1.187705773726040206e+03
1.349039107059373691e+03
1.452872440392706721e+03
1.468872440392706721e+03
1.245039107059373691e+03
1.309372440392706721e+03
1.394872440392706721e+03
1.480205773726040206e+03
1.345205773726040206e+03
1.413705773726040206e+03
1.392539107059373691e+03
1.399705773726040206e+03
1.254872440392706721e+03
1.347205773726040206e+03
1.374872440392706721e+03
1.364039107059373691e+03
1.252205773726040206e+03
1.392872440392706721e+03
1.474705773726040206e+03
1.481372440392706721e+03
1.285705773726040206e+03
1.348705773726040206e+03
1.385205773726040206e+03
1.358039107059373237e+03
1.214872440392706721e+03
1.310039107059373691e+03
1.400872440392706721e+03
1.387539107059373237e+03
1.268039107059373691e+03
1.381372440392706721e+03
1.474205773726040206e+03
1.472039107059373237e+03
1.356372440392706721e+03
1.428039107059373237e+03
1.422705773726040206e+03
1.349205773726040206e+03
1.208039107059373691e+03
1.352705773726040206e+03
1.418539107059373691e+03
1.415372440392706721e+03
1.200539107059373691e+03
1.248372440392706721e+03
1.249372440392706721e+03
1.248039107059373691e+03
1.134872440392706721e+03
1.228205773726040206e+03
1.314039107059373237e+03
1.325372440392706721e+03
1.204539107059373691e+03
1.274872440392706721e+03
1.329372440392706721e+03
1.340039107059373691e+03
1.206039107059373691e+03
1.275539107059373691e+03
1.351872440392706721e+03
1.368205773726040206e+03
1.266539107059373691e+03
1.316705773726040206e+03
1.377539107059373237e+03
1.414539107059373691e+03
1.315039107059373691e+03
1.374705773726040206e+03
1.376872440392706721e+03
1.364705773726040206e+03
1.258872440392706721e+03
1.360205773726040206e+03
1.388705773726040206e+03
1.349372440392706721e+03
1.200205773726040206e+03
1.330039107059373691e+03
1.435872440392706721e+03
1.428372440392706721e+03
1.261539107059373691e+03
1.345372440392706721e+03
1.400705773726040206e+03
1.397872440392706721e+03
1.184039107059373691e+03
1.240372440392706721e+03
1.294872440392706721e+03
1.361372440392706721e+03
1.260872440392706721e+03
1.305372440392706721e+03
1.339872440392706721e+03
1.328872440392706721e+03
1.223705773726040206e+03
1.306039107059373691e+03
1.358372440392706721e+03
1.399205773726040206e+03
1.282539107059373237e+03
1.393872440392706721e+03
1.401039107059373691e+03
1.377705773726040206e+03
1.191872440392706721e+03
1.245705773726040206e+03
1.316205773726040206e+03
1.419539107059373691e+03
1.347872440392706721e+03
1.409705773726040206e+03
1.352372440392706721e+03
1.332872440392706721e+03
1.229039107059373691e+03
1.334539107059373691e+03
1.367372440392706721e+03
1.336372440392706721e+03
1.192372440392706721e+03
1.282039107059373691e+03
1.341872440392706721e+03
1.373205773726040206e+03
1.259205773726040206e+03
1.322205773726040206e+03
1.349039107059373691e+03
1.314872440392706721e+03
1.155872440392706721e+03
1.227372440392706721e+03
1.278205773726040206e+03
1.306539107059373691e+03
1.183872440392706721e+03
1.260539107059373691e+03
1.298039107059373691e+03
1.308539107059373237e+03
1.199372440392706721e+03
1.337039107059373691e+03
1.369039107059373237e+03
1.336372440392706721e+03
1.160705773726040206e+03
1.237039107059373691e+03
1.291205773726040206e+03
1.306539107059373691e+03
1.219705773726040206e+03
1.322872440392706721e+03
1.331539107059373691e+03
1.322705773726040206e+03
1.212039107059373691e+03
1.341872440392706721e+03
1.394539107059373691e+03
1.431705773726040206e+03
1.335705773726040206e+03
1.384539107059373691e+03
1.376372440392706721e+03
1.338039107059373691e+03
1.209872440392706721e+03
1.268539107059373691e+03
1.286372440392706721e+03
1.317539107059373691e+03
1.234372440392706721e+03
1.335539107059373691e+03
1.340372440392706721e+03
1.321539107059373691e+03
1.216872440392706721e+03
1.344372440392706721e+03
1.414372440392706721e+03
1.444705773726040206e+03
1.265539107059373691e+03
1.319039107059373691e+03
1.319705773726040206e+03
1.362872440392706721e+03
1.241539107059373691e+03
1.298205773726040206e+03
1.270539107059373691e+03
1.274039107059373691e+03
1.209205773726040206e+03
1.338372440392706721e+03
1.360372440392706721e+03
1.317039107059373691e+03
1.180372440392706721e+03
1.244705773726040206e+03
1.273539107059373237e+03
1.323705773726040206e+03
1.279039107059373691e+03
1.362539107059373237e+03
1.362205773726040206e+03
1.346872440392706721e+03
1.248039107059373691e+03
1.333539107059373691e+03
1.380705773726040206e+03
1.367205773726040206e+03
1.267539107059373237e+03
1.288872440392706721e+03
1.358372440392706721e+03
1.435372440392706721e+03
1.356539107059373691e+03
1.405205773726040206e+03
1.370372440392706721e+03
1.372872440392706721e+03
1.256872440392706721e+03
1.313539107059373691e+03
1.333539107059373691e+03
1.335039107059373691e+03
1.228705773726040206e+03
1.300872440392706721e+03
1.356205773726040206e+03
1.381372440392706721e+03
1.255539107059373691e+03
1.290205773726040206e+03
1.303039107059373237e+03
1.309705773726040206e+03
1.189872440392706721e+03
1.251539107059373691e+03
1.302372440392706721e+03
1.345705773726040206e+03
1.258205773726040206e+03
1.343372440392706721e+03
1.375372440392706721e+03
1.388872440392706721e+03
1.243539107059373237e+03
1.275205773726040206e+03
1.282372440392706721e+03
1.321372440392706721e+03
1.219372440392706721e+03
1.250539107059373691e+03
1.213539107059373237e+03
1.235372440392706721e+03
1.165705773726040206e+03
1.268205773726040206e+03
1.330372440392706721e+03
1.364539107059373237e+03
1.282205773726040206e+03
1.319205773726040206e+03
1.300039107059373691e+03
1.306205773726040206e+03
1.184705773726040206e+03
1.263539107059373691e+03
1.307372440392706721e+03
1.344539107059373691e+03
1.233205773726040206e+03
1.277872440392706721e+03
1.293372440392706721e+03
1.318205773726040206e+03
1.251205773726040206e+03
1.374539107059373691e+03
1.409705773726040206e+03
1.370539107059373691e+03
1.221872440392706721e+03
1.322705773726040206e+03
1.395705773726040206e+03
1.458039107059373691e+03
1.313705773726040206e+03
1.302205773726040206e+03
1.259872440392706721e+03
1.280539107059373237e+03
1.220205773726040206e+03
1.285372440392706721e+03
1.316372440392706721e+03
1.387372440392706721e+03
1.301039107059373691e+03
1.335205773726040206e+03
1.282705773726040206e+03
1.283872440392706721e+03
1.184039107059373691e+03
1.255039107059373691e+03
1.246039107059373691e+03
1.259539107059373691e+03
1.171372440392706721e+03
1.302205773726040206e+03
1.375705773726040206e+03
1.416039107059373237e+03
1.302872440392706721e+03
1.306539107059373237e+03
1.289539107059373237e+03
1.298039107059373237e+03
1.239539107059373691e+03
1.315372440392706721e+03
1.320872440392706721e+03
1.327705773726040206e+03
1.234205773726040206e+03
1.308705773726040206e+03
1.322705773726040206e+03
1.370205773726040206e+03
1.294539107059373691e+03
1.358705773726040206e+03
1.347539107059373691e+03
1.392372440392706721e+03
1.295539107059373691e+03
1.356372440392706721e+03
1.312372440392706721e+03
1.314539107059373691e+03
1.169539107059373691e+03
1.237705773726040206e+03
1.271872440392706721e+03
1.353039107059373691e+03
1.272039107059373691e+03
1.361539107059373691e+03
1.369205773726040206e+03
1.364372440392706721e+03
1.244539107059373691e+03
1.303039107059373691e+03
1.332205773726040206e+03
1.349039107059373237e+03
1.257539107059373691e+03
1.337372440392706721e+03
1.326039107059373691e+03
1.332872440392706721e+03
1.188705773726040206e+03
1.289039107059373691e+03
1.343205773726040206e+03
1.445872440392706721e+03
1.384539107059373691e+03
1.420705773726040206e+03
1.375372440392706721e+03
1.336372440392706721e+03
1.200539107059373691e+03
1.249872440392706721e+03
1.268205773726040206e+03
1.315372440392706721e+03
1.225039107059373691e+03
1.248705773726040206e+03
1.243205773726040206e+03
1.286872440392706721e+03
1.227205773726040206e+03
1.271372440392706721e+03
1.221539107059373237e+03
1.225205773726040206e+03
1.180039107059373691e+03
1.271705773726040206e+03
1.283539107059373237e+03
1.333539107059373691e+03
1.282872440392706721e+03
1.396372440392706721e+03
1.398872440392706721e+03
1.436372440392706721e+03
1.336872440392706721e+03
1.350539107059373237e+03
1.331539107059373237e+03
1.343872440392706721e+03
1.281039107059373691e+03
1.318872440392706721e+03
1.289039107059373237e+03
1.322039107059373691e+03
1.293705773726040206e+03
1.406039107059373691e+03
1.388539107059373691e+03
1.377705773726040206e+03
1.277872440392706721e+03
1.349705773726040206e+03
1.349372440392706721e+03
1.299539107059373691e+03
1.172039107059373691e+03
1.211539107059373691e+03
1.253039107059373691e+03
1.277872440392706721e+03
1.199705773726040206e+03
1.231539107059373691e+03
1.211705773726040206e+03
1.215039107059373237e+03
1.147372440392706721e+03
1.226372440392706721e+03
1.262205773726040206e+03
1.315539107059373691e+03
1.224539107059373237e+03
1.273205773726040206e+03
1.296372440392706721e+03
1.367539107059373691e+03
1.283205773726040206e+03
1.304539107059373691e+03
1.295705773726040206e+03
1.332872440392706721e+03
1.284705773726040206e+03
1.334872440392706721e+03
1.327039107059373237e+03
1.339872440392706721e+03
1.289872440392706721e+03
1.380372440392706721e+03
1.358539107059373237e+03
1.325872440392706721e+03
1.196372440392706721e+03
1.264039107059373691e+03
1.337872440392706721e+03
1.438872440392706721e+03
1.389872440392706721e+03
1.411039107059373691e+03
1.328205773726040206e+03
1.340039107059373237e+03
1.242039107059373691e+03
1.280539107059373691e+03
1.250872440392706721e+03
1.302205773726040206e+03
1.270872440392706721e+03
1.343872440392706721e+03
1.329705773726040206e+03
1.355205773726040206e+03
1.223205773726040206e+03
1.219205773726040206e+03
1.217205773726040206e+03
1.317372440392706721e+03
1.321872440392706721e+03
1.378872440392706721e+03
1.346205773726040206e+03
1.386539107059373691e+03
1.300205773726040206e+03
1.357872440392706721e+03
1.296205773726040206e+03
1.328539107059373691e+03
1.229539107059373237e+03
1.295872440392706721e+03
1.262705773726040206e+03
1.334372440392706721e+03
1.295872440392706721e+03
1.365705773726040206e+03
1.325039107059373237e+03
1.315205773726040206e+03
1.226039107059373691e+03
1.309205773726040206e+03
1.320872440392706721e+03
1.390372440392706721e+03
1.288872440392706721e+03
1.335205773726040206e+03
1.340039107059373691e+03
1.455372440392706721e+03
1.415872440392706721e+03
1.453039107059373691e+03
1.376372440392706721e+03
1.367205773726040206e+03
1.240039107059373691e+03
1.232539107059373691e+03
1.198705773726040206e+03
1.214372440392706721e+03
1.221039107059373691e+03
1.315372440392706721e+03
1.339705773726040206e+03
1.332039107059373691e+03
1.200872440392706721e+03
1.227372440392706721e+03
1.221539107059373691e+03
1.308039107059373691e+03
1.256872440392706721e+03
1.337705773726040206e+03
1.286205773726040206e+03
1.283372440392706721e+03
1.191872440392706721e+03
1.295372440392706721e+03
1.357372440392706721e+03
1.353372440392706721e+03
1.239372440392706721e+03
1.258205773726040206e+03
1.314872440392706721e+03
1.335872440392706721e+03
1.245039107059373691e+03
1.270372440392706721e+03
1.280872440392706721e+03
1.342872440392706721e+03
1.237372440392706721e+03
1.292039107059373691e+03
1.299705773726040206e+03
1.343872440392706721e+03
1.284372440392706721e+03
1.297539107059373237e+03
1.315705773726040206e+03
1.350872440392706721e+03
1.278872440392706721e+03
1.270872440392706721e+03
1.232372440392706721e+03
1.264039107059373691e+03
1.223039107059373691e+03
1.240372440392706721e+03
1.250039107059373691e+03
1.306705773726040206e+03
1.263205773726040206e+03
1.339039107059373691e+03
1.363372440392706721e+03
1.421705773726040206e+03
1.298872440392706721e+03
1.273372440392706721e+03
1.210205773726040206e+03
1.221705773726040206e+03
1.129039107059373691e+03
1.218705773726040206e+03
1.301539107059373691e+03
1.354372440392706721e+03
1.216039107059373237e+03
1.149372440392706721e+03
1.139705773726040206e+03
1.227539107059373691e+03
1.209539107059373691e+03
1.255039107059373691e+03
1.233872440392706721e+03
1.282039107059373691e+03
1.270539107059373691e+03
1.340705773726040206e+03
1.325705773726040206e+03
1.353705773726040206e+03
1.293205773726040206e+03
1.352705773726040206e+03
1.318205773726040206e+03
1.308705773726040206e+03
1.228039107059373691e+03
1.279539107059373691e+03
1.334872440392706721e+03
1.328205773726040206e+03
1.225372440392706721e+03
1.225705773726040206e+03
1.262372440392706721e+03
1.330205773726040206e+03
1.270872440392706721e+03
1.318705773726040206e+03
1.329372440392706721e+03
1.409705773726040206e+03
1.324539107059373691e+03
1.333205773726040206e+03
1.285039107059373691e+03
1.293705773726040206e+03
1.240372440392706721e+03
1.308705773726040206e+03
1.321205773726040206e+03
1.328705773726040206e+03
1.210705773726040206e+03
1.248039107059373691e+03
1.231372440392706721e+03
1.266039107059373691e+03
1.177705773726040206e+03
1.242039107059373691e+03
1.257039107059373691e+03
1.333372440392706721e+03
1.275205773726040206e+03
1.302372440392706721e+03
1.273205773726040206e+03
1.298039107059373237e+03
1.238872440392706721e+03
1.330539107059373691e+03
1.358872440392706721e+03
1.408539107059373237e+03
1.316539107059373691e+03
1.324205773726040206e+03
1.309205773726040206e+03
1.321539107059373237e+03
1.268372440392706721e+03
1.298372440392706721e+03
1.280539107059373691e+03
1.281372440392706721e+03
1.198705773726040206e+03
1.294872440392706721e+03
1.295372440392706721e+03
1.339705773726040206e+03
1.237539107059373691e+03
1.306372440392706721e+03
1.288705773726040206e+03
1.301705773726040206e+03
1.208872440392706721e+03
1.279372440392706721e+03
1.286705773726040206e+03
1.305872440392706721e+03
1.207205773726040206e+03
1.281705773726040206e+03
1.313372440392706721e+03
1.388872440392706721e+03
1.287539107059373691e+03
1.344205773726040206e+03
1.298872440392706721e+03
1.269539107059373691e+03
1.131539107059373691e+03
1.203705773726040206e+03
1.245372440392706721e+03
1.247205773726040206e+03
1.158872440392706721e+03
1.237872440392706721e+03
1.309705773726040206e+03
1.355039107059373691e+03
1.295205773726040206e+03
1.360039107059373691e+03
1.361872440392706721e+03
1.359372440392706721e+03
1.225705773726040206e+03
1.226039107059373691e+03
1.225539107059373691e+03
1.264539107059373237e+03
1.188872440392706721e+03
1.238039107059373691e+03
1.250705773726040206e+03
1.294539107059373237e+03
1.221039107059373691e+03
1.281872440392706721e+03
1.332872440392706721e+03
1.347205773726040206e+03
1.232205773726040206e+03
1.226705773726040206e+03
1.228872440392706721e+03
1.294872440392706721e+03
1.228039107059373691e+03
1.292872440392706721e+03
1.281039107059373691e+03
1.321039107059373691e+03
1.251539107059373691e+03
1.318872440392706721e+03
1.304705773726040206e+03
1.316705773726040206e+03
1.234372440392706721e+03
1.343372440392706721e+03
1.352372440392706721e+03
1.348039107059373691e+03
1.224039107059373691e+03
1.305539107059373691e+03
1.310539107059373691e+03
1.332872440392706721e+03
1.204205773726040206e+03
1.273705773726040206e+03
1.279039107059373691e+03
1.325372440392706721e+03
1.227372440392706721e+03
1.293372440392706721e+03
1.287039107059373237e+03
1.334205773726040206e+03
1.245539107059373237e+03
1.303872440392706721e+03
1.305205773726040206e+03
1.330039107059373691e+03
1.272539107059373691e+03
1.336872440392706721e+03
1.320539107059373237e+03
1.342372440392706721e+03
1.285539107059373691e+03
1.351539107059373237e+03
1.303872440392706721e+03
1.275705773726040206e+03
1.188039107059373691e+03
1.277205773726040206e+03
1.278872440392706721e+03
1.262705773726040206e+03
1.161205773726040206e+03
1.258539107059373691e+03
1.313372440392706721e+03
1.363872440392706721e+03
1.269205773726040206e+03
1.350872440392706721e+03
1.362705773726040206e+03
1.375872440392706721e+03
1.271039107059373691e+03
1.321205773726040206e+03
1.314039107059373237e+03
1.335539107059373691e+03
1.226372440392706721e+03
1.285872440392706721e+03
1.295872440392706721e+03
1.300039107059373691e+03
1.176039107059373691e+03
1.154372440392706721e+03
1.186705773726040206e+03
1.296205773726040206e+03
1.252705773726040206e+03
1.298705773726040206e+03
1.251372440392706721e+03
1.250205773726040206e+03
1.133039107059373691e+03
1.198205773726040206e+03
1.250039107059373691e+03
1.289539107059373691e+03
1.163705773726040206e+03
1.185205773726040206e+03
1.184372440392706721e+03
1.222039107059373691e+03
1.169372440392706721e+03
1.273372440392706721e+03
1.312705773726040206e+03
1.339372440392706721e+03
1.213872440392706721e+03
1.226205773726040206e+03
1.228039107059373691e+03
1.275872440392706721e+03
1.240205773726040206e+03
1.307205773726040206e+03
1.312205773726040206e+03
1.315872440392706721e+03
1.197539107059373691e+03
1.233872440392706721e+03
1.237205773726040206e+03
1.265372440392706721e+03
1.178705773726040206e+03
1.208872440392706721e+03
1.201039107059373691e+03
1.219705773726040206e+03
1.177039107059373691e+03
1.269372440392706721e+03
1.332205773726040206e+03
1.395705773726040206e+03
1.331872440392706721e+03
1.308372440392706721e+03
1.223872440392706721e+03
1.187539107059373691e+03
1.127705773726040206e+03
1.231539107059373691e+03
1.311872440392706721e+03
1.359705773726040206e+03
1.282372440392706721e+03
1.322372440392706721e+03
1.333039107059373691e+03
1.322705773726040206e+03
1.189705773726040206e+03
1.196205773726040206e+03
1.256705773726040206e+03
1.299872440392706721e+03
1.266872440392706721e+03
1.303705773726040206e+03
1.331372440392706721e+03
1.307039107059373691e+03
1.189539107059373691e+03
1.242039107059373691e+03
1.306372440392706721e+03
1.354039107059373691e+03
1.279039107059373237e+03
1.309205773726040206e+03
1.273205773726040206e+03
1.232372440392706721e+03
1.150372440392706721e+03
1.262539107059373691e+03
1.279705773726040206e+03
1.269705773726040206e+03
1.137705773726040206e+03
1.202705773726040206e+03
1.204039107059373691e+03
1.210205773726040206e+03
1.106705773726040206e+03
1.181039107059373691e+03
1.220705773726040206e+03
1.278372440392706721e+03
1.216205773726040206e+03
1.323872440392706721e+03
1.349872440392706721e+03
1.374705773726040206e+03
1.216872440392706721e+03
1.221539107059373691e+03
1.195872440392706721e+03
1.264872440392706721e+03
1.230372440392706721e+03
1.327372440392706721e+03
1.302539107059373691e+03
1.272705773726040206e+03
1.118372440392706721e+03
1.158039107059373691e+03
1.200872440392706721e+03
1.257205773726040206e+03
1.213205773726040206e+03
1.286205773726040206e+03
1.322872440392706721e+03
1.319705773726040206e+03
1.207705773726040206e+03
1.233539107059373691e+03
1.210205773726040206e+03
1.223539107059373237e+03
1.163372440392706721e+03
1.275039107059373691e+03
1.339372440392706721e+03
1.373539107059373237e+03
1.268539107059373691e+03
1.270205773726040206e+03
1.255872440392706721e+03
1.274539107059373691e+03
1.228872440392706721e+03
1.324539107059373691e+03
1.358705773726040206e+03
1.303872440392706721e+03
1.155705773726040206e+03
1.200205773726040206e+03
1.275039107059373691e+03
1.311705773726040206e+03
1.232539107059373691e+03
1.232872440392706721e+03
1.238539107059373691e+03
1.274205773726040206e+03
1.226705773726040206e+03
1.271705773726040206e+03
1.277205773726040206e+03
1.348205773726040206e+03
1.350705773726040206e+03
1.371539107059373691e+03
1.305372440392706721e+03
1.262539107059373691e+03
1.169039107059373691e+03
1.220372440392706721e+03
1.193205773726040206e+03
1.220372440392706721e+03
1.143705773726040206e+03
1.236539107059373691e+03
1.271205773726040206e+03
1.298872440392706721e+03
1.189705773726040206e+03
1.209872440392706721e+03
1.194705773726040206e+03
1.191039107059373691e+03
1.123372440392706721e+03
1.239539107059373691e+03
1.321372440392706721e+03
1.364372440392706721e+03
1.273039107059373237e+03
1.304205773726040206e+03
1.300705773726040206e+03
1.278372440392706721e+03
1.207205773726040206e+03
1.274205773726040206e+03
1.299039107059373237e+03
1.261705773726040206e+03
1.145705773726040206e+03
1.189372440392706721e+03
1.232872440392706721e+03
1.262039107059373691e+03
1.225539107059373691e+03
1.304539107059373691e+03
1.322205773726040206e+03
1.308872440392706721e+03
1.186205773726040206e+03
1.242705773726040206e+03
1.284039107059373691e+03
1.315039107059373691e+03
1.237705773726040206e+03
1.251539107059373691e+03
1.293205773726040206e+03
1.318205773726040206e+03
1.223205773726040206e+03
1.185872440392706721e+03
1.130205773726040206e+03
1.135372440392706721e+03
1.126705773726040206e+03
1.273205773726040206e+03
1.360205773726040206e+03
1.375372440392706721e+03
1.239539107059373691e+03
1.247372440392706721e+03
1.310205773726040206e+03
1.415872440392706721e+03
1.381039107059373691e+03
1.417705773726040206e+03
1.354705773726040206e+03
1.357872440392706721e+03
1.243705773726040206e+03
1.298372440392706721e+03
1.304872440392706721e+03
1.334205773726040206e+03
1.248872440392706721e+03
1.299872440392706721e+03
1.299205773726040206e+03
1.337539107059373237e+03
1.220539107059373691e+03
1.256539107059373691e+03
1.267872440392706721e+03
1.348039107059373237e+03
1.290872440392706721e+03
1.300872440392706721e+03
1.279539107059373691e+03
1.277872440392706721e+03
1.236539107059373691e+03
1.319539107059373691e+03
1.358539107059373691e+03
1.349705773726040206e+03
1.226705773726040206e+03
1.257539107059373691e+03
1.287872440392706721e+03
1.326872440392706721e+03
1.266539107059373691e+03
1.321539107059373691e+03
1.379872440392706721e+03
1.431039107059373237e+03
1.326372440392706721e+03
1.349205773726040206e+03
1.338705773726040206e+03
1.360039107059373691e+03
1.262039107059373691e+03
1.331872440392706721e+03
1.379205773726040206e+03
1.388539107059373691e+03
1.276205773726040206e+03
1.328872440392706721e+03
1.335372440392706721e+03
1.318539107059373691e+03
1.243872440392706721e+03
1.297872440392706721e+03
1.325372440392706721e+03
1.289705773726040206e+03
1.226039107059373691e+03
1.311205773726040206e+03
1.349205773726040206e+03
1.347539107059373691e+03
1.259205773726040206e+03
1.295539107059373691e+03
1.317705773726040206e+03
1.271372440392706721e+03
1.181039107059373691e+03
1.206539107059373691e+03
1.288205773726040206e+03
1.342705773726040206e+03
1.291039107059373691e+03
1.305872440392706721e+03
1.290039107059373237e+03
1.285539107059373691e+03
1.223039107059373691e+03
1.315872440392706721e+03
1.359705773726040206e+03
1.364539107059373237e+03
1.271872440392706721e+03
1.305539107059373691e+03
1.309705773726040206e+03
1.268039107059373237e+03
1.172205773726040206e+03
1.249039107059373691e+03
1.313872440392706721e+03
1.341539107059373691e+03
1.266205773726040206e+03
1.317372440392706721e+03
1.323039107059373691e+03
1.307372440392706721e+03
1.213872440392706721e+03
1.276372440392706721e+03
1.300039107059373691e+03
1.319539107059373237e+03
1.218039107059373691e+03
1.254705773726040206e+03
1.284372440392706721e+03
1.332872440392706721e+03
1.294205773726040206e+03
1.392705773726040206e+03
1.400205773726040206e+03
1.374372440392706721e+03
1.222372440392706721e+03
1.265372440392706721e+03
1.313039107059373237e+03
1.310372440392706721e+03
1.244205773726040206e+03
1.286039107059373691e+03
1.298705773726040206e+03
1.274039107059373237e+03
1.174372440392706721e+03
1.259205773726040206e+03
1.320039107059373691e+03
1.369039107059373691e+03
1.269372440392706721e+03
1.321372440392706721e+03
1.313039107059373691e+03
1.351705773726040206e+03
1.278539107059373691e+03
1.343205773726040206e+03
1.339372440392706721e+03
1.333205773726040206e+03
1.253705773726040206e+03
1.313372440392706721e+03
1.281705773726040206e+03
1.300372440392706721e+03
1.216872440392706721e+03
1.301205773726040206e+03
1.363039107059373237e+03
1.411372440392706721e+03
1.348039107059373691e+03
1.351039107059373237e+03
1.330539107059373691e+03
1.398539107059373691e+03
1.336705773726040206e+03
1.394872440392706721e+03
1.389872440392706721e+03
1.415705773726040206e+03
1.358705773726040206e+03
1.398372440392706721e+03
1.405372440392706721e+03
1.385539107059373237e+03
1.292205773726040206e+03
1.334872440392706721e+03
1.392539107059373691e+03
1.400539107059373691e+03
1.323705773726040206e+03
1.370039107059373237e+03
1.380539107059373691e+03
1.374039107059373691e+03
1.292205773726040206e+03
1.367205773726040206e+03
1.389039107059373691e+03
1.389539107059373691e+03
1.313372440392706721e+03
1.393372440392706721e+03
1.422872440392706721e+03
1.438539107059373691e+03
1.322372440392706721e+03
1.364539107059373691e+03
1.348039107059373691e+03
1.339705773726040206e+03
1.263372440392706721e+03
1.337872440392706721e+03
1.390705773726040206e+03
1.417372440392706721e+03
1.366539107059373691e+03
1.432539107059373237e+03
1.439372440392706721e+03
1.417205773726040206e+03
1.355372440392706721e+03
1.427539107059373691e+03
1.474039107059373691e+03
1.440039107059373691e+03
1.338872440392706721e+03
1.368872440392706721e+03
1.407205773726040206e+03
1.443372440392706721e+03
1.345205773726040206e+03
1.404705773726040206e+03
1.377539107059373237e+03
1.366705773726040206e+03
1.299205773726040206e+03
1.407705773726040206e+03
1.465705773726040206e+03
1.444539107059373691e+03
1.331705773726040206e+03
1.362539107059373237e+03
1.379872440392706721e+03
1.371205773726040206e+03
1.289872440392706721e+03
1.347205773726040206e+03
1.387039107059373691e+03
1.449539107059373691e+03
1.417372440392706721e+03
1.483372440392706721e+03
1.472872440392706721e+03
1.453539107059373237e+03
1.411372440392706721e+03
1.471705773726040206e+03
1.503039107059373691e+03
1.497039107059373691e+03
1.432539107059373237e+03
1.494705773726040206e+03
1.491205773726040206e+03
1.482539107059373691e+03
1.373372440392706721e+03
1.436039107059373691e+03
1.449372440392706721e+03
1.447705773726040206e+03
1.323039107059373691e+03
1.371539107059373691e+03
1.387372440392706721e+03
1.404705773726040206e+03
1.346872440392706721e+03
1.429372440392706721e+03
1.448039107059373691e+03
1.444205773726040206e+03
1.364539107059373691e+03
1.486539107059373691e+03
1.523372440392706721e+03
1.532372440392706721e+03
1.395372440392706721e+03
1.410872440392706721e+03
1.411372440392706721e+03
1.433372440392706721e+03
1.404205773726040206e+03
1.456205773726040206e+03
1.460205773726040206e+03
1.446372440392706721e+03
1.377372440392706721e+03
1.433039107059373691e+03
1.457539107059373691e+03
1.471872440392706721e+03
1.397039107059373237e+03
1.463039107059373691e+03
1.527372440392706721e+03
1.547205773726040206e+03
1.435539107059373691e+03
1.437705773726040206e+03
1.443372440392706721e+03
1.467205773726040206e+03
1.427705773726040206e+03
1.539039107059373691e+03
1.555372440392706721e+03
1.531705773726040206e+03
1.381539107059373691e+03
1.427872440392706721e+03
1.441539107059373691e+03
1.468705773726040206e+03
1.393539107059373237e+03
1.479039107059373691e+03
1.562705773726040206e+03
1.582205773726040206e+03
1.471372440392706721e+03
1.486372440392706721e+03
1.498372440392706721e+03
1.480372440392706721e+03
1.385872440392706721e+03
1.460372440392706721e+03
1.505039107059373237e+03
1.532372440392706721e+03
1.437872440392706721e+03
1.514039107059373691e+03
1.547539107059373691e+03
1.581205773726040206e+03
1.506705773726040206e+03
1.530039107059373691e+03
1.555705773726040206e+03
1.602205773726040206e+03
1.527039107059373237e+03
1.547039107059373691e+03
1.517872440392706721e+03
1.543872440392706721e+03
1.488205773726040206e+03
1.562539107059373691e+03
1.590872440392706721e+03
1.606872440392706721e+03
1.519372440392706721e+03
1.557039107059373237e+03
1.570539107059373691e+03
1.557539107059373691e+03
1.476539107059373237e+03
1.579872440392706721e+03
1.632372440392706721e+03
1.660372440392706721e+03
1.574705773726040206e+03
1.619539107059373691e+03
1.670872440392706721e+03
1.671205773726040206e+03
1.560539107059373237e+03
1.564705773726040206e+03
1.578205773726040206e+03
1.632039107059373691e+03
1.576372440392706721e+03
1.612205773726040206e+03
1.615205773726040206e+03
1.661705773726040206e+03
1.576039107059373691e+03
1.619872440392706721e+03
1.622039107059373237e+03
1.647705773726040206e+03
1.604205773726040206e+03
1.629205773726040206e+03
1.673872440392706721e+03
1.703705773726040206e+03
1.662705773726040206e+03
1.717872440392706721e+03
1.737539107059373691e+03
1.731372440392706721e+03
1.621539107059373237e+03
1.655539107059373691e+03
1.652372440392706721e+03
1.663039107059373691e+03
1.604539107059373691e+03
1.683539107059373691e+03
1.695705773726040206e+03
1.686372440392706721e+03
1.580205773726040206e+03
1.641372440392706721e+03
1.642039107059373237e+03
1.693372440392706721e+03
1.654039107059373691e+03
1.775872440392706721e+03
1.783372440392706721e+03
1.748705773726040206e+03
1.631539107059373691e+03
1.711372440392706721e+03
1.786039107059373691e+03
1.859539107059373691e+03
1.848539107059373691e+03
1.901372440392706721e+03
1.865872440392706721e+03
1.805705773726040206e+03
1.707705773726040206e+03
1.774372440392706721e+03
1.821539107059373691e+03
1.838539107059373691e+03
1.776372440392706721e+03
1.838039107059373691e+03
1.904039107059373691e+03
1.963205773726040206e+03
1.854705773726040206e+03
1.846205773726040206e+03
1.836705773726040206e+03
1.901039107059373691e+03
1.884539107059373691e+03
1.955872440392706721e+03
1.942539107059373691e+03
1.946039107059373691e+03
1.827205773726040206e+03
1.827539107059373691e+03
1.827872440392706721e+03
1.894039107059373691e+03
1.908539107059373691e+03
2.046205773726040206e+03
2.050872440392706721e+03
2.060205773726040206e+03
1.944205773726040206e+03
2.013205773726040206e+03
2.044539107059373691e+03
2.072705773726040206e+03
2.062872440392706721e+03
2.167539107059373691e+03
2.183039107059373691e+03
2.180039107059373691e+03
2.085205773726040206e+03
2.130039107059373691e+03
2.106872440392706721e+03
2.093539107059373691e+03
2.046372440392706721e+03
2.184372440392706721e+03
2.249872440392706721e+03
2.308039107059373691e+03
2.176205773726040206e+03
2.160872440392706721e+03
2.116372440392706721e+03
2.125205773726040206e+03
2.101539107059373691e+03
2.181872440392706721e+03
2.200705773726040206e+03
2.252872440392706721e+03
2.203039107059373691e+03
2.308539107059373691e+03
2.325872440392706721e+03
2.404039107059373691e+03
2.349039107059373691e+03
2.385205773726040206e+03
2.342039107059373691e+03
2.347872440392706721e+03
2.269539107059373691e+03
2.345872440392706721e+03
2.403539107059373691e+03
2.490539107059373691e+03
2.392872440392706721e+03
2.385205773726040206e+03
2.389039107059373691e+03
2.453872440392706721e+03
2.423539107059373691e+03
2.499872440392706721e+03
2.506872440392706721e+03
2.543539107059373691e+03
2.475205773726040206e+03
2.525872440392706721e+03
2.544039107059373691e+03
2.562205773726040206e+03
2.568372440392706721e+03
2.624539107059373691e+03
2.648039107059373691e+03
2.631705773726040206e+03
2.560539107059373691e+03
2.616372440392706721e+03
2.610372440392706721e+03
2.651872440392706721e+03
2.601872440392706721e+03
2.700872440392706721e+03
2.712705773726040206e+03
2.728539107059373691e+03
2.677705773726040206e+03
2.815705773726040206e+03
2.841705773726040206e+03
2.860372440392706721e+03
2.726539107059373691e+03
2.811039107059373691e+03
2.864539107059373237e+03
2.921372440392706721e+03
2.898372440392706721e+03
3.004039107059373691e+03
3.038539107059373691e+03
3.006872440392706721e+03
2.899372440392706721e+03
2.946205773726039752e+03
2.985039107059373691e+03
3.018872440392706721e+03
2.957539107059373691e+03
2.998372440392706721e+03
3.014039107059373691e+03
3.094205773726040206e+03
3.085539107059373691e+03
3.131539107059373691e+03
3.100539107059373237e+03
3.121039107059373691e+03
3.073872440392706721e+03
3.158872440392706721e+03
3.190539107059373237e+03
3.244372440392706721e+03
3.203372440392706721e+03
3.284205773726040206e+03
3.332539107059373691e+03
3.395372440392706721e+03
3.370039107059373237e+03
3.440372440392706721e+03
3.448205773726039752e+03
3.449705773726040206e+03
3.378705773726040206e+03
3.450872440392706721e+03
3.470539107059373691e+03
3.511705773726039752e+03
3.439372440392706721e+03
3.521539107059373691e+03
3.572872440392706721e+03
3.645872440392706721e+03
3.584205773726039752e+03
3.620039107059373691e+03
3.647539107059373237e+03
3.716039107059373691e+03
3.720705773726040206e+03
3.791872440392706721e+03
3.820705773726040206e+03
3.835872440392706721e+03
3.739039107059373691e+03
3.776872440392706721e+03
3.789539107059373691e+03
3.819539107059373691e+03
3.753039107059373691e+03
3.812539107059373691e+03
3.867872440392706721e+03
3.917872440392706721e+03
3.859372440392706721e+03
3.951872440392706721e+03
4.031205773726039752e+03
4.106372440392706267e+03
4.054205773726039752e+03
4.085039107059373691e+03
4.103205773726039297e+03
4.124205773726039297e+03
4.080872440392706721e+03
4.155872440392706267e+03
4.206539107059373237e+03
4.295539107059373237e+03
4.241872440392706267e+03
4.315039107059373237e+03
4.305205773726039297e+03
4.332539107059373237e+03
4.236872440392706267e+03
4.271372440392706267e+03
4.273205773726039297e+03
4.317205773726039297e+03
4.283872440392706267e+03
4.403539107059373237e+03
4.441539107059373237e+03
4.490039107059373237e+03
4.428705773726039297e+03
4.513539107059373237e+03
4.577205773726039297e+03
4.624872440392706267e+03
4.601039107059373237e+03
4.632872440392706267e+03
4.630705773726039297e+03
4.598372440392706267e+03
4.529872440392706267e+03
4.611872440392706267e+03
4.692205773726039297e+03
4.763539107059373237e+03
4.711372440392706267e+03
4.743539107059373237e+03
4.754039107059373237e+03
4.791539107059373237e+03
4.756539107059373237e+03
4.804705773726039297e+03
4.809539107059373237e+03
4.812372440392706267e+03
4.729539107059373237e+03
4.791705773726039297e+03
4.821872440392706267e+03
4.884872440392706267e+03
4.837039107059373237e+03
4.911539107059373237e+03
4.924039107059373237e+03
4.950872440392706267e+03
4.895872440392706267e+03
5.005872440392706267e+03
5.079539107059373237e+03
5.142039107059373237e+03
5.074539107059373237e+03
5.114039107059373237e+03
5.112539107059373237e+03
5.131872440392706267e+03
5.073539107059373237e+03
5.158372440392706267e+03
5.243039107059373237e+03
5.322205773726039297e+03
5.226539107059373237e+03
5.211705773726039297e+03
5.176039107059373237e+03
5.272372440392706267e+03
5.290205773726039297e+03
5.381705773726039297e+03
5.379205773726039297e+03
5.382705773726039297e+03
5.284039107059373237e+03
5.313372440392706267e+03
5.337705773726039297e+03
5.448705773726039297e+03
5.421872440392706267e+03
5.432372440392706267e+03
5.402705773726039297e+03
5.421039107059373237e+03
5.385372440392706267e+03
5.448372440392706267e+03
5.476205773726039297e+03
5.497039107059373237e+03
5.438872440392706267e+03
5.527205773726039297e+03
5.559872440392706267e+03
5.554372440392706267e+03
5.440372440392706267e+03
5.529872440392706267e+03
5.617872440392706267e+03
5.734039107059373237e+03
5.655205773726039297e+03
5.688705773726039297e+03
5.684539107059373237e+03
5.734372440392706267e+03
5.686372440392706267e+03
5.723872440392706267e+03
5.736539107059373237e+03
5.749205773726039297e+03
5.686039107059373237e+03
5.737705773726039297e+03
5.795539107059372327e+03
5.846205773726039297e+03
5.763205773726039297e+03
5.817372440392706267e+03
5.856039107059373237e+03
5.957705773726039297e+03
5.888205773726039297e+03
5.900372440392706267e+03
5.887705773726039297e+03
5.941539107059372327e+03
5.936705773726039297e+03
5.984872440392706267e+03
6.016039107059373237e+03
6.028705773726039297e+03
5.990539107059372327e+03
6.052039107059373237e+03
6.103539107059373237e+03
6.155372440392705357e+03
6.064039107059373237e+03
6.082872440392706267e+03
6.095039107059372327e+03
6.154705773726039297e+03
6.143705773726039297e+03
6.211372440392706267e+03
6.252872440392706267e+03
6.264372440392706267e+03
6.159872440392706267e+03
6.169539107059373237e+03
6.201372440392706267e+03
6.260372440392706267e+03
6.248039107059373237e+03
6.322705773726039297e+03
6.373039107059372327e+03
6.334205773726039297e+03
6.187372440392705357e+03
6.210872440392706267e+03
6.278039107059373237e+03
6.359872440392706267e+03
6.310705773726039297e+03
6.314872440392705357e+03
6.255205773726039297e+03
6.201372440392706267e+03
6.089372440392705357e+03
6.136539107059373237e+03
6.165205773726039297e+03
6.231539107059373237e+03
6.183039107059373237e+03
6.207539107059373237e+03
6.168872440392706267e+03
6.167039107059373237e+03
6.075539107059373237e+03
6.085372440392705357e+03
6.037705773726039297e+03
6.011372440392705357e+03
5.961705773726039297e+03
6.088372440392705357e+03
6.194539107059372327e+03
6.238039107059373237e+03
6.138705773726039297e+03
6.124872440392706267e+03
6.084205773726039297e+03
6.043039107059373237e+03
5.965539107059373237e+03
6.017039107059372327e+03
6.053372440392706267e+03
6.036872440392706267e+03
5.912705773726039297e+03
5.897872440392706267e+03
5.892539107059373237e+03
5.858039107059373237e+03
5.740705773726039297e+03
5.772705773726039297e+03
5.815205773726039297e+03
5.848205773726039297e+03
5.743205773726039297e+03
5.802705773726039297e+03
5.796872440392706267e+03
5.757539107059373237e+03
5.659872440392706267e+03
5.747372440392706267e+03
5.831039107059373237e+03
5.838039107059373237e+03
5.736372440392706267e+03
5.735372440392706267e+03
5.732205773726039297e+03
5.692705773726039297e+03
5.652039107059373237e+03
5.690039107059373237e+03
5.706539107059373237e+03
5.667372440392706267e+03
5.559205773726039297e+03
5.567872440392706267e+03
5.555539107059373237e+03
5.564039107059373237e+03
5.495039107059373237e+03
5.521205773726039297e+03
5.527205773726039297e+03
5.581539107059373237e+03
5.514539107059373237e+03
5.540372440392706267e+03
5.447872440392706267e+03
5.401872440392706267e+03
5.313205773726039297e+03
5.400539107059373237e+03
5.456372440392706267e+03
5.475205773726039297e+03
5.364039107059373237e+03
5.369372440392706267e+03
5.307539107059373237e+03
5.271872440392706267e+03
5.158205773726039297e+03
5.166872440392706267e+03
5.136872440392706267e+03
5.085705773726039297e+03
4.994872440392706267e+03
5.038205773726039297e+03
5.070372440392706267e+03
5.067372440392706267e+03
4.947039107059373237e+03
4.927372440392706267e+03
4.924705773726039297e+03
4.967205773726039297e+03
4.858205773726039297e+03
4.810705773726039297e+03
4.728039107059373237e+03
4.700039107059373237e+03
4.575872440392706267e+03
4.550539107059373237e+03
4.522039107059373237e+03
4.522372440392706267e+03
4.455372440392706267e+03
4.492539107059373237e+03
4.480372440392706267e+03
4.438872440392706267e+03
4.332539107059373237e+03
4.335372440392706267e+03
4.292539107059373237e+03
4.209205773726039297e+03
4.038705773726039752e+03
4.050705773726039752e+03
4.050205773726039752e+03
4.043872440392706721e+03
3.931539107059373691e+03
3.924705773726039752e+03
3.880372440392706721e+03
3.867539107059373691e+03
3.746205773726040206e+03
3.749705773726040206e+03
3.691539107059373237e+03
3.658872440392706721e+03
3.567039107059373691e+03
3.599872440392706721e+03
3.575872440392706721e+03
3.531872440392706721e+03
3.414205773726039752e+03
3.467205773726040206e+03
3.520039107059373237e+03
3.515539107059373691e+03
3.427372440392706721e+03
3.455205773726040206e+03
3.477539107059373237e+03
3.466205773726040206e+03
3.310205773726040206e+03
3.314372440392706721e+03
3.325872440392706721e+03
3.349872440392706721e+03
3.226039107059373691e+03
3.174539107059373691e+03
3.124705773726040206e+03
3.106539107059373691e+03
3.021372440392706721e+03
3.049372440392706721e+03
3.032039107059373691e+03
3.040539107059373691e+03
2.988372440392706721e+03
3.071872440392706721e+03
3.107039107059373691e+03
3.139372440392706721e+03
3.023205773726039752e+03
3.062372440392706721e+03
3.117372440392706721e+03
3.189539107059373691e+03
3.072705773726039752e+03
3.028039107059373237e+03
3.021039107059373691e+03
3.099039107059373691e+03
3.060039107059373237e+03
3.080372440392706721e+03
3.083205773726040206e+03
3.086705773726040206e+03
2.963872440392706721e+03
2.974705773726040206e+03
3.001205773726040206e+03
3.084872440392706721e+03
3.022039107059373237e+03
3.071705773726039752e+03
3.055039107059373691e+03
3.244039107059373237e+03
3.639205773726040206e+03
3.780039107059373691e+03
3.643039107059373237e+03
3.194205773726040206e+03
3.048205773726039752e+03
3.075539107059373691e+03
3.092539107059373237e+03
3.170372440392706721e+03
3.127205773726039752e+03
3.188539107059373691e+03
3.191039107059373237e+03
3.229039107059373691e+03
3.194372440392706721e+03
3.297705773726040206e+03
3.389372440392706721e+03
3.484205773726040206e+03
3.440705773726040206e+03
3.502705773726040206e+03
3.549039107059373691e+03
3.620705773726040206e+03
3.640205773726040206e+03
3.755539107059373691e+03
3.889872440392706721e+03
3.994372440392706721e+03
4.007705773726039752e+03
4.094872440392706721e+03
4.183372440392706267e+03
4.248539107059373237e+03
4.229872440392706267e+03
4.328039107059373237e+03
4.443372440392706267e+03
4.585872440392706267e+03
4.599539107059373237e+03
4.698372440392706267e+03
4.796205773726039297e+03
4.929372440392706267e+03
4.963205773726039297e+03
5.087872440392706267e+03
5.202872440392706267e+03
5.351205773726039297e+03
5.374872440392706267e+03
5.518205773726039297e+03
5.626372440392706267e+03
5.750539107059373237e+03
5.788872440392706267e+03
5.975872440392706267e+03
6.128539107059373237e+03
6.230705773726039297e+03
6.213372440392706267e+03
6.327372440392706267e+03
6.422539107059373237e+03
6.531872440392706267e+03
6.524205773726039297e+03
6.640539107059372327e+03
6.740539107059372327e+03
6.844705773726039297e+03
6.870539107059373237e+03
6.999205773726039297e+03
7.097872440392705357e+03
7.170372440392705357e+03
7.141372440392706267e+03
7.236205773726039297e+03
7.357872440392706267e+03
7.502205773726039297e+03
7.507872440392705357e+03
7.587539107059373237e+03
7.649705773726039297e+03
7.744372440392706267e+03
7.742705773726039297e+03
7.831539107059372327e+03
7.881205773726039297e+03
7.925872440392706267e+03
7.920539107059373237e+03
8.041372440392705357e+03
8.145039107059373237e+03
8.199539107059374146e+03
8.157705773726039297e+03
8.200039107059374146e+03
8.249872440392706267e+03
8.302872440392706267e+03
8.270039107059374146e+03
8.284705773726040206e+03
8.278539107059374146e+03
8.316705773726040206e+03
8.309372440392706267e+03
8.387205773726040206e+03
8.407872440392706267e+03
8.438705773726040206e+03
8.396372440392706267e+03
8.488872440392706267e+03
8.521372440392706267e+03
8.533205773726040206e+03
8.399205773726040206e+03
8.413539107059374146e+03
8.437539107059374146e+03
8.491539107059374146e+03
8.468539107059374146e+03
8.555372440392706267e+03
8.595539107059374146e+03
8.580039107059374146e+03
8.479539107059374146e+03
8.500039107059374146e+03
8.497539107059374146e+03
8.505872440392706267e+03
8.442705773726040206e+03
8.409205773726040206e+03
8.327205773726040206e+03
8.292705773726040206e+03
8.258372440392706267e+03
8.344539107059374146e+03
8.332872440392706267e+03
8.345372440392706267e+03
8.271039107059374146e+03
8.294372440392706267e+03
8.286372440392706267e+03
8.269872440392706267e+03
8.160705773726039297e+03
8.190205773726039297e+03
8.220372440392706267e+03
8.249039107059374146e+03
8.154705773726039297e+03
8.139372440392705357e+03
8.135539107059373237e+03
8.129872440392705357e+03
8.013705773726039297e+03
8.020705773726039297e+03
7.988372440392705357e+03
7.970039107059373237e+03
7.867705773726039297e+03
7.924539107059373237e+03
7.948872440392705357e+03
7.894205773726039297e+03
7.738539107059372327e+03
7.744705773726039297e+03
7.752705773726039297e+03
7.728039107059373237e+03
7.570372440392706267e+03
7.586039107059373237e+03
7.546372440392706267e+03
7.555705773726039297e+03
7.457372440392705357e+03
7.502205773726039297e+03
7.478539107059373237e+03
7.468372440392706267e+03
7.341539107059373237e+03
7.324205773726039297e+03
7.234372440392705357e+03
7.143705773726039297e+03
7.013539107059373237e+03
7.035205773726039297e+03
7.051372440392706267e+03
7.034372440392706267e+03
6.925205773726039297e+03
6.962372440392705357e+03
6.943372440392706267e+03
6.893372440392705357e+03
6.731205773726039297e+03
6.780872440392705357e+03
6.829372440392705357e+03
6.837705773726039297e+03
6.679705773726039297e+03
6.626205773726039297e+03
6.555039107059373237e+03
6.527039107059373237e+03
6.422872440392706267e+03
6.457039107059372327e+03
6.424205773726039297e+03
6.389205773726039297e+03
6.293539107059373237e+03
6.314872440392705357e+03
6.271539107059373237e+03
6.188539107059373237e+03
6.014872440392706267e+03
6.006705773726039297e+03
6.015372440392706267e+03
6.024539107059373237e+03
5.925372440392706267e+03
5.949039107059373237e+03
5.931705773726039297e+03
5.886039107059373237e+03
5.739372440392706267e+03
5.746039107059373237e+03
5.756705773726039297e+03
5.718372440392706267e+03
5.590539107059373237e+03
5.583872440392706267e+03
5.576372440392706267e+03
5.564872440392706267e+03
5.431705773726039297e+03
5.468205773726039297e+03
5.448039107059373237e+03
5.401039107059373237e+03
5.218872440392706267e+03
5.206372440392706267e+03
5.178872440392706267e+03
5.123205773726039297e+03
4.956205773726039297e+03
4.989705773726039297e+03
5.034372440392706267e+03
5.068705773726039297e+03
4.930539107059373237e+03
4.893872440392706267e+03
4.806705773726039297e+03
4.750039107059373237e+03
4.568205773726039297e+03
4.560539107059373237e+03
4.560372440392706267e+03
4.590539107059373237e+03
4.487872440392706267e+03
4.556872440392706267e+03
4.546039107059373237e+03
4.497539107059373237e+03
4.283539107059373237e+03
4.267872440392706267e+03
4.246872440392706267e+03
4.256872440392706267e+03
4.147705773726039297e+03
4.171705773726039297e+03
4.130039107059373237e+03
4.113872440392706267e+03
4.007705773726039752e+03
4.007705773726039752e+03
3.973372440392706721e+03
3.935705773726039752e+03
3.811539107059373237e+03
3.809205773726040206e+03
3.797372440392706721e+03
3.819539107059373691e+03
3.768205773726040206e+03
3.814372440392706721e+03
3.800872440392706721e+03
3.735705773726040206e+03
3.595872440392706721e+03
3.602705773726040206e+03
3.574705773726040206e+03
3.581372440392706721e+03
3.500705773726040206e+03
3.541539107059373691e+03
3.562539107059373237e+03
3.580705773726040206e+03
3.495372440392706721e+03
3.530705773726040206e+03
3.499372440392706721e+03
3.515372440392706721e+03
3.382372440392706721e+03
3.430705773726040206e+03
3.421205773726040206e+03
3.438039107059373691e+03
3.324372440392706721e+03
3.323872440392706721e+03
3.297205773726040206e+03
3.279705773726040206e+03
3.209205773726040206e+03
3.258372440392706721e+03
3.245539107059373237e+03
3.208539107059373691e+03
3.129205773726040206e+03
3.194372440392706721e+03
3.245372440392706721e+03
3.233539107059373237e+03
3.118205773726040206e+03
3.174872440392706721e+03
3.178372440392706721e+03
3.213205773726039752e+03
3.114872440392706721e+03
3.152872440392706721e+03
3.144372440392706721e+03
3.130539107059373691e+03
3.027039107059373237e+03
3.035205773726040206e+03
3.039039107059373691e+03
3.054872440392706721e+03
2.969705773726039752e+03
3.027539107059373237e+03
3.040372440392706721e+03
3.057205773726040206e+03
2.927705773726040206e+03
2.942205773726039752e+03
2.963372440392706721e+03
2.971872440392706721e+03
2.893039107059373691e+03
2.911539107059373691e+03
2.919872440392706721e+03
2.897872440392706721e+03
2.814039107059373691e+03
2.879372440392706721e+03
2.910872440392706721e+03
2.922039107059373237e+03
2.844372440392706721e+03
2.914039107059373237e+03
2.922372440392706721e+03
2.882372440392706721e+03
2.754372440392706721e+03
2.792705773726040206e+03
2.824539107059373691e+03
2.832872440392706721e+03
2.735705773726040206e+03
2.770039107059373691e+03
2.762539107059373691e+03
2.747872440392706721e+03
2.613205773726040206e+03
2.651372440392706721e+03
2.707539107059373691e+03
2.764205773726040206e+03
2.678372440392706721e+03
2.707705773726040206e+03
2.710539107059373691e+03
2.735872440392706721e+03
2.606872440392706721e+03
2.665872440392706721e+03
2.659539107059373691e+03
2.662539107059373691e+03
2.552372440392706721e+03
2.631705773726040206e+03
2.665539107059373691e+03
2.670539107059373691e+03
2.516372440392706721e+03
2.536705773726040206e+03
2.580705773726040206e+03
2.669539107059373691e+03
2.629039107059373691e+03
2.675705773726040206e+03
2.676539107059373237e+03
2.658872440392706721e+03
2.516372440392706721e+03
2.558705773726040206e+03
2.602872440392706721e+03
2.670539107059373691e+03
2.580539107059373691e+03
2.615539107059373691e+03
2.547372440392706721e+03
2.527372440392706721e+03
2.481039107059373691e+03
2.606372440392706721e+03
2.630539107059373691e+03
2.591539107059373691e+03
2.449705773726040206e+03
2.533205773726040206e+03
2.600039107059373691e+03
2.615705773726040206e+03
2.508372440392706721e+03
2.547372440392706721e+03
2.602539107059373691e+03
2.584539107059373691e+03
2.465039107059373691e+03
2.530539107059373691e+03
2.569539107059373691e+03
2.577372440392706721e+03
2.472039107059373691e+03
2.537872440392706721e+03
2.567539107059373691e+03
2.580205773726040206e+03
2.472039107059373691e+03
2.506205773726040206e+03
2.485872440392706721e+03
2.476372440392706721e+03
2.373705773726040206e+03
2.452705773726040206e+03
2.500372440392706721e+03
2.536705773726040206e+03
2.458205773726040206e+03
2.530039107059373691e+03
2.540372440392706721e+03
2.558205773726040206e+03
2.462205773726040206e+03
2.513705773726040206e+03
2.486872440392706721e+03
2.456372440392706721e+03
2.375539107059373691e+03
2.476205773726040206e+03
2.525205773726040206e+03
2.519372440392706721e+03
2.398205773726040206e+03
2.458705773726040206e+03
2.519872440392706721e+03
2.548872440392706721e+03
2.430039107059373691e+03
2.445705773726040206e+03
2.426205773726040206e+03
2.413705773726040206e+03
2.305705773726040206e+03
2.356205773726040206e+03
2.401039107059373691e+03
2.428205773726040206e+03
2.375539107059373691e+03
2.433872440392706721e+03
2.447372440392706721e+03
2.447372440392706721e+03
2.343539107059373691e+03
2.377705773726040206e+03
2.342372440392706721e+03
2.346205773726040206e+03
2.292039107059373691e+03
2.420372440392706721e+03
2.464039107059373691e+03
2.475372440392706721e+03
2.367539107059373691e+03
2.424039107059373691e+03
2.434372440392706721e+03
2.465705773726040206e+03
2.372539107059373691e+03
2.430872440392706721e+03
2.424872440392706721e+03
2.431872440392706721e+03
2.321205773726040206e+03
2.388205773726040206e+03
2.396372440392706721e+03
2.412205773726040206e+03
2.349205773726040206e+03
2.471705773726040206e+03
2.476872440392706721e+03
2.408872440392706721e+03
2.236539107059373691e+03
2.285205773726040206e+03
2.313872440392706721e+03
2.343705773726040206e+03
2.301539107059373691e+03
2.384039107059373691e+03
2.423372440392706721e+03
2.412039107059373691e+03
2.300205773726040206e+03
2.351539107059373691e+03
2.373205773726040206e+03
2.438872440392706721e+03
2.388372440392706721e+03
2.446039107059373691e+03
2.435872440392706721e+03
2.379205773726040206e+03
2.281372440392706721e+03
2.351872440392706721e+03
2.426539107059373691e+03
2.443205773726040206e+03
2.341872440392706721e+03
2.392205773726040206e+03
2.396705773726040206e+03
2.394872440392706721e+03
2.269205773726040206e+03
2.348372440392706721e+03
2.357205773726040206e+03
2.343372440392706721e+03
2.219372440392706721e+03
2.289372440392706721e+03
2.351539107059373691e+03
2.412039107059373691e+03
2.299539107059373691e+03
2.326872440392706721e+03
2.316205773726040206e+03
2.369539107059373691e+03
2.277039107059373691e+03
2.329039107059373691e+03
2.332372440392706721e+03
2.352705773726040206e+03
2.262039107059373691e+03
2.301039107059373691e+03
2.341705773726040206e+03
2.344039107059373691e+03
2.227205773726040206e+03
2.260705773726040206e+03
2.260872440392706721e+03
2.284539107059373691e+03
2.206539107059373691e+03
2.316872440392706721e+03
2.365872440392706721e+03
2.350372440392706721e+03
2.243539107059373691e+03
2.295705773726040206e+03
2.327205773726040206e+03
2.318039107059373691e+03
2.208039107059373691e+03
2.249872440392706721e+03
2.306205773726040206e+03
2.361539107059373691e+03
2.324205773726040206e+03
2.380372440392706721e+03
2.367705773726040206e+03
2.349205773726040206e+03
2.226039107059373691e+03
2.300539107059373691e+03
2.333039107059373691e+03
2.341539107059373691e+03
2.226705773726040206e+03
2.280205773726040206e+03
2.314372440392706721e+03
2.351372440392706721e+03
2.213372440392706721e+03
2.257539107059373691e+03
2.233872440392706721e+03
2.247205773726040206e+03
2.145039107059373691e+03
2.201372440392706721e+03
2.237039107059373691e+03
2.248372440392706721e+03
2.140705773726040206e+03
2.176539107059373691e+03
2.183872440392706721e+03
2.175372440392706721e+03
2.106372440392706721e+03
2.231372440392706721e+03
2.313205773726040206e+03
2.311205773726040206e+03
2.193372440392706721e+03
2.256872440392706721e+03
2.261705773726040206e+03
2.280872440392706721e+03
2.147205773726040206e+03
2.234872440392706721e+03
2.214372440392706721e+03
2.239039107059373691e+03
2.125539107059373691e+03
2.142205773726040206e+03
2.175039107059373691e+03
2.222372440392706721e+03
2.178205773726040206e+03
2.208372440392706721e+03
2.221372440392706721e+03
2.224039107059373691e+03
2.099872440392706721e+03
2.130539107059373691e+03
2.150372440392706721e+03
2.170872440392706721e+03
2.069372440392706721e+03
2.139372440392706721e+03
2.218039107059373691e+03
2.236705773726040206e+03
2.118039107059373691e+03
2.127872440392706721e+03
2.181372440392706721e+03
2.187705773726040206e+03
2.147205773726040206e+03
2.183705773726040206e+03
2.224539107059373691e+03
2.223039107059373691e+03
2.119705773726040206e+03
2.175705773726040206e+03
2.222039107059373691e+03
2.222205773726040206e+03
2.117039107059373691e+03
2.154539107059373691e+03
2.141205773726040206e+03
2.121705773726040206e+03
1.959705773726040206e+03
2.068872440392706721e+03
2.119539107059373691e+03
2.165539107059373691e+03
2.059705773726040206e+03
2.119205773726040206e+03
2.120872440392706721e+03
2.130372440392706721e+03
2.056372440392706721e+03
2.099205773726040206e+03
2.097372440392706721e+03
2.101205773726040206e+03
2.017039107059373691e+03
2.085705773726040206e+03
2.110705773726040206e+03
2.197705773726040206e+03
2.110205773726040206e+03
2.158372440392706721e+03
2.116039107059373691e+03
2.136039107059373691e+03
2.015039107059373691e+03
2.042872440392706721e+03
2.007372440392706721e+03
2.016705773726040206e+03
1.933539107059373691e+03
2.024539107059373691e+03
2.052372440392706721e+03
2.090205773726040206e+03
2.033205773726040206e+03
2.083705773726040206e+03
2.063039107059373691e+03
2.014205773726040206e+03
1.895872440392706721e+03
1.971539107059373691e+03
2.037539107059373691e+03
2.095205773726040206e+03
1.993705773726040206e+03
2.009372440392706721e+03
2.016705773726040206e+03
2.053039107059373691e+03
1.946539107059373691e+03
1.973039107059373691e+03
1.947372440392706721e+03
1.928039107059373691e+03
1.814872440392706721e+03
1.894372440392706721e+03
1.927705773726040206e+03
1.933205773726040206e+03
1.788039107059373691e+03
1.852039107059373691e+03
1.835539107059373691e+03
1.820039107059373691e+03
1.727539107059373691e+03
1.820539107059373691e+03
1.877039107059373691e+03
1.894872440392706721e+03
1.793372440392706721e+03
1.806872440392706721e+03
1.777039107059373691e+03
1.792705773726040206e+03
1.745539107059373691e+03
1.789539107059373691e+03
1.757872440392706721e+03
1.770372440392706721e+03
1.733372440392706721e+03
1.866205773726040206e+03
1.866539107059373691e+03
1.855039107059373691e+03
1.703539107059373691e+03
1.746539107059373691e+03
1.750205773726040206e+03
1.755705773726040206e+03
1.676705773726040206e+03
1.748705773726040206e+03
1.750372440392706721e+03
1.715205773726040206e+03
1.585872440392706721e+03
1.642039107059373237e+03
1.671372440392706721e+03
1.690039107059373691e+03
1.599205773726040206e+03
1.643539107059373691e+03
1.673539107059373691e+03
1.680872440392706721e+03
1.617705773726040206e+03
1.640039107059373237e+03
1.650705773726040206e+03
1.643539107059373691e+03
1.577539107059373237e+03
1.624705773726040206e+03
1.632372440392706721e+03
1.679205773726040206e+03
1.610705773726040206e+03
1.701539107059373691e+03
1.690205773726040206e+03
1.737205773726040206e+03
1.647872440392706721e+03
1.683039107059373691e+03
1.665205773726040206e+03
1.686705773726040206e+03
1.589539107059373237e+03
1.652205773726040206e+03
1.657872440392706721e+03
1.696872440392706721e+03
1.611205773726040206e+03
1.612872440392706721e+03
1.586539107059373691e+03
1.629205773726040206e+03
1.620539107059373691e+03
1.708705773726040206e+03
1.692539107059373237e+03
1.663872440392706721e+03
1.621039107059373237e+03
1.698039107059373237e+03
1.910372440392706721e+03
2.439705773726040206e+03
2.393872440392706721e+03
2.257039107059373691e+03
1.643372440392706721e+03
1.562705773726040206e+03
1.485705773726040206e+03
1.595539107059373237e+03
1.621205773726040206e+03
1.607039107059373691e+03
1.523705773726040206e+03
1.577039107059373237e+03
1.574705773726040206e+03
1.574039107059373237e+03
1.475039107059373237e+03
1.533872440392706721e+03
1.545539107059373691e+03
1.548205773726040206e+03
1.500539107059373691e+03
1.564705773726040206e+03
1.607372440392706721e+03
1.587372440392706721e+03
1.455205773726040206e+03
1.432039107059373691e+03
1.398539107059373691e+03
1.468205773726040206e+03
1.486872440392706721e+03
1.624539107059373691e+03
1.627372440392706721e+03
1.627205773726040206e+03
1.495539107059373691e+03
1.510705773726040206e+03
1.520539107059373237e+03
1.551039107059373691e+03
1.491039107059373691e+03
1.498372440392706721e+03
1.505372440392706721e+03
1.532872440392706721e+03
1.501372440392706721e+03
1.547539107059373691e+03
1.525872440392706721e+03
1.492539107059373237e+03
1.409872440392706721e+03
1.506705773726040206e+03
1.534372440392706721e+03
1.548039107059373691e+03
1.457705773726040206e+03
1.499372440392706721e+03
1.524205773726040206e+03
1.539039107059373237e+03
1.480205773726040206e+03
1.528539107059373237e+03
1.523539107059373237e+03
1.535705773726040206e+03
1.434872440392706721e+03
1.446039107059373691e+03
1.409205773726040206e+03
1.437372440392706721e+03
1.388872440392706721e+03
1.484372440392706721e+03
1.508205773726040206e+03
1.548205773726040206e+03
1.434205773726040206e+03
1.472372440392706721e+03
1.494872440392706721e+03
1.537372440392706721e+03
1.454205773726040206e+03
1.481539107059373237e+03
1.488039107059373691e+03
1.499205773726040206e+03
1.398205773726040206e+03
1.420372440392706721e+03
1.435039107059373237e+03
1.470872440392706721e+03
1.400205773726040206e+03
1.422705773726040206e+03
1.432039107059373691e+03
1.518205773726040206e+03
1.446039107059373691e+03
1.450205773726040206e+03
1.407872440392706721e+03
1.439372440392706721e+03
1.413705773726040206e+03
1.487539107059373237e+03
1.497705773726040206e+03
1.535372440392706721e+03
1.447205773726040206e+03
1.473039107059373691e+03
1.418539107059373691e+03
1.429372440392706721e+03
1.359539107059373237e+03
1.430372440392706721e+03
1.411039107059373691e+03
1.458539107059373237e+03
1.392705773726040206e+03
1.440539107059373691e+03
1.409539107059373237e+03
1.423372440392706721e+03
1.341539107059373691e+03
1.399205773726040206e+03
1.381539107059373237e+03
1.425539107059373691e+03
1.323539107059373691e+03
1.326039107059373237e+03
1.335039107059373691e+03
1.392205773726040206e+03
1.394205773726040206e+03
1.452039107059373691e+03
1.458872440392706721e+03
1.452205773726040206e+03
1.359539107059373237e+03
1.419039107059373691e+03
1.463872440392706721e+03
1.514372440392706721e+03
1.444372440392706721e+03
1.451872440392706721e+03
1.403872440392706721e+03
1.385372440392706721e+03
1.284705773726040206e+03
1.331205773726040206e+03
1.346039107059373237e+03
1.423539107059373237e+03
1.388039107059373237e+03
1.448205773726040206e+03
1.444039107059373691e+03
1.442539107059373237e+03
1.343872440392706721e+03
1.379372440392706721e+03
1.373705773726040206e+03
1.429205773726040206e+03
1.378705773726040206e+03
1.431539107059373691e+03
1.401705773726040206e+03
1.382039107059373691e+03
1.312372440392706721e+03
1.374039107059373691e+03
1.372872440392706721e+03
1.389705773726040206e+03
1.308372440392706721e+03
1.346372440392706721e+03
1.344872440392706721e+03
1.351039107059373691e+03
1.278039107059373237e+03
1.328872440392706721e+03
1.364872440392706721e+03
1.427372440392706721e+03
1.386039107059373691e+03
1.393872440392706721e+03
1.382039107059373691e+03
1.394039107059373691e+03
1.325372440392706721e+03
1.363705773726040206e+03
1.328539107059373691e+03
1.365705773726040206e+03
1.298039107059373691e+03
1.366205773726040206e+03
1.352039107059373691e+03
1.361539107059373691e+03
1.226039107059373691e+03
1.243039107059373691e+03
1.234205773726040206e+03
1.307205773726040206e+03
1.272372440392706721e+03
1.351372440392706721e+03
1.325372440392706721e+03
1.335205773726040206e+03
1.224039107059373691e+03
1.278372440392706721e+03
1.277372440392706721e+03
1.283372440392706721e+03
1.218039107059373691e+03
1.281539107059373691e+03
1.288205773726040206e+03
1.314539107059373691e+03
1.213539107059373691e+03
1.267039107059373691e+03
1.301205773726040206e+03
1.362372440392706721e+03
1.301705773726040206e+03
1.333039107059373691e+03
1.338539107059373237e+03
1.386039107059373691e+03
1.287039107059373691e+03
1.278872440392706721e+03
1.243205773726040206e+03
1.262372440392706721e+03
1.211039107059373691e+03
1.272539107059373691e+03
1.306872440392706721e+03
1.401539107059373691e+03
1.387705773726040206e+03
1.458205773726040206e+03
1.436205773726040206e+03
1.429372440392706721e+03
1.344872440392706721e+03
1.320705773726040206e+03
1.293539107059373691e+03
1.310705773726040206e+03
1.289372440392706721e+03
1.333539107059373237e+03
1.285372440392706721e+03
1.264539107059373691e+03
1.186372440392706721e+03
1.269039107059373691e+03
1.295372440392706721e+03
1.315872440392706721e+03
1.229539107059373691e+03
1.278372440392706721e+03
1.297872440392706721e+03
1.311039107059373691e+03
1.233872440392706721e+03
1.280872440392706721e+03
1.309872440392706721e+03
1.320039107059373237e+03
1.215039107059373691e+03
1.231539107059373691e+03
1.260205773726040206e+03
1.294872440392706721e+03
1.227705773726040206e+03
1.275372440392706721e+03
1.327372440392706721e+03
1.372205773726040206e+03
1.303039107059373691e+03
1.274205773726040206e+03
1.266205773726040206e+03
1.288872440392706721e+03
1.269539107059373691e+03
1.299539107059373691e+03
1.262372440392706721e+03
1.255705773726040206e+03
1.175205773726040206e+03
1.230039107059373691e+03
1.249705773726040206e+03
1.322205773726040206e+03
1.306705773726040206e+03
1.353705773726040206e+03
1.303205773726040206e+03
1.280705773726040206e+03
1.224705773726040206e+03
1.277372440392706721e+03
1.277872440392706721e+03
1.294539107059373237e+03
1.235872440392706721e+03
1.261372440392706721e+03
1.252705773726040206e+03
1.300872440392706721e+03
1.240872440392706721e+03
1.238705773726040206e+03
1.230705773726040206e+03
1.307205773726040206e+03
1.290205773726040206e+03
1.323039107059373691e+03
1.296872440392706721e+03
1.292539107059373691e+03
1.225039107059373691e+03
1.280539107059373691e+03
1.271372440392706721e+03
1.251205773726040206e+03
1.124205773726040206e+03
1.176039107059373691e+03
1.188705773726040206e+03
1.230205773726040206e+03
1.169872440392706721e+03
1.215372440392706721e+03
1.234372440392706721e+03
1.275539107059373691e+03
1.264039107059373691e+03
1.353539107059373691e+03
1.366705773726040206e+03
1.357205773726040206e+03
1.222039107059373691e+03
1.216872440392706721e+03
1.195205773726040206e+03
1.219705773726040206e+03
1.181039107059373691e+03
1.240372440392706721e+03
1.286372440392706721e+03
1.368039107059373691e+03
1.331705773726040206e+03
1.330705773726040206e+03
1.271372440392706721e+03
1.310205773726040206e+03
1.286539107059373237e+03
1.367205773726040206e+03
1.327039107059373691e+03
1.307205773726040206e+03
1.199372440392706721e+03
1.238872440392706721e+03
1.235539107059373691e+03
1.267372440392706721e+03
1.189705773726040206e+03
1.239372440392706721e+03
1.219705773726040206e+03
1.247539107059373237e+03
1.178705773726040206e+03
1.238705773726040206e+03
1.231705773726040206e+03
1.248372440392706721e+03
1.178539107059373691e+03
1.214205773726040206e+03
1.235205773726040206e+03
1.244705773726040206e+03
1.184205773726040206e+03
1.181039107059373691e+03
1.165039107059373691e+03
1.196705773726040206e+03
1.167872440392706721e+03
1.237372440392706721e+03
1.224372440392706721e+03
1.249039107059373691e+03
1.159039107059373691e+03
1.209205773726040206e+03
1.221705773726040206e+03
1.285705773726040206e+03
1.264372440392706721e+03
1.303705773726040206e+03
1.290705773726040206e+03
1.317872440392706721e+03
1.234205773726040206e+03
1.247539107059373691e+03
1.205039107059373691e+03
1.228872440392706721e+03
1.159872440392706721e+03
1.187539107059373691e+03
1.167039107059373237e+03
1.213705773726040206e+03
1.157205773726040206e+03
1.245872440392706721e+03
1.275705773726040206e+03
1.329872440392706721e+03
1.233372440392706721e+03
1.253539107059373691e+03
1.242039107059373691e+03
1.268705773726040206e+03
1.163039107059373691e+03
1.172705773726040206e+03
1.190705773726040206e+03
1.270539107059373691e+03
1.230705773726040206e+03
1.244372440392706721e+03
1.227705773726040206e+03
1.295705773726040206e+03
1.237372440392706721e+03
1.253705773726040206e+03
1.174039107059373691e+03
1.187872440392706721e+03
1.160872440392706721e+03
1.212205773726040206e+03
1.230039107059373691e+03
1.237539107059373691e+03
1.198039107059373691e+03
1.244039107059373691e+03
1.255539107059373691e+03
1.299039107059373691e+03
1.223039107059373691e+03
1.213039107059373691e+03
1.156205773726040206e+03
1.177872440392706721e+03
1.155372440392706721e+03
1.235872440392706721e+03
1.232872440392706721e+03
1.255539107059373691e+03
1.174539107059373691e+03
1.224705773726040206e+03
1.225539107059373691e+03
1.262872440392706721e+03
1.208039107059373691e+03
1.251372440392706721e+03
1.264205773726040206e+03
1.312372440392706721e+03
1.241705773726040206e+03
1.245372440392706721e+03
1.200372440392706721e+03
1.218039107059373691e+03
1.158205773726040206e+03
1.198205773726040206e+03
1.223539107059373691e+03
1.289039107059373691e+03
1.219039107059373237e+03
1.189372440392706721e+03
1.144205773726040206e+03
1.198205773726040206e+03
1.185872440392706721e+03
1.252205773726040206e+03
1.224205773726040206e+03
1.230705773726040206e+03
1.182705773726040206e+03
1.283205773726040206e+03
1.287705773726040206e+03
1.288205773726040206e+03
1.171039107059373691e+03
1.180039107059373691e+03
1.173539107059373691e+03
1.195372440392706721e+03
1.141539107059373691e+03
1.160539107059373691e+03
1.153205773726040206e+03
1.179539107059373691e+03
1.113372440392706721e+03
1.146205773726040206e+03
1.186539107059373691e+03
1.232539107059373691e+03
1.186872440392706721e+03
1.213205773726040206e+03
1.222539107059373691e+03
1.255372440392706721e+03
1.193705773726040206e+03
1.222872440392706721e+03
1.223705773726040206e+03
1.242372440392706721e+03
1.188872440392706721e+03
1.240205773726040206e+03
1.218705773726040206e+03
1.224872440392706721e+03
1.118872440392706721e+03
1.161372440392706721e+03
1.162372440392706721e+03
1.227872440392706721e+03
1.171539107059373691e+03
1.234539107059373691e+03
1.203205773726040206e+03
1.235205773726040206e+03
1.164039107059373691e+03
1.176205773726040206e+03
1.180039107059373691e+03
1.277039107059373691e+03
1.254539107059373691e+03
1.268872440392706721e+03
1.192205773726040206e+03
1.228039107059373691e+03
1.194039107059373691e+03
1.208705773726040206e+03
1.218372440392706721e+03
1.274372440392706721e+03
1.240039107059373237e+03
1.206039107059373691e+03
1.116872440392706721e+03
1.128039107059373691e+03
1.139872440392706721e+03
1.248872440392706721e+03
1.246539107059373691e+03
1.289705773726040206e+03
1.219039107059373691e+03
1.255039107059373691e+03
1.210205773726040206e+03
1.237039107059373691e+03
1.177539107059373691e+03
1.183205773726040206e+03
1.141872440392706721e+03
1.159205773726040206e+03
1.114372440392706721e+03
1.174539107059373691e+03
1.161539107059373691e+03
1.210705773726040206e+03
1.151705773726040206e+03
1.201372440392706721e+03
1.158539107059373691e+03
1.202372440392706721e+03
1.176539107059373691e+03
1.225705773726040206e+03
1.217372440392706721e+03
1.228372440392706721e+03
1.178039107059373691e+03
1.203039107059373691e+03
1.170039107059373237e+03
1.193539107059373237e+03
1.145372440392706721e+03
1.216705773726040206e+03
1.216872440392706721e+03
1.248205773726040206e+03
1.197039107059373691e+03
1.235705773726040206e+03
1.197372440392706721e+03
1.176705773726040206e+03
1.107705773726040206e+03
1.142705773726040206e+03
1.178872440392706721e+03
1.244205773726040206e+03
1.194539107059373691e+03
1.227205773726040206e+03
1.181039107059373691e+03
1.184372440392706721e+03
1.089039107059373691e+03
1.148205773726040206e+03
1.159872440392706721e+03
1.208205773726040206e+03
1.144705773726040206e+03
1.169205773726040206e+03
1.138705773726040206e+03
1.187372440392706721e+03
1.172705773726040206e+03
1.284372440392706721e+03
1.266372440392706721e+03
1.308705773726040206e+03
1.209705773726040206e+03
1.231372440392706721e+03
1.197372440392706721e+03
1.227872440392706721e+03
1.179205773726040206e+03
1.182539107059373691e+03
1.182205773726040206e+03
1.231705773726040206e+03
1.216039107059373691e+03
1.217039107059373691e+03
1.166372440392706721e+03
1.190039107059373691e+03
1.149039107059373691e+03
1.203539107059373691e+03
1.189705773726040206e+03
1.200705773726040206e+03
1.129372440392706721e+03
1.187039107059373691e+03
1.207539107059373691e+03
1.249539107059373691e+03
1.164872440392706721e+03
1.176539107059373691e+03
1.154705773726040206e+03
1.203039107059373691e+03
1.138039107059373691e+03
1.164205773726040206e+03
1.115205773726040206e+03
1.180872440392706721e+03
1.137372440392706721e+03
1.187872440392706721e+03
1.150872440392706721e+03
1.194705773726040206e+03
1.137372440392706721e+03
1.186539107059373691e+03
1.205872440392706721e+03
1.270372440392706721e+03
1.249872440392706721e+03
1.265705773726040206e+03
1.262039107059373691e+03
1.239872440392706721e+03
1.159205773726040206e+03
1.162039107059373691e+03
1.186205773726040206e+03
1.211039107059373691e+03
1.136205773726040206e+03
1.118372440392706721e+03
1.088705773726040206e+03
1.121205773726040206e+03
1.113872440392706721e+03
1.190372440392706721e+03
1.218539107059373691e+03
1.285539107059373691e+03
1.291205773726040206e+03
1.328872440392706721e+03
1.262705773726040206e+03
1.185372440392706721e+03
1.095039107059373691e+03
1.156872440392706721e+03
1.218539107059373691e+03
1.328205773726040206e+03
1.261705773726040206e+03
1.272039107059373691e+03
1.199705773726040206e+03
1.227539107059373237e+03
1.159205773726040206e+03
1.154205773726040206e+03
1.141372440392706721e+03
1.175705773726040206e+03
1.148872440392706721e+03
1.180205773726040206e+03
1.168372440392706721e+03
1.181039107059373691e+03
1.087372440392706721e+03
1.087872440392706721e+03
1.089872440392706721e+03
1.118705773726040206e+03
1.109205773726040206e+03
1.182039107059373691e+03
1.211872440392706721e+03
1.266539107059373691e+03
1.183372440392706721e+03
1.248539107059373691e+03
1.322872440392706721e+03
1.372039107059373691e+03
1.331039107059373691e+03
1.245205773726040206e+03
1.214705773726040206e+03
1.228539107059373691e+03
1.187372440392706721e+03
1.213539107059373691e+03
1.179039107059373691e+03
1.244039107059373691e+03
1.188372440392706721e+03
1.213705773726040206e+03
1.153039107059373691e+03
1.172872440392706721e+03
1.138039107059373691e+03
1.189539107059373691e+03
1.210539107059373237e+03
1.210039107059373237e+03
1.160705773726040206e+03
1.219705773726040206e+03
1.244539107059373691e+03
1.254039107059373691e+03
1.172205773726040206e+03
1.189539107059373691e+03
1.206872440392706721e+03
1.251705773726040206e+03
1.169872440392706721e+03
1.166205773726040206e+03
1.126039107059373691e+03
1.209872440392706721e+03
1.159705773726040206e+03
1.195705773726040206e+03
1.167705773726040206e+03
1.257372440392706721e+03
1.215539107059373691e+03
1.215039107059373691e+03
1.118872440392706721e+03
1.144872440392706721e+03
1.119872440392706721e+03
1.206372440392706721e+03
1.182539107059373691e+03
1.224705773726040206e+03
1.157205773726040206e+03
1.208205773726040206e+03
1.207539107059373691e+03
1.253372440392706721e+03
1.206205773726040206e+03
1.195039107059373691e+03
1.178705773726040206e+03
1.210372440392706721e+03
1.148039107059373691e+03
1.132872440392706721e+03
1.107539107059373691e+03
1.160039107059373691e+03
1.134539107059373691e+03
1.181372440392706721e+03
1.171539107059373691e+03
1.213372440392706721e+03
1.163539107059373691e+03
1.214872440392706721e+03
1.224039107059373691e+03
1.255372440392706721e+03
1.181372440392706721e+03
1.171205773726040206e+03
1.124539107059373691e+03
1.195705773726040206e+03
1.212372440392706721e+03
1.331872440392706721e+03
1.304872440392706721e+03
1.277872440392706721e+03
1.147372440392706721e+03
1.158205773726040206e+03
1.123372440392706721e+03
1.194039107059373691e+03
1.189872440392706721e+03
1.269205773726040206e+03
1.241539107059373237e+03
1.231372440392706721e+03
1.172205773726040206e+03
1.213872440392706721e+03
1.225372440392706721e+03
1.250539107059373237e+03
1.202205773726040206e+03
1.243539107059373691e+03
1.198205773726040206e+03
1.203039107059373691e+03
1.153372440392706721e+03
1.253205773726040206e+03
1.263705773726040206e+03
1.285539107059373691e+03
1.228039107059373691e+03
1.273705773726040206e+03
1.264705773726040206e+03
1.313372440392706721e+03
1.222872440392706721e+03
1.210372440392706721e+03
1.120539107059373691e+03
1.166039107059373691e+03
1.121872440392706721e+03
1.193872440392706721e+03
1.187872440392706721e+03
1.248705773726040206e+03
1.181872440392706721e+03
1.183872440392706721e+03
1.165872440392706721e+03
1.235872440392706721e+03
1.214705773726040206e+03
1.259039107059373691e+03
1.228372440392706721e+03
1.262705773726040206e+03
1.233705773726040206e+03
1.253039107059373691e+03
1.212705773726040206e+03
1.209539107059373691e+03
1.205872440392706721e+03
1.258705773726040206e+03
1.230039107059373237e+03
1.211039107059373237e+03
1.149705773726040206e+03
1.172039107059373691e+03
1.154872440392706721e+03
1.209205773726040206e+03
1.189872440392706721e+03
1.228539107059373237e+03
1.201039107059373691e+03
1.220372440392706721e+03
1.156872440392706721e+03
1.195872440392706721e+03
1.155205773726040206e+03
1.206372440392706721e+03
1.163039107059373691e+03
1.241705773726040206e+03
1.212872440392706721e+03
1.207539107059373691e+03
1.133205773726040206e+03
1.156872440392706721e+03
1.144705773726040206e+03
1.167372440392706721e+03
1.168872440392706721e+03
1.212705773726040206e+03
1.171372440392706721e+03
1.177205773726040206e+03
1.134539107059373691e+03
1.194872440392706721e+03
1.190705773726040206e+03
1.210039107059373691e+03
1.172039107059373691e+03
1.217039107059373691e+03
1.217372440392706721e+03
1.273872440392706721e+03
1.217372440392706721e+03
1.226872440392706721e+03
1.206539107059373691e+03
1.226205773726040206e+03
1.195372440392706721e+03
1.237705773726040206e+03
1.247539107059373691e+03
1.276872440392706721e+03
1.167872440392706721e+03
1.188872440392706721e+03
1.203705773726040206e+03
1.297539107059373237e+03
1.237372440392706721e+03
1.248372440392706721e+03
1.241039107059373691e+03
1.302039107059373237e+03
1.274872440392706721e+03
1.269372440392706721e+03
1.204872440392706721e+03
1.193372440392706721e+03
1.157205773726040206e+03
1.215705773726040206e+03
1.190872440392706721e+03
1.218039107059373691e+03
1.148039107059373691e+03
1.179872440392706721e+03
1.162372440392706721e+03
1.200872440392706721e+03
1.190705773726040206e+03
1.207705773726040206e+03
1.148539107059373691e+03
1.176705773726040206e+03
1.171872440392706721e+03
1.273205773726040206e+03
1.286372440392706721e+03
1.284872440392706721e+03
1.209205773726040206e+03
1.226039107059373691e+03
1.215039107059373691e+03
1.223539107059373691e+03
1.142039107059373691e+03
1.169205773726040206e+03
1.182872440392706721e+03
1.255539107059373691e+03
1.181872440392706721e+03
1.218705773726040206e+03
1.171205773726040206e+03
1.245205773726040206e+03
1.234872440392706721e+03
1.258039107059373691e+03
1.258872440392706721e+03
1.256372440392706721e+03
1.206705773726040206e+03
1.202705773726040206e+03
1.176705773726040206e+03
1.221705773726040206e+03
1.171039107059373691e+03
1.170705773726040206e+03
1.145872440392706721e+03
1.188372440392706721e+03
1.194539107059373691e+03
1.246039107059373691e+03
1.213539107059373237e+03
1.219205773726040206e+03
1.136372440392706721e+03
1.143539107059373691e+03
1.101539107059373691e+03
1.138205773726040206e+03
1.113205773726040206e+03
1.149705773726040206e+03
1.151039107059373691e+03
1.246872440392706721e+03
1.266705773726040206e+03
1.321205773726040206e+03
1.209372440392706721e+03
1.187872440392706721e+03
1.124372440392706721e+03
1.212539107059373691e+03
1.207039107059373691e+03
1.215205773726040206e+03
1.152705773726040206e+03
1.198539107059373691e+03
1.211205773726040206e+03
1.244205773726040206e+03
1.180705773726040206e+03
1.209705773726040206e+03
1.219705773726040206e+03
1.271205773726040206e+03
1.204372440392706721e+03
1.174039107059373691e+03
1.130372440392706721e+03
1.155205773726040206e+03
1.136372440392706721e+03
1.180539107059373691e+03
1.146705773726040206e+03
1.134039107059373691e+03
1.042039107059373691e+03
1.070539107059373691e+03
1.087205773726040206e+03
1.150705773726040206e+03
1.120205773726040206e+03
1.138372440392706721e+03
1.078539107059373691e+03
1.101705773726040206e+03
1.079705773726040206e+03
1.157539107059373691e+03
1.165372440392706721e+03
1.232705773726040206e+03
1.182372440392706721e+03
1.230539107059373691e+03
1.157872440392706721e+03
1.162872440392706721e+03
1.104372440392706721e+03
1.163039107059373691e+03
1.188205773726040206e+03
1.232705773726040206e+03
1.200539107059373691e+03
1.253872440392706721e+03
1.248539107059373237e+03
1.262872440392706721e+03
1.179205773726040206e+03
1.193539107059373691e+03
1.214705773726040206e+03
1.256372440392706721e+03
1.234372440392706721e+03
1.258872440392706721e+03
1.258372440392706721e+03
1.244039107059373237e+03
1.173372440392706721e+03
1.167372440392706721e+03
1.164872440392706721e+03
1.194039107059373691e+03
1.176372440392706721e+03
1.231705773726040206e+03
1.207205773726040206e+03
1.260205773726040206e+03
1.199372440392706721e+03
1.215872440392706721e+03
1.133705773726040206e+03
1.142039107059373691e+03
1.106539107059373691e+03
1.169039107059373691e+03
1.164705773726040206e+03
1.191872440392706721e+03
1.125872440392706721e+03
1.143372440392706721e+03
1.132039107059373691e+03
1.169539107059373691e+03
1.127539107059373691e+03
1.160872440392706721e+03
1.158372440392706721e+03
1.218372440392706721e+03
1.143372440392706721e+03
1.140705773726040206e+03
1.146539107059373691e+03
1.236705773726040206e+03
1.197205773726040206e+03
1.156205773726040206e+03
1.109205773726040206e+03
1.174039107059373691e+03
1.177205773726040206e+03
1.208372440392706721e+03
1.184872440392706721e+03
1.189039107059373691e+03
1.169039107059373691e+03
1.210872440392706721e+03
1.223039107059373691e+03
1.254705773726040206e+03
1.195872440392706721e+03
1.192372440392706721e+03
1.168539107059373691e+03
1.219372440392706721e+03
1.202872440392706721e+03
1.225039107059373691e+03
1.209705773726040206e+03
1.223205773726040206e+03
1.173372440392706721e+03
1.148039107059373691e+03
1.125705773726040206e+03
1.184539107059373691e+03
1.219872440392706721e+03
1.297872440392706721e+03
1.254539107059373691e+03
1.247039107059373691e+03
1.170539107059373691e+03
1.188372440392706721e+03
1.173205773726040206e+03
1.202872440392706721e+03
1.208205773726040206e+03
1.234039107059373691e+03
1.198705773726040206e+03
1.166872440392706721e+03
1.155872440392706721e+03
1.181205773726040206e+03
1.170539107059373691e+03
1.157539107059373691e+03
1.116872440392706721e+03
1.116539107059373691e+03
1.107372440392706721e+03
1.152872440392706721e+03
1.152205773726040206e+03
1.161205773726040206e+03
1.126205773726040206e+03
1.164372440392706721e+03
1.147205773726040206e+03
1.209039107059373691e+03
1.178372440392706721e+03
1.206872440392706721e+03
1.141205773726040206e+03
1.144539107059373691e+03
1.106872440392706721e+03
1.131539107059373691e+03
1.130705773726040206e+03
1.154039107059373691e+03
1.108872440392706721e+03
1.113372440392706721e+03
1.100039107059373691e+03
1.170705773726040206e+03
1.162872440392706721e+03
1.205872440392706721e+03
1.194039107059373691e+03
1.253705773726040206e+03
1.197205773726040206e+03
1.203205773726040206e+03
1.100205773726040206e+03
1.123539107059373691e+03
1.087205773726040206e+03
1.153705773726040206e+03
1.129205773726040206e+03
1.136872440392706721e+03
1.103539107059373691e+03
1.160872440392706721e+03
1.171039107059373691e+03
1.162039107059373691e+03
1.116872440392706721e+03
1.128539107059373691e+03
1.120372440392706721e+03
1.160205773726040206e+03
1.128039107059373691e+03
1.190039107059373691e+03
1.159705773726040206e+03
1.197205773726040206e+03
1.149205773726040206e+03
1.142372440392706721e+03
1.102205773726040206e+03
1.143039107059373691e+03
1.122372440392706721e+03
1.145205773726040206e+03
1.102705773726040206e+03
1.122539107059373691e+03
1.129705773726040206e+03
1.198205773726040206e+03
1.179539107059373691e+03
1.129539107059373691e+03
1.051872440392706721e+03
1.103205773726040206e+03
1.124372440392706721e+03
1.183372440392706721e+03
1.151539107059373691e+03
1.147039107059373691e+03
1.110039107059373691e+03
1.115039107059373691e+03
1.123205773726040206e+03
1.161372440392706721e+03
1.124372440392706721e+03
1.142372440392706721e+03
1.130539107059373691e+03
1.214705773726040206e+03
1.226872440392706721e+03
1.246539107059373691e+03
1.188205773726040206e+03
1.211872440392706721e+03
1.191039107059373237e+03
1.179705773726040206e+03
1.106539107059373691e+03
1.133205773726040206e+03
1.158539107059373691e+03
1.210205773726040206e+03
1.173872440392706721e+03
1.229539107059373691e+03
1.233205773726040206e+03
1.239205773726040206e+03
1.194372440392706721e+03
1.240872440392706721e+03
1.236872440392706721e+03
1.247872440392706721e+03
1.194372440392706721e+03
1.230372440392706721e+03
1.196039107059373691e+03
1.207205773726040206e+03
1.157039107059373691e+03
1.210705773726040206e+03
1.198205773726040206e+03
1.267372440392706721e+03
1.264372440392706721e+03
1.285039107059373237e+03
1.213705773726040206e+03
1.204539107059373691e+03
1.167539107059373691e+03
1.230539107059373691e+03
1.213372440392706721e+03
1.215872440392706721e+03
1.143872440392706721e+03
1.166039107059373691e+03
1.134372440392706721e+03
1.142372440392706721e+03
1.108539107059373691e+03
1.166372440392706721e+03
1.131039107059373691e+03
1.131705773726040206e+03
1.105039107059373691e+03
1.160039107059373691e+03
1.133705773726040206e+03
1.149539107059373691e+03
1.158039107059373691e+03
1.200705773726040206e+03
1.173539107059373691e+03
1.178705773726040206e+03
1.161539107059373691e+03
1.220539107059373691e+03
1.193205773726040206e+03
1.217205773726040206e+03
1.208372440392706721e+03
1.259539107059373691e+03
1.267872440392706721e+03
1.251372440392706721e+03
1.226872440392706721e+03
1.242372440392706721e+03
1.228039107059373691e+03
1.253205773726040206e+03
1.198705773726040206e+03
1.225039107059373691e+03
1.219372440392706721e+03
1.299539107059373691e+03
1.276705773726040206e+03
1.301039107059373237e+03
1.231872440392706721e+03
1.222872440392706721e+03
1.163039107059373691e+03
1.167372440392706721e+03
1.131205773726040206e+03
1.131705773726040206e+03
1.119039107059373691e+03
1.186539107059373691e+03
1.161539107059373691e+03
1.177372440392706721e+03
1.158705773726040206e+03
1.183872440392706721e+03
1.156039107059373691e+03
1.174205773726040206e+03
1.188372440392706721e+03
1.269705773726040206e+03
1.265705773726040206e+03
1.255039107059373691e+03
1.203872440392706721e+03
1.238205773726040206e+03
1.252205773726040206e+03
1.256372440392706721e+03
1.171872440392706721e+03
1.199705773726040206e+03
1.184372440392706721e+03
1.230372440392706721e+03
1.168872440392706721e+03
1.190205773726040206e+03
1.166872440392706721e+03
1.227039107059373691e+03
1.213205773726040206e+03
1.290705773726040206e+03
1.269372440392706721e+03
1.325705773726040206e+03
1.293872440392706721e+03
1.317872440392706721e+03
1.234039107059373237e+03
1.209205773726040206e+03
1.188705773726040206e+03
1.283372440392706721e+03
1.305039107059373691e+03
1.272372440392706721e+03
1.209205773726040206e+03
1.222205773726040206e+03
1.254705773726040206e+03
1.292872440392706721e+03
1.208872440392706721e+03
1.193705773726040206e+03
1.133705773726040206e+03
1.188039107059373691e+03
1.171872440392706721e+03
1.247205773726040206e+03
1.227872440392706721e+03
1.264039107059373691e+03
1.201539107059373691e+03
1.246705773726040206e+03
1.145039107059373237e+03
1.126705773726040206e+03
1.072705773726040206e+03
1.154039107059373691e+03
1.169039107059373691e+03
1.184205773726040206e+03
1.138372440392706721e+03
1.157205773726040206e+03
1.130372440392706721e+03
1.172039107059373691e+03
1.116039107059373691e+03
1.150372440392706721e+03
6.658724403927068352e+02
