1.593337488961606141e+02
-4.925181029556910630e+02
1.096370785933197567e+03
5.407341452957349247e+03
4.372901165600949298e+02
7.499534439769080200e+04
8.883429756895711762e+03
-1.032490031951232368e+03
5.154992786298799956e+02
7.505309492674814464e+03
-4.168683326958063844e+03
3.841757666723894545e+03
1.658289496256633129e+02
-4.273964111654318913e+03
-4.379373135432801064e+03
2.907237000960620662e+03
2.124646196485490145e+04
1.437280033625343776e+03
9.531185962420994429e+02
-1.027892023824704211e+03
5.461931230665851444e+02
2.157043413777010301e+03
2.643751624210648515e+03
-1.822002077814138602e+03
6.429016674456687497e+02
-5.620703528978207942e+03
-6.510205998424723475e+03
4.174198575357004302e+03
-2.539113412057338337e+02
-1.274061769518493566e+04
8.463300245351440026e+03
-8.201676016830288063e+03
2.433789879254233892e+04
7.149763630479171297e+03
6.186885772167685900e+03
-6.945030952621978031e+02
7.238878499818206365e+02
2.265923363361972406e+03
1.376392011256317346e+03
-4.919768583450198776e+02
1.599321584104260126e+02
1.284691393784172760e+03
8.444370812858464888e+02
-3.928925054824127301e+02
5.279287494392887936e+01
9.839613704668407763e+02
1.175700430137797639e+03
6.017590922922344099e+00
1.377887849981816998e+03
3.223821193365492945e+03
4.997902085266789072e+03
-4.666877263810004479e+03
-1.772843630920609996e+02
2.352993471685651002e+03
1.390912887642200531e+03
-1.729355697398168275e+02
3.021570222260922378e+02
6.573011950397381042e+02
3.490109599290522056e+02
-7.452290696211643990e+02
6.352790081491056640e+01
1.540896716654081501e+03
1.391390491290119598e+03
-8.460978129075184597e+02
2.769765310892944399e+02
1.721716338369284585e+03
9.809048076356788215e+02
-5.891299514564758510e+02
5.227604194698747051e+02
2.063613762702270378e+03
1.440616591345904681e+03
-4.103183165595470996e+02
5.881912904740124759e+02
2.172504945235563810e+03
9.003002746302797732e+02
-4.106959193214482298e+02
2.208844985722508909e+02
1.199470224855910146e+03
5.768891609633190001e+02
-7.492118534779543779e+02
8.178319538904412411e+02
5.528752010028163568e+03
5.018476251404344112e+03
-1.997621432864831377e+03
6.893317749727316368e+02
3.790607708302878564e+03
2.348795873809985096e+03
-3.049867833934725070e+01
6.323881097085878764e+02
1.487580227046935079e+03
9.253558605150899439e+02
-6.122861599288609114e+02
1.345410822814415042e+02
9.969908861894322172e+02
5.983592503929176019e+02
-2.226812156497925344e+02
7.875110165618286828e+02
2.126411348435644413e+03
1.620819086232234213e+03
-1.083409119973492579e+03
1.347122502623938942e+02
1.313418402108894270e+03
8.330128354885958970e+02
-4.528006233442420125e+02
7.208301784356139308e+01
6.860736553044035873e+02
4.009499213670148379e+02
-7.201788255992097447e+02
1.646992422972544432e+02
1.737681649190768667e+03
1.450019302638435192e+03
-6.733920164824604399e+03
1.420298780228490614e+04
-3.443540205703063839e+04
2.230249890663257975e+04
-1.412671341748477971e+03
1.167077841564087066e+03
4.112607755688425641e+03
1.284179352812682509e+03
-6.183313707171522537e+02
4.803790071073133845e+02
1.652101844859208086e+03
1.348723451398163888e+03
-4.791911440593058273e+02
2.674226975516824609e+02
9.472500415496335791e+02
5.011035822814392304e+02
-7.351403881825996223e+02
3.924256263652363828e+02
1.708800460834115256e+03
1.132313541150681658e+03
-1.123255387205052330e+03
-3.828520560753611903e+02
1.258967293188889016e+03
1.068656051871814952e+03
-4.845598314589985307e+02
1.381397945465965726e+01
8.562563474114447217e+02
6.243435947050387540e+02
-6.240686298341157681e+02
2.247784998614464484e+02
2.039862056227982066e+03
1.988082602285443954e+03
1.586803936632821319e+02
1.251898083216474333e+02
9.132749386606260487e+02
1.063207334018325582e+03
-9.733030743518780170e+00
2.232738804979038605e+02
6.299737071949128904e+02
5.203924313909486727e+02
-5.117021814603486973e+01
4.502685266682528891e+02
9.166592865060626991e+02
7.701824653028847933e+02
-2.689915134793233165e+02
3.296155949395790117e+02
1.596596337961042536e+03
1.872607637920631305e+03
7.323469893861762614e+00
5.383538884844177801e+02
1.085580999567432400e+03
7.179186252426103465e+02
-2.653231192490578110e+02
1.790456950703394057e+02
5.874514362890244001e+02
4.637507604390872302e+02
-3.399384193874549851e+02
2.539845793102207949e+02
9.422238760526076931e+02
6.872873718518147825e+02
-4.350910197105174007e+02
-2.528279027249032254e+02
7.386013679632708318e+02
1.078978761118539069e+03
-1.378875740352395951e+02
1.886688998505719326e+02
8.687531393878508652e+02
1.089139000489321461e+03
-2.976359236334525917e+02
3.589861618506860736e+02
1.210237393404153863e+03
5.833586841290862139e+02
-8.192161893880420394e+02
2.642310710002655583e+02
1.252756164482027771e+03
7.789518466573165369e+02
-4.895190379720526153e+02
4.629557540297051332e+02
1.703079174354615589e+03
1.550153922630337775e+03
-2.536214258076218755e+02
4.631742723083137321e+02
3.945359689667862312e+03
5.827596885278136142e+03
-2.021690042075704241e+02
1.505968404820248224e+03
1.641683088013551924e+03
1.078234705332937892e+03
-5.127942503078228356e+02
4.599141307651243551e+02
1.018021987631594016e+03
9.248458515650805793e+02
-2.535005843852260909e+02
2.283485162883081614e+02
7.969778533086440575e+02
5.980398373638212206e+02
-2.983495585185657433e+02
8.173209315918519451e+02
1.806765731650305042e+03
1.107352443057473010e+03
-1.162036033934735997e+03
1.506340301431486068e+02
1.343744346958013239e+03
3.916140436477089679e+02
-1.207279555780154851e+03
-3.367739828092321659e+02
1.178972531758217656e+03
1.291310916497234075e+03
7.355308424242507215e+01
7.809945249073386719e+01
7.654993351339620631e+02
8.543596566729702317e+02
-2.565396341804387816e+02
1.736083002664683193e+02
1.074011059613516181e+03
1.381133234347742473e+03
4.071290199191427917e+01
5.075233746262341583e+02
9.432100573226458664e+02
9.883938034360661504e+02
-8.443183758709965048e+01
4.278747637766812772e+02
7.256616691776201833e+02
3.474667714004017398e+02
-8.355642033594631357e+02
4.479069732926648726e+02
9.279733490859484846e+02
6.243338504006917447e+02
-5.899589177185589506e+02
3.515037183015645041e+02
1.246062516490070038e+03
7.499725853202454573e+02
-1.306443983429415312e+03
-3.621646001102854484e+01
1.567625685187337467e+03
8.513627863487603236e+02
-1.016374072380290613e+03
-1.540316019979405269e+02
9.255689438068859545e+02
8.123158437323916132e+02
-4.634067100748484904e+02
2.691487804484871731e+02
1.141582159048952917e+03
8.026660634303043480e+02
-3.694159696878471664e+02
2.105876563366194887e+02
8.478058372576351758e+02
5.780634138739681021e+02
-3.320119135290826762e+02
3.733909034875431132e+01
8.176703580748530840e+02
8.426230526776165561e+02
-4.243944293047117355e+01
5.551421892740271460e+02
1.640244193037431387e+03
1.188034991338479813e+03
-9.930676016830284425e+02
-2.374746684382755291e+02
1.034689571317753916e+03
7.768934586433105096e+02
-4.218208248227325612e+02
4.239321125028175175e+02
9.031448585499092587e+02
5.018995010055200510e+02
-5.301591709962410732e+02
-2.849329012243887504e+01
6.651170218929746625e+02
3.418105748128709820e+02
-9.701992279064542117e+02
2.553154363299980787e+02
1.934888181049635250e+03
2.025104169518135222e+03
-7.071456888838820305e+02
-2.382201394755832382e+02
6.280586936381093892e+02
9.394782875419892889e+02
1.518332015309282497e+02
3.519996021206970340e+02
4.479735535003037512e+02
4.650915665858616421e+02
-2.452030331236940128e+02
3.147172294745936938e+02
9.018978017225171016e+02
4.630739157270576243e+02
-1.370294488350259826e+03
1.655347103260638278e+03
4.152952002152230307e+03
1.615024837500310923e+03
-3.188964668628044024e+02
2.269456333227774394e+02
9.366731094410976084e+02
4.422168194624312605e+02
-7.318554617507260218e+02
-2.860882580389519703e+01
1.739162523100496173e+03
2.193002191324303112e+03
-1.470240663964324540e+03
7.110942633803914532e+02
2.422473566898509034e+03
1.749926679302608818e+03
2.588396763126896758e+02
1.157437612263478741e+03
1.480885315790656250e+03
3.838028215493790753e+02
-1.371661715407660949e+03
3.653627198519405965e+02
1.948312625470945250e+03
2.566405444196393091e+03
-1.315525783239695102e+03
-3.677818359250586013e+02
5.637264227123978344e+02
2.783297343875532306e+02
-8.373586483082721088e+02
-2.112101917535735822e+02
6.496559989799827690e+02
5.376964030203852190e+02
-3.156647564266615973e+02
4.102645842965665679e+01
5.719360626906217249e+02
4.988901558286502791e+02
-3.246981442767948920e+02
1.095697550392620068e+00
5.851711967888470554e+02
5.902180358915902616e+02
-1.732711187830365418e+02
-1.178882867075691934e+02
7.816103600771147057e+02
1.027249522258332490e+03
7.434905288147459146e+01
5.718719387934166889e+02
8.190115761182274809e+02
3.487850073180300683e+02
-2.780957619139256281e+02
2.812150391269053671e+02
5.973202528019211286e+02
2.393328984420022323e+02
-5.777347053622377189e+02
1.102767401877821385e+02
1.074695755406037506e+03
8.776553805208791346e+02
-1.856671861202016771e+02
1.798518242471393762e+02
1.036377154433536589e+03
1.023880284512121648e+03
-5.467823540172782941e+02
-2.406203528159715290e+02
3.418767008685826454e+02
5.422675339032201691e+02
-1.748075716738470931e+02
-3.614376584923539326e+01
4.642182434406017819e+02
3.243966367951608731e+02
-6.342090420090750058e+02
-1.095834582510560864e+02
7.486538151979510758e+02
7.667428705002346305e+02
-1.905230709775951539e+02
5.151451615865838676e+02
8.910027352717520444e+02
5.496411807290559182e+02
-5.154959303089674449e+02
-4.206903131712600157e+02
4.543424730679373624e+02
8.950868539593852802e+02
2.633731706971557855e+02
5.686887915275406158e+02
4.318746511778647914e+02
8.583186825487948113e+01
-8.447281227421461836e+02
2.694669894238382426e+02
1.697455938488625634e+03
1.068076653067799043e+03
-1.021901290277412386e+03
4.518241397206207921e+01
1.175099064983637618e+03
1.107423392409369171e+03
-2.439246220668000831e+01
3.154716622728271318e+02
8.585084845173239501e+02
4.107894308520793061e+02
-7.155348444404128259e+02
-2.084597176609710800e+02
6.106052272581549687e+02
1.120701370099363430e+03
-1.848210398789484543e+03
-2.639339463516562887e+02
1.711299913964740881e+03
4.837899244280728226e+02
-1.148087210573784432e+03
6.728398364391517816e+02
9.875453684477847673e+02
3.446447414870614239e+02
-6.521065368643985494e+02
-1.953338254472076869e+02
5.369593889930476962e+02
4.249156496876311166e+02
-3.905065384728752065e+02
2.371104185063982470e+02
6.040123388389563388e+02
2.021209794792342507e+02
-7.329625824162144454e+02
7.488263187463007853e+01
7.624385799200447309e+02
7.613900303795059017e+02
1.849599482950459617e+01
5.014509521636517206e+02
1.308177930150802467e+03
1.524264830541087804e+03
-2.404548490312919512e+03
-1.364909960874921353e+02
1.272880493357361502e+03
1.273134475799297661e+03
-7.813299178495060460e+02
6.583416181227720472e+02
8.539815486593990954e+02
3.119738990593654648e+02
-6.272846432219955659e+02
1.546660822814416747e+02
9.314058790128849523e+02
1.042121646679369178e+03
-5.753046978814821841e+02
-1.264840432640968402e+02
6.255667884968713679e+02
1.114669165440547658e+03
-6.276532860158384892e+02
6.818780471515830754e+01
4.378234012712184153e+02
3.625041167519772216e+02
-5.906221070229203178e+02
1.146966012506746665e+03
1.791123831229549523e+03
1.011665330929008633e+03
-8.033237204132431089e+02
-2.688255416332405616e+02
5.111323555677934110e+02
8.416346636066174369e+02
-1.411856460516379173e+02
8.493451511689896734e+02
9.998641520641093621e+02
5.314344863658908480e+02
-4.346825256335222889e+02
3.946658874863658184e+02
1.080460868210115677e+03
6.421613230376016190e+02
-1.094208876916214734e+02
-1.265948172755546608e+02
8.945615170369825364e+02
2.742797292056151946e+03
5.346291374625629942e+02
8.884107685585946683e+02
9.762547928737457141e+02
5.978512847920783315e+02
-1.946457997674048954e+02
5.037550046223595501e+01
2.827430565215754541e+02
1.811815212745825932e+02
-2.265948395573068979e+02
4.620944967179399754e+01
6.282339914933936598e+02
8.187019874410347029e+02
-1.943944203574513097e+02
5.479415255151707242e+01
6.837186267997899449e+02
4.669352164537752969e+02
-3.650769627639897976e+02
-2.770404508267977306e+01
4.372849807115715635e+02
5.572761552932512359e+02
-1.304828421589157017e+02
3.222745147045661724e+02
1.059306491945245398e+03
1.051342970327749754e+03
-3.771695079926457197e+02
-1.127378263330109291e+02
5.072211833151540077e+02
4.927978407109798127e+02
-1.404235125158794233e+02
1.495664332021320986e+00
-1.071256789743200102e+02
-1.692519251245445560e+02
-9.769264317830183018e+02
-1.703395402929366469e+02
7.648248504112232240e+02
7.075804772716180651e+02
-1.494030323162247385e+02
2.546028126059187002e+02
6.061492767467422027e+02
5.819366806024454490e+02
-1.324781132736680547e+03
-2.754439633853009468e+02
5.661863838130199156e+02
6.037626471281495242e+02
-3.733102349039716614e+02
-5.907869560397526953e+01
3.413399047863578630e+02
3.815104944001296303e+02
-1.426118902914121520e+02
7.767229639582527625e+02
1.402677590811706523e+03
6.762216914745358736e+02
-5.916959059823958569e+02
-8.145849710320138115e+01
4.524500777491255121e+02
7.096589197310464669e+02
4.073643163755465935e+01
-3.407981032525228926e+01
2.544432705612699053e+01
3.051862465717935891e+01
-2.314470051388766478e+02
-9.159803174891887778e+00
3.679595409141078335e+02
7.827162850644912169e+02
1.549941883157277971e+02
4.917630333822683610e+02
6.630209888002592606e+02
2.239970035010582592e+02
-7.202937708713293432e+02
1.279275335295474392e+01
4.046378813413338662e+02
3.013596355526107118e+02
-8.119216379191647093e+02
1.081041834898789915e+02
8.653675892511570282e+02
1.221552168571280845e+03
2.039843993597819463e+02
1.319721076168406171e+02
2.153639745987202048e+02
2.126803186327300068e+02
-1.170727164253964645e+02
3.518323092393241041e+02
5.656869751709687080e+02
3.615558356659429364e+02
-4.125163794956331458e+02
1.801657355125063020e+01
3.716114739779328033e+02
6.281851281059097118e+02
6.322701914785425004e+01
2.363400107305048152e+02
3.866899473482146732e+02
4.600519383456839932e+02
-6.204469996799818432e+01
3.890689435722580924e+02
3.673290474243610788e+02
1.468475025090555448e+02
-1.040025415914401265e+03
-3.426623079972368373e+02
3.157587337871763680e+02
5.605595478317569587e+02
-2.037430176705826668e+01
2.975195468546532993e+02
5.469013055152913694e+02
3.595364195058656378e+02
-3.446491038735667871e+02
-4.204955887612944565e+01
6.834402053397783448e+02
8.459415220489516969e+02
-1.959758948220632192e+03
2.652532583341458690e+02
9.745149004271555668e+02
6.129729204876464337e+02
-1.205562823833202174e+03
-3.653464838860424493e+02
3.617267795857311512e+02
5.981621455204741551e+02
2.419065418528536497e+02
3.527821118826246334e+02
3.038344363646927491e+02
5.328120371628807916e+00
-7.217242252844531549e+02
-2.788106182369147632e+02
2.714903492954009039e+02
6.484613626549652281e+02
-3.279874128761664451e+02
-2.033843374213900290e+02
2.338963643329965976e+02
4.546923376334110571e+02
9.842334649615963826e+00
1.881231635270186473e+02
4.232894926668696911e+01
7.401914417223960818e+00
-1.637428579496794896e+02
1.677332688247991541e+02
2.399649176348680157e+02
2.223219735723642998e+02
-1.851198716656030001e+02
3.046844722582832219e+02
4.671679536629706604e+02
4.970129363576332935e+02
7.241885505767325526e+01
7.431567484863448669e+01
1.851308782749580644e+02
1.366932056391630681e+02
-9.302595599055148057e+01
2.043405671103740673e+01
-2.757709042725486626e+01
-5.506380388502357448e+01
-2.087270091407205825e+02
3.535341543261265542e+02
4.877058296770921970e+02
2.301355332680583388e+02
-5.371261747677265248e+02
2.883125156910989517e+02
6.819456615920079230e+02
2.305479647695641177e+02
-9.696413572092156983e+02
-5.152431641912760369e+02
3.545263720644260843e+02
1.091624150524059587e+03
-3.246820600610752081e+03
-2.108864347434016508e+03
-2.023937960122754021e+01
-1.197516155478085693e+02
-9.185009350163614954e+02
-2.811777790586248216e+02
1.066059867788790712e+02
2.283820166383445951e+02
-1.297865163583752235e+02
-1.783754201480437374e+01
2.492697207995440749e+02
5.185405498445958301e+02
1.376656838461749714e+02
9.070762529813451636e+01
9.273125121153054806e+01
1.990778813629236481e+02
-5.564211007542154164e+01
1.469543995455342156e+02
2.587250038642087020e+02
2.714993321311681029e+02
-2.694482929313395303e+01
9.299094496114089452e+02
7.671087082819384477e+02
3.373467722125823229e+02
-5.969402917325111275e+02
-3.041672285755399230e+02
2.753463057650739643e+02
6.315856140714067806e+02
3.315864491043218436e+02
3.159670235692540814e+02
6.066625110383837693e+01
1.442350643164958512e+02
-2.986420171390207656e+02
-1.212502926875737757e+02
-9.927123724665003124e+01
4.338927827639168555e+01
-3.795865835435414937e+01
1.869453015427774574e+02
2.999204548253314897e+02
3.587740126645676355e+02
-2.645999362159400334e+02
-3.631129056716601440e+02
-2.248531115011623456e+02
1.507357215209604249e+02
2.197159844349321531e+02
3.168815956001888026e+02
2.289377926813061777e+02
2.930369081609487694e+02
2.484366625317569444e+01
2.288152482635895240e+02
1.780767365946573477e+02
2.715559324613777790e+02
-5.997790964714545225e+01
1.253234463323970402e+02
8.429644581467864839e+01
2.395054247070024189e+02
1.172025091205702836e+02
2.947256282599252586e+02
2.651528811894202136e+02
1.240110199787174992e+02
-2.161964015848684824e+02
5.936812005967538397e+01
2.036326166734166634e+02
3.556720888912602163e+02
-8.561386989293552574e+01
-6.253367564339269080e+01
4.691961403542252640e+01
2.983555795858285933e+02
2.288494298925873807e+02
2.970149423775310424e+02
2.099519360527511367e+02
2.539651948219443511e+02
-9.132571962865970505e+00
4.618675446025620346e+01
1.151447906367216767e+01
-1.074371040286309693e+02
-1.048108241894232009e+02
1.763580658451371050e+02
3.389816024727525132e+02
2.994784307459572688e+02
-2.361621471119592002e+02
-1.735243711835393299e+02
-1.951127127180799903e+01
1.873917692246298543e+02
3.532412078096659513e+01
2.381889705997542137e+02
1.284865914578886361e+02
-3.286997174624423934e+01
-3.612693188648641467e+02
1.294282258480461678e+01
3.811860505027203772e+02
3.007118396223979175e+02
-1.910489165777975984e+02
-1.439536545319510310e+02
1.758311894151532329e+02
1.676223186773603686e+02
-1.290908232733653449e+02
-9.260605032118294844e+01
7.466362148585602654e+01
2.162878284072422161e+02
-1.068572964651209389e+02
-4.331481737550078748e+01
6.081831127731447850e+01
1.732291943680445740e+02
5.554343173487556840e+01
4.150852587288706275e+01
1.622938102191572796e+02
2.369255048650220488e+02
1.924085675395816963e+01
-3.511997802554109427e+01
-5.519488519080374545e+01
6.321183787382999242e+01
-8.363272448441033902e+00
-4.897879624183676128e+01
5.139966548294596294e+01
9.968614600174471718e+01
-9.358399892890177796e+01
6.053593146224856980e+01
1.591498562966437760e+02
2.604089900650322988e+02
3.319675719325077523e+01
-4.612013558561731941e+01
-5.300484494813073866e+01
-2.720756435498163484e+01
-2.459715609622636521e+02
-8.077366565281703004e+01
2.177511936554752481e+02
3.171194183718724844e+02
-2.207600141333691113e+01
-2.062344185650982809e+02
-1.360156784908809300e+02
4.642981648287987895e+01
2.048502458962534689e+01
4.006380598111389446e+01
2.726458927370617147e+01
6.398389106134823834e+01
1.827758298270225623e+01
6.925238159101905921e+01
5.415546941346035936e+01
3.582700974045459219e+01
-8.157677952986061598e+01
5.955206546249674204e+01
6.470418247811215906e+01
2.740902109629493211e+01
-1.226804629285091011e+02
-2.030914647075697488e+01
1.567575602055427737e+02
1.380859898786305848e+02
-3.010241541824894185e+01
-4.601927060851704709e+01
6.298016359230122418e+01
1.295093377636959247e+02
5.043057523812252363e+00
7.186137007397853438e+00
4.200472968130961249e+01
1.357601051300055417e+02
6.586400028662091621e+00
1.975113246558037972e+01
-4.246060681321693231e+00
-2.247711680482881746e+01
-7.553526795883364287e+01
2.046101227824145496e+01
9.129771453817923543e+01
8.704004115866580094e+01
-7.013177934947346159e+01
-3.070489559230134446e+01
1.536783887765677292e+01
3.280167544823930115e+01
-9.349210525322779120e+01
-5.181741408801595838e+01
-1.259082871195955278e+01
5.796688403457227423e+01
-1.937396606628996665e+01
-5.050751267893972773e+00
-9.908267165081364070e+00
-1.698480717768891424e+01
-1.040130194311626184e+02
-4.321612145444304609e+00
5.974558460920690095e+01
1.000131963478936541e+02
-1.410395567331735833e+01
-1.093164151077933077e+01
1.961628542473298609e+01
2.047242239331900038e+01
-2.702646871691784725e+01
3.880494948730158988e+00
2.348620669220136392e+01
-1.487078590160899161e+01
-9.954823750726826859e+01
1.070041543682138041e+01
4.298951920773223634e+01
5.297973980977641872e+01
-5.629875397613871257e+01
1.838867573440973757e+01
5.122879514678738389e+01
3.228044168708920836e+01
-9.376425249166618414e+01
-2.271292082867687512e+01
4.644009821832419505e+01
4.809478675234974077e+01
-6.870112732127432764e+01
-2.717783719121041486e+01
2.961907019080919312e+01
6.453807421074606054e+01
-4.577731861534205393e+01
2.718059770770419803e+01
4.800584861212673360e+01
3.418363949763112419e+00
-1.166201525101753873e+02
-4.293235424937542177e+01
4.068107933978310342e+01
2.036043596310252823e+01
-6.939964492520560668e+01
-3.349218352326505510e+01
4.631952694101875778e+01
5.026558243307324148e+01
-1.393971027919391048e+01
2.649293718103865913e+01
6.899328895687504826e+01
6.484689490982097482e+01
-2.975661880246657631e+01
-2.872613522204280301e+01
3.202873816457786571e+00
1.511807387157382720e+01
-3.499543530206210562e+01
-7.696045235475340363e+00
1.320307957241115737e+01
4.021993402224412506e+01
-6.636053707066481344e+00
2.723484929994126347e+01
8.908090462467207260e+01
8.162186419641908230e+01
-1.138416944688144739e+01
-3.365287887198124395e+01
-2.299587330438849619e+01
1.113937024753862026e+01
-3.556766272362695247e+01
-2.744510110464764896e+00
1.099896960773603460e+01
2.737677373583563778e+01
-8.592650309651897800e+00
1.990508701826819049e+01
3.105961306483370521e+01
2.022098687452338339e+01
-2.669433540530737403e+01
3.374727032229849044e+01
5.715759158505382231e+01
3.902514664927046084e+01
-2.780138213129479752e+01
1.248470979068069298e+01
3.941094506263233654e+01
4.049131948738848763e+01
-3.774871048046813371e+01
-1.341003419974846089e+01
1.835883381437277961e+01
2.938647508778226936e+01
-1.575365147580052927e+01
9.645955839832948797e+00
1.631552116923751328e+01
2.598115933275985512e+01
-1.973682213918310069e+01
-1.572830405668886655e+00
1.087787350564354583e+01
5.641958244169559933e+00
-2.340235118827645877e+01
3.056465109761079990e+00
1.019765158979935471e+01
1.091753203400787164e+01
-1.185338310794287509e+01
2.080290999827838050e+01
2.132408056360703696e+01
-6.329779658905710704e+00
-4.254616763485663711e+01
2.353333873049162861e+00
2.635560917167594042e+01
1.290689553543071177e+01
-3.602351722002389067e+01
-8.695565621221424735e+00
2.935269298480744027e+01
3.477258591919458297e+01
-1.210934298259159014e+01
1.469156781042315529e+01
3.321112178388538894e+01
2.651894092392735303e+01
-1.363024485740993441e+01
-1.191671852625453137e-01
1.330545926063144435e+01
1.804520174301033819e+01
-2.596985119914934970e+01
-2.655075000634162130e+00
2.661194127295479106e+01
2.345105306640638076e+01
-2.442777720898763505e+01
-4.417182209467730303e+01
-1.591970650702171319e+01
1.913453357764905860e+01
3.137803455044150702e+00
1.559939008816421513e+01
7.996904059070072179e+00
2.336754137854547331e+00
-3.492710508884251652e+01
-1.713598144592795691e+01
1.567290250656308359e+01
2.120463665905711181e+01
-2.664579332228897712e+01
-2.361956621293679603e+01
-6.215998547749076231e+00
1.770284258636410479e+00
-1.679688398057286491e+01
6.785986346225451271e+00
2.931683528450501441e+01
3.324217583920083285e+01
-9.392598444267889590e+00
-1.113169426756067182e+01
-5.706072813182985204e-01
7.661619153629684043e+00
-4.802203808596259726e+00
7.872900698943207765e+00
1.800912966040931451e+01
1.392554350264786223e+01
-1.947310142787125642e+01
-9.652477818514698882e+00
2.809331334899010102e+00
8.567198716960632510e+00
-1.212702872085944961e+01
-7.362635901625139034e+00
-1.253738300165033070e+00
-5.063135717458898455e+00
-2.194419756228873908e+01
-6.888134639929748282e+00
1.341487131665180144e+01
2.316335684062300615e+01
9.854166729647237943e+00
7.219871072896513198e+00
-3.414616957289283050e+00
-1.596046456603952102e+01
-2.799192271153869171e+01
-2.568401303391377510e+00
2.068475057572767639e+01
2.242878940045944347e+01
-2.308621136826941811e+00
4.828271423440869903e+00
1.915333762795462746e+01
1.548834697342441480e+01
-1.857435779162758749e+01
-1.545889126743925601e+01
6.166062824609340964e+00
9.676626362991244790e+00
-4.083997956090638759e+00
3.015450651057540288e+00
1.759172516669945097e+01
1.032165166623110331e+01
-2.065102898874166826e+01
-1.345858704403631734e+01
7.902263200664926934e+00
1.472085720650264840e+01
1.115603811484497054e+00
7.539233890272693195e+00
8.488331118452494550e+00
-5.162097805569556996e+00
-2.111026056507134996e+01
4.097354765311878033e+00
1.735098331601031063e+01
1.113674825944321789e+01
-1.671052571087831851e+01
-3.706256237753737359e+00
6.003321275557255809e+00
1.062868228350213773e+00
-2.266221240472777865e+01
-1.197396867603750437e+01
-1.201290214181144345e-01
4.973069065330809835e+00
-1.042732906627557021e+01
4.507233805028274531e+00
1.675990715243710483e+01
1.885063068714410406e+01
-8.143009125425438199e+00
-1.008218366043627157e+01
-7.847203610449919431e+00
1.314308829989601302e+00
-3.259762028181497850e+00
1.157225286455656921e+01
1.408688890983958153e+01
5.515081983205809557e+00
-1.905393986909516357e+01
-1.285113257356158734e+01
1.267149738464836695e+00
6.516046942098580708e+00
-4.309240551839947031e+00
1.407793645877294608e+00
1.070265609046930599e+01
7.298456395553285958e+00
-6.828329662171602976e+00
-2.822151690774894917e+00
-1.403404603494058156e+00
-3.787616933120209861e+00
-1.584193944095971851e+01
3.433028297737969470e-01
1.828473081733309513e+01
1.876714689365059385e+01
7.666291514103250604e-01
-2.572237773330315225e+00
-5.902209166282531561e-01
7.686168147704939280e-01
-5.110921295370511430e+00
7.841652654533267430e+00
1.782270409213920814e+01
6.409175365956658155e+00
-1.354171963007981638e+01
-8.202246686988429403e+00
5.896256846198655310e+00
8.951161255340988276e+00
-3.595894265280888735e+00
-7.551069366406952810e+00
-2.080078697104712049e+00
2.105514061833376971e+00
-3.984244208809719634e+00
1.840042868027868539e-01
1.530295831243145610e+00
7.891122946176456487e+00
8.667506546890843211e+00
9.560958357783295725e+00
6.206612815845337749e+00
1.146700691231202107e+00
-7.077330917249708087e+00
-1.873643875531151859e-01
6.426456660613800720e-01
9.089607551454660372e-01
-7.193700593878874727e+00
1.360160979178465901e+00
7.508381401891865536e+00
7.992315941770038457e+00
-2.684488479635149361e+00
-8.732483173612926031e-01
4.308258226653164380e-01
-3.089679995014159797e+00
-1.164063257716983024e+01
-2.171739153458992710e+00
7.798296327259822469e+00
8.706363674418266640e+00
-8.061169367548390863e-01
1.778810323221988510e+00
5.508272622505820060e+00
2.250550917079519930e+00
-3.906371931188537427e+00
1.854450216268203722e+00
6.709348657030711038e+00
2.658547203392693348e+00
-7.675755700354198297e+00
-3.613012241734421259e+00
1.765264818519299395e+00
7.760783401594778530e-01
-4.212785192886741470e+00
1.877022420097856914e+00
5.914762638175568910e+00
2.398183748265867443e+00
-7.931385479903760860e+00
-2.289504576549895365e+00
3.931939255185519233e+00
4.895287619168358084e+00
-3.243438417948249608e+00
-4.326363228687867490e+00
2.419326230066757066e+00
4.390137900107780489e+00
-1.702533074178107064e+00
-3.587039614487111727e+00
-4.860201084578541497e+00
-5.524742915187303538e+00
-6.199023146861779132e+00
2.502711303702357615e+00
8.954321581984093115e+00
7.048053066772299147e+00
-4.601130296265078634e+00
-6.241871876570622923e+00
2.925306669898526390e-01
6.020939796786029419e+00
3.360878095159313794e+00
4.433843539630375474e+00
2.353019436781026208e+00
2.927356281022932549e+00
-2.427479234877767400e+00
1.271434357639797119e-01
2.900940369243138583e+00
3.096761557533690645e+00
-1.505538329441580059e+00
4.690883484090254130e-01
2.754958343327000403e+00
3.965511381514307487e+00
-3.238138266827695233e+00
-3.036586966277556421e+00
-8.607651974333948575e-01
2.734021984335602173e+00
3.230749214542426306e-02
2.411991806515319248e-02
7.791406630778451303e-01
-4.997845089891038706e-01
-2.502630807487284503e+00
1.560135038155489040e+00
5.020590920696164083e+00
3.712698253830392758e+00
-2.567796345650133816e+00
-1.654864737702518962e+00
1.282840866119707712e+00
2.025932755877152491e+00
-1.839873443758868188e+00
-7.907156691658514536e-01
3.391816151182461159e+00
4.254444988937128080e+00
-9.268146011056580535e-01
-5.981772926950586211e-02
9.504828609599899059e-01
1.913974305482238902e+00
-1.755589600341377565e+00
6.912036555905077817e-01
4.176540984533755996e+00
3.355307325936819574e+00
-2.003100583635775589e+00
5.807338599993704387e-01
2.945858284958528195e+00
1.617404389504293105e+00
-1.730526878593975137e+00
1.231942476880412557e-01
2.750219929964823784e+00
8.651194460735124325e-01
-2.055895670804268160e+00
1.059207228281006330e+00
3.769189924341055598e+00
2.852811278247825211e+00
-1.338539285216908237e+00
1.512491987564920926e-01
2.402550344460345766e+00
1.285763731314672753e-01
-3.666214513602959801e+00
-3.182572454804874162e+00
6.691037097056898864e-01
1.937336462860011821e+00
-4.304323794496115463e-01
-1.527094812576321459e-01
2.227967912819547869e-01
-8.042551117270850813e-01
-3.050643095866322874e+00
6.171824356632726882e-01
3.452617951045646283e+00
2.754698386534611299e+00
-8.317705827445979194e-01
2.796642555255459683e-01
2.020464384266592361e+00
1.224135728163737863e-01
-3.214453428603227803e+00
-9.082527720840691821e-01
2.173500141038379407e+00
2.454646469805132458e+00
-6.062184664089766972e-01
5.388281494955349249e-01
1.647974501753515231e+00
5.523152389253901395e-01
-2.344625785366748261e+00
-4.683638598984974921e-01
1.473969892787349245e+00
1.334535106470310373e+00
-2.394696755124094967e+00
-1.542411806502023142e+00
3.977527328776174209e-01
6.791276854783286909e-01
-1.011609159157744742e+00
1.492251284046798521e+00
2.764767833975404709e+00
1.522789168651725866e+00
-3.087835530893065616e+00
-1.547202849121139367e+00
1.409076694207091140e+00
9.331320228015571594e-01
-9.900811351955123296e-01
2.824319230911531142e-01
1.867495303624485459e+00
3.656868414110232002e-01
-3.399345383304491541e+00
-1.454223125599192867e+00
1.368839163214631283e+00
1.975645934145930260e+00
-1.458613555632206626e+00
-6.504955546455062354e-01
-1.946139796573862768e-01
7.527825577718126882e-01
-1.125292126328353737e+00
2.433537415464151199e-01
1.240113542206217501e+00
6.754920554013127409e-01
-1.208388553968610779e+00
9.985143195407254757e-03
7.699331041939196096e-02
2.295826135461819795e-01
-2.426826090447866235e+00
-6.229087578535678071e-01
1.577959125273779906e+00
1.963615929849886976e+00
2.287655690189348279e-01
-2.064124254226929189e-01
-2.031480516807663561e-01
1.563822982082486268e+00
-4.250916813051898169e-01
5.644833660687200716e-01
1.198173573587309138e+00
1.350924939288363991e+00
3.043890258683549024e-02
1.260241415977236379e+00
2.333285780466157089e+00
1.131397639941229549e+00
-1.550072030853784977e+00
-8.398707962918899872e-01
1.526768764537116407e+00
1.693476783429844978e+00
-5.073579864200635781e-01
3.446079007790521231e-01
1.133469145895572350e+00
3.701233438986103463e-01
-1.759085430422728580e+00
-1.441614364920581759e-01
1.278102924064033141e+00
6.827827864268517510e-01
-1.314102960089782668e+00
1.706907515413624565e-01
1.777323376903589880e+00
1.910525056819301515e+00
-9.458865710029140672e-01
2.997893184444133663e-02
5.617964578970003897e-01
-1.298911634512739666e-01
-1.667640043305171682e+00
-3.160412648306998862e-01
1.391435057943341436e+00
1.223223699486023497e+00
-4.970611310022187146e-01
7.074279747644380834e-01
1.709752961252462677e+00
1.073807135311167116e+00
-6.009338320223385210e-01
8.390916335490280487e-01
2.439101580564335681e+00
1.096238014100913372e+00
-1.242896991281865260e+00
-7.194663777206368183e-01
8.866068616206660424e-01
1.360588320142277263e+00
-7.026090965051722259e-01
9.243716579433794989e-01
1.259801476555985955e+00
2.021080895370236385e-01
-1.417229191271628608e+00
3.553719604502920681e-01
2.476446523199068661e+00
1.644582114364475434e+00
-1.103217362317580053e+00
-3.756458526904628559e-01
9.450867619291699606e-01
3.589013334441096825e-01
-1.505585932738361388e+00
-8.462733443499466102e-01
3.118842682736023275e-01
1.070146713250660797e+00
2.036964894918317226e-01
1.054445996082005399e+00
1.213837715934439121e+00
3.918936300875773271e-01
-7.147692339817320883e-01
3.683510415979749930e-01
1.587197825704074416e+00
1.010696279184887691e+00
-2.733174347106447910e-01
7.903503133816743853e-01
1.369357829430937423e+00
1.283190780740190773e+00
-5.235822418782437593e-01
5.638392418291600094e-01
1.817926925541582417e+00
1.605292510302383624e+00
-5.533300380096927151e-01
-2.497460687261966045e-02
4.646864154291865945e-01
2.068507424304595332e-01
-7.913758018930122651e-01
3.665604779379833533e-01
1.153467532887574754e+00
3.046795049887741635e-01
-1.344643092574166365e+00
7.442413928933492295e-01
2.300422644860804500e+00
2.264533823979323124e+00
-3.526283972278403955e-01
-2.628387483523809132e-01
3.160315285923234185e-01
6.011961512194237134e-01
2.161990930002430089e-01
8.957510992107483583e-01
1.455279626034674756e+00
8.420059972956550620e-01
-6.477214332730724111e-01
1.410997478960575313e-01
1.243599025230783139e+00
1.171627334107643970e+00
-5.815216391552999881e-02
8.311938291481079100e-01
2.540742319973693153e+00
2.583338602297892361e+00
5.784384149926855567e-01
3.603729001465443837e-01
9.322472841651161524e-01
9.685316265954677650e-01
3.250067234264614746e-01
1.777959391714558191e+00
2.544746751687408270e+00
1.765428645896113480e+00
-6.796573184281599067e-01
2.144871437019253702e-01
1.215804775152407924e+00
1.327433786075888467e+00
-2.279406954616650105e-01
7.068979268142191463e-01
2.496505155866733716e+00
2.385278503973819131e+00
5.891437201599647455e-01
7.256839161832121521e-01
1.175302737624501326e+00
4.849165229926322151e-01
-1.154567093169311054e+00
-2.670013119171987248e-01
1.033238419410963171e+00
1.080168897869923095e+00
-6.490577168489908289e-01
3.162851559593624629e-01
1.519624470476121481e+00
1.968447118784864669e+00
8.463229497030246851e-01
8.860273899048709545e-01
1.774345848287315119e+00
2.294884193954095597e+00
1.115912044246112345e+00
1.276119957810079475e+00
1.186062264038838965e+00
1.367322045926870677e+00
5.833506942635127146e-01
1.418373582199071725e+00
2.209794950632715249e+00
2.142296837925027564e+00
8.556204111194268824e-01
1.467667044498134343e+00
2.003175251860906947e+00
1.237808959379032681e+00
-4.386365872553266848e-02
1.489134363709887943e+00
2.632908995583101319e+00
2.710735238970854777e+00
9.759016969493452542e-01
1.241226209661386637e+00
2.694643536666807559e+00
2.514755621749717562e+00
8.045868542156737746e-01
1.039770439330748752e+00
1.839954634398639266e+00
2.338015671948511454e+00
1.472537288780149778e+00
1.372159705728680068e+00
1.694368146222860361e+00
2.240680233217814177e+00
1.023935426328505205e+00
1.480169726530952357e+00
1.852588197139207082e+00
1.809027418648394114e+00
1.142224906109268412e+00
1.217976065116094020e+00
2.049564571703198279e+00
2.171429629406278927e+00
1.459759958919549572e+00
2.151654461327719314e+00
2.848074252896024117e+00
2.559765254083244734e+00
1.198033327226757150e+00
1.687249423431650408e+00
2.095014657939382019e+00
1.980481361346153157e+00
1.086459435633588821e+00
2.112381415335282231e+00
2.934826000605840424e+00
2.466844507646568374e+00
8.885583848175849786e-01
1.360176601692199894e+00
1.753873539025480710e+00
2.025460425337917592e+00
1.452006239810059718e+00
2.799128352518420293e+00
3.171886719176004732e+00
2.378136970956915341e+00
8.379305069557884122e-01
1.589017215045634535e+00
2.639094389487235404e+00
2.931800449304160505e+00
2.390816348214669151e+00
2.896354025180157166e+00
2.975349795366955430e+00
2.154701604195666587e+00
1.061829222843056586e+00
2.195479149550677800e+00
3.223837632526135089e+00
3.044474485978445610e+00
1.988428974803370552e+00
2.231963630113081631e+00
3.352613924135526169e+00
3.932408541524121670e+00
2.345614252789075760e+00
1.909861628445324033e+00
2.189798560697569396e+00
2.787735900445957427e+00
2.801120669471493407e+00
3.548259590847973488e+00
3.726562521485926371e+00
3.877958915775000737e+00
2.588957100514242882e+00
2.385818054025986346e+00
2.733534852436879437e+00
2.949225397866448883e+00
2.899391695659781387e+00
4.116121663557676946e+00
4.301229436721428101e+00
4.055114843553388582e+00
2.580248533166744185e+00
3.252700577341793853e+00
3.829590119357151767e+00
3.676121586061372515e+00
3.408680209956572504e+00
4.210006373820597503e+00
4.666742997095774115e+00
4.440969593983674635e+00
3.180001797265902930e+00
3.663918555176011616e+00
3.835241185958574217e+00
3.242332590391261871e+00
2.705087364315833298e+00
4.058990261748416373e+00
5.018838539596403692e+00
5.449980410508104001e+00
3.888903343674030122e+00
3.698816236936065760e+00
3.765132737881729419e+00
3.642327709332341623e+00
3.316169193131404569e+00
3.772941915320063622e+00
4.089928409844628021e+00
4.105690608863465485e+00
3.229337887652206973e+00
3.972819787597125174e+00
4.455327029548309170e+00
5.089705868200868011e+00
4.514468631289241252e+00
4.584782532825394163e+00
4.531978524002365560e+00
4.282817798983153068e+00
3.431365166919659426e+00
3.900025780083216098e+00
4.789651322062751682e+00
5.410110984709420201e+00
4.422329687528957720e+00
4.105027120939894303e+00
4.514915360970144675e+00
5.042333806524237794e+00
4.803362584762941090e+00
5.255862938608304447e+00
5.368290239038976175e+00
5.499500541093674144e+00
4.581822732825399314e+00
4.860539962333761288e+00
5.126237877335450221e+00
5.013605071794606793e+00
4.952633794568575887e+00
5.323779909397820198e+00
5.680586021714645106e+00
5.278936331756448830e+00
4.593420817987151850e+00
5.154791462056888207e+00
5.284911987165342495e+00
5.346963380934592003e+00
4.587152451486741889e+00
5.374735327459669421e+00
5.790420154181393997e+00
5.425339859574594747e+00
4.690354359994286071e+00
5.785715797497998025e+00
6.218659607331957773e+00
6.172198016397809184e+00
4.607385660926066606e+00
5.272671596259582927e+00
5.933740587883788997e+00
6.122163764696082033e+00
5.731790777109671886e+00
6.471070325592383377e+00
6.733825229860328498e+00
5.917743332529592948e+00
4.854207876349288853e+00
5.423091648542675003e+00
6.208083017301518680e+00
6.220436993342671528e+00
5.314717160378753746e+00
5.405010138251838292e+00
5.695764715230299480e+00
6.197464433290668318e+00
6.072500795438500631e+00
6.351153204252803164e+00
6.312721040587035759e+00
6.101004193176698287e+00
5.347642942558943346e+00
5.786410618473176726e+00
6.128300479339053197e+00
6.321608437004316627e+00
5.773984766743645913e+00
6.086558745405445947e+00
6.573731519150109115e+00
6.901935118800478719e+00
6.487906356340508829e+00
6.897632070044285690e+00
7.075603044860957702e+00
6.652545756038600544e+00
5.952071221477778451e+00
6.522591268790882246e+00
6.842154229573233160e+00
6.787712960913792948e+00
5.780891638882752481e+00
6.194862019490509297e+00
6.990767954903552628e+00
7.428262846166783895e+00
6.538141403577862221e+00
6.460586881441234830e+00
6.808001995522495520e+00
7.117018413957428180e+00
6.981597290082725671e+00
7.140988170047045891e+00
7.472658324619016135e+00
7.462881993755718035e+00
6.521325703505870486e+00
6.705746725944123021e+00
6.847080448494243576e+00
6.828524633506213526e+00
6.102261039034645229e+00
6.443593626660757856e+00
7.150614122371528047e+00
7.168392862639426433e+00
6.253641712222865578e+00
6.758571789930780227e+00
7.550561587609428749e+00
7.916851949190314208e+00
7.143041810479702214e+00
6.925313984455577554e+00
7.183768969343946154e+00
7.137543551027285105e+00
6.622198867473045425e+00
6.905407488413306538e+00
7.384185020209273809e+00
7.747689595433943310e+00
7.219023912867771564e+00
7.587092306026888444e+00
7.588066897378632270e+00
7.532904639482469022e+00
6.773337444773258831e+00
6.855745403585345343e+00
6.825085671359242490e+00
6.760605330605404362e+00
6.262110785311503669e+00
7.017059759057383772e+00
7.451989077631178127e+00
7.625125941478255953e+00
6.902077329458106369e+00
7.222429173883385900e+00
7.573968105016612995e+00
7.483225564287565135e+00
7.115591603361173689e+00
7.337024932953230660e+00
7.379688644408540554e+00
6.827690192567835936e+00
5.984445826820362413e+00
6.494464254697211558e+00
7.377827868931269961e+00
7.623011174986125127e+00
6.926040837379978221e+00
6.998762415837416206e+00
7.111298557511661400e+00
7.160884715749769924e+00
6.652364963581990587e+00
7.004550123741513978e+00
7.293467848967530642e+00
7.069481804973166028e+00
6.303583405171769627e+00
6.606833138726934784e+00
6.933847448050674878e+00
6.983047720612337805e+00
6.268836572935672535e+00
6.649055204524374929e+00
6.920049564330017944e+00
6.761613995316645642e+00
5.959910153248284104e+00
6.436216269680889113e+00
6.992754343495600544e+00
7.095356497764354842e+00
6.511419320520970722e+00
6.668326869745008878e+00
6.941974458422392580e+00
6.858118960324079971e+00
6.112463477714456417e+00
6.334947528131364081e+00
7.116511313683803408e+00
7.395160874964231468e+00
6.469138010734731381e+00
5.987342040554674227e+00
5.837058377874313919e+00
6.509084489772648752e+00
6.816514720897679069e+00
7.282419321744496798e+00
7.280911131918209378e+00
6.984403309529733761e+00
6.033576633934323752e+00
6.054105470056946103e+00
6.386150098524217000e+00
6.907543817907758843e+00
6.621074795334297214e+00
6.501065807264049923e+00
6.385137371417238583e+00
6.430012313351415543e+00
6.124603518048052919e+00
6.437123763465182336e+00
6.717432195941445805e+00
6.608780610031161018e+00
6.109716587731949922e+00
6.709917982454285834e+00
7.155033685610836081e+00
6.754001283220219420e+00
5.591250356056669979e+00
6.005571117209922427e+00
6.982434009327989521e+00
7.684639467910588273e+00
6.741860677350245190e+00
6.522363527368248981e+00
6.436216652797519977e+00
6.694349876137735578e+00
6.280500455139898186e+00
6.588127396331971752e+00
6.901886093059141025e+00
6.750170754828483055e+00
6.035436822923369249e+00
6.105405619644878712e+00
6.763113535919831776e+00
6.945990767552313372e+00
6.138598310811226533e+00
6.232490828308302255e+00
6.597918923135923208e+00
7.120551834557948823e+00
6.519190638851247499e+00
6.274869729804900764e+00
6.286822985971270761e+00
6.510732515067938486e+00
6.314039437630206919e+00
6.574980491278306971e+00
6.718524178769818000e+00
6.467033026590955025e+00
6.087384251680845182e+00
6.453512369103128421e+00
7.039783331364579233e+00
7.197417885945696980e+00
6.304928985073323666e+00
6.253507375881047992e+00
6.352693604141612660e+00
6.504202145059275963e+00
6.193349285987335584e+00
6.443489798042957517e+00
6.865121828656919334e+00
6.821378816005105428e+00
6.081300313950611880e+00
6.163032666336205168e+00
6.427620800380728028e+00
6.491689859922384009e+00
6.266995046179756557e+00
6.691542469518376279e+00
7.200467638114958824e+00
6.743060489239405264e+00
5.402920725750974817e+00
5.463157987951662520e+00
6.207364131662550299e+00
6.675982524743868218e+00
6.255447036243036329e+00
5.960708998247549850e+00
5.912172536392458433e+00
5.724399245461098573e+00
4.999806606952280852e+00
5.374778047037133355e+00
5.824525068824740082e+00
6.159899778737169207e+00
5.804870502769417406e+00
5.887409016737021439e+00
5.840883877751076980e+00
5.806372084972047709e+00
5.155455859363933691e+00
5.271781208980639732e+00
5.118754345997595934e+00
4.771114600793119997e+00
4.292801419343032165e+00
5.029401446777634455e+00
5.847595145802194416e+00
5.992776248551204610e+00
5.219649973459847381e+00
5.232097184267229473e+00
5.309080575569945282e+00
4.951323510222207069e+00
4.279338258530699157e+00
4.707382737868472944e+00
5.312365413644294598e+00
5.212309682083899887e+00
4.258669291231830023e+00
4.193329386560517236e+00
4.472035285029065221e+00
4.196578588865866877e+00
3.442248837541445727e+00
3.731874887599905044e+00
4.426624037873342132e+00
4.762709060446167264e+00
4.099520252984496516e+00
4.523293037286297391e+00
4.705099251783100733e+00
4.299426966851878973e+00
3.575924932415024404e+00
4.064432262330869960e+00
4.688841942305535859e+00
4.531830531731392497e+00
3.789555034690744062e+00
3.921953542350256949e+00
4.121100373513878701e+00
3.676545172286536545e+00
3.401071394405930093e+00
3.701365526167669895e+00
4.167720086042809413e+00
3.869941438587007898e+00
3.139055861709127981e+00
3.370776972919014458e+00
3.646637282202126240e+00
3.876132909373765312e+00
3.516300023415708687e+00
3.586932059764272651e+00
3.761259579490231708e+00
3.914789473065550585e+00
3.567196867526210902e+00
3.952831471045871403e+00
3.506585670376308084e+00
3.120964031448147047e+00
2.653980149793013776e+00
3.174200589458400223e+00
3.719259391598607856e+00
3.786165793770665200e+00
3.189533287961098029e+00
3.489074117789332519e+00
3.456604317818072758e+00
3.199230376793301467e+00
2.704116057806452478e+00
3.003777108865617329e+00
3.119844966570006761e+00
2.774432116024300843e+00
2.233890073709263291e+00
2.596626169283920760e+00
3.127451841905731111e+00
3.066236820877511260e+00
2.289068167070777982e+00
2.224547184843988834e+00
2.693209086561240362e+00
3.098744878704849715e+00
2.643441785830697555e+00
2.569822752797050747e+00
2.486959274142968468e+00
2.380337003401676199e+00
1.867841592997015798e+00
1.902389371712345012e+00
2.124190425526191639e+00
2.062683460763359289e+00
1.685168651808856666e+00
2.208274708766367223e+00
2.645801274702706429e+00
2.417094954067060986e+00
1.765077077906540559e+00
1.996574110812377789e+00
2.219925617760121206e+00
1.764908583481439974e+00
7.810801860435677701e-01
1.172845922687510978e+00
1.789882032498571807e+00
2.050057827690537238e+00
1.546757351589341578e+00
1.610638343373967052e+00
1.783257630847661757e+00
1.854810657816899910e+00
1.091650212708292544e+00
1.258110455685511830e+00
1.223154923106358316e+00
1.039920378511649757e+00
7.668136654690944631e-01
1.186549301756300911e+00
1.377635028882383095e+00
1.073368412079790390e+00
3.540704681677881993e-01
9.066566274702412276e-01
1.637069894384036273e+00
1.479801591658338467e+00
7.474970341384730155e-01
1.026577018303466593e+00
1.787938688754545646e+00
1.808549117883674784e+00
8.052303830526021944e-01
1.056478747357467940e+00
1.577291818276142843e+00
1.789783105904621197e+00
1.043038348681683658e+00
7.214632816932272652e-01
8.653032568735690155e-01
9.539361701467491406e-01
4.119215062858573306e-01
6.748999893586542509e-01
8.037955647019621175e-01
6.848234030436460840e-01
1.627297376786543126e-01
6.526780781392571562e-01
1.162642375781447024e+00
1.232139018760676219e+00
2.542069401207930901e-01
4.112866631206648638e-01
1.187876756184692573e+00
1.743234051736359147e+00
8.288836650671985717e-01
3.618084153848036832e-01
4.833921024809308964e-01
1.057187218678491636e+00
7.556563492441317198e-01
7.835992586595672549e-01
1.194694355508306050e+00
1.150669325811650934e+00
2.770653439941541674e-01
1.563190915025281513e-01
4.990148376596203472e-01
9.801555064048868005e-01
5.428575372688406731e-01
5.017805684639606856e-01
-1.771540196734574524e-01
1.227258517372187274e+00
4.603461940477392211e+00
5.484389431047828722e+00
4.510889777870448647e+00
5.001838923786363633e-01
-4.196490391742669357e-01
3.831422262838231063e-01
9.030535362610280226e-01
1.236698515564185641e+00
7.915203438823356086e-01
1.013158078990041400e+00
1.097854146406603837e+00
9.898274482228236471e-01
4.708757361737122005e-01
7.873927856749446397e-01
1.450390588679213222e+00
1.757469153581829424e+00
1.078377466878662538e+00
1.103429187988985261e+00
1.393053870768566016e+00
1.571272747372399747e+00
1.213269841244240865e+00
1.514805815143798418e+00
2.211154405300638004e+00
2.475385243713924766e+00
2.034789426251527811e+00
2.191031240049014617e+00
2.665944430474004090e+00
2.664508545391697236e+00
2.078458370213288386e+00
2.229449958854477831e+00
2.812934319912091752e+00
3.271718950083639665e+00
2.741105239008330585e+00
2.840572713860708198e+00
3.409132821326751106e+00
3.912030063153535409e+00
3.537664905388990810e+00
3.682182668450417751e+00
4.112318056265540811e+00
4.526271760356711304e+00
4.166479997507861022e+00
4.526909354152756748e+00
4.934092227473685810e+00
5.154640112316418055e+00
4.852004242687652180e+00
5.706203066447192107e+00
6.662927784161400524e+00
6.874994859401208025e+00
6.119690556963879757e+00
6.641836530007432238e+00
7.438625283120557263e+00
7.777963487456181824e+00
7.087934444115956190e+00
7.381234558527511425e+00
7.980820273377059237e+00
8.392655172448789003e+00
8.264091055696376031e+00
8.704441551813435041e+00
9.270326668082631727e+00
9.434232493852929835e+00
8.817878987775499056e+00
9.101601348980409512e+00
1.011281256711683696e+01
1.070084220860096913e+01
1.030139455949710303e+01
1.048535687422673490e+01
1.088692080552962693e+01
1.118355645885831962e+01
1.109440219103371028e+01
1.166307630300451947e+01
1.185598493839237833e+01
1.172370084510941091e+01
1.124869016809402211e+01
1.211730067082494067e+01
1.327530823401556681e+01
1.332698201372950741e+01
1.246913870329167828e+01
1.266190478585405366e+01
1.326678514727507974e+01
1.375824318784023959e+01
1.340404795590110254e+01
1.338750447573087321e+01
1.350449614980573898e+01
1.379942636756453567e+01
1.364253579540164729e+01
1.396852178734910410e+01
1.431852752715502319e+01
1.439994974630596936e+01
1.407581290572140986e+01
1.496858019754367852e+01
1.541292199800215101e+01
1.514197759878605609e+01
1.391266101852050063e+01
1.415430390600682742e+01
1.469664680211633367e+01
1.496059190408637818e+01
1.451632697858046228e+01
1.514630885386097603e+01
1.565001395838841525e+01
1.538633285971573272e+01
1.438868145982193703e+01
1.477446738686747274e+01
1.533412825919654487e+01
1.576256542122467152e+01
1.548759431999757652e+01
1.529980920177296433e+01
1.514006853422214505e+01
1.498794359009686517e+01
1.475823329666694050e+01
1.550148095142611737e+01
1.570320109512936035e+01
1.590004550424594854e+01
1.535851055515221297e+01
1.561733324305427750e+01
1.600824458213655177e+01
1.573498060309804458e+01
1.476234003095003722e+01
1.511931906920021085e+01
1.588768062958501126e+01
1.626573609104512741e+01
1.561529812355099622e+01
1.538933145954431225e+01
1.602034312139978667e+01
1.610760526470970078e+01
1.517959178874344417e+01
1.557208538682703391e+01
1.581432996881589936e+01
1.554860795222012193e+01
1.468033751746385285e+01
1.560302663755971508e+01
1.640344527233006389e+01
1.595403109455654267e+01
1.471737094829863146e+01
1.492067065689591665e+01
1.585277121334453732e+01
1.597523593932036512e+01
1.480513011960045233e+01
1.507103003048318790e+01
1.513841025502324200e+01
1.519849926665324702e+01
1.439228921152164453e+01
1.494626328188369158e+01
1.568546307292481146e+01
1.596926542992701847e+01
1.510041121405563835e+01
1.516999098382657429e+01
1.494800840432492528e+01
1.438083624505632763e+01
1.359190081922350046e+01
1.418822798730922052e+01
1.468644508064346788e+01
1.446868872088465707e+01
1.339762055422573006e+01
1.406538883167309351e+01
1.452343335341743291e+01
1.427336067201893322e+01
1.304107491070030989e+01
1.399674056570597180e+01
1.506412683458552593e+01
1.493128108079120331e+01
1.327368902453330968e+01
1.302397168119750681e+01
1.340490482350199031e+01
1.371590408946691397e+01
1.291416625361391901e+01
1.348241968055651796e+01
1.379564603219401242e+01
1.363222964557255068e+01
1.285153853762280463e+01
1.325337496368375412e+01
1.349450115456144594e+01
1.283870024576928870e+01
1.145215562540584564e+01
1.183816145611156756e+01
1.251108688789394563e+01
1.260030490253318369e+01
1.163855140681860512e+01
1.212463071311962182e+01
1.273550816427547439e+01
1.246294285169074456e+01
1.121371351078404643e+01
1.145805401718791572e+01
1.246330926786788673e+01
1.231580968603967108e+01
1.127915185768916118e+01
1.144518419626754380e+01
1.201629312581457221e+01
1.196674374492692650e+01
1.078856336845866615e+01
1.184078926874987481e+01
1.233166478270232425e+01
1.193361668317046842e+01
1.012011991707758085e+01
1.065071899693886159e+01
1.130480187469972009e+01
1.096793071648789919e+01
9.113767381334474393e+00
9.751042224692385574e+00
1.145021951523782278e+01
1.198871995865609463e+01
1.047714230407150104e+01
1.029129963490650645e+01
1.026220504375674203e+01
1.023695071170272541e+01
8.310196654138826133e+00
8.526521904366392235e+00
9.209663651526900807e+00
9.442508190418791969e+00
8.186890396862414931e+00
9.323825971622609288e+00
9.962260972168307305e+00
9.525611705990964850e+00
7.191192184371283602e+00
7.508274720768052468e+00
8.408774819112807108e+00
8.888771815117422648e+00
7.613009997367072401e+00
8.231707897320987399e+00
8.678735067814988824e+00
8.674721941922431512e+00
7.169545391727031536e+00
7.499141850244347651e+00
8.092148256635347536e+00
7.935597121142349941e+00
6.746169299932873287e+00
7.057028528673517265e+00
7.450933989021019777e+00
7.704278991505018048e+00
7.222132228422334599e+00
8.146716489120507276e+00
9.033048205276642761e+00
7.932846823972422357e+00
6.051586253569132268e+00
6.462341052925981266e+00
6.860018417083286302e+00
7.137948798538970685e+00
5.812023136249546695e+00
6.191086816132855830e+00
7.591574525527014394e+00
7.830503004010510359e+00
6.639766444140830615e+00
7.264469436786631817e+00
7.476526816327518254e+00
7.713554241140912815e+00
5.814455429340248394e+00
6.811914778414159599e+00
7.732535236276654622e+00
8.192219754251354402e+00
6.452824444580259389e+00
6.457643488616919392e+00
6.864956725855960507e+00
6.436789259365668592e+00
5.260745180128433063e+00
6.403631740397562666e+00
6.912605505934994454e+00
6.255590015293767792e+00
4.834875677909876934e+00
6.006075647615139346e+00
7.791193264362900273e+00
7.362148446490478726e+00
5.054634671648893018e+00
6.048154118930183287e+00
6.806872185105342865e+00
7.588500196712626433e+00
6.175443780811032291e+00
6.968619189119438673e+00
7.813293321732946772e+00
7.681199134742936252e+00
5.654487424579937915e+00
5.738861526869240670e+00
6.611068369705216163e+00
6.728855168533439013e+00
5.106880878733177198e+00
6.313027021966540531e+00
7.514569088961384757e+00
7.782533401435118847e+00
4.944689277808544503e+00
4.874944111314460926e+00
6.402813068963893350e+00
6.866799822173660139e+00
5.289029567653052766e+00
5.983107575673894729e+00
6.945429219818302968e+00
6.216714054170331849e+00
4.651476938626941227e+00
6.071484590507278511e+00
7.582039101596211417e+00
7.468451041400713919e+00
5.535713773858486064e+00
6.946389981124053925e+00
8.193583989036206106e+00
7.664646994154224124e+00
5.048681660455878628e+00
6.175695948861563700e+00
8.090825241744539653e+00
7.968561758028404718e+00
5.617572220514902348e+00
6.564149077215906125e+00
7.164979996327120126e+00
6.918356716176342402e+00
3.270034346886035337e+00
3.647768978618114666e+00
6.043977689863821112e+00
6.843590519546169482e+00
4.525301922365774665e+00
4.953980711181726448e+00
6.096910566433525247e+00
6.264625714749443297e+00
3.104200514831208402e+00
5.077725400215048701e+00
6.612580294277678128e+00
6.585387882012272875e+00
3.709851447520789325e+00
5.439407762451379469e+00
8.223091741047280578e+00
8.355783311788815837e+00
3.335676564584496351e+00
3.441944448996907102e+00
6.007498565255581902e+00
7.848386929888135910e+00
6.390412873505620261e+00
7.058987350144004580e+00
8.233277727760077269e+00
7.696184987448178916e+00
3.934934217983323101e+00
4.543690771469822032e+00
6.603866832670104436e+00
7.938629385981180953e+00
5.314275080059668532e+00
6.396318723990102484e+00
5.388177824126386462e+00
4.254957888407790101e+00
3.306308570771412381e+00
7.022762973604530501e+00
9.953581607892273198e+00
7.990551640051582361e+00
2.843318230930465873e+00
5.346389829212112588e+00
8.694400004670162829e+00
9.015195610991428410e+00
5.713396979075606730e+00
6.467433815867134506e+00
9.334193217219789673e+00
8.577358385378444083e+00
4.545219952177190770e+00
6.128582512950607075e+00
8.437709422908410417e+00
8.640312707294883765e+00
5.242416773567398991e+00
6.896533645016046599e+00
9.168326189866776943e+00
9.221446755986889343e+00
5.961693883247974668e+00
7.064937381567342634e+00
7.288482965858953833e+00
6.528413368099346137e+00
3.459995678335475944e+00
5.807361932379212277e+00
8.507081293837600811e+00
8.916120907652578254e+00
6.155947530499397580e+00
7.594803444227357758e+00
8.790540813431729106e+00
9.243834878100594565e+00
6.545830151613682979e+00
8.490580432489410967e+00
8.839699604029190638e+00
6.506665619131212885e+00
3.724552033018245112e+00
7.057739435636976921e+00
1.028431639431014055e+01
9.638529001411804131e+00
4.905088892066742368e+00
6.505230014787961146e+00
1.000527489713486062e+01
1.056893072712267845e+01
6.406059470883467277e+00
7.382044053247669879e+00
8.240476702245869589e+00
7.112191218359741107e+00
2.661858959590531093e+00
4.402524060833835406e+00
7.531731330080479125e+00
8.255695535652117556e+00
5.869162154989736813e+00
7.499206394531047870e+00
9.766675414208989991e+00
1.035535386546652958e+01
6.929301231749470880e+00
8.542676561935854451e+00
8.162375578446527058e+00
7.003331419034341643e+00
4.504015119918547860e+00
8.316481564124122983e+00
9.936941939885352681e+00
9.082058532883301893e+00
4.993193205059148099e+00
7.008140647660098921e+00
8.612248354295132913e+00
8.769668190516728856e+00
5.115214043189031834e+00
7.361277572444662631e+00
8.683647962401083831e+00
8.300566240745814284e+00
4.868831076025758264e+00
7.612939493813058789e+00
9.260033990315500674e+00
8.775637116709747332e+00
6.368471032856645841e+00
1.151046983684931213e+01
1.357852533887423263e+01
9.681189375797544017e+00
2.389352127579986274e+00
4.324870804098378763e+00
7.398408422362676262e+00
7.362662012562133818e+00
5.316707514519132260e+00
8.090978013801993995e+00
1.083683800431420785e+01
8.961803495172098621e+00
3.570712905431697948e+00
5.689629700771035026e+00
8.116058775344637155e+00
1.027007654706636508e+01
8.391229327956072126e+00
1.052560810570052929e+01
1.155272952503706207e+01
7.670091733256617417e+00
3.917995612044771647e+00
7.222281395291805239e+00
1.214715656319558512e+01
1.147665465456559630e+01
6.657052717872417702e+00
8.423303814732749473e+00
9.872437705896999205e+00
9.103588554416665701e+00
4.353407364628883336e+00
8.974779027964480349e+00
1.171266465348886321e+01
9.747841851145645720e+00
3.798115352056905980e+00
6.137860975862618140e+00
1.102021326265599122e+01
1.248571243832285305e+01
6.755090948810005713e+00
7.489293997840863248e+00
9.283869796604394153e+00
1.058005325640606031e+01
6.379884451767360076e+00
8.406318140780875581e+00
1.007349357823425251e+01
1.090864874655877870e+01
6.869877511615436028e+00
8.434321754167406482e+00
1.301404838747879111e+01
1.187827955910802658e+01
6.458297697830912121e+00
7.874249981157510625e+00
9.300419378431380224e+00
8.994850652340019792e+00
4.886381407603441751e+00
9.850878661327511665e+00
1.400168368168167099e+01
1.213289290625789540e+01
6.159476115820502251e+00
9.442058177875228608e+00
1.359031879735911197e+01
1.246840725926206161e+01
5.315956761078308723e+00
5.929124080267700769e+00
9.297583116972168327e+00
1.109960660155497436e+01
8.283828503049683434e+00
1.105031794512861332e+01
1.292837026727976024e+01
1.240314675295701718e+01
5.983338741427999707e+00
1.043768848389891701e+01
1.488290767018004601e+01
1.449539132335340952e+01
8.271804870840044899e+00
9.693557090421078826e+00
1.286956159360222429e+01
1.353216176627335976e+01
5.238151975378892544e+00
8.118456557184472899e+00
9.299222243727445658e+00
9.576539595512860714e+00
4.380983260042889071e+00
7.170870073482263685e+00
1.131363950971216248e+01
1.149681714074919192e+01
5.066453175824471522e+00
7.922694123898208929e+00
1.048512104564435532e+01
8.257679747953586613e+00
3.515822901406902457e+00
9.800048995194924117e+00
1.629140473806331357e+01
1.415864066975202995e+01
6.316444391208890785e+00
9.219007185468566234e+00
1.330346506373915538e+01
1.520440064249472556e+01
6.816092987804249326e+00
1.162620220722266673e+01
1.355655388925822358e+01
1.405365070426955754e+01
8.065218566168045555e+00
7.595720718637140045e+00
1.020221682796606721e+01
1.069912483120933366e+01
7.074888175243853716e+00
9.158977964736299882e+00
1.331057345086113664e+01
1.274858634862103024e+01
5.044192324560534679e+00
7.496717772203813190e+00
1.099154722485404179e+01
1.089772777261448766e+01
3.375640199639810657e+00
6.760938308487439485e+00
1.364332929057747812e+01
1.316639195204775170e+01
5.041105182751144831e+00
6.440533145338010357e+00
1.295062625680627555e+01
1.276153355442857418e+01
9.234527933268893207e+00
1.015304342027458340e+01
1.482832542472004533e+01
1.248423247037318617e+01
4.496212202169356686e+00
8.979740467989548947e+00
1.448426873032174633e+01
1.299397434650520644e+01
7.088353752649834583e+00
1.032453893209869911e+01
1.319816397214517600e+01
1.152337477455891701e+01
3.918858945657526793e-01
7.743254676560045624e+00
1.467523172413276278e+01
1.647354940608923357e+01
8.181132691623897557e+00
1.038935837834501541e+01
1.235195980038147745e+01
1.313813519307196209e+01
8.356488416574048728e+00
1.034339563049174515e+01
1.233451979592951808e+01
1.082766336609649471e+01
4.111645430997084461e+00
6.904502233799569844e+00
1.004752117283079471e+01
1.563819515338151511e+01
1.058792681502027122e+01
1.258864687079791267e+01
1.307084675743223379e+01
1.545858941688554467e+01
8.060273003327058206e+00
9.220850111986349518e+00
9.439824592484450605e+00
9.075337507856822583e+00
4.104151490597366170e+00
9.409412243181972002e+00
1.261850398424158115e+01
1.382832808523565937e+01
9.697319239851118766e+00
1.354955867393124436e+01
1.555519682464008469e+01
1.034706339599180680e+01
1.242045099461587254e+00
7.112601439057158359e+00
1.432817616489538004e+01
1.746597728268906380e+01
8.812646149792266570e+00
9.421557024711772144e+00
1.522215044408009810e+01
1.833119239186275706e+01
1.047958798511101364e+01
1.205382936909311198e+01
1.274200065071394050e+01
1.014516781908570309e+01
2.862952954415367568e+00
7.716158494312129967e+00
1.297305868930996553e+01
1.080806059467586877e+01
-2.941180821390890210e-01
5.725977180471632622e+00
8.252219377953258217e+00
5.493539496932571708e+00
-8.119600768359943599e-01
5.652391782909990781e+00
1.441851366248467059e+01
1.413102042945521930e+01
5.420436043277534033e+00
4.965320856604738431e+00
5.958237439415403180e+00
7.109311226086550306e+00
5.065181635991804043e+00
8.050922799856671475e+00
6.557546972153439846e+00
4.014737907069958034e+00
1.010760723537898143e+00
1.137820260329254651e+01
1.435824334339373287e+01
1.125619745936710103e+01
-1.155062208674252133e+00
2.554438741723542350e+00
7.247238246234525505e+00
6.358794778773002143e+00
1.156668081016667404e+00
7.824143365231985392e+00
1.176618084065836101e+01
8.095619632963723333e+00
-3.086226457141161728e+00
1.739306258565488816e+00
7.940222532641213249e+00
7.647649478013142321e+00
-1.475751661288130068e+00
2.405610007679908069e+00
8.030516277782005830e+00
7.022458447858876518e+00
2.419786143876891060e+00
3.975338017712650274e+00
6.443823862575158046e+00
3.968541134596664133e+00
-2.768508404848612603e+00
1.033477001372657966e+00
4.732196905809844978e+00
7.089497024667373637e+00
1.606806828052786518e+00
8.830895443415521129e+00
9.507925674380611980e+00
1.173283108113809270e+01
4.703111507417113479e+00
6.353817192190137852e+00
8.208449046576543395e+00
8.225492363485544800e+00
-1.073788192322843837e+00
3.549928823192619376e+00
6.802373279896289482e+00
9.895094271250682638e+00
4.188755754864472713e+00
1.695802500241821775e+00
-1.359032185539772453e-01
1.879992676617636915e+00
1.841408687622334783e+00
1.007446412463764673e+01
9.652527922128820492e+00
4.141750316699297052e+00
-4.328967369592294112e+00
-8.759107262637970237e+00
1.257172168004649571e+01
5.661455745043749488e+01
5.387577048939339619e+01
4.317057594163246392e+01
-7.510385245190935422e+00
-1.120680016298561910e+01
-5.960627456657518586e+00
5.414818929397890557e+00
1.054550987085474745e+01
4.608035333119034682e+00
-4.559658224131957205e+00
4.791207320199651343e-01
5.175783594485089623e+00
5.819373270433920275e+00
-1.726454065405144123e+00
4.671641448327267021e+00
7.092019707296624453e+00
5.492172306779393054e+00
7.880356309916729529e-01
5.016630811724274608e+00
1.188775355780363974e+01
9.376922721992739795e+00
-2.541388529287667009e+00
-4.029396224326278642e+00
-5.369693733759626220e+00
-2.053669643707954684e+00
-7.779633197627998653e-01
1.241249867920189409e+01
1.430912861601710695e+01
1.117415941133343260e+01
-2.562475777595578652e+00
-1.319299511015873394e+00
5.062393705674171684e+00
7.759104697368897519e+00
1.496094088912522935e+00
1.042148323883016703e+00
3.768717516679838120e+00
5.732768255028780402e+00
2.976788535539128144e+00
7.801438597247543072e+00
9.030629269815097615e+00
5.299607892146516619e+00
-2.245909603787477948e+00
7.595624827464747320e+00
1.254167593205822406e+01
1.055973809944350705e+01
5.237577296639202989e-02
2.257612862777117257e+00
7.169674232945020265e+00
6.307688242571710013e+00
-9.338710758507048904e-02
5.069713538624417204e+00
7.988751886560212512e+00
9.130265524278030398e+00
2.933161947648253998e-01
2.305883035880182952e-01
-1.401191170813747666e+00
-1.962816150096128975e+00
-8.586313694032861932e+00
4.345112670238402974e-01
7.618147133034464780e+00
9.249678462457525896e+00
-4.572125250287114362e+00
-1.828337754740783083e+00
3.619890199073275028e+00
8.888827274136430034e+00
2.840850752624016540e+00
4.382606336792050250e+00
9.229939041850137471e+00
8.952206267291629160e+00
-3.623639940791402836e+00
-1.804534644695304779e+00
3.804098520605918132e+00
5.045146614752748171e+00
-2.080403157055223051e+00
-9.894940959758532495e-01
4.051882944647032581e+00
1.221279711595430228e+01
3.366649902930593630e+00
1.630103892633743445e+00
-1.283522105106005062e+00
-1.489775893534122320e+00
-2.845147027054895084e+00
3.384301271651692478e+00
6.733764672345738944e+00
9.092165431806249032e+00
-1.772065327415840885e+00
6.723047846420466822e-01
3.227182490479373334e-01
1.535574560834558067e-01
-7.142629962911768438e+00
-6.605093083596526027e-01
8.625642623395457509e-01
7.956449796602739433e+00
2.522300415386343087e+00
7.016837523145861510e+00
7.627283753783016707e+00
7.920487499147421673e+00
-9.790425948985983506e-01
4.249910714075055829e+00
4.764047769692902001e+00
9.933097942035594485e+00
-2.950889910769363134e+00
-4.869841044180553524e+00
-1.190861754517230198e+00
2.738770529692081901e+00
2.263053117922332547e+00
6.639750039221234523e+00
1.055142299414482920e+01
8.299196555783378670e+00
-3.920104056182968311e+00
2.225735301207868222e+00
1.070189193392386962e+01
1.415235673219191526e+01
4.109834781501633394e+00
4.069315986984245903e+00
3.393729624365938946e+00
5.198375464855516936e-01
-1.237436419767238682e+01
-8.159230935982691335e+00
-3.693981628780935278e+00
5.011843035507260069e+00
7.671119953688663173e-01
7.250452490460500776e+00
9.200207468553331935e+00
6.397274204164424383e+00
-2.840563420016236407e+00
1.747512583659987184e+00
2.499112153775324696e+00
8.406037637705733090e+00
1.885221245871163243e+00
9.420318959993043251e+00
9.551911992082505520e+00
2.362652643526704122e+00
-6.156612326397289614e+00
1.673505245076946091e+00
6.071012344142357797e+00
7.401314093147388640e+00
-2.893114878547607738e+00
1.871479340801762037e+00
6.420560741053528808e+00
3.306088832290243307e+00
-8.941740899345765214e+00
-3.963719533486224300e+00
3.354399936864615572e+00
1.110779866672351446e+01
3.249006484065757316e+00
1.059481049316508106e+00
3.749911250587879774e+00
2.196510586209027061e+00
-6.676974568311307756e+00
-9.995876428008023673e-01
-3.392223350877074495e+00
-3.984497155540808744e-01
-9.200015265573247447e+00
4.125692843651393993e-01
5.448575733828475265e+00
5.762946538428463050e+00
-1.561686102421737132e+01
-1.232549288687061306e+01
-6.360944248375118626e+00
2.889550843586547124e+00
-9.878410532811229272e-01
7.367868563868121612e+00
5.611421622946764387e+00
4.573752709908786684e+00
-1.183913241918963521e+01
-2.721315342739578202e+00
2.665615791158178816e+00
5.926613687248889067e-02
-8.548443228792240944e+00
7.482177550124637921e-01
6.715203854614719248e+00
7.617211272216884765e+00
-1.139345485061944707e+01
-6.246600148835881328e+00
4.085356056662776680e+00
9.704436444342835699e+00
-1.592772100960093917e+00
1.120675105569264529e+00
6.645335671704650338e+00
1.372145669332680562e+01
-2.177857840403317535e+00
-5.034815659640337060e+00
-4.987713946888097105e+00
-4.096320121781316992e+00
-1.520391332107502080e+01
-1.190214544179341338e+01
-5.459516728342777903e+00
5.889877451137117248e+00
2.915154753787195574e+00
1.131828679478125643e+01
9.588106782375772852e+00
6.560925240123615332e+00
-4.557360742766051409e+00
-7.300792991004668941e+00
-3.903096289584839784e+00
-1.959425412132838940e+00
-1.954500829930500894e+00
9.178306699185009521e+00
5.128388800991259266e+00
-2.322848424820799895e+00
-1.603416724561459716e+01
-2.664010732524814795e+00
5.651797237007622599e+00
4.687449884290938229e+00
-1.147322587470640620e+01
-4.511697252363527255e+00
5.439609637092851280e+00
3.509364013628433643e+00
-8.899784541987578734e+00
1.678701791074468153e+00
1.472618118604299298e+01
1.269172799746035274e+01
-1.159156930197418411e+01
-1.023328465332046555e+01
2.620470382041248492e+00
5.249887998177207749e+00
-1.320334441491244881e+01
-9.764563823973734458e+00
6.340526403676421729e+00
1.640613542752808485e+01
3.275016404715374030e+00
-7.330361429473171597e+00
-5.804512469722240553e+00
-6.627989880464111305e-01
-8.875930320231240067e-01
5.754033474833491368e+00
2.899531300042391901e+00
-1.102525127561657659e+00
-1.676331139876478815e+01
-7.176284587373379154e+00
-5.425778419899810467e-01
9.806198711401776791e+00
6.885249573262922418e+00
1.306602327079185422e+01
5.040213076639302514e+00
-7.013757719576677596e-01
-8.137984092131691938e+00
3.392726009344002147e+00
8.199085235966283136e+00
5.805324742246420477e+00
-8.908795346633949563e+00
-5.727075725032859665e+00
-3.592205574999463025e+00
6.153291116940433625e+00
-8.995610148809333850e+00
-1.709170518035242736e+01
-1.248082702947707467e+01
5.182857148248341872e+00
3.404710572836338933e+00
7.956506232540113466e+00
3.834478276256747531e+00
-3.120806931596739719e+00
-1.306278021354801311e+01
4.060591848933573500e-01
5.574748528887297105e+00
-1.757427688803618882e+00
-2.881830961689992066e+01
-1.720612634265890506e+01
-4.991602485999127481e+00
-7.231582703607553064e-01
-1.875511752536293386e+01
-1.276659353482022929e+01
-2.915566656513757238e+00
9.544819220937711401e-02
-4.311499672734329103e+00
1.431136019803241943e+01
2.430450450769484050e+01
2.129731969791757962e+01
-9.999663801806702779e+00
-1.082692563946564945e+01
-1.032375137483626482e+01
-9.405573095379681448e+00
-2.567908537187514284e+01
-1.957894413145344004e+01
-2.671680622943211070e-01
2.316651814054520386e+01
1.538232661252608935e+01
5.446355635789202232e+00
-8.674150915456964483e+00
-1.325206567473581787e+00
2.899950068858990829e-02
2.132515666932505027e+01
1.344502447730164008e+01
2.096707683336191508e+00
-2.337208672244432606e+01
-1.392542780971755789e+01
-1.625059354492206953e+00
1.157808486398021142e+00
-2.181999906539774514e+01
-9.924657298098187752e+00
-5.574050500095669491e+00
-2.431107607602983833e+00
-1.897366614050620015e+01
-3.832766363175736490e+00
1.846930883799592138e+00
4.142047553822068906e+00
-1.642766078472767788e+01
-8.736367560345321692e+00
7.100564461586237108e+00
4.374789604206098304e+00
-1.222160160397553241e+01
-1.717987967560340934e+01
-1.574752792729821138e+01
-1.150573356978358497e+01
-1.556842276591682861e+01
7.940821488955491364e-03
1.442742921193964412e+00
1.914735615940323266e+00
-2.565500798805557636e+01
-1.649352633172278360e+01
-1.021442123761047505e+01
-6.184510351048174703e-01
-7.289328166299196887e+00
2.188878885090952964e-01
4.480796256488129181e+00
6.017064048620859751e+00
-1.745329403041744598e+01
-1.124881785570324944e+01
-8.586114180119222894e+00
-1.911576673812828808e+00
-1.913859985111286122e+01
-1.235126409487683397e+01
-9.092093175122572646e+00
-3.092769528872151508e+00
-2.230818105851426125e+01
-3.206523243889376484e+00
1.255658407355462103e+01
2.128291139927310383e+01
-7.698470358017701187e+00
-7.128394796445926218e+00
2.781015195543712792e+00
9.874711657436199275e+00
-2.107954567850778105e+01
-2.293806714013876658e+01
-4.917592085223735587e+00
1.560742565152348504e+01
2.565468739466967740e+00
-5.031275247393601546e+00
-3.420345142357643198e+00
1.627774089642034383e+01
8.646843103823679266e-01
7.606066259041317501e-01
-1.757512200357032128e+01
-1.459677954583528603e+01
-1.767346455342811495e+01
-3.333365519782924391e+00
9.676725328669043336e+00
3.595711963585399129e+00
-1.155798196306810866e+01
-1.615812522002071372e+00
8.642538094674893756e+00
1.911262712782298223e+01
-1.978755068661341987e+00
-5.245765685713316806e+00
-1.322186932493111478e+01
-1.374304038408818585e+01
-1.856156632674602847e+01
1.633908589557161450e+00
8.934963323330864071e+00
8.347538790879678317e+00
-1.995335406055534122e+01
-6.044026612183773572e+00
1.373459701026224167e+00
4.825379516999086960e+00
-1.617481508504786447e+01
-1.008006951192312783e+01
4.080237320069062257e+00
1.833514008037933252e+01
-5.023973951845986718e+00
-1.234298286023944691e+01
-1.625328001821765866e+01
-1.000254767863956218e+01
-2.395438804863760751e+01
-1.734993507815088876e+01
2.586550671622068087e+00
2.737959429520142507e+01
4.358595434507662070e+00
-1.516482902683013734e+01
-2.795658072118559545e+01
-1.376167695223598209e+01
-9.125453264793552677e+00
1.075688643586627258e+01
2.236958526750300269e+00
-1.042646157912280991e+01
-2.714399470158563332e+01
4.048450312843360877e+00
2.049398859200487522e+01
1.763362184779915154e+01
-2.450449897928439569e+01
-2.062783822362097297e+01
-4.566679398154167124e+00
1.193504616016968889e+00
-1.463514888320919383e+01
-9.572181216392632308e+00
-4.360830055655216420e+00
-1.246010074236220816e-01
-2.869227858139312559e+01
-2.191046737007932776e+01
3.323107833754821439e+00
1.235018380176254560e+01
-3.631285062459090884e+00
-4.034541888832088752e+00
3.850532810560560737e+00
1.180310270610608470e+01
-6.640353741342765126e+00
-1.053372544349423734e+00
4.536582537763359291e+00
-1.437240838938574683e+00
-2.051305345382820633e+01
7.977026526168465859e-01
7.108921475195807638e+00
8.446241297941135429e+00
-2.956903345997581667e+01
-1.972756852421128926e+01
-6.948815811536336540e+00
8.874006906867389688e+00
-1.121770568307948679e+01
2.301848228365399596e+00
-6.453306314715635317e+00
4.091567365787622812e+00
-1.740321672983953505e+01
-2.912533135325639932e+01
-1.858736794688524796e+01
1.254105045992536560e+01
5.375460362447863183e+00
6.758722278910223480e+00
-1.743188638884440422e+01
-5.327411502481457894e+00
-8.449460862072719181e+00
-1.449603153546331136e+01
-5.073494040072763944e+00
1.595097801634040025e+01
1.241296373430113320e+01
-3.738306002255596727e+00
-3.358593264606914630e+01
-3.377854709609813000e+01
-2.257490380127010354e+01
1.021069214496699651e+01
1.632672689029621438e+01
2.156740465224522652e+01
-6.356085079911822255e+00
8.272006606687617447e-01
-1.247392123623277227e+00
9.943471796964116649e+00
-3.025748287058825259e+00
-7.428759529515263971e+00
-1.309414230748582142e+01
-1.636040407362651905e+01
-2.668716420550017787e+01
-1.274543817226032338e+01
-9.294771936541446067e+00
5.258804616076636407e+00
-1.341889569469566901e+01
-5.785429254144682787e+00
-1.407802709911591066e+01
-3.672744853374755314e-01
-7.729315950279333158e+00
6.601103400182407377e+00
1.216003454948358886e+01
7.737544729798244703e+00
-5.303096108874499670e+00
9.820818164744541390e-01
-8.004838965001352946e+00
-7.791703190743337615e+00
-2.656944407667712937e+01
-1.367886018641577017e+01
-8.295887617792361723e+00
1.746115919675823580e+00
-9.952326646417388289e+00
6.566506829511037147e+00
2.829302663591961586e+00
-1.120647887676825327e+01
-3.421185071349744788e+01
-2.481237684139474453e+01
-2.228555630289557055e+00
1.550530370778163025e+01
-1.768468699689159429e+00
1.104522309471949271e+01
-2.634441799303258058e+00
-7.559410658785273185e+00
-3.800423178991238160e+01
-1.569720117663334591e+01
1.633494374408667849e+00
1.262775805555662956e+01
-1.451030381284728854e+01
-1.611966006072329094e+01
-2.055724811793991691e+01
-1.120461210795734353e+01
-1.653272949292156824e+01
1.749358155667167836e+01
1.611918173132621845e+01
2.443304149624341193e+01
-1.384720240246115175e+01
-8.776827716733034634e+00
-1.031428281775622402e+01
4.798713141367113799e+00
-6.578470930693299579e+00
-1.168017220321015515e+01
-6.614649536709730882e+00
7.546865449821862804e+00
6.568407764815482608e+00
2.370574525398262633e+00
-1.386904173566074050e+01
-1.030619600118098589e+01
-2.672311541584526751e+01
-5.493945387208261089e+00
2.793043971037103002e-01
-2.321330504344225609e+00
-3.252278813349647635e+01
-1.767871279700361598e+01
-4.317585590582562749e-01
1.664914337104463016e+01
-1.756746758393929753e+01
-1.887726102319049915e+01
-1.077293430116023387e+01
9.974452352591596238e+00
-1.464505498915831794e+01
-1.290504391830996944e+01
-2.612183181614429017e+01
-3.755959638490625974e+00
-1.480899768263922311e+01
1.165080941442116602e+00
-8.789764274311362868e+00
-4.606117021210990536e+00
-3.137249939607959348e+01
-1.511363578379966022e+01
6.511440494372494392e+00
2.750674248292131807e+01
1.258071699894399487e+01
1.658749486449344346e+01
3.013677590396747519e+01
1.577878626218731206e+01
-2.448604710281808750e+01
-2.488014010281022692e+01
2.990036406922102152e+00
1.694250765313883988e+01
-1.901725224149379656e+01
-3.063729006420134127e+01
-3.385341526085390740e+01
-2.603576886902845189e+01
-3.496882694109047662e+01
-1.432148905304760156e+01
-3.073034870653209349e+00
1.040664541569513446e+01
1.240938683999726244e+01
3.294552961892176057e+01
1.293601355415024834e+01
-3.254400482773242231e+01
-7.365607810370710240e+01
-4.914372363691560963e+01
-3.967964439377579922e+00
4.655151929849790093e+01
9.140311984663219036e+00
1.121172760522230938e+01
-7.668105964324105628e+00
1.009389692774917080e+01
-1.489821150987517662e+01
-2.439827324977736467e+01
-1.963855023649799136e+01
-7.118652552154319579e+00
-1.891101502221728836e+01
-4.709923135128887495e+00
4.551777743866296966e+00
3.703199172480927892e+00
-4.939899600058180340e+01
-4.979831862638057771e+01
-3.570219478962356874e+01
-3.526320457765519478e+01
-3.961562594604443177e+01
-9.979474741682155425e+00
1.596899196036628510e+01
2.821343796477169619e+01
-5.070806154838034274e+01
-1.913480109876412882e+01
4.297991512386582968e+01
7.254424560977990666e+01
5.906200601192009714e+01
-1.023940691317763196e+01
-1.973897191497828274e+01
-3.149478834456088894e+00
-2.517465641167214940e+01
-1.975266651635070048e+01
-1.934609837926088005e+01
2.379548667046658039e+01
-4.804486907200660184e+00
1.862321644609343796e-01
-2.892169930070231487e+01
-1.957201509381702209e+01
-2.349352863959363802e+01
1.270950586845925601e-01
1.589199039702407390e+01
-5.610196828666254909e+00
-4.024595304843769128e+01
-1.123608673206923037e+00
2.343620747333546817e+01
2.331405352376936335e+01
-4.257040695548197817e+01
-4.002170465318160097e+01
6.617632389543716798e+00
3.765999387132140441e+01
-1.547571346368225420e+01
-3.461229040583067018e+01
-4.515622384631472386e+01
1.179917787996241785e+01
-1.582635692603476052e+01
-1.876539380676630486e+01
-3.339232140868478638e+01
2.291269852011423680e+01
1.282138444682981238e+01
2.417165752093534348e+00
-5.280770016876905260e+01
-4.641347625131145804e+01
-4.882697620636948699e+01
3.831867314146427894e+00
-6.052203463770259084e+00
-3.381784023051202848e+00
-6.067246432695999658e+01
-3.528300893485081957e+01
-8.857929596362643210e+00
3.217156544937755314e+01
8.000632498642268331e+00
-1.340614984907098162e+01
-4.856381948324678177e+00
1.951532870842920886e+01
-2.046949033448884592e+01
-3.453013882752690478e+01
-4.402838623034971732e+01
-2.245133664009470920e+01
-3.216542486035443460e+01
-1.190612331577804639e+01
-1.694217927456659112e+01
-5.044855395313532220e+00
-5.164584013943611041e+01
-2.911181948520729179e+01
1.003543941386294591e+01
2.262649018478953877e+01
-2.811016828701113468e+01
-5.211475551791715333e+01
-7.499062901616960630e+01
-4.784667935109184356e+01
-3.669539650836657785e+01
4.881907675377193812e+01
4.932334653682154624e+01
2.827365995556586498e+01
-5.317260987204149103e+01
-5.558327956233135581e+01
-5.104081657239633074e+01
-6.656146339533390410e+00
-1.109706705445469410e+01
3.015890700544624536e+01
1.986999405669776664e+01
-8.398225350789315868e+00
-4.361932209658509407e+01
-9.991075608899462779e+00
1.684691789483365199e+01
1.790698293076215464e+01
-1.361009141407166467e+01
1.273850710364403760e+01
-7.769522362474579502e+00
-1.726640523830820939e+01
-4.698209695848088074e+01
1.985269709347360134e+01
4.217128045417851467e+01
2.349074690555837108e+01
-3.062315589760565615e+01
-1.539678231791578256e+01
3.153838169075175557e+00
4.511735389158860698e+01
-7.128669935886782660e+00
-2.604623924680886660e+01
-7.926578806501169083e+01
-3.966271703521514524e+01
-5.970276016701402000e+01
-1.257918264518727725e+01
-1.282261849782637242e+00
4.460535441099424503e+01
-8.292361719472028270e+00
-2.735678122035318438e+01
-2.997214542123451153e+01
3.199099515348030831e+00
-5.883690944878112283e+00
2.436077048779546317e+01
5.351348263979351039e+00
2.136279793481441658e+01
3.039105033291495950e+00
7.104730727131062906e+00
-1.315193036820541828e+01
-3.041859520671738792e+01
-2.889280923395944711e+01
1.468837458125885398e+01
5.907701948613889087e+00
-2.884887553954900596e+01
-7.656599962721539043e+01
-6.630312474912737741e+01
-6.312983669471760351e+01
-1.567719957466048619e+01
-1.996103762116978331e+01
4.769134870116781499e+00
6.118568704536289538e+00
1.789137607456840584e+00
-5.166933762745212277e+01
-1.537360433017953376e+01
-3.886032477186006417e+01
-6.877187765280245557e+00
-5.064851892181346216e+01
2.503199824677625074e+01
2.947283685680006826e+01
1.467798837908230780e+01
-4.846981255501611230e+01
-3.283788733900551193e+01
-3.198544335162800678e+01
-2.759929804531324038e+01
-1.049264642139496218e+01
9.554307252190463728e+00
-3.111097531557785700e+01
-3.834444225616479685e+01
-6.837136836257788275e+01
2.848752683387722334e-02
8.133903699470238280e+00
-1.048163938679371654e+01
-4.351347570116968910e+01
-5.300392524863513977e+00
7.984110254474162893e+00
6.044860898915371905e+01
-1.711258916356189630e+01
-3.771772980234749895e+01
-3.265030549716441755e+01
-2.639042069553573810e+01
-6.089289422826904996e+01
-1.465673112559328217e+01
4.002043694742798152e+01
6.196867468849360705e+01
-8.138930084590644753e+01
-9.739448292376962968e+01
-3.206980004018571151e+01
1.146810092086524833e+02
1.972125989943160462e+01
-2.298481853205547054e+01
-4.490980408518773004e+00
9.234896169506508556e+01
9.240463318505045720e+01
6.995906359696614629e+01
-1.536142170334445467e+01
-4.602231808419794135e+01
-8.612844115576632475e+01
-4.830880927459428165e+01
-4.507906271559384948e+01
-2.894994238784658891e-01
-7.505471390962897260e+01
-3.643956700908363899e+01
-3.120513015984970195e+01
-9.797883349907639428e+00
1.310821949767020200e+01
9.429077630995605475e+00
-7.288113773875051038e+01
-7.704738957124739329e+01
-1.072882570852802786e+02
3.454329193161466804e+01
8.711410249471717293e+01
5.237341111020681694e+01
-5.130757191047538157e+01
-2.522492155122725777e+01
-9.200882842356724822e+00
9.927621941717839960e+00
-1.065039486126973713e+02
-8.088724141126841971e+01
-8.715806515481210326e-01
9.524544999712975368e+01
-2.841866601899025824e+01
-1.841326009897906246e+01
-1.013344290071133571e+02
1.761450925016528402e+01
3.001222531526017434e+01
2.426050839423861660e+01
6.643885919702420040e+01
1.877476894307199728e+01
-3.087786371805507812e+01
-4.534893778241661977e+01
-6.170190560721668049e+01
1.727530718529685316e+01
-4.495424480914162046e+01
-9.075322235962467232e+01
-1.082239290799804223e+02
-6.348736329204979967e+01
-5.075137688165037275e+01
3.478517428933198818e+00
-2.441280222403809219e+01
-1.331064219458760078e+01
-1.617902806398221855e+02
-1.554577315405897764e+02
-1.793022759032405418e+02
-8.941582980627305233e+01
-9.172073063579874486e+01
-1.022299356227042892e+02
-1.161724796932484907e+02
9.040234626247451999e+00
9.941206233913476353e+01
2.105409024890497847e+02
-3.485935295463658434e+01
-1.595743338008415151e+02
-2.700361599050983159e+02
-2.502131669538134595e+00
5.043952103247880103e+01
7.926580248735979772e+00
-1.221314585116903260e+02
-6.866098551980681464e+01
4.938377028453186934e-01
4.605187046172400045e+01
-8.007965208135436797e+01
-6.866091911270565618e+01
4.324975199261178460e+00
1.069377670504584188e+02
1.311154119531300033e+01
-6.161129930326490722e+01
-1.073433815063927739e+02
-7.569698796798186891e+01
-5.417846321623383687e+01
4.850259879547909492e+01
8.913288202760924150e+00
-3.596642952657394687e+01
-2.455832930188535954e+02
-2.128500980984729551e+02
-1.171907433380082324e+02
1.998122175471432271e+01
-2.923060453503277500e+01
-3.239001587314147201e+01
-1.822798800007605564e+02
-1.607697695463018306e+02
-1.886351432578640868e+02
-8.874524025157498386e+01
-5.082998947427215342e+01
3.038963480123026528e+01
-3.896064973457290392e+01
6.751278786791772291e+01
-6.199170648447526588e+01
-1.060309592514245765e+02
-1.968946333053889646e+02
-9.384793660483768463e+01
-9.446022448245698921e-01
2.769677760358043273e+01
-7.364588720658485954e+01
2.409326806167684509e+01
5.746984572230046950e+01
4.170030445045002665e+01
-1.510502337540901863e+02
-1.319676597140142178e+02
-2.339043360504144431e+01
5.626629084130318859e+01
7.840289485629014621e+00
3.297607061571878972e+01
8.004129545205638863e+01
6.041207408019297276e+01
-9.179267803752559018e+01
-1.084053006080369528e+02
-8.929636578042340034e+01
-9.304773717230710872e+01
-1.744413261150180574e+02
-5.648920056100981668e+01
-8.966094606655629207e+01
1.044929593267888777e+02
-3.169022770657140597e+01
-3.418432434671075271e+01
-2.240358980190686111e+02
-2.570474760767039584e+02
-2.944984849085898304e+02
-6.417689946108916388e+01
-1.474678006744105296e+01
1.820120905522286137e+01
-1.894063318260917583e+02
-1.978036301063029896e+02
-1.734242020142899037e+02
-1.036596748220866431e+02
-3.040725774863207107e+02
-2.521927537635830845e+02
-1.406791604104658688e+02
1.467408393932602451e+02
-2.899303166752779930e+02
-3.565598872672773041e+02
-1.702950085347416689e+02
1.918845520853519702e+02
5.055062186216016329e+01
-2.307542620727423639e+02
-3.517684779498243302e+02
-9.980590655597053740e+01
-5.670518471236118785e+01
-4.321427936757872601e+01
-9.736005520076106734e+01
-1.177862573837930427e+02
-1.556683316519431344e+02
-6.075779204301613845e+01
3.138788211638090075e+01
1.024140848316547903e+02
-6.114498237092793431e+01
-1.128810710453743553e+02
-1.202588429477322478e+02
3.519689727223354936e+01
-3.587477588138214912e+01
-3.932519116999024078e+01
-1.490386736529807479e+02
-1.513649507384663373e+01
-1.714053134838669905e+02
-3.996401198153326959e+02
-4.252576771522061563e+02
-1.900478727224107161e+02
7.755588095628650080e+01
3.396584798373518197e+02
1.141409848409719956e+02
-5.974838984060966141e+00
-2.763986585249436985e+02
-1.643843729951843216e+02
-1.571853364324322513e+02
-1.115939520405013639e+02
-1.244947055785260837e+01
6.903826388122931235e+01
-6.919328481963627553e+01
-2.433275070565614158e+02
-2.214665926226228123e+02
-5.827196978598248478e+01
-8.503383207955655942e-02
-7.914706529500945464e+01
-2.156300451924572599e+02
-2.139559245601222699e+02
-2.353544940116777582e+02
-1.204182428283881876e+02
-5.843725242155579025e+01
-9.036417105761699986e+01
-3.249078006149255202e+02
-2.891626549410543703e+02
-3.808580333489165355e+02
9.061392373142369649e+01
3.561804471058148636e+01
1.262417374011984066e+02
-1.246009816562369679e+02
-1.536960587027658107e+02
-1.984118710810332971e+02
-1.080779312227017783e+02
-4.796261698730580747e+01
2.959499939404647839e-01
-1.356117233159801003e+02
-1.592054878268054949e+02
-2.439264678769190482e+02
-3.172916543409169066e+01
-5.721623628413480844e+01
3.173931246113275861e+01
5.328719121405104175e+01
2.467322432810018427e+02
1.238551074782510995e+02
1.297104877668713527e+02
-5.902773973313973102e+02
-5.121666134885653037e+02
-9.235884736629093368e+02
-3.068610959534201470e+02
-2.252630039481127255e+02
-3.719238671397573626e+02
-7.371766190637488307e+02
-1.526400714637199769e+02
-2.245212057533924366e+01
-1.656469400022075149e+02
-3.236099003611645344e+02
-3.900322890953261776e+02
-3.880311530451763247e+02
-1.940023193759653566e+02
-6.117994608009138346e+02
-8.697507821771418435e+01
-1.912392169394584869e+02
8.217302671796295144e+00
-1.691545653972018215e+02
-2.468889183821596873e+02
-3.753657739370148647e+02
-2.048516528179906118e+02
-2.749008994633472298e+02
-1.704674330653122354e+02
-5.021284884896829794e+02
-5.418421603330422158e+02
-3.438084546303155093e+02
3.005625023320579317e+02
2.121340544868767211e+02
-5.080115210357825504e+02
-1.800416807501936773e+03
-9.420010389070689598e+02
-3.926779982898442540e+02
2.700845479786083274e+02
-6.913688466399641186e+01
-2.704299766943729537e+02
-4.342938534498229615e+02
-3.715974705604469932e+02
-1.409054297735922603e+02
3.017143977439035041e+01
-2.321670804252536868e+02
-1.802280983819655944e+02
-2.734966855368443817e+02
9.051782591380590759e+01
1.925536068015205444e+02
1.091672877620027862e+02
-4.049834403680985133e+02
-7.274188777895497537e+01
6.141612726036527192e+01
-4.358121952848380829e+02
-2.682799050237889332e+03
-5.433080221481126500e+03
9.907966190995996385e+02
-4.306127841709717075e+01
1.080421759944907535e+03
5.306760168302844249e+02
9.242172601330003090e+02
1.650920329158879269e+02
-3.169100858868750379e+02
1.000284497861252397e+01
8.840913971626453360e+01
1.250518503315004466e+02
-1.892904931244540592e+02
5.383618144238688075e+01
-1.143698312134208948e+02
-3.107604509011808318e+02
-5.914074538600457345e+02
-2.569625998690186179e+02
-2.672709308601095017e+02
3.199204686082018156e+02
4.805323983169705571e+02
4.812902352978982776e+02
-1.490524598778953873e+02
-8.198179795110224859e+02
-1.296407520464960271e+03
2.664844518876130337e+02
1.883503409585493955e+02
-1.352165575990171362e+02
-1.456173765839805583e+03
-4.882983741104301885e+02
-4.768036883734982894e+02
-4.818108595471845206e+02
-8.078911321424171774e+02
-1.086211170617219324e+02
-3.188264508164492099e+02
-3.202857795610715357e+02
-5.263077023746661780e+02
-1.133947894088123576e+02
-2.247218690140270212e+02
-3.253521093448769079e+02
-3.184571245786245299e+02
2.658406643882229048e+01
-7.653195271008004283e+02
-1.859683850144257349e+03
-3.055022948116803946e+03
1.077265902153118986e+03
-4.146134903291526825e+03
-2.014927916762035693e+03
-9.947956761656929530e+02
-1.558594055551598387e+02
1.224526215088403092e+02
-2.457643915823443024e+02
-2.770223090601079434e+02
-7.742125671683486132e+01
7.042345155520595767e+01
2.229992196069659371e+02
-5.914088104702611872e+02
-3.286302113374096052e+02
-4.771209068341561732e+01
4.910169714059222201e+02
4.176953651708253119e+02
5.182765269398196324e+02
2.059198831627736226e+01
-1.756718665723754214e+01
-3.797342683496935933e+02
-3.636288536062302228e+02
-4.555770173151357199e+02
-8.142869986488519771e+02
-1.109339199266626565e+03
-3.553146900004947639e+01
-5.239991284092620845e+02
-8.005586722767626497e+02
2.454173541787149588e+03
1.125117344554542069e+04
-8.676190026330856426e+02
-9.881129139672561905e+02
-8.832966628198078070e+02
1.179762801112126681e+03
7.519982999702526740e+02
3.949190012464750055e+01
-6.853534054493018175e+02
-2.532738736930938046e+02
2.815246962604950909e+02
1.596607065019787512e+02
-6.350788035832733840e+02
-4.409652635788669386e+02
-3.122462609567883192e+02
2.117980309493208892e+02
-6.063778149554779020e+02
-7.557761187986217237e+02
-6.508694225308486239e+02
-6.876362577724412972e+01
-1.922321002857863732e+02
2.897509828413220134e+02
1.365350711549701828e+02
6.561823075146993460e+02
6.252031096658448632e+02
9.314859907442381655e+02
-5.393053930845660489e+02
8.506116455629062330e+03
-6.941945537809866437e+03
-6.688287689772188969e+03
-4.818465382061573109e+03
2.215981299672739624e+03
-1.628772624056682844e+03
-6.823954938535028987e+02
1.928477543240298644e+02
5.930382555039393537e+02
-7.269870462032470471e+01
-3.038167155626268254e+02
-8.800309089395549336e+02
-6.464775262138475682e+02
-6.844629769482497750e+02
2.290994775051100589e+02
-2.005459338209481643e+02
5.032041099393734562e+00
-4.622314021894578104e+02
3.783762705514416211e+02
-3.099074992619967475e+02
-6.025963269317794584e+02
-8.381243000866392094e+02
-2.752165062160449338e+02
1.146878064043164613e+02
-2.547229308056589048e+01
-7.040901355773712567e+02
-9.797909540339849173e+02
-1.789081992977312893e+03
-4.101631826175222159e+03
4.220670406732115225e+03
2.549441327723237464e+03
-2.316067040673211159e+04
