2.392921926133709007e+02
-4.133003999792214245e+02
1.139292192613371071e+03
5.398584758264418269e+03
3.664705509465142654e+02
7.694238610980953672e+04
8.982914384781453919e+03
-8.195802550747612258e+02
5.426323475445981330e+02
7.602379548888704448e+03
-4.200603156388400748e+03
3.771254152210645316e+03
3.951662011228047078e+01
-4.261018205681434665e+03
-4.391699879927790789e+03
2.948188919542282747e+03
2.106455119213085709e+04
1.446378510479909210e+03
1.009648752186490810e+03
-9.226723253371256988e+02
6.337562000797302062e+02
2.237595303730650812e+03
2.754680669429330010e+03
-1.525498000103900495e+03
-3.885360315233397614e+03
-5.722067802852992827e+03
-6.337954504293823447e+03
4.415631362258754052e+03
-9.584670172361322216e+01
-1.238978567671834026e+04
8.308986304547363034e+03
-7.667407667134193616e+03
2.612273218229918348e+04
7.208365617552403819e+03
6.064975222066384049e+03
-6.771832597644922771e+02
7.054732221702756760e+02
2.327881830986161731e+03
1.355548373545792856e+03
-4.895291190810131070e+02
1.614075719082818523e+02
1.330044768989975637e+03
8.913564995639300150e+02
-3.928452585717130887e+02
5.038938856344215900e+00
9.287767047351891279e+02
1.108354287988073793e+03
-2.695843258606398507e+01
1.315028777725829968e+03
3.176393885806086473e+03
4.958096135039458204e+03
-4.516014849574462460e+03
-2.138874744533303485e+01
2.379957744675666163e+03
1.394685851817218690e+03
-1.874446793343688569e+02
3.044204535138131291e+02
6.413470944685452650e+02
3.273808012243733288e+02
-7.862922738841537011e+02
4.240132741851812881e+00
1.426866076887112285e+03
1.246544260828910410e+03
-1.046312391631671971e+03
1.459900888265534888e+02
1.674265507979748918e+03
9.364010555617480804e+02
-7.237538534273916184e+02
3.422790443415170216e+02
1.917078904805450520e+03
1.322167333298702260e+03
-5.872778693956774987e+02
4.663802507348395352e+02
2.132067193779289028e+03
8.953543265261484976e+02
-4.427668745540961481e+02
1.817043165161859690e+02
1.217575204391461739e+03
6.293209699134172297e+02
-7.201360064863850994e+02
7.252409933331859975e+02
5.350437454083868033e+03
4.948628888724609169e+03
-2.010138010323308436e+03
5.978209443665264189e+02
3.638418967574535600e+03
2.186930633215395574e+03
-1.060246692313356078e+02
5.935771388499290424e+02
1.470675841785528064e+03
8.964171379888205138e+02
-6.419634637703553608e+02
1.575161874707802667e+02
1.080984892055756518e+03
6.792741279417364240e+02
-1.724863402463484192e+02
7.315540849345708239e+02
2.068145770315471509e+03
1.506036656012660842e+03
-1.176727316943285132e+03
9.201923285312992107e+01
1.296566914718012868e+03
8.170671371842154258e+02
-4.771827333645008480e+02
5.489504967736785801e+01
6.967673762390905949e+02
3.845822878624059058e+02
-7.880166136516555753e+02
1.067770297175340204e+02
1.728246888844363639e+03
1.566698445750430665e+03
-6.248880426629130852e+03
1.685875302817591364e+04
-3.487957135343072150e+04
2.284113870917315580e+04
-1.020537166900419379e+03
1.452047308343407849e+03
4.271585273244699238e+03
1.233134451856732994e+03
-6.837213039116882101e+02
4.079318828744087000e+02
1.621404538425575311e+03
1.351514033620972896e+03
-4.255529286048223412e+02
3.189738755484943908e+02
9.686226981798199631e+02
4.667870208041122737e+02
-7.555101720731742034e+02
4.067982606472338603e+02
1.766615315282909023e+03
1.200771708195151859e+03
-1.076958460503983133e+03
-3.827808980568856327e+02
1.237203849265555164e+03
9.869883202700228821e+02
-5.528576850872799469e+02
-1.516745491397179180e+01
8.874090193669578639e+02
6.726230130902296196e+02
-5.891262917244953314e+02
1.605040877768719554e+02
1.993299780482803953e+03
1.927130342153553784e+03
1.206096231179306102e+02
2.763754758565417902e+01
8.075222943385541612e+02
9.158722608773825868e+02
-1.576593246329430542e+02
7.937525144983405312e+01
5.387722383494394762e+02
4.597743645089183815e+02
-1.020537159565450196e+02
4.117862625177697851e+02
9.020234381355289770e+02
7.923017502143993624e+02
-2.469312027012240662e+02
3.205813535070182070e+02
1.591512683645193420e+03
1.910244107038760148e+03
6.056990569488562670e+01
5.219183639461890607e+02
1.044474920806366526e+03
6.715106464363129817e+02
-2.729497504109576198e+02
2.027697784305331936e+02
6.319374370162576042e+02
4.986196468836656663e+02
-3.616003566108924474e+02
1.805993115893748211e+02
8.613694156235841319e+02
6.253865749931641176e+02
-4.696525204366742514e+02
-2.518456659487066531e+02
7.884417547935601078e+02
1.180016872933700824e+03
-3.351778827731214250e+01
2.346055655016442643e+02
8.865283913880142563e+02
1.064127840446390110e+03
-2.719790029211401929e+02
4.534186361667511278e+02
1.347961631372879310e+03
6.277719613614370928e+02
-8.438437751437330689e+02
1.614138260463021197e+02
1.170459322777342777e+03
7.085290856875690224e+02
-5.070596852111583530e+02
4.570272690723603546e+02
1.672347239957277225e+03
1.484128748202441557e+03
-3.582652005207183947e+02
4.063130098712785525e+02
3.772794433691427457e+03
5.662660544081654734e+03
-3.936019167835468124e+02
1.546565733743648025e+03
1.756603235859353390e+03
1.255487237837937073e+03
-4.584279049707266154e+02
4.465181022565622584e+02
9.802578306326689699e+02
8.970579300806012952e+02
-2.471921458625544687e+02
2.452319032302287098e+02
8.295424937578375193e+02
5.819348888605528600e+02
-3.389620244413138153e+02
7.582862575454566922e+02
1.753525899953244789e+03
1.109323516185067774e+03
-1.160110248045302797e+03
2.031040317015053631e+02
1.376600498258518201e+03
4.505838992515051018e+02
-1.159049946508302128e+03
-2.803721431673119469e+02
1.210352950367239828e+03
1.318003504499306018e+03
9.370349586781145490e+01
1.023282261159620958e+02
7.836607724521738874e+02
8.961853504196756148e+02
-1.448409689274832033e+02
3.472135353277791978e+02
1.223131929112075341e+03
1.452071774159285951e+03
2.000921306445222214e+01
5.187492073810512920e+02
1.017698189470869011e+03
1.140069306252127944e+03
1.027638971705957118e+02
5.438608274236382840e+02
7.560125409688971558e+02
4.178142932537129468e+02
-6.931696890082833988e+02
6.103120971283609606e+02
1.031016750706131688e+03
7.527862661624910743e+02
-5.221921458625530477e+02
3.776303482254746768e+02
1.204874516704315056e+03
6.860473866292651337e+02
-1.393141319498538223e+03
-1.517718240956599232e+02
1.453517941032696172e+03
7.711447575332550741e+02
-1.056809807247899926e+03
-1.955468468792453507e+02
8.847108382790884207e+02
7.893661406661699402e+02
-4.551307295660926684e+02
3.266845287033902423e+02
1.229305929327072590e+03
8.876726236257508162e+02
-3.169987565751018792e+02
2.735970484746646321e+02
8.723261142911654815e+02
5.698250075067333000e+02
-3.558563943526475555e+02
6.860522023235223799e+01
9.100380807181554701e+02
9.061242365289774625e+02
-3.093623887903372349e+01
5.349708809189856993e+02
1.613101021402711467e+03
1.163927282109166981e+03
-1.016307433380084149e+03
-2.496569474176340009e+02
1.097675504753314726e+03
8.706072313050307230e+02
-2.578343299607271319e+02
5.280920504436853662e+02
9.918677854886534533e+02
5.139416528057106461e+02
-5.631183875750828065e+02
-7.009622821628980205e+01
6.286641203454017841e+02
3.375888888588614805e+02
-9.379021139830629181e+02
2.857712509968930021e+02
1.987943627891352662e+03
2.009903444263189385e+03
-7.398013948591664075e+02
-2.767403165460417540e+02
6.237559094621011582e+02
9.765060221623142525e+02
1.780742796103040178e+02
3.782805248027999596e+02
4.661996863454718891e+02
4.953020897512522538e+02
-2.012611809575603843e+02
3.494045384255759359e+02
9.290962028369267500e+02
4.295997649747336027e+02
-1.409896820735342772e+03
1.612641697244437410e+03
4.123980816819505890e+03
1.594201319131205764e+03
-3.396216909540885354e+02
2.431349892171481599e+02
9.343704572043826602e+02
4.671588959629835358e+02
-6.578527367419527536e+02
1.109529461599040587e+02
2.006665741801269178e+03
2.501836556831032794e+03
-1.149470970824376309e+03
7.764931001677273343e+02
2.439426641355086304e+03
1.791604374497413573e+03
3.281731722575624985e+02
1.215430771880612383e+03
1.482631514503894778e+03
3.937167450430372355e+02
-1.286285952147887201e+03
5.138536734924850862e+02
2.075873607788135814e+03
2.832475810544528485e+03
-1.219823916149327033e+03
-3.269589974894003603e+02
4.956296060181040843e+02
2.264130691005474887e+02
-8.868539807933029806e+02
-2.071124430518241297e+02
6.497126666383323936e+02
5.337126666383304610e+02
-3.690129848492154565e+02
3.856459271780244080e+01
5.910282063269429500e+02
5.676136115266305069e+02
-3.050625617680523760e+02
-2.044881251291486279e+01
5.371590693912613688e+02
5.425733090287429832e+02
-2.058592888583068259e+02
-1.068373937284666368e+02
7.802669228180299115e+02
9.397780951949944210e+02
-7.479973408400270785e+01
4.604049019133718161e+02
8.012558847351899658e+02
4.001418969555547847e+02
-2.210872642652190336e+02
3.656656997943129568e+02
6.888328579458031982e+02
3.386011937767053155e+02
-5.262687398204775491e+02
9.511117306621756029e+01
1.010473269917190350e+03
8.184914141169839468e+02
-2.189485741000465850e+02
1.609570516376896592e+02
1.016439488857721130e+03
9.656137380618425823e+02
-6.298427749659498431e+02
-3.201261097446084705e+02
3.129785438350429558e+02
6.010992403435941469e+02
-7.920292174572774968e+01
4.655237830298388957e+01
4.862646203594826488e+02
3.111872815438500197e+02
-6.457924468183997533e+02
-1.852261671335988353e+02
6.416468148983427682e+02
6.514301794512150536e+02
-3.129732547712079622e+02
4.402149767342033329e+02
8.661852611649590017e+02
5.418244537423094016e+02
-5.202423771390700722e+02
-4.558110016749355964e+02
4.388556352858894343e+02
8.446787123956413552e+02
1.987833737090402906e+02
4.738034468234804422e+02
3.523054508433718865e+02
5.138848380550660977e+01
-7.825219091334103041e+02
3.710831099714741868e+02
1.672157974969821453e+03
9.135058088272063515e+02
-1.148599959798820237e+03
3.191043572620138846e+01
1.141859233286579638e+03
1.121144757533255188e+03
-1.885213678287517425e+01
4.010032215340214634e+02
1.006253563023848983e+03
5.627105431752456752e+02
-6.685706474811756834e+02
-2.026799954595928455e+02
6.582227272310676653e+02
1.362480889544081037e+03
-1.637385573602364047e+03
-1.370033436071502706e+02
1.854854791039950442e+03
6.167022435255242954e+02
-1.136284920700382145e+03
6.159785740021166021e+02
9.176069024465147095e+02
2.970802137725463012e+02
-6.929052832498688304e+02
-2.286179473930276629e+02
5.324041810717791350e+02
4.350251618351723550e+02
-3.292266805590782042e+02
2.865623950270960449e+02
6.078449209580511479e+02
1.727198726684914902e+02
-7.572707289090591303e+02
7.961664329125774486e+01
7.685805879153884916e+02
7.225571845027297968e+02
-1.214008846481598347e+01
4.559856817135596430e+02
1.275492939760689524e+03
1.423789102435621999e+03
-2.566582575909427305e+03
-2.415005260619620628e+02
1.230363403154428624e+03
1.318409254594402000e+03
-7.449850757003745230e+02
6.080543859125560857e+02
7.709245641887174543e+02
2.350629765053138840e+02
-7.025240247259885109e+02
1.193078541374475776e+02
9.165629121691883938e+02
1.065912034921273062e+03
-5.735705419179902265e+02
-1.531658247762184146e+02
5.058974390168325499e+02
9.272139008464290555e+02
-8.074004420077393434e+02
-1.458307620383428400e+02
3.818426122102432032e+02
3.328992356092286968e+02
-4.672048877764112262e+02
1.335076541283106735e+03
1.951657374941561329e+03
1.085608428504636777e+03
-7.855504772499961064e+02
-2.488869661559922122e+02
5.148070284340655007e+02
8.448349696119665850e+02
-1.657345447017807203e+02
6.948987627901833548e+02
8.474552264960649381e+02
3.747845296451091031e+02
-5.182098975567071193e+02
3.572438055165965238e+02
1.095297289280654695e+03
7.061895409730981328e+02
-5.075070335470154959e+01
-1.135620269933290274e+02
9.445230694529502671e+02
2.952588032359626141e+03
6.406734543275974829e+02
8.510148942943939119e+02
8.377291910827573247e+02
5.223488994589630465e+02
-2.238674759194663011e+02
2.927282265973445874e+01
2.691660443225379709e+02
1.571787665447000393e+02
-2.813774970103319220e+02
-5.510668096220564394e+01
4.886711238050194197e+02
6.826415009137679135e+02
-2.412537544749475558e+02
7.922505124608960614e+01
7.038856039109524545e+02
4.142839165230495269e+02
-4.424403222725001683e+02
-8.377379300556870589e+01
4.122764025177843905e+02
5.314150119337652995e+02
-1.472582426491106560e+02
2.852234685387819013e+02
1.057847155182359757e+03
1.071509947438910331e+03
-2.992696616648274244e+02
-5.123589478605362046e+01
5.480658147628673760e+02
5.045924700585831033e+02
-1.287502707244818509e+02
-7.461893741036334404e+00
-1.266058396591970450e+02
-2.308435536388393245e+02
-1.026373378120880488e+03
-1.887623968517671358e+02
7.912155489348372157e+02
7.813313995886304610e+02
-4.562292669069476148e+01
3.512174104783854887e+02
5.436134016172168231e+02
4.983164672487059761e+02
-1.309083618527855378e+03
-5.592685190831437581e+01
7.692162671331976753e+02
7.354209677022342930e+02
-2.984207959725455339e+02
-2.606595078472345506e+01
2.735987740896526930e+02
3.062628036588342866e+02
-2.078117500389604686e+02
7.651315966458690809e+02
1.364300636398770621e+03
6.154821791659785504e+02
-6.122219858476826175e+02
-3.298508542705679503e+01
5.121862550832186116e+02
7.672542696935331605e+02
5.455883262047932192e+01
-4.197179367305731290e+01
1.673632252256378194e+01
3.267963510956666795e+01
-2.239527143562179106e+02
-3.581054404357143994e+01
2.853218193086835299e+02
7.303377130500219891e+02
9.772622320584740407e+01
4.837476328987489183e+02
6.291436831194162096e+02
2.703556582385432421e+02
-6.827450800613759156e+02
9.047283182945459856e+00
3.853933095033425502e+02
2.220854226950880559e+02
-8.789460850560054723e+02
5.886909568536513149e+01
8.816673407889411465e+02
1.257064570374892128e+03
2.481860802333445974e+02
1.344698007433781015e+02
2.002338758376163526e+02
1.868173903347890246e+02
-1.520758930835526712e+02
3.092663469436782293e+02
5.657508424088626953e+02
3.909230426300371164e+02
-3.509963130524862436e+02
8.234400730651560707e+01
4.027141297066480092e+02
6.168102722168289347e+02
6.577499041369488930e-01
2.412766451590985071e+02
4.304484902383289864e+02
5.275581225144726432e+02
-2.612871106925026776e+00
4.257601572714257259e+02
4.082065034072300591e+02
2.213004790367478734e+02
-9.094911909577293727e+02
-2.589410139772535331e+02
3.365675738361205731e+02
5.771446324114602930e+02
5.588705601592718786e+00
3.139820751020682792e+02
5.385550018401930856e+02
3.237555494045859632e+02
-3.857551826346328312e+02
-9.426717622425719867e+01
5.949319930219373873e+02
8.341186344255220320e+02
-1.883254370061250938e+03
4.947775131038353607e+02
1.057154550545944403e+03
6.387577947998684067e+02
-1.252117319947862143e+03
-3.760129954347893317e+02
4.002674856936550327e+02
6.331671056682519065e+02
2.287717364123626282e+02
2.805853739230121846e+02
2.351302924384548305e+02
-1.114786078184583751e+01
-6.904046215986248853e+02
-2.367224729352494137e+02
2.966408834147076163e+02
6.432582890985274844e+02
-3.566572927716541130e+02
-2.283591165852906784e+02
1.791596804071895690e+02
3.748548198527986983e+02
-6.087642117678815623e+01
1.483357427167036917e+02
1.409998230112175399e+01
-4.271504790093509740e+01
-2.044458772994990454e+02
1.653890268927755471e+02
2.717927611414174862e+02
2.563799556810222384e+02
-1.509643331790069283e+02
3.675601687057486515e+02
4.705599096604339024e+02
4.527806843553560725e+02
-6.016655483225574130e+01
-4.766950043247314994e+01
1.223855165324966947e+02
1.550559261803201423e+02
-2.236376594025112752e+01
6.673071867253138123e+01
-1.369719456354288933e+00
-4.234486206416931253e+01
-1.833117368747252556e+02
3.443439580476274386e+02
4.768410349513465007e+02
2.799993972378769627e+02
-3.885500663326070026e+02
3.960470389994959532e+02
7.601668207529118035e+02
3.261746382363468229e+02
-8.796411826211024163e+02
-4.741888533263082195e+02
3.052106365598100410e+02
1.023411996666438654e+03
-3.246133088579304513e+03
-2.143175524802713426e+03
-7.276662094334034236e+01
-1.180640141068286653e+02
-9.117407667134193616e+02
-2.684227042466427520e+02
1.033078608228376680e+02
2.540301180622785466e+02
-8.698393712456119431e+01
1.308023838284401386e+01
2.620464527935738488e+02
5.092514698801893474e+02
1.182087954736778812e+02
6.202465889124505338e+01
5.781751217231452955e+01
2.069760195803409601e+02
-3.715381639754014031e+01
1.727359238050684382e+02
2.810532054735110705e+02
2.775184999666050203e+02
-6.065662614613427195e+01
9.027917930220762628e+02
7.435718039148940761e+02
3.106683615402136525e+02
-6.321053060634592384e+02
-2.950966146114325284e+02
3.082072928120967390e+02
6.460521967531419705e+02
3.256063986539805342e+02
2.989394633918270188e+02
3.478188146070250752e+01
6.593727525313231297e+01
-4.364091947509846250e+02
-2.237760775720402933e+02
-1.551324420904624901e+02
2.031176128590367114e+01
-7.035001412017065547e+01
1.559810387379446581e+02
2.809804935705981279e+02
3.580169553833402460e+02
-2.758595445962965300e+02
-3.813357083773852310e+02
-2.411791585036455956e+02
1.570246805360748397e+02
2.252619716177530620e+02
2.996953344616335357e+02
1.790584337948581606e+02
2.529265713034437510e+02
-2.240615695722087963e+00
2.274966354442740908e+02
1.486716283656853932e+02
2.246388938371722190e+02
-1.126366357701315337e+02
9.165711074011896642e+01
5.805526775021811403e+01
2.286181264206600758e+02
1.149529659890197877e+02
2.941521083800891461e+02
2.393337999570865406e+02
8.978982153600874483e+01
-2.556093992442220610e+02
3.586452013014061890e+01
1.910736807026965494e+02
3.665017806366830655e+02
-7.617798544196783439e+01
-6.036764927269675240e+01
4.741852795349063854e+01
3.144555616661839395e+02
2.559792079988744717e+02
3.055424293812926635e+02
2.201461522679415737e+02
2.430778965356027754e+02
-7.206585186669317977e+01
-4.559726070040753854e+01
-7.458213802487365740e+01
-1.263703793264665336e+02
-8.908788237127541265e+01
1.997814201582998237e+02
3.529669234047499913e+02
2.846212087192537865e+02
-2.645416732937159168e+02
-2.005153364831791691e+02
-2.479031102342602821e+01
1.830491181813312949e+02
2.156383589537536594e+01
2.529191886960299769e+02
1.677307751458714620e+02
3.166343476228160725e+01
-3.341750947159420093e+02
2.418316855934375909e+01
3.892873789848284218e+02
3.013834032633525339e+02
-1.834058957956458471e+02
-1.362591112848004400e+02
2.001454650891925553e+02
1.915500519388767202e+02
-1.151256632745183595e+02
-7.527899368725371687e+01
9.199067811978538600e+01
2.461269827616650900e+02
-6.986621385641318227e+01
4.598845057252616719e+00
9.524368879419115785e+01
1.732534805073366613e+02
4.755345087360838363e+01
4.065593858418759510e+01
1.614282393676857339e+02
2.135223906523090989e+02
-3.268599129235138179e+01
-7.156961280773106182e+01
-8.690584338096276440e+01
4.253310099593363702e+01
-4.335836837377419783e+01
-7.475508603658688855e+01
3.079651241376803128e+01
7.757588082085783299e+01
-1.194759683235778027e+02
2.853670965868253262e+01
1.432062310537745020e+02
2.384018593085229156e+02
2.336952271664720371e+01
-5.565272634775529781e+01
-5.155571990998618759e+01
-2.287333190539694172e+01
-2.482986688701149944e+02
-6.352922343355691481e+01
2.493085855919722746e+02
3.547502307572428322e+02
-1.086150212552926320e+01
-2.162447837821565031e+02
-1.505130858661864011e+02
3.608622141059936439e+01
1.418927882085353254e+01
3.537684731274296723e+01
1.007743367490913577e+01
5.094822138631580088e+01
1.551928471248231745e+01
8.932294128878803008e+01
7.957581113999449940e+01
5.969458298308421718e+01
-6.395542901499688782e+01
6.218116962729200026e+01
5.471712495867171100e+01
8.492439295309326397e+00
-1.379675034109020544e+02
-2.158375671516080629e+01
1.660602504109600943e+02
1.493771436750359669e+02
-2.383171780571476361e+01
-4.834332710426433977e+01
5.421677881118314701e+01
1.246518437264234365e+02
4.815293656664350941e+00
1.773910293430109064e+01
5.880670072310185503e+01
1.532541774261409273e+02
2.402984755526457761e+01
1.895526898403566918e+01
-5.296590492795332672e+00
-2.517194038700614556e+01
-7.049956662651331385e+01
2.147757894033799886e+01
8.914172692410301124e+01
8.587720857370105421e+01
-7.286168861493192139e+01
-3.252380364245356503e+01
1.515501893306930725e+01
3.731881530899733690e+01
-9.394295853698203302e+01
-5.675398577005854150e+01
-7.835268181356091155e+00
7.224612891627937472e+01
-7.848443722646849530e-01
6.564459909693624695e+00
-1.189425803850575392e+00
-8.685940165737561003e+00
-8.584240320215413078e+01
1.723109405222349721e+01
8.094890985536525818e+01
1.069081168624722977e+02
-2.930404438235544262e+01
-3.073391665064817602e+01
-3.276063881336361394e+00
7.497704321551026396e+00
-4.304243370968143978e+01
-7.102463561375571999e+00
3.058028573173627152e+01
-1.480673807680892295e+00
-8.492938725177280901e+01
1.354483865562401768e+01
4.539183410096937621e+01
5.262480645120302114e+01
-5.519213171582988053e+01
1.803178746639302688e+01
4.945777943505535745e+01
3.025199065316372327e+01
-8.752913460616629493e+01
-1.826500629170388379e+01
4.427963605599237695e+01
3.964533149553223268e+01
-7.384612715258599280e+01
-2.894488751964527751e+01
2.564717998333845017e+01
6.276838226943390708e+01
-4.246171486725331334e+01
2.224759518218441201e+01
4.227459898894890955e+01
-5.488452613985324469e+00
-1.206287500446841818e+02
-5.032859733853949535e+01
2.993570502208905282e+01
1.237324319987612853e+01
-8.099353443738549174e+01
-4.326563749653399782e+01
4.087876484307901848e+01
5.295652068533612322e+01
-1.167191331313013691e+01
2.875046854774842942e+01
7.299852615494627628e+01
7.098070024140312739e+01
-2.887478254699701807e+01
-3.206317158703672021e+01
3.066913385041513118e-01
1.912542831261761833e+01
-2.827597916991335580e+01
-2.345234362199125844e+00
1.276044219662728096e+01
3.316929228800639606e+01
-1.745663148238947215e+01
1.394425957176374453e+01
7.729026747112561679e+01
7.279369577210881914e+01
-1.410019057011872867e+01
-3.330417608316239608e+01
-1.934550196183523951e+01
1.662368526651783185e+01
-2.762917107659648508e+01
-8.667108916714758027e-02
1.197494772841334409e+01
2.843133664421947415e+01
-2.208277780663660650e+00
2.620017939704592891e+01
3.404892386542687888e+01
2.134409499725206416e+01
-2.511089349389068559e+01
3.830872553402548419e+01
6.064742762433284895e+01
3.824797878726906930e+01
-3.050582235139761167e+01
8.717427977242701687e+00
3.711852213273095913e+01
4.020945021848959300e+01
-3.225970615195996771e+01
-4.878099903551041727e+00
2.518372887882129874e+01
3.302620035212307670e+01
-1.557536548809908439e+01
6.730865149340313991e+00
1.301800152709257397e+01
2.442579744573440692e+01
-2.034366839949407435e+01
1.546546056804386504e-01
1.512515497592624847e+01
1.469399265642602437e+01
-1.439408657187945551e+01
7.319864043566584932e+00
9.886023797148212111e+00
8.346642004334910325e+00
-1.113217221171404780e+01
2.325344348483004353e+01
2.412851875831837845e+01
-7.478285531990795043e+00
-4.421777808462081083e+01
4.274020176618499867e-01
2.798627232098484185e+01
1.578809999484787419e+01
-3.423186909971489911e+01
-7.809843077085091068e+00
2.746333566168169682e+01
3.377211961857657485e+01
-1.442949926248692805e+01
1.291791705784683941e+01
3.167093201036122352e+01
2.486547216401840998e+01
-1.291044661640965430e+01
2.081902449918809905e-01
1.459786704634167620e+01
2.041022312245983983e+01
-2.442225782144151580e+01
-2.845249355817229375e+00
2.455181544789362391e+01
2.281328022601585204e+01
-2.398135241671105078e+01
-4.316310829834339557e+01
-1.616582793699851806e+01
1.913793450284000031e+01
2.376066050630798454e+00
1.577455693720049190e+01
8.914699727449605149e+00
1.938462331047484444e+00
-3.824656905028995624e+01
-2.431742789855114495e+01
7.129090596692207349e+00
1.618553450243894432e+01
-2.762975958351050920e+01
-2.253744804247880396e+01
-7.543692541285538233e+00
-4.504138342744549717e-01
-1.890223058663815436e+01
5.382965183238506590e+00
2.738330938188300934e+01
3.099178533377142841e+01
-1.129741265201059974e+01
-1.416246245489702460e+01
-3.093831601191199709e+00
5.775833207690875604e+00
-4.997253216026246392e+00
8.708296107712733658e+00
2.087337232626920880e+01
1.821564530440504726e+01
-1.344382723212665098e+01
-4.316723302752978775e+00
6.657827741442918779e+00
1.028175878755672912e+01
-1.280699536924524118e+01
-9.434588847762285013e+00
-3.225572338801000694e+00
-4.615254359319235888e+00
-2.079664491134644067e+01
-7.145212578523894464e+00
1.388848364784180411e+01
2.571630661072208568e+01
1.239235619677737255e+01
6.927781702587328283e+00
-5.734015755723504526e+00
-1.759959210587432565e+01
-2.856352985660733168e+01
-3.056568902678380439e+00
2.056360246798136870e+01
2.181704655122514325e+01
-2.022032412495523790e+00
5.396291086646976431e+00
2.104218507791029680e+01
1.849952819857129782e+01
-1.376321299233957518e+01
-1.257171384124956148e+01
8.496528520448149990e+00
1.037300951743834254e+01
-2.244290549891702735e+00
2.676119039508781938e+00
1.722214317998160382e+01
8.996931433518637888e+00
-2.075913497657322537e+01
-1.298272612068646481e+01
9.269839797176482321e+00
1.625161017271229369e+01
7.632007191289656989e-01
6.163892242915603781e+00
7.260005482626362472e+00
-6.730327646744541426e+00
-2.303106794212746422e+01
1.140501696082520944e+00
1.528017465076279535e+01
1.009214383517815250e+01
-1.856340833461653972e+01
-5.481705567674421076e+00
3.299784234200032973e+00
-6.678681629732414748e-01
-2.472375180641427761e+01
-1.434267925788546094e+01
-2.892594261712462700e+00
1.948786344354402456e+00
-1.192454152962130287e+01
4.445488618219219035e+00
1.710942318911341786e+01
1.831894729487359541e+01
-1.011679084440423537e+01
-1.216571615400098771e+01
-9.381974458172059883e+00
8.625804063875011085e-01
-2.842007561731028087e+00
1.257343763697894978e+01
1.507304469111630496e+01
6.849507134121371799e+00
-1.810260961462107332e+01
-1.229235162757925082e+01
3.524835210744852732e-01
5.772303283480135327e+00
-4.089438388175450356e+00
4.040480336028198671e+00
1.404791096941415596e+01
1.102750174234241420e+01
-4.713799789436112775e+00
-2.142917547197677131e+00
-6.854312540446352298e-01
-1.559386514333857221e+00
-1.274338758412387662e+01
1.826631000556923512e+00
1.703898205544916422e+01
1.702213862221063323e+01
3.113564040362395424e-01
-1.710941509319811482e+00
2.811255795545336555e-01
1.769651442214374537e+00
-3.819460802577812508e+00
8.252367693720319863e+00
1.663861059235984641e+01
4.690357991239800128e+00
-1.432320727457051035e+01
-8.092684904093125908e+00
6.561742822990833446e+00
9.903520185414281585e+00
-2.109856156919935000e+00
-5.680419014491641327e+00
-1.037865046241005507e-01
3.352895965300470404e+00
-2.426611280130405390e+00
1.109226893028885330e+00
2.289189738367142901e+00
7.833214127796191306e+00
8.610058113346456210e+00
9.465416323101573326e+00
6.093469396544477945e+00
1.015951148442597596e+00
-7.373219535528598101e+00
-1.190675023246714703e+00
-4.974688639419141967e-01
5.885191093148760544e-01
-6.821864680844464957e+00
2.029622944385493621e+00
7.787613084501997740e+00
8.079395210252755533e+00
-2.427214225654315438e+00
3.630746160184776267e-03
2.294829977675567179e+00
-1.356321236463099211e+00
-1.082891377577644221e+01
-2.330226353833767305e+00
7.390099972181817023e+00
9.220914781966312646e+00
1.819457037166277991e-01
3.167461827558701426e+00
6.395512427164446123e+00
2.579500969007432865e+00
-3.549417295490165269e+00
2.515065861601063713e+00
8.071379087230152294e+00
3.719106539437917913e+00
-7.048481509407825030e+00
-4.204147711332445247e+00
1.002517414949407160e+00
-1.685967425769087646e-01
-4.743283749190177367e+00
1.648478251108056236e+00
6.182254355547047275e+00
2.871625606598296354e+00
-7.580228272463163108e+00
-2.275928268775564423e+00
3.983568816978641625e+00
4.644719755209488099e+00
-3.541170341428873325e+00
-4.968259299973692755e+00
2.076984727524247898e+00
4.281862445667331762e+00
-1.498180777244040751e+00
-3.373242065262015643e+00
-4.918050446376511786e+00
-5.338714633623577122e+00
-5.958055929715764698e+00
2.740644640445639268e+00
9.223754482561851376e+00
7.347536377876526359e+00
-3.986944746058922462e+00
-5.579681182736078604e+00
7.535661202692892635e-01
6.254263619718064326e+00
3.549737986314098759e+00
4.589221258740435516e+00
2.312800603419808976e+00
2.322386658551964356e+00
-2.964853632623978719e+00
-7.929029220656393095e-02
2.697098469932082576e+00
3.058701924569244834e+00
-1.619694841198875412e+00
3.842959800146829585e-01
2.595988771224198466e+00
3.668377627944907182e+00
-3.154791119321030735e+00
-2.580488280722544214e+00
2.590182132723564123e-01
3.872731786195867887e+00
3.701335106253801355e-01
-5.388864531709228745e-01
-7.523185972633553154e-02
-1.225120840812319090e+00
-3.093321647226991100e+00
9.574210285160373868e-01
4.617720648673842909e+00
3.571801319269735320e+00
-2.591972242983099584e+00
-1.459259964190639858e+00
1.347814662246527018e+00
2.218200985410093029e+00
-1.617720101954927436e+00
-6.017860903620172452e-01
3.462419445408176255e+00
3.921944001603891117e+00
-1.141705847917993122e+00
-3.187847801325615071e-01
9.811045578985397864e-01
1.929327508751108589e+00
-1.755174485837154963e+00
6.329881689439296188e-01
4.184197918411771688e+00
3.477810385491256984e+00
-1.760557528512755265e+00
6.942244292423654928e-01
2.925233473115711913e+00
1.444177816102617529e+00
-2.067059554993007087e+00
-4.016861629874524109e-01
2.196363810678275463e+00
3.503811838510486609e-01
-2.386841523027573686e+00
9.412724199771905775e-01
4.010635813411297157e+00
3.222475376537281111e+00
-1.151645350618200947e+00
1.197505283140185700e-01
2.308082305910286625e+00
4.731049515784164355e-02
-3.759492038699772110e+00
-3.442441151023654555e+00
5.527079483782835201e-01
2.206313021986163747e+00
2.261243162714124122e-01
4.461214706935485164e-01
7.401554910197507553e-01
-1.589899679210134142e-01
-2.444741648072454865e+00
9.592809436798825917e-01
3.581653064522811292e+00
2.958723357532413889e+00
-5.829678967395705014e-01
4.291727487281784548e-01
2.049236107632029569e+00
1.283879002696597660e-01
-3.185974096650090459e+00
-8.182012239443420265e-01
2.118044973415099452e+00
2.088691585932430428e+00
-1.014915838581628593e+00
3.461857869171564017e-01
1.467101610489323305e+00
2.137762590132854523e-01
-2.816567820728971494e+00
-6.298625876992792749e-01
1.420621135056505890e+00
1.201327488771762653e+00
-2.623041829126036006e+00
-1.827668069197152301e+00
1.722288390825097715e-01
6.272438023172076660e-01
-9.335422916124888060e-01
1.533780060931218880e+00
2.478285053400416604e+00
1.238174297781578614e+00
-3.254298055074943186e+00
-1.526778454351158887e+00
1.394309204775261435e+00
7.786385516586606936e-01
-1.347554269113143244e+00
-3.407659310322658230e-02
1.857920908491557777e+00
5.427188097017195956e-01
-3.149924278978494030e+00
-1.200771124503876797e+00
1.810735940431878577e+00
2.299635405961967471e+00
-1.266117957695144458e+00
-5.162429898940152917e-01
-2.756418517261698467e-02
8.005011923462478363e-01
-1.120300865012765934e+00
2.953555334741967964e-01
1.343430485159967658e+00
8.297633013831420268e-01
-1.008356307198800650e+00
3.616649371787444278e-01
4.452125940805587989e-01
4.541151860891729508e-01
-2.458461626903224229e+00
-8.722523102716035481e-01
1.311695491037112804e+00
1.851507208497489287e+00
3.542217904364080017e-01
-5.478349231728948943e-02
1.117457488420129097e-01
1.797991195634194073e+00
3.167336068911973113e-02
9.755497573180763604e-01
1.590092287109415636e+00
1.697848587155269096e+00
3.626895466914135668e-01
1.641906385440846661e+00
2.584901626331117530e+00
1.267366273352886541e+00
-1.376836467262507746e+00
-6.129841731516209036e-01
1.798417860148487257e+00
1.805965593137393244e+00
-3.497675656288931623e-01
6.167696293584048473e-01
1.555566231823656720e+00
7.007486538258664854e-01
-1.466245875103838525e+00
1.186870363086687113e-01
1.611754020077649896e+00
9.986301948871743051e-01
-9.118070020670975273e-01
6.307455864883337870e-01
2.399179205487180777e+00
2.418925688925587014e+00
-5.835736006916836249e-01
3.129637676872985552e-01
9.201157789245364427e-01
3.946251051356593487e-01
-1.168475686735340746e+00
3.476413076041557360e-01
2.178726466574882448e+00
2.121488660827615558e+00
3.519303848259577316e-01
1.467317176105048970e+00
2.516830214435787472e+00
1.809849303451579683e+00
1.381507606171230307e-01
1.539386255767404954e+00
3.327038143596222852e+00
2.151482443120787735e+00
-4.602526522541631332e-02
3.158569578884253271e-01
1.853744746374859975e+00
2.323967332185802537e+00
4.293553967528043747e-01
2.001121637324276392e+00
2.192747080114468172e+00
1.105316899734089864e+00
-3.485688005486564101e-01
1.656874603890132747e+00
3.791553017807455017e+00
2.890719678457414066e+00
-2.085193544327920007e-02
7.354789811098844110e-01
2.131465880221071973e+00
1.752757442270370003e+00
9.466988387098554392e-02
8.862180514690449762e-01
1.919189030716107247e+00
2.496152361143229470e+00
1.560787395874051464e+00
2.443075345958706013e+00
2.752795735442831848e+00
1.905503011125784685e+00
8.792248519817620345e-01
2.031056461887415399e+00
3.385927754139189894e+00
2.999891890108076886e+00
1.775476225632678817e+00
2.952203666169383567e+00
3.464730330811486070e+00
3.366589333800509287e+00
1.474260954166076720e+00
2.572253934996551639e+00
3.784680992098084840e+00
3.539149190324472727e+00
1.362813679966760949e+00
2.031076277947737818e+00
2.524974919546603136e+00
2.244248184314572736e+00
1.129603538529813989e+00
2.539524965528395573e+00
3.494932179840112951e+00
2.606009723075346063e+00
8.062628244805363220e-01
2.853645182398902858e+00
4.529680494588723683e+00
4.493709221131227949e+00
1.921700959610546544e+00
2.208318277899872228e+00
3.086840038968396538e+00
3.389764727761805041e+00
2.926790568660138092e+00
3.510892325311424589e+00
4.193534149702925262e+00
3.592055298629300175e+00
2.009546072578159759e+00
2.770952130425833992e+00
3.826116121297251205e+00
3.819709749075902216e+00
2.571154440905023542e+00
3.554649118443095723e+00
5.335359078158955271e+00
5.361640120798957021e+00
3.436598296907542149e+00
3.279034529288119781e+00
4.012227263870277838e+00
4.007102926754950722e+00
3.288553148009560889e+00
4.709512733789245509e+00
5.441513170750530648e+00
4.648629978710077992e+00
2.116961903657504696e+00
3.085362521114351164e+00
4.226638086776794090e+00
4.328414725361890092e+00
2.754692806919651460e+00
3.691675526361644089e+00
5.580118441337449831e+00
5.556094773258529962e+00
3.737741746339560134e+00
4.021028652490032940e+00
4.426371390981085341e+00
3.608882998538033515e+00
1.771195687274755404e+00
2.815933283577958246e+00
4.313137961558966893e+00
4.533438543981548108e+00
2.722707662575877041e+00
3.757595672351191407e+00
5.034265798118512159e+00
5.487358302594223858e+00
4.290899920926776190e+00
4.183879887539799114e+00
5.066560472392953152e+00
5.678845203869185454e+00
4.669595647551529005e+00
4.912143896978323987e+00
4.728082239987706714e+00
4.692299627698448106e+00
3.753447771953135170e+00
4.590741533173599009e+00
5.510402418250489376e+00
5.563924665690672455e+00
4.323760807752364599e+00
4.930660374264446588e+00
5.508036120465930274e+00
4.643593507021200217e+00
3.261837169625655175e+00
4.638934863032124767e+00
5.794540115436961791e+00
5.873251828107774131e+00
4.180149126256850423e+00
4.538612059123529718e+00
6.106871612364964008e+00
6.054078085458756142e+00
4.324436869059761435e+00
4.533263702734783074e+00
5.243743663778037245e+00
5.835242003095960861e+00
5.007775685442047653e+00
4.848070404350453444e+00
4.989287370269332555e+00
5.532587058033043625e+00
4.361330141705285435e+00
4.880685711533669924e+00
5.144504506675112054e+00
5.083478136164062633e+00
4.474969152108337234e+00
4.693422157583155396e+00
5.685622879638987826e+00
5.814593280909691408e+00
5.050460846672214288e+00
5.660500343849949267e+00
6.332152501361711039e+00
6.084610075021609887e+00
4.740207930487764898e+00
5.289130702130146133e+00
5.709974387126305118e+00
5.695522731582543408e+00
4.814224973034851196e+00
5.775671361761497202e+00
6.527038691135513382e+00
6.078183034047944133e+00
4.656002781562318837e+00
5.225125784881524460e+00
5.609183387469192539e+00
5.917571816701862275e+00
5.342688472527485466e+00
6.757793019464367390e+00
7.103292749511658677e+00
6.297056844942463094e+00
4.798736325887468013e+00
5.568404224773551014e+00
6.723850645439841678e+00
7.049334970219605090e+00
6.603387320953941320e+00
7.155755262637808478e+00
7.385276771919012440e+00
6.537109814092569415e+00
5.331362582999927824e+00
6.321128181005809310e+00
7.319702455599024660e+00
7.246081264051301929e+00
6.244860577156599923e+00
6.569288859054271512e+00
7.726317231283331921e+00
8.326601393488846981e+00
6.697190215092247101e+00
6.239910426390381737e+00
6.577578318914039102e+00
7.224659625115201322e+00
7.165056666014177900e+00
7.750373535545421966e+00
7.936775967121152853e+00
8.192303509065311573e+00
7.016922467652179307e+00
6.778367638289086727e+00
7.170554621517381655e+00
7.466745452750673806e+00
7.468588333165663506e+00
8.606214144734872562e+00
8.646584101120112109e+00
8.336587518501163530e+00
6.943060424934953012e+00
7.693600289396943737e+00
8.354046172485640298e+00
8.176439531357811319e+00
7.884146878803195868e+00
8.661713647270987693e+00
9.134112628852466997e+00
8.951194045227563123e+00
7.704502131363820894e+00
8.165687512428078776e+00
8.282064428614557272e+00
7.714259511398911862e+00
7.188256251632925142e+00
8.611056482525023981e+00
9.585266285220541249e+00
9.917925198416778443e+00
8.279940152337919912e+00
8.014987263464952605e+00
8.136444602581473617e+00
8.012530588792628805e+00
7.675332262894380975e+00
8.137513823222707998e+00
8.389082177486491432e+00
8.436816004233211430e+00
7.548492747899198108e+00
8.279998603256759182e+00
8.699015517110419538e+00
9.343881579063966214e+00
8.904757336406914803e+00
9.081368503688764804e+00
9.003451717824855649e+00
8.677278846117030042e+00
7.668968669864553611e+00
8.176677689732184007e+00
9.151444020525604017e+00
9.926582519310942487e+00
8.949126652957151151e+00
8.623793032167782258e+00
8.872054459171966556e+00
9.288076184008254188e+00
8.955465291993148114e+00
9.390705633002280450e+00
9.518947284848755075e+00
9.613466363097019851e+00
8.674926341836684429e+00
8.992313280680065191e+00
9.319391497949165881e+00
9.296244451873535652e+00
9.269709686324235420e+00
9.596652178942047584e+00
9.883117489023376834e+00
9.393785009501687711e+00
8.706905697761122553e+00
9.241507511860175939e+00
9.303557668552576487e+00
9.242630342688508804e+00
8.492152702435214806e+00
9.435671914472726129e+00
9.924269950215892422e+00
9.499407615992970122e+00
8.648744726374681946e+00
9.723644619213038354e+00
1.026189104438132382e+01
1.022415913110637753e+01
8.710817226582280526e+00
9.259926507924072681e+00
9.855260529589644491e+00
9.966277848280247653e+00
9.593364333742986361e+00
1.041590653231473595e+01
1.076085035083202790e+01
1.003775243549935148e+01
8.896188351497285041e+00
9.397915949637409838e+00
1.008418504915748493e+01
1.009467145074847672e+01
9.161265169574461353e+00
9.262542238573503894e+00
9.546054869164672496e+00
1.003484840788419419e+01
9.851003930162963940e+00
1.008583691564813023e+01
1.000743466618760280e+01
9.810649196354519930e+00
9.153202938070901240e+00
9.673204561882149832e+00
9.981434588750666137e+00
1.015567019361214562e+01
9.564217707247820499e+00
9.835124951287648187e+00
1.020670643987455151e+01
1.051022329055288118e+01
1.015779576346015389e+01
1.061664417262362470e+01
1.072657446056975417e+01
1.023719297396614358e+01
9.422294848912182275e+00
9.980111053122920239e+00
1.035577678741537611e+01
1.033041384574193877e+01
9.271267400994975816e+00
9.635872774836629517e+00
1.042408880243416291e+01
1.093345532542538479e+01
1.000019773219354136e+01
9.943543783467692521e+00
1.029203863583073719e+01
1.075540148943209928e+01
1.058869077738241415e+01
1.067505876687422273e+01
1.088226600858088489e+01
1.077429234843692996e+01
9.817690032051022087e+00
9.956906333485754601e+00
1.021936021938556749e+01
1.029846872867494412e+01
9.594646443904057520e+00
9.877377747567702926e+00
1.055374366936239916e+01
1.054068627401754199e+01
9.632871171315500192e+00
1.003210402620575081e+01
1.074516558252028986e+01
1.106755262220204727e+01
1.030205442049369502e+01
1.015910362595868932e+01
1.042996291488596583e+01
1.039881573698338535e+01
9.935149167265389991e+00
1.029323135485122620e+01
1.069936581648399354e+01
1.099730167325772712e+01
1.033405319570630887e+01
1.071184450671899491e+01
1.069203999647706738e+01
1.070903129768032258e+01
9.916868332065597258e+00
9.984973562706249695e+00
9.937486883338973342e+00
9.859850692251376003e+00
9.368923187854555579e+00
1.017017634110012381e+01
1.057521927045424093e+01
1.067670974209173806e+01
9.824451746303410005e+00
1.016797257943838595e+01
1.048232596221526514e+01
1.037400316755699592e+01
1.006484398103377487e+01
1.032901537050767615e+01
1.034561601587817847e+01
9.760040021174898328e+00
8.917785436963372447e+00
9.468420319184685852e+00
1.027830151658956126e+01
1.043681741350005865e+01
9.683897401047911302e+00
9.737093349122954322e+00
9.857568632242040607e+00
9.842664474115686346e+00
9.319143935881351481e+00
9.593780012329219176e+00
9.872984091701948017e+00
9.618108356851440277e+00
8.847407762331242154e+00
9.105042441764675587e+00
9.449529157225445175e+00
9.544562545874322623e+00
8.860108882709424094e+00
9.152721016854293623e+00
9.416599143390298465e+00
9.305336650758500028e+00
8.509044819475059640e+00
8.986788898449065144e+00
9.564834956204647298e+00
9.749792191414631048e+00
9.068221839540910878e+00
9.135270848610494099e+00
9.341696952097590767e+00
9.312442158139043968e+00
8.538639885535959095e+00
8.707240609699095302e+00
9.510481394200425598e+00
9.759828506706798024e+00
8.847225468208339549e+00
8.345768140597630946e+00
8.212459975452194527e+00
8.894794782762804886e+00
9.064376295233763869e+00
9.414265719282848721e+00
9.338379038048655545e+00
9.057006109821587714e+00
8.138943250961393261e+00
8.164315713667445351e+00
8.531364966886675560e+00
9.136385178920265915e+00
8.816574576301626109e+00
8.685010558672566106e+00
8.559461293391148473e+00
8.673369476697287084e+00
8.354202506363808567e+00
8.546000461179712460e+00
8.745067366390761876e+00
8.611185669609826121e+00
8.119382964897466692e+00
8.713338294468091050e+00
9.175793703932292544e+00
8.862225807546311174e+00
7.698513568344590219e+00
8.075103439646015957e+00
9.012765409173127296e+00
9.749798398265738797e+00
8.781722259786793217e+00
8.542554748709603629e+00
8.506091445097181847e+00
8.861455116195704917e+00
8.516645549652615443e+00
8.727830640720389610e+00
8.952378234286459957e+00
8.722436203857245829e+00
7.973695941263565068e+00
8.058687233749678214e+00
8.730325058957520312e+00
9.007497546345389239e+00
8.162533028798609536e+00
8.267071547977833390e+00
8.552343228524488694e+00
9.117144783257046470e+00
8.467307871526445595e+00
8.261962352887211480e+00
8.255103059922662467e+00
8.463638493486477898e+00
8.186752876074313789e+00
8.372218139899571199e+00
8.511137842398007081e+00
8.308058510101256289e+00
7.981576544447587906e+00
8.349235564758703987e+00
8.904530688849702003e+00
8.987361167538294282e+00
8.050222048838417521e+00
7.968510418390660099e+00
8.097318003133612052e+00
8.294699926080781438e+00
8.047173400234816754e+00
8.330261003624679361e+00
8.705150320069247272e+00
8.578904784070179090e+00
7.772522446541609398e+00
7.798479851993358025e+00
8.060000113605392258e+00
8.094811176787475304e+00
7.889639739919237726e+00
8.343007947003865610e+00
8.946596078092523996e+00
8.467805850590282901e+00
7.054999290127455858e+00
6.971610306306322613e+00
7.635766444098362804e+00
8.014863911578549605e+00
7.588435628907701513e+00
7.358069746802978095e+00
7.325038391943788696e+00
7.060073971434883688e+00
6.292474207378270457e+00
6.617937051034348706e+00
7.054060671534512217e+00
7.321764749009223472e+00
6.865507479943405933e+00
6.876159076199957809e+00
6.787801392552715640e+00
6.767754917066810094e+00
6.086678170280331202e+00
6.146666438418725953e+00
6.056038693195310074e+00
5.759193527144941704e+00
5.211901425370855989e+00
5.856918116495684501e+00
6.628585519746075683e+00
6.777027111631307221e+00
5.928641614225378831e+00
5.882612776517158970e+00
5.977338435178344511e+00
5.607188538384646925e+00
4.892958232420046905e+00
5.245252062217134359e+00
5.823244900698867355e+00
5.707829988509494079e+00
4.767455964735253460e+00
4.704068546992730582e+00
4.947577661699226859e+00
4.647241423348981826e+00
3.900579581117197048e+00
4.233943948903931442e+00
4.928341244848693847e+00
5.210336483404901742e+00
4.450988350990405351e+00
4.784904162531137928e+00
4.958755561155940406e+00
4.571387562506298075e+00
3.876152681741982242e+00
4.409102847262341029e+00
5.108892118204056310e+00
5.002484861374306924e+00
4.228823244097969614e+00
4.325238763106924900e+00
4.527955770330271079e+00
4.069804196461230816e+00
3.834809090741896576e+00
4.111317706882783973e+00
4.582036394535818680e+00
4.184399481458020986e+00
3.428696759423218055e+00
3.623232696274880649e+00
3.940587679177835145e+00
4.193240851301271555e+00
3.833159393220917366e+00
3.898750155533349915e+00
4.097236165222445159e+00
4.326845925407607929e+00
4.031968015691427709e+00
4.365840614283705179e+00
3.878820258523024478e+00
3.409999600799543451e+00
2.958878954738662248e+00
3.493516755079825842e+00
4.047966496913178780e+00
4.121818073509634139e+00
3.483467938670907316e+00
3.785215014425856506e+00
3.732870027286298686e+00
3.480351303636588511e+00
3.033764779705172998e+00
3.409902519490076056e+00
3.514882619899301730e+00
3.097855112217424711e+00
2.424681401152003701e+00
2.770377660448739121e+00
3.257430829103276526e+00
3.196259094022848135e+00
2.466536435516701875e+00
2.476222561716020287e+00
2.948396574952418803e+00
3.321252951548641530e+00
2.817489565452616862e+00
2.766884989508180848e+00
2.719299094276910189e+00
2.632013665101526456e+00
2.078082702658905934e+00
2.033687021054248589e+00
2.234832792336246765e+00
2.219442525250254761e+00
1.871162744203302974e+00
2.414848614239408331e+00
2.854847016227774592e+00
2.659230386867096563e+00
2.031703555121859850e+00
2.253691257309686335e+00
2.422288491918759057e+00
1.875920821662222737e+00
8.385038968278505367e-01
1.224209380051723750e+00
1.880295613980277114e+00
2.168518144187043362e+00
1.643181035884831109e+00
1.659517742986902578e+00
1.807741939387663477e+00
1.907368733257588822e+00
1.153942541701529878e+00
1.304535236153786304e+00
1.219562411141401848e+00
1.048541305294156567e+00
7.509995562289176751e-01
1.135258456604504085e+00
1.338523208173579837e+00
1.135904975345959800e+00
5.160059684324967977e-01
1.013538399323996808e+00
1.680158198089041655e+00
1.478639193667538931e+00
7.673139203764445249e-01
1.111998700631369852e+00
1.882274856016415088e+00
1.900686199825754263e+00
8.252602392539161169e-01
1.059049736151413512e+00
1.618713510492665320e+00
1.906586740778388744e+00
1.218975316348583915e+00
9.317815046223603126e-01
1.041694109610643348e+00
1.115362072168562202e+00
5.786193536435878526e-01
8.264523354184111215e-01
9.538517789944032099e-01
8.474913142491468099e-01
3.946245280640079955e-01
8.883410297321842064e-01
1.320140112586745573e+00
1.360562745392874584e+00
3.638172746522231882e-01
5.615360365122594732e-01
1.424179001193471183e+00
2.067006679852388285e+00
1.176054499188178060e+00
6.040831983104432146e-01
6.751750352913929998e-01
1.279762863765246950e+00
9.490424180465752979e-01
9.263611969232211640e-01
1.300556509759948520e+00
1.271831795187449821e+00
3.741023868201835967e-01
2.765188273508910055e-01
6.436509270307745334e-01
1.119901899767972830e+00
6.288491230194226400e-01
5.211153428829596868e-01
-8.186579689139195093e-02
1.384579217449452671e+00
4.851180692831986718e+00
5.763204450967299941e+00
4.751091348188221097e+00
7.702702800108179870e-01
-1.221553412934241190e-01
6.535986406445499775e-01
1.052110866308102022e+00
1.321092875127194644e+00
9.254278158300417445e-01
1.217491710494168933e+00
1.383311141115879384e+00
1.353049351076863749e+00
8.757028369324302286e-01
1.158556754634694652e+00
1.749958215305070786e+00
2.054990939645899406e+00
1.370944737691364823e+00
1.434732784801270977e+00
1.752264727079742235e+00
1.959903040665902152e+00
1.602484382730786194e+00
1.928827071023654138e+00
2.673685831745895136e+00
3.036732752825292536e+00
2.650924838984983545e+00
2.815339661895901457e+00
3.265913752647113810e+00
3.280590209229532928e+00
2.742341757865448315e+00
2.965860932383849846e+00
3.565175084259966098e+00
4.032974267499216836e+00
3.533486674874068978e+00
3.659457538555224598e+00
4.233775687386349240e+00
4.731270104225887785e+00
4.476299219251101746e+00
4.802079991287779848e+00
5.349458969621644577e+00
5.809525848893673405e+00
5.527045262351039767e+00
5.949649522644828714e+00
6.367952536083691051e+00
6.661266293414025874e+00
6.500649213464114951e+00
7.450200314255843281e+00
8.465205213915691473e+00
8.778735243092702589e+00
8.148729426343491511e+00
8.706825017478816875e+00
9.502706535529515719e+00
9.865605284967029931e+00
9.273256124205119022e+00
9.685408529233553665e+00
1.044423842056942675e+01
1.105168282746910080e+01
1.111859520219471875e+01
1.174169810832255934e+01
1.240068002283991078e+01
1.263270314576509179e+01
1.218048861654794024e+01
1.257384739837454113e+01
1.372983761912560752e+01
1.441996503778144323e+01
1.409221114216642867e+01
1.427804492221297039e+01
1.476754136105522086e+01
1.517434982891402484e+01
1.521069072278829637e+01
1.590189001517981993e+01
1.624167362941660997e+01
1.635664838162479029e+01
1.597192726749183400e+01
1.694021912394562435e+01
1.819925257016125997e+01
1.849940329630055658e+01
1.787665704023455504e+01
1.806403772850261547e+01
1.858013421230642592e+01
1.909324238057570611e+01
1.891078555426880214e+01
1.897984299860155843e+01
1.922889186598787603e+01
1.967144123339341633e+01
1.971522484431344324e+01
2.010442449405845977e+01
2.044138433123748655e+01
2.057204650693043035e+01
2.022126927005135144e+01
2.114658268489985460e+01
2.169121849638301924e+01
2.159165971748646129e+01
2.047998456388010879e+01
2.076789062519698703e+01
2.133055537598422191e+01
2.164805017698629186e+01
2.129284395361064952e+01
2.197542222837570236e+01
2.261453467941522533e+01
2.248109496969467358e+01
2.154741104647883887e+01
2.191430534289765575e+01
2.244996743848041376e+01
2.291244726352767458e+01
2.275013726413968129e+01
2.247940804723686270e+01
2.227997110283649462e+01
2.218936355201450183e+01
2.209326388964620591e+01
2.301073344580474256e+01
2.314800355324479497e+01
2.328148179452515620e+01
2.270043804284131284e+01
2.297207179460550464e+01
2.343340188240843958e+01
2.335872403521297613e+01
2.244329385654358333e+01
2.276389493750835769e+01
2.339878023081154268e+01
2.377418356949493727e+01
2.317202844147150742e+01
2.292362833068152383e+01
2.361289045121241159e+01
2.367791036185536768e+01
2.274585727475655617e+01
2.299930607593207554e+01
2.321471280892288647e+01
2.302310360462720240e+01
2.229166292865933841e+01
2.325935399730342823e+01
2.409607680664959162e+01
2.361933127508042674e+01
2.226023446245202564e+01
2.236484540500972074e+01
2.318135060704801731e+01
2.331606754508533541e+01
2.213798692068155205e+01
2.251611667001064276e+01
2.266341985056320141e+01
2.275974402867828772e+01
2.202733571830290060e+01
2.264335073194212811e+01
2.328804077991260257e+01
2.348076286531430412e+01
2.245656729810222885e+01
2.243295644755189144e+01
2.217067591178945207e+01
2.155052324599365932e+01
2.070961437654640136e+01
2.126823013396723994e+01
2.185810469776530240e+01
2.176177652429417719e+01
2.067349057211906072e+01
2.125025930840980237e+01
2.165392198964609705e+01
2.132645227665872056e+01
1.996835767560087405e+01
2.075980777720346993e+01
2.180136710587281357e+01
2.182355509803779015e+01
2.032206054003866669e+01
1.998624959758868158e+01
2.015879501976549548e+01
2.040493242366294879e+01
1.959965977528641190e+01
2.022729026563620280e+01
2.037969290196802774e+01
2.015606292170276603e+01
1.927361265264010370e+01
1.971347117766891799e+01
1.994459653832819512e+01
1.918531950548661413e+01
1.777113949863779752e+01
1.816054689755830509e+01
1.883718133486831192e+01
1.889018188767808226e+01
1.782110378970963538e+01
1.835430613607122652e+01
1.890786513042499095e+01
1.857845001332059454e+01
1.721230686666524079e+01
1.745079021849557677e+01
1.840651195097015957e+01
1.822461009373623142e+01
1.720830917637339397e+01
1.735549040215834182e+01
1.785520874964876015e+01
1.767217904660858707e+01
1.632638022367654074e+01
1.717592187568807560e+01
1.759944753581542898e+01
1.722093980312915917e+01
1.556373990390823181e+01
1.600302969026023092e+01
1.660272471489908952e+01
1.624050078880219061e+01
1.432349660922687029e+01
1.507391227752485818e+01
1.669957974595588013e+01
1.716990786400790725e+01
1.547652047612720949e+01
1.517721345767450636e+01
1.523417276568235579e+01
1.518523807337227005e+01
1.323780075395920797e+01
1.332650413291752223e+01
1.405105545581873017e+01
1.420449852112674094e+01
1.291571839880009520e+01
1.383062606867501998e+01
1.447545490558804993e+01
1.376719836531039753e+01
1.136252669193765463e+01
1.145992999180231386e+01
1.245688671344531429e+01
1.295186561255909119e+01
1.182207983370357063e+01
1.241452571187401510e+01
1.272182105512010786e+01
1.265451399820103795e+01
1.109230651978372961e+01
1.141091423856354936e+01
1.194503373464829643e+01
1.183308835727143382e+01
1.062149967498718262e+01
1.085787732815180995e+01
1.110189051917283365e+01
1.141956487292513245e+01
1.076454227616310710e+01
1.153448372131090416e+01
1.218621056359234522e+01
1.124686951030474091e+01
9.490889514709829555e+00
9.929819869950396338e+00
1.020016516858618694e+01
1.048621195014604446e+01
9.300274261453134628e+00
9.742664011384798428e+00
1.096167213952496766e+01
1.100082757637405706e+01
9.776749536478909874e+00
1.057129162688772972e+01
1.074377074792154119e+01
1.091404779932454971e+01
9.014085145246060193e+00
9.965553924297497090e+00
1.085492609136476361e+01
1.129712090216527187e+01
9.611423945959508330e+00
9.661980467319789767e+00
1.004682328585676210e+01
9.777279843635890089e+00
8.870821352107153501e+00
1.000216195151490162e+01
1.040879290778814870e+01
9.359329668447019301e+00
7.960833129734611546e+00
9.027710229246757478e+00
1.107218209474597259e+01
1.057387174327635826e+01
8.322747007955932474e+00
9.292782199034919088e+00
1.023507072295612197e+01
1.111009583824178648e+01
9.458943633034376575e+00
9.991734428795391310e+00
1.089914792124905674e+01
1.108756725136605503e+01
9.339775167864146965e+00
9.644125564842301657e+00
1.057796122152025120e+01
1.055647989925518537e+01
8.558767079083567708e+00
9.657567440008470783e+00
1.086239730071442366e+01
1.122185956597435386e+01
8.286534229153390996e+00
8.089853155067746826e+00
9.634881706380060251e+00
1.023635958556194581e+01
8.829680437006491189e+00
9.431612154528023595e+00
1.038630138101676792e+01
9.817310639523022076e+00
8.240443297951799195e+00
9.674491385907289853e+00
1.090431968060689805e+01
1.087798907622333111e+01
8.940872051390069686e+00
1.046414188463710815e+01
1.168016966974647630e+01
1.083607243697062472e+01
7.998483061948087780e+00
9.158944415259181682e+00
1.121537093576392152e+01
1.110802254096134334e+01
8.651645230364591654e+00
9.601898961241357000e+00
1.031286511343451906e+01
1.010791465153285351e+01
6.608225576117275679e+00
7.009792788364068272e+00
9.307937359903275976e+00
9.992357060870784125e+00
7.682888028087410781e+00
8.250019243226249799e+00
9.495731677742021759e+00
9.744349602061921800e+00
6.607794403617019974e+00
8.251167128218851232e+00
9.403712893496789960e+00
9.437515137962133593e+00
6.844346288679294510e+00
8.702874595343173425e+00
1.133565872788429374e+01
1.163093104930823429e+01
6.767907836732673488e+00
6.715693354684352911e+00
8.867900044854930997e+00
1.061855839888919206e+01
9.373656206903413945e+00
1.020519642094316204e+01
1.153543335388450330e+01
1.118622483846429461e+01
7.553546887371011209e+00
8.109909964475193078e+00
9.810841076269861460e+00
1.078776392129909745e+01
8.104736464275081431e+00
9.369958992004590925e+00
8.552340041026603501e+00
7.520887484040672533e+00
6.768902147689346727e+00
1.073365948733464137e+01
1.335392222137823204e+01
1.112925308655852952e+01
5.922920369822222142e+00
8.783081347172640108e+00
1.220943337156939279e+01
1.244290498331238481e+01
9.022125639303123279e+00
9.795901008666588083e+00
1.276478547475390357e+01
1.207019550802146135e+01
8.276940233396750557e+00
9.903522641821030703e+00
1.221753064881204409e+01
1.231901793623785935e+01
9.006414742698421350e+00
1.086161799994307842e+01
1.283894529467096923e+01
1.265329107344118142e+01
9.290578583580746397e+00
1.090573988776154124e+01
1.142037607430543567e+01
1.040900054308028899e+01
7.047530581580950582e+00
9.338994449659750785e+00
1.224447494093570299e+01
1.261733631676882261e+01
9.607829009247126351e+00
1.097685501604848568e+01
1.210507874136363071e+01
1.272553702679990728e+01
1.024644213203985110e+01
1.242656108326451125e+01
1.280151454666575361e+01
1.029448636309914455e+01
7.389102723825785368e+00
1.091156967294171842e+01
1.420804246842359753e+01
1.349172023201628789e+01
8.468641547975570560e+00
1.011062966272522168e+01
1.400733775223684852e+01
1.480060065043928219e+01
1.070923761040793742e+01
1.122799107504375371e+01
1.210501807023040755e+01
1.103836878455884474e+01
6.862116100255803097e+00
8.232747595620663716e+00
1.094273979091394722e+01
1.154885726932591794e+01
9.605898014457176615e+00
1.157438848847693968e+01
1.388014905026331824e+01
1.414051243280984416e+01
1.054502182154356937e+01
1.195948900341221410e+01
1.149093632734747317e+01
1.045721613727197052e+01
8.151257575992678639e+00
1.254381846367101971e+01
1.460478251068058420e+01
1.396164256697416839e+01
9.291984241225129892e+00
1.070931295638191649e+01
1.208679247059845174e+01
1.229044807768536529e+01
8.545470997254392742e+00
1.058759532548411464e+01
1.225912978543900067e+01
1.236029631136719154e+01
9.352021599899375204e+00
1.223892373623694141e+01
1.381190142144847322e+01
1.316566011686139781e+01
1.067831575952660472e+01
1.593234598602522567e+01
1.792661893370398118e+01
1.370016003012466754e+01
5.883468777328791255e+00
8.001932519787846587e+00
1.128722804619137143e+01
1.160324940079828870e+01
9.431766998401828417e+00
1.230460416189812456e+01
1.536210190037974144e+01
1.363355308346381101e+01
8.215077613886370145e+00
1.019860926916987331e+01
1.285678448647827210e+01
1.495113955140054074e+01
1.276682644259144617e+01
1.476108390342835364e+01
1.593518766552891819e+01
1.257385687066945579e+01
8.673348894702602507e+00
1.207999710673052363e+01
1.659653486441365544e+01
1.548620372435619430e+01
1.042612118874004423e+01
1.267372535023416091e+01
1.466501919163118473e+01
1.381719416668967071e+01
8.432278744878020760e+00
1.304291527507345982e+01
1.607772448495906303e+01
1.433838673073706182e+01
8.363571860834520422e+00
1.071677845140628982e+01
1.615846173800229835e+01
1.764415449165184668e+01
1.134337438126443409e+01
1.148397785987458519e+01
1.304487369791727680e+01
1.482685284563903316e+01
1.079805007809258122e+01
1.307844507820199276e+01
1.468538972808442011e+01
1.551909809301679921e+01
1.168308518177737021e+01
1.340403312349058851e+01
1.784258930199205295e+01
1.619974125104366536e+01
1.092810039186999305e+01
1.293107289980037855e+01
1.477153510657030289e+01
1.414671925673011543e+01
9.528003897634123476e+00
1.424169873310322032e+01
1.821485512487498681e+01
1.634274997018608033e+01
1.054188785746661239e+01
1.407084036756294765e+01
1.888604191752437345e+01
1.767159630619394406e+01
1.070065232277416811e+01
1.085940256787774771e+01
1.488887997447752376e+01
1.659997778354509634e+01
1.391941333482104071e+01
1.642893384267857115e+01
1.874325121884099588e+01
1.847555617805718597e+01
1.186031953256341254e+01
1.580856729442634467e+01
1.985524018087006226e+01
1.945336050174898901e+01
1.312355522568388366e+01
1.473386699044445436e+01
1.814058602682945320e+01
1.912900244518386828e+01
1.060994032118001762e+01
1.349551614638520292e+01
1.501708088652777207e+01
1.566236032138687762e+01
1.020065462800790179e+01
1.212298010835373319e+01
1.599773812405649309e+01
1.644928357647312112e+01
1.054087261297140365e+01
1.350495919140619705e+01
1.616690983907697898e+01
1.348249172386635308e+01
8.408000276980153842e+00
1.458160808917311613e+01
2.143822428044451911e+01
1.938550325208397851e+01
1.138179321532942900e+01
1.391198479752659090e+01
1.797640999047190036e+01
2.018253304744949617e+01
1.236103820881972304e+01
1.786540108777730751e+01
1.995474834982649526e+01
2.054894903637817549e+01
1.403880935256295182e+01
1.285221418102041824e+01
1.508390145855023157e+01
1.594304099930245933e+01
1.268744302981936833e+01
1.499373351767502882e+01
1.893524315475790587e+01
1.859272539012807712e+01
1.094008164665459937e+01
1.322515057204418021e+01
1.698818358473056733e+01
1.661652927704134797e+01
9.525508378190657766e+00
1.308825854894346641e+01
2.065558323661597484e+01
2.024370625183738071e+01
1.155507356741591529e+01
1.259720976980491614e+01
1.896005077517930815e+01
1.904890465922436249e+01
1.542571592984418594e+01
1.619422321822666433e+01
2.056429904416830468e+01
1.900287399304537317e+01
1.084067659975108455e+01
1.556390385974190416e+01
2.095844310907675379e+01
1.937411553283660481e+01
1.321021086955760282e+01
1.609782985897044583e+01
1.900914212091936406e+01
1.701836909296595124e+01
5.215114079239400624e+00
1.264009476899622086e+01
1.954832504277507255e+01
2.153610706047419399e+01
1.356803950351410748e+01
1.623588494748231881e+01
1.830270351128418227e+01
1.852083576030373635e+01
1.363757566559555912e+01
1.648316511221906921e+01
1.886057024640798119e+01
1.700299037841855920e+01
9.320358986805699075e+00
1.190632206754289335e+01
1.502064905674188289e+01
2.121654076721712556e+01
1.642999881658987960e+01
1.882256823808156199e+01
1.870563508326289082e+01
2.117781334288834216e+01
1.450849826243484308e+01
1.595064089491764214e+01
1.558389077653499655e+01
1.477453515343867174e+01
9.824639027152256787e+00
1.553488450621565242e+01
1.855616362508669326e+01
1.954582975184719373e+01
1.494543948457776672e+01
1.834259589826567449e+01
1.970613359646836216e+01
1.446956401467438447e+01
5.173664951483306851e+00
1.116088856155106157e+01
1.896740328979411316e+01
2.203799867028098092e+01
1.362631093049853881e+01
1.396484726961019618e+01
1.973243644944084352e+01
2.279772417027705345e+01
1.451043623489973022e+01
1.621957332224385340e+01
1.687468828195357418e+01
1.417782619635946340e+01
6.639020274492416718e+00
1.184417304225899947e+01
1.743121956934670180e+01
1.567621636447564093e+01
4.333109445568229745e+00
1.023039795059181678e+01
1.219421705168876358e+01
9.176058431355539113e+00
2.893385335630286548e+00
9.937198443405502957e+00
1.870719836601564623e+01
1.835996992644042436e+01
9.261532703914165054e+00
8.902829657729588675e+00
9.802694804156079300e+00
1.095198558475878059e+01
8.517192727907243466e+00
1.110164125502664412e+01
9.671744358354034787e+00
7.395535828971544490e+00
4.216719179307689025e+00
1.411298252504878548e+01
1.678036156345201135e+01
1.407083889599930160e+01
1.758617337808604075e+00
5.418590599738959845e+00
9.943703477854324291e+00
8.955280725444664469e+00
4.001054890674974551e+00
1.076044344704231648e+01
1.456694108948290989e+01
9.974029741742992172e+00
-1.644068031345329972e+00
3.518841691391451754e+00
1.063030930884412228e+01
1.097843873721958730e+01
1.533157911561864983e+00
4.945595623882742764e+00
1.025997929880534443e+01
9.286773814028578045e+00
4.665087111580310975e+00
5.548784411499763536e+00
7.868825619762810142e+00
5.741199862676428012e+00
-7.045022677229500520e-03
3.941484626665894719e+00
7.415569882212287744e+00
8.950794957468280799e+00
3.362161114395545436e+00
1.088296090112184977e+01
1.235621338707961669e+01
1.463358846169903060e+01
7.221741426814165976e+00
8.084792958022438469e+00
1.028670288092790308e+01
1.061224281620567389e+01
2.452277959319102862e+00
7.015223782333787739e+00
9.702484563108413340e+00
1.168004780625891748e+01
5.525066770510595582e+00
3.353010670042198438e+00
1.459994767942170979e+00
3.819863726671424597e+00
4.242340687599231330e+00
1.322937248117169240e+01
1.289684553583733972e+01
7.190892813719461429e+00
-1.430717351374987789e+00
-6.181714332174740534e+00
1.481545537514537259e+01
6.025035456199341155e+01
5.798368602513988890e+01
4.704491171077822287e+01
-5.567450542775346456e+00
-9.532569717079708127e+00
-4.132004115240737185e+00
7.421467218030537438e+00
1.266658021674734869e+01
6.897341195687112680e+00
-1.972890808694550691e+00
3.513766165640291650e+00
8.294656596388270131e+00
7.983086345912986381e+00
-8.644553738706755031e-01
5.268274738666688606e+00
8.238540618152597972e+00
7.160841938373033955e+00
2.480274425409475736e+00
7.457247510220536668e+00
1.515845754997249450e+01
1.213151862804037862e+01
-9.087309766776862086e-01
-3.174174953494812712e+00
-3.768662448480473159e+00
1.825549797952017717e-01
1.322304921232183128e+00
1.392524448936802806e+01
1.518042715355869632e+01
1.206352386577251501e+01
-1.253582988533124665e+00
1.104792535622364902e+00
7.979578537588712273e+00
1.071057597135497907e+01
3.883173969045965013e+00
3.122552133627399140e+00
6.008408102238163018e+00
7.954129732679255049e+00
5.522195081227589064e+00
1.039914396700138077e+01
1.110783779225711676e+01
6.848329169992454446e+00
-1.459628777427682822e+00
8.348743431930982339e+00
1.362427110209699421e+01
1.258189308826884734e+01
2.329466530317871431e+00
4.587956310133803228e+00
9.308013283717489372e+00
8.811188072362591939e+00
2.617399216585710509e+00
7.635463884527926126e+00
1.015654969742279157e+01
1.088485153836120212e+01
3.153823760039495383e+00
3.760819289947324062e+00
2.867216970984661994e+00
1.511893369264209142e+00
-5.218597137172666933e+00
3.243839655189762805e+00
9.765118954847617161e+00
1.035352833529075234e+01
-3.942233274796636877e+00
-9.887613346759315247e-01
4.401848613481373462e+00
9.787105037567151555e+00
3.375558223212287601e+00
5.306097921340204415e+00
1.042741082022027577e+01
9.902441830190470640e+00
-2.316839722099814924e+00
-9.021532812167235571e-01
5.410471480375487197e+00
6.893428364262757846e+00
-7.459698044715824539e-01
1.534730337705858816e-01
4.806577981349785311e+00
1.362600517048424642e+01
4.204948532780581338e+00
2.171396960878631432e+00
-1.342322703882692370e+00
-1.267974273735746671e+00
-2.602495331128452438e+00
3.932077679084508670e+00
7.163006225194753718e+00
1.005725249335394267e+01
-5.337288190305505831e-01
2.483234523864904730e+00
1.950046490873670546e+00
1.476436773786423462e+00
-5.594530989281306432e+00
1.352333953009722478e+00
2.943504839584136779e+00
8.337033336114508586e+00
1.931592742791558903e+00
6.060433769826503614e+00
6.818290243439593112e+00
7.236487400259272285e+00
-7.849489058358624094e-01
5.517121999604068350e+00
6.575539204940094251e+00
1.127557133277842993e+01
-2.214767790819915927e+00
-4.457103314447714126e+00
-1.359981592907169058e-02
4.976636800381289305e+00
4.811496266402035538e+00
8.941431362655308135e+00
1.220221216298373434e+01
9.789908541790557805e+00
-3.201373512433598467e+00
2.249604255589223722e+00
1.065784674859741443e+01
1.508704740765920782e+01
5.400635082274055421e+00
4.140016841144602999e+00
1.891733736029734381e+00
-4.269910651397393897e-01
-1.135444788678647399e+01
-6.295727654284235975e+00
-2.427609650704710020e+00
5.621162884669043791e+00
2.237383006942571750e+00
9.905389664151517337e+00
1.249615718866712655e+01
8.256219283848736268e+00
-2.768533812918958947e+00
5.165211573377467280e-01
1.733853185281905018e+00
7.871459474577902071e+00
1.862032928279248489e+00
9.767568381456483095e+00
1.108627541086111101e+01
4.128714873713104971e+00
-4.436051107192372278e+00
3.369353865389563385e+00
6.720278782105600257e+00
7.277233323092154649e+00
-3.420283924288348487e+00
1.746984255782906503e+00
7.733120019464148953e+00
5.003075808860201867e+00
-6.248864726474279152e+00
-2.417372430390596794e+00
5.366020317503183534e+00
1.230689525819335906e+01
4.200184135087862813e+00
2.344952056592385092e-01
1.741089970674675413e+00
1.341458282393717338e+00
-6.139384144380247044e+00
8.690257002134508246e-01
-1.332522518890588703e+00
6.344428694868664564e-01
-8.001209796681663988e+00
1.564740722925808791e+00
7.785384521625922538e+00
8.214823685408891407e+00
-1.415646738310078057e+01
-1.168906573554963302e+01
-6.915070739507311437e+00
2.835269576672061476e+00
-1.689841442170039842e+00
6.491519115603201939e+00
4.013672737687828729e+00
2.711209575774877756e+00
-1.284649796554615264e+01
-3.350964392070568287e+00
3.270832685808081397e+00
7.515479574073569147e-01
-7.250213509789476873e+00
2.290501438096259612e+00
8.392130894244377970e+00
9.682995110134548611e+00
-9.794833532304476620e+00
-4.284149139276619778e+00
5.187802787405569660e+00
1.184731783249612214e+01
1.405693921891723486e+00
3.931455656445877800e+00
9.133674954764590126e+00
1.557998023276277699e+01
-4.178780611654038801e-01
-4.819427961784255920e+00
-5.977688317870413215e+00
-4.470256411134620578e+00
-1.429106063550274008e+01
-8.307722585557302253e+00
-1.570463965125681316e+00
9.546013885585541203e+00
4.459036584934827019e+00
1.299135250052863988e+01
1.213036518136747688e+01
9.192839004979244777e+00
-2.929075260495588306e+00
-6.685035254271807226e+00
-2.642644696217357314e+00
-2.017435026126842834e-01
-1.495403178256769383e+00
7.899360918618992145e+00
2.962743513036079079e+00
-3.504109977128311737e+00
-1.566860621302766710e+01
-1.725993314211033081e+00
5.921374504652922255e+00
3.920121065246934045e+00
-1.307571461134452484e+01
-5.318231304460890208e+00
3.643232696536715221e+00
2.042490383591532233e+00
-1.086925869372389997e+01
9.293591756629379086e-01
1.490134976794603183e+01
1.395971064545218532e+01
-1.077347228531263923e+01
-1.033873724882694312e+01
1.900993505481551882e+00
5.837377971897170781e+00
-1.068112265045069798e+01
-6.262638877522524794e+00
9.435384992694698880e+00
1.790542055829843449e+01
4.809250372643837146e+00
-5.869227834943949063e+00
-3.508583398314265356e+00
6.633656389052520197e-01
-3.535263508511314323e-01
4.644178840137574760e+00
2.363878515801900448e+00
-1.834843284781831008e+00
-1.641047812847919829e+01
-8.542711120550041670e+00
-1.474493641432450319e+00
9.378465397679525140e+00
8.864168215966982345e+00
1.590425563216579441e+01
7.485696607474361386e+00
1.489741403449213950e-02
-9.767164049565099759e+00
7.525199373798656666e-01
6.530951073088407277e+00
5.928121859734230448e+00
-8.825474130683515384e+00
-6.650743157328945721e+00
-4.193608442718667284e+00
6.477501165948243766e+00
-8.231225833455679819e+00
-1.680744402391574610e+01
-1.162991044841227151e+01
5.063561800349647868e+00
3.244166278808286563e+00
7.221178889624445318e+00
4.662305487668853665e+00
-6.198449197963069590e-01
-1.037313296332903256e+01
4.452400689664610667e+00
8.985597662532278207e+00
1.423269569228755860e-01
-3.058523152478898766e+01
-1.974227485543333671e+01
-6.690504262919215073e+00
-3.365716444284601039e-01
-1.896717279718154359e+01
-1.280770698428684362e+01
-2.119147304471284521e+00
2.970957645881360243e+00
-4.563210768081705226e-01
1.757702114219071277e+01
2.475469571086829035e+01
1.968197972154581876e+01
-1.166930871287537563e+01
-1.046578534603092869e+01
-6.716255701619115115e+00
-5.752145342316802079e+00
-2.224923503089365440e+01
-1.902593734361040134e+01
-2.185831390515135642e+00
1.916102077683109073e+01
1.046645062110196989e+01
3.277785783602113590e+00
-6.847957072883941620e+00
4.436385856860540766e-01
4.397070282062659485e-01
1.927168612917144941e+01
1.385629155185959327e+01
2.417218102581313754e+00
-2.369222960018680268e+01
-1.496149480774561980e+01
-1.334239011729165814e+00
2.776824667780867451e+00
-1.984863723746500952e+01
-9.075562792001546697e+00
-4.722769244454982029e+00
-2.082874854562149380e+00
-1.814196143967793162e+01
-2.904486468894388551e+00
1.946446927638983526e+00
3.855434361954073630e+00
-1.757462995564490527e+01
-9.121156902854561821e+00
5.500118536156350046e+00
2.669377255829583628e+00
-1.430828280019683163e+01
-1.591721474466951491e+01
-1.247077628385428660e+01
-6.843166474725674853e+00
-1.220762765570617780e+01
1.504877877318341772e+00
2.499776103009464290e+00
8.521329260247858528e-01
-2.740422464226343280e+01
-1.800778792876763745e+01
-8.474864493703529789e+00
2.031870934830040110e+00
-4.549994739204466399e+00
2.011069010132798152e+00
7.439307766339911865e+00
1.205638568226218865e+01
-1.189600512203916161e+01
-7.610763056225612111e+00
-9.008814891984940232e+00
-3.372283122881661210e+00
-2.027244310336138611e+01
-1.353512985833103244e+01
-9.935685715769890791e+00
-4.202674087337116227e+00
-2.459544825237820476e+01
-5.004951734539805130e+00
1.255955237946817249e+01
2.245335646893732573e+01
-6.951369711603521573e+00
-4.535197178228063564e+00
6.052044660781518814e+00
1.344419262998351527e+01
-1.968734759016714619e+01
-2.202965839154932226e+01
-5.339820987767280869e+00
1.486186626308365355e+01
1.287315566584924520e+00
-4.815005226824649931e+00
-2.762469307099912008e+00
1.873587202593088819e+01
2.899820507763730681e+00
3.333535483448053505e+00
-1.493213855478947849e+01
-1.384753985630796436e+01
-1.934145085048070456e+01
-7.001977052670723012e+00
6.886468272729569406e+00
2.230407014263727561e+00
-1.275574809434235668e+01
-3.213519727161266992e+00
4.916554215258096328e+00
1.440207061313355652e+01
-5.383122525328976060e+00
-8.810611964813116259e+00
-1.660790645653205999e+01
-1.584185614850408896e+01
-1.914133142261080422e+01
3.791695197863431677e+00
9.578605608063456955e+00
8.699486265905894911e+00
-2.035650190012027494e+01
-5.693825320244391364e+00
3.468331821094441825e+00
5.945944323227857709e+00
-1.711856495294538760e+01
-1.126597809578477083e+01
2.593995183990464248e+00
1.940688414663086903e+01
-3.531793279261765228e+00
-9.368021730203091479e+00
-1.112686515762685602e+01
-4.192822853622789836e+00
-1.890597357525834354e+01
-1.516017806775572119e+01
5.086435041401749402e+00
2.861826749499417843e+01
6.287929276126281053e+00
-1.528617103795581933e+01
-2.645292404415759435e+01
-1.388433280508136747e+01
-8.996658775763995308e+00
1.000325206152981750e+01
2.428242199435991733e+00
-1.048637569842016148e+01
-2.612869826030088660e+01
6.516731127202326945e+00
2.245996277549553000e+01
1.915600571916446526e+01
-2.431182604706027206e+01
-2.081429784069641187e+01
-6.969956425480141604e+00
-6.598063716144416668e-01
-1.495119029533928412e+01
-7.078846032868026050e+00
-2.171684409907596258e+00
1.612637565457473832e+00
-2.952156915686750338e+01
-2.399254610671135168e+01
-1.520173739719308692e+00
7.288026264662240017e+00
-1.065883048533132893e+01
-1.016649066225725839e+01
-1.569264824501692024e+00
7.644388525550493974e+00
-1.094375997745502183e+01
-5.814240646684885050e+00
3.510314240138795228e+00
-9.816675723800399878e-01
-1.858852690128010110e+01
-8.232732682339827246e-02
6.986237754465130401e+00
1.023145751230925882e+01
-2.723405545230315283e+01
-1.790844696718452767e+01
-5.503382861767315504e+00
1.000991079228153247e+01
-1.033317349619598957e+01
3.373386355306085438e+00
-2.625721559470606259e+00
8.357222644525954536e+00
-1.427232263843476012e+01
-2.969678998326312325e+01
-1.807194242022077901e+01
1.332420911589740520e+01
6.429300724080675877e+00
5.902372444423460429e+00
-1.794920876984928881e+01
-3.186610972608644676e+00
-5.503604919218810565e+00
-1.172846748351590485e+01
-2.591661584823531150e+00
1.950427490028705790e+01
1.410642556531648850e+01
-5.812989484731525103e+00
-3.961090339298727514e+01
-4.145043942306298135e+01
-3.056660782310907365e+01
2.934581096548486201e+00
8.132199476077342837e+00
1.551515461009218910e+01
-9.251976655072192912e+00
-4.264702941873781405e-01
-1.994548913914363730e+00
7.493522815583255614e+00
-3.968926170336863013e+00
-6.789936221734274469e+00
-1.182349818350325243e+01
-1.509115912490197964e+01
-2.629992071283657040e+01
-1.351676870402277686e+01
-1.231060787290416592e+01
1.225025311899859526e+00
-1.727941960843743274e+01
-7.147793564648369014e+00
-1.530555188549243262e+01
-4.037422272557988912e-02
-4.982920619338307766e+00
9.225839720329526372e+00
1.236039257152264526e+01
5.452375158384213272e+00
-6.725014581344098019e+00
2.485655591550145704e+00
-6.369942190818825623e+00
-6.420863283076272410e+00
-2.617572034301062089e+01
-1.143856304784045008e+01
-3.539789827848207171e+00
9.031157044075103002e+00
-4.118718507294094167e+00
1.129676865127207996e+01
6.658314205217672921e+00
-6.391009638789585168e+00
-3.244293686544818200e+01
-2.562891970056547208e+01
-2.294085060472026871e+00
1.723086865877257523e+01
1.515886690280861870e+00
1.312487760685594651e+01
1.946163525403570294e+00
-2.691306153651723321e+00
-3.521995950982012147e+01
-1.547966031918589636e+01
-8.142773104170381027e-01
1.103635468059072444e+01
-1.660404850003151012e+01
-1.850028474639870524e+01
-2.432580654371538742e+01
-1.571433671358382966e+01
-1.999731097428294291e+01
1.335923442802598338e+01
1.371835143806571544e+01
1.981508651615889249e+01
-1.609930567889741937e+01
-1.155574548696012904e+01
-1.008724909204742559e+01
1.763808462823287293e+00
-9.704892327207105041e+00
-1.416979865971671693e+01
-6.681410911280710074e+00
7.269937364618351161e+00
5.595704278416031130e+00
1.952948861905023259e+00
-1.357747922798609785e+01
-9.573863208078465803e+00
-2.539694312445284652e+01
-6.229614999707840717e+00
-4.048613727409622776e+00
-6.781101327708034532e+00
-3.351075136075378680e+01
-1.461238134821884316e+01
4.132884893891255018e+00
1.984552722969193894e+01
-1.365670949050040051e+01
-1.970660816532916826e+01
-1.314793614460442406e+01
6.578216243291431731e+00
-1.394466048167447170e+01
-1.022944439427186758e+01
-2.246153100536073310e+01
-1.888040380780659167e+00
-1.648317026603121960e+01
-8.856580529642363864e-01
-7.430084025131211689e+00
6.178871797545876454e+00
-2.330515053521451563e+01
-1.187520899248535855e+01
2.089111570318281430e+00
2.342195341151805366e+01
1.149740048642061652e+01
1.726561784275654787e+01
3.031129387960454125e+01
1.393034973987908387e+01
-2.607319660416984775e+01
-2.243520472796247489e+01
1.117155029711056358e+01
2.672024803867199338e+01
-1.034171731980793218e+01
-3.139701170752866233e+01
-4.083925490435214556e+01
-3.301423384032986519e+01
-3.618831750608276110e+01
-9.723239594757556503e+00
1.054807220675322288e+00
1.393904987249485394e+01
1.384298586009960985e+01
3.329195619998879607e+01
1.353755668985072269e+01
-2.983815672783477524e+01
-6.806599822943718436e+01
-4.181663184463356231e+01
5.395324418177333214e+00
5.632725039638120990e+01
1.683984145479471195e+01
1.274475003792530714e+01
-9.711486946319293878e+00
6.846932246788567156e+00
-1.544061724595287721e+01
-2.327170329932452120e+01
-2.232520527142100875e+01
-9.076355108079622980e+00
-1.930076687696917404e+01
-6.271121950145076340e+00
4.067140994117784403e-01
-1.734145754263738404e+00
-4.639308531133639235e+01
-4.402882555483181193e+01
-3.296327948129771102e+01
-3.331125520128347262e+01
-3.950625116800789272e+01
-9.973758434518581240e+00
1.336856907745458756e+01
2.640639878871578006e+01
-4.729760860702710090e+01
-1.411246139291070456e+01
4.559709314891296827e+01
6.597133546851986807e+01
4.980916089007654080e+01
-1.709914654794889088e+01
-2.005192626908742426e+01
-3.252199371863242483e+00
-2.385079940572427404e+01
-1.693530340686520219e+01
-1.704804968328323511e+01
2.202311522843426062e+01
-5.908849206820206312e+00
1.328555522077093709e+00
-2.379866057534587753e+01
-1.482740027135069205e+01
-2.064435996163195242e+01
-5.384541379117944615e+00
5.243342189491880134e+00
-1.615421912101312785e+01
-4.131559271288395507e+01
6.200200629272146990e+00
3.604302355656378865e+01
3.511533522676358388e+01
-3.725501424014902341e+01
-3.556731097824889076e+01
1.127623209351797406e+01
4.391951030061382966e+01
-1.073004200963722887e+01
-3.024262209608499319e+01
-4.194329177390454788e+01
1.333233988256525215e+01
-1.018596948686049330e+01
-1.221877233878162272e+01
-2.395819604846352036e+01
3.156122953237656148e+01
2.346185831279321476e+01
9.806013058572734309e+00
-5.112542971628013078e+01
-4.770896323875697931e+01
-4.766718662313031274e+01
5.976155989533725510e+00
-2.489573068007040924e+00
1.463284948759331572e+00
-5.257184161723946403e+01
-3.638662175514571828e+01
-1.820878398690551947e+01
1.364075584210144854e+01
-7.556918716178506301e+00
-2.603885621782645643e+01
-1.079939992759228673e+01
2.179634907046017744e+01
-2.046245643421976723e+01
-3.890446898353246041e+01
-5.753467954028972287e+01
-3.363583197054351359e+01
-4.159391783694826472e+01
-1.808653157347202267e+01
-1.852381747286036529e+01
2.357453505867705523e+00
-3.985246513848679939e+01
-1.617226486846486466e+01
1.499897304203463300e+01
3.063706230476905645e+01
-2.526193763179560392e+01
-5.322139474368261602e+01
-8.456470445722692375e+01
-6.065849221668307933e+01
-4.542017465248351726e+01
4.195184136362952643e+01
4.388569522338588058e+01
2.023505168316134473e+01
-5.968389559268403843e+01
-5.930779630478164677e+01
-5.547627164661277988e+01
-1.101899881181968865e+01
-1.029548655602119744e+01
3.793108285585759631e+01
3.057301272539344339e+01
1.498882737544370514e+00
-3.824756732486462596e+01
-4.664711020381596462e+00
1.685458196338093728e+01
1.578854299168540010e+01
-1.962924918604712943e+01
5.319030798501690249e+00
-1.317839722611836351e+01
-1.892818822217375541e+01
-4.462302351701951153e+01
2.084394526465906239e+01
3.674930247709029629e+01
1.547171800658050067e+01
-3.188566952204227434e+01
-1.015164819587014122e+01
8.254041988191183066e+00
4.589660624683268253e+01
-1.409924495226234420e+01
-3.108859014927199027e+01
-7.809141535650915955e+01
-2.525277035384538138e+01
-4.262814807982197607e+01
-4.819105926988537902e+00
-1.748260364715026993e+00
3.725738732238561823e+01
-1.169230269096877528e+01
-3.398902170727321703e+01
-3.466908690310993535e+01
-1.444203359450797475e+00
-8.461023398748308111e+00
1.565375228928875551e+01
-2.935815992164590327e+00
1.856596838616360046e+01
6.309192586569664307e+00
5.418581064867296959e+00
-2.378786387924107970e+01
-3.879276107389686956e+01
-2.906182137731898152e+01
2.581791670647238846e+01
1.123679786736650499e+01
-3.198734740057567905e+01
-8.268390182939322131e+01
-5.989637374209611664e+01
-4.540241032795957921e+01
-1.773156436907147526e+00
-1.412691609758647182e+01
7.513767516572372962e+00
1.539890467860684353e+01
1.553528106014880272e+01
-3.735132071833072587e+01
-1.441207592196303189e+01
-4.427201780496057637e+01
-8.699816713965008219e+00
-4.721514737175360921e+01
3.107521696282319823e+01
2.734126835182659576e+01
9.545817137513950001e+00
-5.623116465490765847e+01
-5.159823929647713925e+01
-5.049537175469716033e+01
-3.819426952423707178e+01
2.096336872152757269e-01
2.908040414023289344e+01
-1.334255723670777449e+01
-3.371767526600823572e+01
-6.940104286249713539e+01
7.532053980755176736e-01
1.289875282933740941e+01
-7.609214748941507622e+00
-5.161575877531494427e+01
-1.868199412027525241e+01
-2.261234719536553417e+00
5.858366486758166758e+01
-1.239764008753619606e+01
-3.107585012790351797e+01
-3.199787797874801143e+01
-3.082919210496164908e+01
-6.639417317896251802e+01
-1.486871940620109278e+01
3.623341378837531579e+01
5.368825981081841547e+01
-8.790110908751958618e+01
-9.873193376266839039e+01
-3.513286478963772907e+01
1.137542976577726677e+02
2.906663479284998886e+01
5.159458580508420766e+00
2.150446700322952509e+01
9.981150037772719941e+01
8.088137212693622757e+01
5.637060643777230950e+01
-2.553529022223434808e+01
-5.126803882866015272e+01
-9.004432164948731554e+01
-4.527445384779317550e+01
-4.218039432333186056e+01
6.827530506089126483e+00
-7.062271594118348617e+01
-4.146874270682025099e+01
-4.619746235212060270e+01
-2.225116653589692817e+01
1.907190676291062204e+01
1.585123070424159231e+01
-6.902296333664092742e+01
-6.627150867257094546e+01
-8.699579050378444833e+01
5.916725724392006214e+01
9.607069849799529493e+01
3.918705584408139231e+01
-6.976593338678090106e+01
-4.410595545669458772e+01
-4.772590884232946529e+00
1.522098332554151057e+01
-9.216637462174932693e+01
-8.087141245642214926e+01
-6.477893975389531711e+00
7.333202923156429165e+01
-5.472097824345015482e+01
-4.389624029770845226e+01
-1.144276816489107773e+02
1.734659967414509296e+01
2.693221320836120469e+01
1.575865278445577644e+01
6.360922542028004756e+01
2.876226210027019548e+01
-2.638001434786743005e+01
-3.553324148081651401e+01
-6.385665612488388376e+01
2.223732615487630682e+01
-5.449246656434609548e+01
-9.408719239188992844e+01
-1.325995121015593270e+02
-8.407465225143555188e+01
-6.521942348358538766e+01
5.063922753263470078e+00
-2.398495382760104278e+01
-1.860857073839667208e+01
-1.634397574354032372e+02
-1.423183321520196785e+02
-1.585621446848596179e+02
-5.880050434673255921e+01
-8.155967415622295391e+01
-8.902219082596896271e+01
-1.045042068228645462e+02
4.385352102788351658e+01
1.312676812104491262e+02
2.337420352530585035e+02
-2.918562203441147673e+01
-1.734372500129868229e+02
-2.888817361815573008e+02
-3.491047933116517044e+01
2.748416923062695361e+01
-2.085774813244766790e+01
-1.361056745130317154e+02
-7.004074308286108419e+01
2.821801854995312198e+01
7.701505903113853435e+01
-7.089232356708374994e+01
-7.792220070559933731e+01
-8.253845539858469138e+00
1.139362558030809396e+02
7.629151064622845979e+00
-7.948243491246095971e+01
-1.255207521687184027e+02
-8.623467765626803327e+01
-4.523815743525668864e+01
4.662393219788317111e+01
7.218299798843822224e+00
-6.587988785669244862e+01
-2.863298269584358877e+02
-2.746557229326123206e+02
-1.700211714419291127e+02
-2.628910186483861011e+01
-5.922691959063398315e+01
-5.509712644881193455e+01
-1.956365863974127990e+02
-1.639872256087698190e+02
-1.759144682650999414e+02
-6.795523252221389043e+01
-4.870038751076205585e+01
1.827757161889333659e+01
-5.532836183097259664e+01
6.869925458962208609e+01
-6.039280196627652941e+01
-1.051862870873601281e+02
-1.881129399697602196e+02
-8.679036117419114760e+01
4.279927959963447215e+00
2.517025417493388417e+01
-8.103657856933229198e+01
9.186733201923720671e+00
2.629723930425160816e+01
1.928164802335261285e+01
-1.651935250116878251e+02
-1.310954695970354749e+02
-2.085819536212257219e+01
6.994093506183288866e+01
3.703506584104521693e+01
6.173612851443255778e+01
8.951333709830446139e+01
2.837897798754549328e+01
-1.385357372903085320e+02
-1.355702857846582674e+02
-7.675200762393666309e+01
-6.052873079274993984e+01
-1.371427932737353501e+02
-2.645803334891752456e+01
-8.417240001700106689e+01
1.118636933146326555e+02
-3.918232344000121969e+01
1.698590334152981329e+00
-1.708734465396472899e+02
-1.995839076501873706e+02
-2.556775629717444360e+02
-6.153194184350929419e+01
-1.371054330614397898e+01
2.450960856553077605e+01
-1.836955858418780565e+02
-1.991297994460729512e+02
-1.967094006418240610e+02
-1.221366370578157898e+02
-3.535715856108561752e+02
-3.712557157437990440e+02
-2.572628301793444052e+02
6.182590100088524565e+01
-3.223372456386414342e+02
-3.643996058246995062e+02
-1.904065581612802589e+02
1.663320836886083782e+02
4.701269498493572030e+01
-1.875046270629250671e+02
-2.927964880471838001e+02
-5.298606150689683858e+01
-1.911369291223475386e+01
-2.246860381825773345e+01
-1.041564015181810561e+02
-1.556211493640996650e+02
-1.961226158502301473e+02
-9.723047001371786280e+01
4.844568437472747569e+00
8.860365491552092010e+01
-7.018564088474994378e+01
-1.253614338707841398e+02
-1.356694463669927870e+02
5.411836543873728145e-01
-6.153066383158462571e+01
-8.231087390603300946e+01
-1.742237374074709066e+02
-7.659827195124711885e+00
-1.294621440871626135e+02
-4.388087998601108666e+02
-5.052042476457622797e+02
-2.845820070204090939e+02
6.012545007162069055e+01
3.939655348619760389e+02
1.731064738077359380e+02
2.867986453871217023e+01
-3.163027005657184532e+02
-2.418967369242408552e+02
-2.646234246378450621e+02
-2.164263902667077843e+02
-9.235149292547741595e+01
4.957517163853721343e+01
-6.606936231365568801e+01
-2.056895833553034265e+02
-1.726700975141057768e+02
-2.110680454935616268e+01
3.463177741581964142e+01
-3.498914022140772317e+01
-1.474403407615197068e+02
-1.557671609449417076e+02
-1.876658945523666659e+02
-8.381589210448356653e+01
-6.527314434736234716e+01
-1.319146518046983942e+02
-3.968018338301458812e+02
-3.368611247994127211e+02
-4.648959682984955748e+02
2.697704631405569931e+00
-5.199414896380228868e+01
7.660058949970478182e+01
-1.648983230723379450e+02
-1.493075797304715309e+02
-1.872949513779388440e+02
-1.004023868477663655e+02
-3.975123272204466218e+01
2.378737035305507419e+01
-1.054084841940955499e+02
-1.566054230949047223e+02
-2.541552670393565165e+02
-4.326258066836371796e+01
-7.480829414514840892e+01
-2.500903795391213325e-01
1.122156935836940317e+00
1.962228121080788128e+02
5.688342576508183868e+01
8.532837774661099672e+01
-5.971842135066344781e+02
-4.493514184779726861e+02
-8.248852105196301636e+02
-3.442241694213552137e+02
-3.298526614922515705e+02
-4.061124061835627117e+02
-6.533406568605214488e+02
-6.506920389042312536e+01
2.774275482810584492e+01
-1.485719874004514054e+02
-3.115029128647063317e+02
-3.656509360905053541e+02
-3.788552424667448690e+02
-2.569605658283076082e+02
-7.807377620487761760e+02
-2.535698205487838379e+02
-2.606657483594566429e+02
1.100561428254442831e+01
-1.242108461898099563e+02
-2.596168585124190145e+02
-3.742145847264575877e+02
-1.712918226242212256e+02
-1.974856038274114667e+02
-9.643516963536389142e+01
-4.281685284102417768e+02
-4.560388254413521167e+02
-2.242639838810208914e+02
3.867222847761360640e+02
2.769580547605395395e+02
-4.698518040848295527e+02
-1.774894875411064277e+03
-9.678230741260223340e+02
-4.599386183558818857e+02
1.847066731951846066e+02
-1.249700232022573232e+02
-2.563502177053084097e+02
-4.108747860285960769e+02
-3.835345331894116612e+02
-1.956005476524426570e+02
-7.402645191453507856e+00
-2.366042541985751768e+02
-2.159548455512610587e+02
-3.171177883939367916e+02
4.614264194067767022e+01
2.112479094672800670e+02
1.573507922636514706e+02
-3.575165965404410713e+02
-2.158517985435237563e+01
-2.577483006827860379e+01
-4.879260001335751440e+02
-2.389751852019455328e+03
-4.638078906614517109e+03
6.677484657569126512e+02
-1.365193580328559904e+02
9.481136753226638803e+02
-2.202589995324842675e+02
1.020476858345022833e+03
1.676881513568053492e+02
-3.960468076355192011e+02
2.205496188113492462e+00
1.276779953835264791e+02
1.612700089911906787e+02
-2.970032874302757477e+02
-2.585100329716351553e+02
-5.308349857329285442e+02
-4.163074005847472563e+02
-5.997053709769195393e+02
-2.475260545503068954e+02
-3.113881383756591958e+02
2.827755685724482646e+02
4.072925666199148509e+02
4.833441072966637080e+02
-1.343174209928199616e+02
-7.276166313802176546e+02
-1.394217565474092908e+03
-7.297664097264481065e+00
-1.447680460844818242e+02
-3.945991724155575184e+02
-1.587096501594106485e+03
-4.954980001038923660e+02
-4.658115447914785250e+02
-5.364391905429783947e+02
-8.754539216340940584e+02
-1.539827204983250795e+02
-3.595574874135620007e+02
-3.230014808997622140e+02
-5.473081225801660139e+02
-1.193703939818946793e+02
-1.974117510091425913e+02
-1.903660202755049511e+02
-1.780078246106146196e+02
8.760918308459640969e+01
-1.162796246456953213e+03
-2.295956768763142463e+03
-3.269574014588457430e+03
1.605577647608600500e+03
-4.493884884265091387e+03
-2.314771899496899096e+03
-8.559988506695295882e+02
-3.468322530923376945e+01
2.016503471681069470e+02
-2.139314296902838635e+02
-2.433756152573520524e+02
-5.683453173770321598e+01
3.650071262058445853e+01
1.128740596021375069e+02
-5.869699050692125866e+02
-3.083139655054255286e+02
-5.056405520547366450e+01
4.298564304052898706e+02
3.711318210616977353e+02
5.282306705653394374e+02
3.960192363914843128e+01
-3.577990245204359354e+01
-3.629741000467515732e+02
-3.988404850031531623e+02
-4.894724436639686473e+02
-9.240486722253951939e+02
-1.155332410499620892e+03
-8.480082380025284294e+01
-4.727369074691969786e+02
-6.502470001558398280e+02
2.232897794461568083e+03
1.524494000313059405e+04
-1.048723920673823841e+03
-1.031671991349583095e+03
-8.636536908626760578e+02
1.343833567087361871e+03
7.733804241574199523e+02
8.682449074006009937e+01
-6.909586505999211568e+02
-1.897119736886152168e+02
3.444165159938405623e+02
1.758766907647894016e+02
-6.975435343724947188e+02
-5.562862952511441108e+02
-3.266872206706701149e+02
1.996448868533651080e+02
-5.829042509799301115e+02
-8.212088583597603701e+02
-6.626704369480664809e+02
-1.058560852401152488e+02
-2.267757603553942545e+02
2.424426330633622229e+02
4.767801497024349544e+01
5.436845617771201660e+02
5.183499416023806816e+02
8.637772529097269398e+02
-8.664080060265837346e+02
9.420292488920922551e+03
-6.923018996918017365e+03
-7.128524560584112805e+03
-5.052606581443393225e+03
1.417851332398277009e+03
-1.494565773948712149e+03
-6.339357488675501600e+02
2.333266606402564776e+02
5.832138369721986919e+02
-7.747156295079689414e+01
-2.832299905834951801e+02
-8.425988429041583458e+02
-6.630106191144055856e+02
-7.279088718668006095e+02
9.980803096696388366e+01
-1.676680783281889546e+02
8.193842839763279073e+01
-4.023448806258467130e+02
2.962027171296388133e+02
-4.152129780609048453e+02
-6.812546807058150762e+02
-8.554287168379853483e+02
-3.061548813754753837e+02
4.668537608941201711e+01
-1.116721956344724447e+02
-8.284099111734454937e+02
-1.134179713529583523e+03
-1.866698298071172303e+03
-4.970195240320689663e+03
4.446963066853677446e+03
2.133086333177493543e+03
-2.358029640018700593e+04
