2.241532387927905745e+02
-4.728837982442463499e+02
1.090079164718716356e+03
5.250835216688890796e+03
3.684564702340010740e+02
7.705523739026246767e+04
8.955323053718868323e+03
-9.317077746311902047e+02
6.073168800615538885e+02
7.903809401205820905e+03
-4.424325300692583369e+03
3.879806271170977652e+03
3.175857720367352499e+02
-4.131016392391120462e+03
-4.490246568523622955e+03
2.872925239790529758e+03
2.038374240297763026e+04
1.427171663592928780e+03
9.404829584517661942e+02
-1.014760161364052010e+03
5.300692566447742138e+02
2.226819585598932917e+03
2.814646694082282920e+03
-1.253506934704698097e+03
-1.145977203410370385e+04
-6.084678836046052311e+03
-6.138536994217130996e+03
5.549703157439977076e+03
5.530645222966930987e+02
-1.118454593267902965e+04
7.965802682554884086e+03
-7.610114539504456843e+03
2.695247859941329443e+04
6.977815429077934823e+03
5.828517375720730342e+03
-8.994768590335563658e+02
6.396169030180216168e+02
2.243819596376373738e+03
1.373966389097779484e+03
-4.497224671074604885e+02
1.731952048473482080e+02
1.292043849218444620e+03
8.592024527605306048e+02
-3.731066804533178924e+02
7.669022087526380460e+01
9.882410739330784963e+02
1.160184907807090212e+03
-3.450210378682142931e+01
1.375098384499503709e+03
3.297402915828240111e+03
5.493020351285655124e+03
-4.456629659243298192e+03
-1.276317186931133385e+01
2.341621494485212224e+03
1.403868058802138194e+03
-1.516847332000332642e+02
3.302214086632872068e+02
6.518217345711078679e+02
2.965427745661910990e+02
-7.753555865081904130e+02
5.396613119063825792e+01
1.537683496961193896e+03
1.393555257434394207e+03
-8.677961015495066022e+02
3.425180613994052692e+02
1.758100308422093121e+03
1.000249973762290665e+03
-5.805245494521685714e+02
5.218079902741445721e+02
2.055375714586696631e+03
1.409127318061397773e+03
-4.843511483062653724e+02
5.368044716644504888e+02
2.189726536151112214e+03
9.586068819033542923e+02
-3.374781484979891957e+02
3.075355653256295909e+02
1.329934015908757601e+03
6.594184057715481231e+02
-6.582397300648339069e+02
8.522236015252366315e+02
5.640902599037077380e+03
5.109082617717483117e+03
-2.089059831506205228e+03
5.851475767492578370e+02
3.577590570988035324e+03
2.217459812542308555e+03
-1.179377321522819813e+02
5.747404550412946946e+02
1.451271435943365304e+03
9.078234561635657656e+02
-6.060019130293544549e+02
1.694303412809716747e+02
1.048760766982487212e+03
6.774695398818880676e+02
-1.088586374144707491e+02
8.289368903241379485e+02
2.157561823958778859e+03
1.582808638440699269e+03
-1.011485187537861862e+03
1.643668979438909616e+02
1.352315209325344085e+03
8.221843851211472156e+02
-4.389187470780764784e+02
9.490071782281646051e+01
7.060254813107451355e+02
4.091525208482218545e+02
-7.482992492788732761e+02
9.850369090989883603e+01
1.624179567666242974e+03
1.359004350981066864e+03
-7.029523957077062732e+03
1.158887330528129496e+04
-3.447430019868553063e+04
2.275937504712626833e+04
-9.335572697522252383e+02
1.418080370754297064e+03
4.330833896074428594e+03
1.280174380999883397e+03
-6.381163016506661734e+02
4.361987442375192927e+02
1.579657855935553243e+03
1.272031932179311980e+03
-5.143177052026999263e+02
2.784501131039621669e+02
9.392509885227253790e+02
4.630761746143036817e+02
-7.399858842691056680e+02
3.819607305479201500e+02
1.712835675248008783e+03
1.142361393979254217e+03
-1.077608497885187035e+03
-3.137327148278363893e+02
1.306051225265805897e+03
1.040811570279240641e+03
-5.393763229258187266e+02
-3.441907526474582113e+01
8.320098130531847573e+02
5.997425999515164676e+02
-6.714921216157276831e+02
1.282527474510876573e+02
1.956863000863851994e+03
1.952779525759421631e+03
1.771793715003719285e+02
1.472061043211104732e+02
9.162736022483467195e+02
9.941424415386915143e+02
-8.135730636526932358e+01
1.621341724156540636e+02
6.142224867811112290e+02
5.185825589469487795e+02
-5.289490253940882525e+01
4.404514665138322584e+02
8.757743729068652101e+02
7.350939196071650485e+02
-2.861655858164001529e+02
3.159728561916477929e+02
1.537939066292505231e+03
1.791794201158551232e+03
6.711539315604416522e+00
5.330423475126467565e+02
1.095601781327564368e+03
7.335688157876091964e+02
-2.043652768531771358e+02
2.301988226194251865e+02
6.344837982442459179e+02
5.062626560007568628e+02
-3.046719940854790138e+02
2.474782986306651651e+02
9.119801505103117734e+02
6.384870397400957245e+02
-4.630518924123724673e+02
-2.784104095705598638e+02
7.318534822959298936e+02
1.117516968110449397e+03
-7.564700804202385598e+01
2.230731374723034151e+02
8.347835475779974104e+02
9.994646697137385445e+02
-4.502506749285178103e+02
2.604983906483500959e+02
1.096933748958949081e+03
5.109717366063283635e+02
-9.265784250390331636e+02
1.721929385938141479e+02
1.182398910580801157e+03
7.556125025045068924e+02
-4.622100670095076111e+02
4.933703646815592947e+02
1.681157459878839973e+03
1.443956578944755393e+03
-4.398965774540175175e+02
2.968635200840356561e+02
3.662230094784780704e+03
5.820277588094209932e+03
-2.927863487611261917e+01
1.806010968997955842e+03
1.802597647233368662e+03
1.138780057175940328e+03
-5.648868432662304713e+02
3.976594073909083704e+02
9.695933661960181098e+02
9.214795772174901458e+02
-2.717363253856973415e+02
2.046825737431447578e+02
7.725885710745153574e+02
5.591445733633643158e+02
-3.599747216681827808e+02
6.790877718595883152e+02
1.674255212716218466e+03
1.020554549514261453e+03
-1.090019825620460779e+03
2.911002025868756959e+02
1.429626445882152211e+03
4.025792649916094774e+02
-1.272047604763725531e+03
-4.222883277681601157e+02
1.091499675917964169e+03
1.223072615980075170e+03
3.902563155893300006e+01
9.543203828261020760e+01
8.062292573222033525e+02
8.986686304296413255e+02
-1.753058935110333891e+02
3.108844147196819563e+02
1.190120034164768867e+03
1.392733538159509862e+03
-3.566333378576365476e+01
4.690032681733982258e+02
9.819283118383852980e+02
1.024927058932956470e+03
-6.759839367548597977e+01
3.889863961703854329e+02
6.896960984478063210e+02
3.600545314634473471e+02
-8.627154817638810300e+02
4.725506585254070160e+02
9.305938709854319768e+02
6.885195849584648613e+02
-5.790279920523630608e+02
3.106291490520364960e+02
1.112273842090670996e+03
6.092975035063100222e+02
-1.428948442072257421e+03
-1.300850822341080857e+02
1.490653968271662507e+03
8.187774661056540708e+02
-1.000316949385671478e+03
-1.407563783440368468e+02
9.283268387853735248e+02
8.183356647268562938e+02
-4.393700121631097204e+02
2.938541696893480548e+02
1.152530455825890840e+03
8.107237931502500032e+02
-3.852387351333653100e+02
1.987132380079805500e+02
8.106564653292559797e+02
5.355262930064201328e+02
-4.136382165713274617e+02
-1.773055182992428058e+01
8.252719898861225829e+02
9.259495996018623600e+02
1.188872984412127209e+01
5.997775328925383747e+02
1.675133005838841882e+03
1.296080787741570930e+03
-9.539114539504453205e+02
-1.559067936320484762e+02
1.113295477705619987e+03
8.798806217656800754e+02
-3.202030846712136736e+02
5.169854128598614125e+02
9.754413422310893793e+02
5.623068876865291941e+02
-4.841952478157057840e+02
4.733076192812595195e+01
7.278784968213503817e+02
3.969312006312708832e+02
-9.876087553110053250e+02
1.662429268568521366e+02
1.773507328086290954e+03
1.813649306601084845e+03
-8.259989643755569659e+02
-3.119157985858210509e+02
5.719174304871511367e+02
8.633149565326109496e+02
5.973569714287169319e+01
2.991582465459090372e+02
4.438923144083139505e+02
4.794357083368178678e+02
-2.636613528528496886e+02
2.589399072176057643e+02
8.510348896524727706e+02
4.286558033395938878e+02
-1.393906786811387747e+03
1.467731412236953929e+03
4.048990253937612579e+03
1.536990231064575255e+03
-3.610612986489575178e+02
2.102721802470231580e+02
8.875066662280532910e+02
4.428016200304826384e+02
-7.325121561222584887e+02
-3.217602102229973582e+01
1.615506891093153399e+03
2.040374237413295305e+03
-1.399298866164193669e+03
8.870702275751476691e+02
2.585549511005304339e+03
1.861086637074751479e+03
3.546427176002083570e+02
1.253040574789003131e+03
1.602402658117954616e+03
5.161433875092798189e+02
-1.269157272371631052e+03
4.476893370063900761e+02
1.974770838489669586e+03
2.616644382716330711e+03
-1.356333035828159836e+03
-3.752932141608159213e+02
5.281107994389872147e+02
2.467019781193537256e+02
-8.730925523042641316e+02
-2.065257071202282759e+02
6.713667955855877381e+02
5.826395228583144217e+02
-3.152022413062297232e+02
4.812939256542231448e+01
5.786770854204221450e+02
5.257379183216486354e+02
-3.285359158322811481e+02
-4.582865999856205264e+01
5.069817907168022657e+02
4.883221710282090271e+02
-3.008791392963996145e+02
-1.707090155970773822e+02
7.780431648587120890e+02
9.896054187860593174e+02
-2.096169085441598057e+01
4.983318587385637102e+02
8.032278842657586893e+02
3.430204434984624413e+02
-2.832370423625259832e+02
3.376098278312863954e+02
6.920290461176437020e+02
3.172349826587071675e+02
-5.365220962865371348e+02
9.801650408192428188e+01
1.043434695923337358e+03
8.206140087336526676e+02
-2.379878447872847005e+02
1.673779449728025668e+02
1.060259030699703544e+03
1.060182294797298937e+03
-5.419936832590202584e+02
-2.662760389135950732e+02
3.238887084471343769e+02
5.499485690267040354e+02
-1.366840062203848731e+02
4.713615821608356349e+00
4.885954557561012166e+02
3.382140318842440934e+02
-6.203658098137569823e+02
-7.581259699071779323e+01
7.479587144834397350e+02
7.827604200381180135e+02
-2.153801113849592070e+02
4.713066409270459189e+02
8.500550659512175571e+02
5.186096203720793483e+02
-5.150219588808303115e+02
-4.048637958834939354e+02
5.171489921389445499e+02
9.248016236313779928e+02
2.264981087169003615e+02
4.711590584414194041e+02
3.079330727116799267e+02
2.299520523299086605e+01
-8.121619278337385595e+02
4.003920577136253769e+02
1.742517632061320910e+03
9.825546352598418025e+02
-1.083306908957870519e+03
7.097310326783687628e+01
1.155921879382883617e+03
1.039989587317776568e+03
-1.060342673353791696e+02
2.908099141241852976e+02
9.130017904708525975e+02
4.891767007774483886e+02
-6.680700896479763742e+02
-1.701724649865893468e+02
7.197758877447128043e+02
1.421343019301859840e+03
-1.572701041085418183e+03
-2.057085733042974312e+02
1.750176607820382742e+03
5.650483691156873647e+02
-1.193620150257378555e+03
5.543056369528371761e+02
8.825265630431532600e+02
2.975054690279231977e+02
-7.179256285133187703e+02
-2.782340985704111631e+02
4.509045133168514212e+02
3.785812989838473754e+02
-3.899363275239851987e+02
2.266087995428784438e+02
5.845662498491768702e+02
1.614487595824280959e+02
-7.822967413768122924e+02
-1.571979890602362762e+00
6.148361608718786329e+02
6.124642932527710855e+02
-9.757660571145711970e+01
3.911373863218486804e+02
1.123945076446230814e+03
1.132752415887020788e+03
-2.704907318020992534e+03
-2.959463260035010990e+02
1.232063432904950105e+03
1.180971038614808322e+03
-8.257293634788686632e+02
5.790091967706795231e+02
7.996689831452528097e+02
2.465947307303680134e+02
-7.044529288521820263e+02
9.788867461430470485e+01
8.891866583529217678e+02
1.014023879687546128e+03
-5.712099710513509763e+02
-1.351069123043799038e+02
5.666937786652918021e+02
1.000416372365870984e+03
-6.955393698556478057e+02
2.291965537967501376e+01
4.333721265653952628e+02
3.677985724622711814e+02
-4.596364429111915797e+02
1.248453953959250157e+03
1.867152349228609864e+03
1.019983637213648990e+03
-8.024511706791515735e+02
-3.095703927130548436e+02
3.319176326713011349e+02
6.885852352416143276e+02
-2.185887670934727680e+02
8.269866928856517916e+02
1.007701048967539009e+03
4.458191576520885064e+02
-5.027870447279821633e+02
3.231293439301832109e+02
1.051601083775802863e+03
6.126826280784204073e+02
-1.525861811277385698e+02
-2.037154903710076042e+02
7.972218912962296145e+02
2.700517672852460237e+03
5.637983736051253345e+02
8.466481384283091529e+02
8.449659615618559201e+02
5.653581644520469354e+02
-1.666725829633857359e+02
1.001042666272962975e+02
2.882491427652872744e+02
1.697462349804972916e+02
-2.710568741611656378e+02
-4.765658270540104979e+01
4.881834266647000504e+02
6.689549332738343992e+02
-2.686033388765425229e+02
1.696554824324651278e+01
6.165170337190813825e+02
3.811273302262601987e+02
-4.597686465476813851e+02
-1.065445148496954317e+02
3.683565911217786493e+02
4.750330219594665095e+02
-2.607398553269432000e+02
1.929900923226368548e+02
9.502985894089888461e+02
1.053650181695604942e+03
-3.373140263910341332e+02
-9.081907433380222017e+01
4.748020882032076315e+02
4.816480502342614614e+02
-1.281862237306911254e+02
1.503241438303958688e+01
-8.687744114315388799e+01
-1.788059799857066992e+02
-9.873232220681755962e+02
-2.037957192858927726e+02
7.557743715150181743e+02
7.221502879523256979e+02
-8.063571046704245759e+01
2.837417121627111669e+02
5.672230972470248389e+02
4.453610997403006309e+02
-1.432366180327273014e+03
-2.462698719208285070e+02
6.804300537387965733e+02
6.836914652373019408e+02
-3.172155481302617090e+02
-5.980365459660144722e+01
3.263342822505586582e+02
3.505261511537120214e+02
-1.683151005142614451e+02
7.086743489239703422e+02
1.290629975642717000e+03
5.539750901336921061e+02
-6.014263010412506674e+02
-3.788243737477274209e+01
5.023194530550865693e+02
7.349301039273053675e+02
4.202232061788184581e+01
-3.448164473830794208e+01
-1.171531328570918795e+00
8.947198154243725554e+00
-2.740705663441495972e+02
-6.900778671638644823e+01
2.486780403199051364e+02
6.469881033696967734e+02
2.718052535335720776e+00
3.693468346785551262e+02
5.476023508982871135e+02
2.603107169302724060e+02
-6.973218800991987791e+02
-1.211307752799018829e+02
2.968378347156277641e+02
2.049775309843407456e+02
-7.360288788275248635e+02
1.604053963801504210e+02
8.971949158922902825e+02
1.185375151505365011e+03
1.420625215339183001e+02
7.304801704292006548e+01
1.833475777232325470e+02
1.883701961867908494e+02
-1.505006271863542224e+02
3.022731539106245577e+02
5.161579321832065261e+02
3.222844908927946790e+02
-4.683306651244909062e+02
-1.280733329434465873e+01
3.357451590984084646e+02
6.161669270530019276e+02
7.488716240448511030e+01
3.159081503902873465e+02
4.646534839389467493e+02
5.111046726903992408e+02
-4.243731167331102228e+01
4.507636664357637528e+02
4.457448707341669092e+02
2.117664241423748308e+02
-1.042337127640077597e+03
-3.863965429280998478e+02
2.425260855750827318e+02
5.289509214602579732e+02
-2.941161826128630707e+01
3.189397589621908651e+02
5.930880250370796603e+02
3.994975446800213490e+02
-3.019071905955960347e+02
-2.932002194994425537e+01
6.693755461083686669e+02
7.595707936937274098e+02
-2.099526790499350227e+03
2.365658184732484131e+02
9.133479170356581562e+02
4.783413528967440129e+02
-1.355817231000900165e+03
-3.784130143936475292e+02
3.983285277112565836e+02
6.400269330323027361e+02
2.523667656044434011e+02
3.835316614232900747e+02
3.585445745009989196e+02
7.387507548593029583e+01
-6.608917976895116908e+02
-2.450861229487605044e+02
2.785293352596074783e+02
6.705428201303103606e+02
-2.679304101019712334e+02
-1.853804391764833781e+02
1.876772049337932913e+02
3.766782440762681290e+02
-3.495562084745409948e+01
1.990259226235372410e+02
2.067261190326326670e+01
-3.174256906085019736e+01
-2.384522789791222692e+02
1.131813406830163586e+02
2.258727984610126214e+02
2.361597275982688870e+02
-1.667266849490802088e+02
3.069225701218175004e+02
4.391479575428418798e+02
4.793735011479287209e+02
3.606034486236188030e+01
2.394195547070642149e+01
1.341132474527197189e+02
1.156116371149387874e+02
-7.379674131054839847e+01
2.478756210092003798e+01
-1.994975459388654926e+01
-3.903569900840252416e+01
-1.634930427619378861e+02
3.910328068534070667e+02
5.551179878884008758e+02
3.093987521353917032e+02
-4.184657549327353649e+02
3.527962400512934096e+02
7.738585729081092950e+02
3.568019760165586831e+02
-8.615955608061244675e+02
-4.769709265852411022e+02
3.139840403909330462e+02
1.037250916383760568e+03
-3.326554808459411561e+03
-2.184695482171206095e+03
-4.887104480372648396e+01
-1.093749957978122467e+02
-9.143447872837805335e+02
-2.589889299470697210e+02
1.312703860425924063e+02
2.557640685942051562e+02
-1.030609260190362448e+02
9.804055457225246073e+00
3.099398571195939667e+02
5.445894599702365895e+02
1.293566779533015847e+02
6.808353269404727826e+01
9.882368099978209841e+01
2.456403212056195855e+02
-3.767226435312422694e+01
1.448045356233768359e+02
2.398345222058215995e+02
2.613727709877756524e+02
-4.136024966649517687e+00
1.004770765518738244e+03
8.933172831853165690e+02
4.421545162499713228e+02
-5.468591725784503979e+02
-2.816374923580437439e+02
2.804959951534771108e+02
6.303079962932456510e+02
3.221718816845310585e+02
3.098643314062849754e+02
5.288379824424535514e+01
9.516174140667320103e+01
-3.365493919770310640e+02
-9.914066663868699436e+01
-3.000070683055155740e+01
1.037083713551014910e+02
-2.633028226894242962e+01
1.989559128912650294e+02
3.121761806911351869e+02
3.768151488849313182e+02
-2.633937922886552769e+02
-3.543986649811192251e+02
-2.195373873365009558e+02
1.760785608539805480e+02
2.104179592659588991e+02
2.827828937910795730e+02
1.598944169776561921e+02
2.588465234159659190e+02
2.450035776358194894e+01
2.257584640006320171e+02
1.298535980784244828e+02
1.750246926280056243e+02
-1.678378810920934257e+02
3.313053636646273503e+01
1.015586062921184940e+01
1.984098434653639060e+02
8.497212390470730270e+01
2.919875608395510085e+02
2.597888306405167782e+02
1.243634030190798114e+02
-2.380030954943719905e+02
4.378419029894249803e+01
2.092635425813644758e+02
3.809612354173279414e+02
-6.005340407279590664e+01
-6.654217257837716204e+01
3.959425908434064212e+01
2.939896792641368393e+02
2.391828039460365289e+02
2.868579992583977400e+02
1.852969033392967333e+02
2.122949009366274140e+02
-3.479728696839513447e+01
2.235256252745903538e+01
-1.954633697164015160e+01
-1.278430300978557028e+02
-1.254031845557307747e+02
1.604612736174466363e+02
3.180470683354167818e+02
2.948207542999086286e+02
-2.186537618095877349e+02
-1.738845300684803874e+02
-4.510026074579201349e+01
1.539294106502396460e+02
1.163075904385917880e+01
2.361276470486355379e+02
1.513003777026170269e+02
1.966168668821054411e+01
-3.250858173500172370e+02
5.359910128991349332e+00
3.504673167223463111e+02
2.692312906204572869e+02
-1.939057134336683816e+02
-1.065339889027970202e+02
2.368034672314079216e+02
2.385354985607507103e+02
-6.947810073824118149e+01
-4.886658381290430953e+01
9.368976256906516653e+01
2.198339615889332492e+02
-1.117118900149092582e+02
-3.557130158228574146e+01
7.162085544223862144e+01
1.669494059003168331e+02
4.952940049413705736e+01
3.470751211830366856e+01
1.580608814808667546e+02
2.155609737365535068e+02
-1.624773743866194664e+01
-6.388274989256866832e+01
-8.623488862609330852e+01
3.063289274228929671e+01
-6.252121584775689200e+01
-1.137671356829397098e+02
-1.565324313305215043e+01
4.734049420297570521e+01
-1.339333296020486728e+02
2.324692452636674744e+01
1.220965887291132503e+02
2.154170876753775588e+02
-1.131320923116266997e+01
-8.415155510371339176e+01
-7.462196226161780999e+01
-4.931941054438776462e+01
-2.633963167998844028e+02
-7.588338514571314875e+01
2.612651898880466206e+02
3.639115930041585329e+02
7.557459848185846596e+00
-2.004781068398980324e+02
-1.313517462913961253e+02
4.926899573129161070e+01
2.164610423055222199e+01
3.488681709626551708e+01
5.171195037950134799e-01
4.782753332998213835e+01
1.914344709365707331e+01
9.673412418921769529e+01
7.362769343281581769e+01
4.962289712105876305e+01
-6.656549747023838393e+01
6.624016958087993601e+01
5.614934405813701090e+01
6.273458994296188251e+00
-1.436009769966900365e+02
-3.760160053334216457e+01
1.404304839533106701e+02
1.229063682074970956e+02
-4.193507190227053627e+01
-5.654476467370011505e+01
4.530259596980019410e+01
1.181823585244607386e+02
2.749174178305245686e+00
1.171890383081671771e+01
4.650441061550643695e+01
1.361385032248396385e+02
1.998156381814989402e+01
2.096597124350669006e+01
-5.180030997354437616e+00
-3.697747218706486905e+01
-8.253973689822629467e+01
1.231406707512089582e+01
8.683664247173157946e+01
7.821834782898945093e+01
-7.916138059294837603e+01
-3.608711644691760512e+01
1.976306088332718147e+01
3.719214586255223054e+01
-9.546499498336301315e+01
-5.523661725599102823e+01
-6.308833018036784424e+00
6.679073640643477461e+01
-1.314550142047639447e+01
-9.427687136475113028e-02
2.118165577752710582e-01
-3.213041380065515984e+00
-8.279242643112883115e+01
1.867553572736742495e+01
7.558289151695998953e+01
1.052291478241932055e+02
-2.147799287793560552e+01
-1.905932682568972680e+01
1.308612202023556215e+01
2.204204424400561635e+01
-2.276068281301115448e+01
5.202607628824012842e+00
2.722865623072107155e+01
-1.152738027452121727e+01
-1.013998037416283324e+02
5.314956478072311974e+00
4.510435114994694317e+01
5.891270954384530967e+01
-5.017850242485614842e+01
1.921369017216207453e+01
5.185102365707275851e+01
3.793244506778852099e+01
-7.556339074435422276e+01
-1.543316391218693795e+00
5.448830179251356043e+01
3.936997772897188952e+01
-8.287746947942734721e+01
-3.917384091592353457e+01
2.482137410037133662e+01
6.960902787501920841e+01
-3.281603374922023875e+01
2.777603838663335978e+01
4.015350144020045775e+01
-1.180762295519469340e+01
-1.271473134011937844e+02
-5.419150608551213111e+01
2.896899529045603217e+01
7.058166540155776936e+00
-8.680343651459081400e+01
-4.391240287633846862e+01
4.325394023506202501e+01
5.663783712093213296e+01
-9.885237650614078220e+00
2.722007724874679369e+01
6.439502247138018731e+01
5.865440424810099529e+01
-3.631859532721812656e+01
-3.498140650098697790e+01
-1.212820520389529477e+00
1.411714294805280723e+01
-3.239199911692922740e+01
-7.071350705040678086e+00
1.561539030636711622e+01
3.781091108606432982e+01
-1.289606987529522186e+01
1.172100552673400031e+01
7.439065401094978824e+01
6.967189122547640068e+01
-1.223563061438190935e+01
-3.040173345773357383e+01
-1.439906991553577953e+01
1.443667020276927460e+01
-3.176745905718620122e+01
-1.364144555327326813e+00
1.062109361242926653e+01
2.564579035106988769e+01
-1.131963707513039985e+01
2.036840165271999581e+01
3.275649461211231284e+01
2.362336478634445314e+01
-2.309535230476013723e+01
3.637123916782860533e+01
5.820223864430097649e+01
3.877994909111410493e+01
-2.843106985369285056e+01
1.185531445331815625e+01
3.955395293636370724e+01
4.264502093312373887e+01
-3.306925273903896567e+01
-7.496870976846295775e+00
2.040419804951454452e+01
2.783449713029535388e+01
-1.865900771467567409e+01
7.455482354282152002e+00
1.757509712776202448e+01
2.680406417981862432e+01
-1.943149916717071335e+01
-2.736164717507986399e+00
1.048771667789890571e+01
9.389540370309024553e+00
-1.902854554159170419e+01
7.519502672377591068e+00
1.047370593954800455e+01
1.251682724085250520e+01
-9.026732317968635400e+00
2.565517214513548083e+01
2.338475574246558253e+01
-8.290054441442212152e+00
-4.494620963559178506e+01
3.839778583134877965e-01
2.492241125952412872e+01
1.067299049315072246e+01
-3.650809369099624035e+01
-6.161426457599997519e+00
3.259293364427537654e+01
3.810847989077809927e+01
-8.412343993962148048e+00
1.882720973171805312e+01
3.478821811595324931e+01
2.641909130637628422e+01
-1.229602033660608384e+01
1.855147724194694092e+00
1.314395347650092738e+01
1.756612848980959285e+01
-2.696741372153400107e+01
-4.754965915391981213e+00
2.167789650516141364e+01
1.854416016507164855e+01
-2.521902544447406669e+01
-4.502034706486413995e+01
-1.769866029943884556e+01
1.752768144798871930e+01
2.578365148931322182e+00
1.408012515932620090e+01
5.281357685960639259e+00
5.295985838027087445e-01
-3.455509758190790848e+01
-1.807718774563318931e+01
1.319391040625250966e+01
1.909719832067537482e+01
-2.952072429560209699e+01
-2.609011200285456766e+01
-1.234359563331156728e+01
-2.704658594501808011e+00
-2.135642307170697407e+01
4.156024600333873664e+00
2.664124538221845029e+01
2.981198940644376805e+01
-1.117504379368812373e+01
-1.359366594906942183e+01
-2.032039245679419626e+00
5.300587825144468468e+00
-5.865819602881694905e+00
8.582791016698608999e+00
2.007008922272004625e+01
1.766483391593455821e+01
-1.475176396419475822e+01
-4.484853616614159044e+00
5.834136632791731003e+00
1.007065913539934421e+01
-1.233207169047599194e+01
-8.828587834973401272e+00
-2.846964092393764023e+00
-5.174762493887954840e+00
-2.126183056180652997e+01
-8.467059053253198186e+00
1.206522937730709977e+01
2.394951274133584462e+01
1.181915927601248306e+01
7.535086889006588962e+00
-4.969604990475459338e+00
-1.766370685585244260e+01
-2.911949858451055206e+01
-4.101348454651532194e+00
2.086967603414528938e+01
2.269461477746111200e+01
-4.608615559996421251e-01
7.515341093427249319e+00
2.262522288439313201e+01
1.911886991108535128e+01
-1.601117863610695125e+01
-1.345134005342175243e+01
7.659803167626409781e+00
1.069842827284871767e+01
-7.345213298675522529e-01
6.676422091319059504e+00
2.076924408974018377e+01
1.030299145068515010e+01
-2.144078469022267441e+01
-1.293032978956245316e+01
8.998078427367707022e+00
1.555611708262161130e+01
-1.427088381731494993e-01
5.826186356371072961e+00
6.291149155303388696e+00
-7.378026880570434543e+00
-2.349672697081109973e+01
1.325427239296836701e+00
1.512514874718759827e+01
8.925385605238286502e+00
-1.841375879737323018e+01
-5.332893104301406062e+00
5.318407736464034308e+00
7.128048762763532498e-01
-2.324483557213830665e+01
-1.455874282643791418e+01
-3.172060955215294076e+00
1.769718754981216113e+00
-1.197437256795800842e+01
3.379426338032186727e+00
1.595357724719854708e+01
1.779923459068334068e+01
-1.004035347664687094e+01
-1.212097330750913393e+01
-9.768016089260150636e+00
2.410139663659850162e-01
-5.087760867906244044e+00
1.008746310919432609e+01
1.302978287117500678e+01
6.181320119266911384e+00
-1.714062283147480770e+01
-1.024631462669931103e+01
3.363183562104215873e+00
6.805708597076526978e+00
-4.595894104766748534e+00
2.017944209259871613e+00
1.203728616579925159e+01
7.901666066766768637e+00
-7.845400749346749691e+00
-4.738324662294196798e+00
-2.465577334128373987e+00
-3.269030941795918466e+00
-1.428103325865872186e+01
1.590448574858650765e+00
1.770992286509412494e+01
1.722679336645935066e+01
-9.758921502107152923e-01
-3.611502208899309618e+00
-1.213497001233732053e+00
2.453553838901744166e-01
-5.376011914938006342e+00
7.375203641953232747e+00
1.740880932063290132e+01
5.537982941243190460e+00
-1.429195142801195928e+01
-8.928302441043827642e+00
5.478265654163805287e+00
9.511163128931135802e+00
-2.142531806856079690e+00
-6.086770534636728236e+00
-1.802454774901498524e+00
1.768288563431992033e+00
-3.610407769764864661e+00
7.363259492015173935e-01
1.919028285548294077e+00
7.900834191564619857e+00
9.086943061453446546e+00
9.203319450655564893e+00
5.111967587395106705e+00
-4.256741376179261627e-01
-7.754819028191040076e+00
2.251769692695890571e-02
1.213096695968955974e+00
1.453516192354139314e+00
-7.255619582927488764e+00
7.355535084339072105e-01
6.647417047177131444e+00
7.587475847520134487e+00
-2.522263102346268493e+00
-9.006745315887408621e-02
1.603457454275443395e+00
-1.959577754408097006e+00
-1.080560159389278319e+01
-1.382902085190393482e+00
8.938898186988964767e+00
1.039517590554757298e+01
2.812452202642576338e-01
2.381109011061677716e+00
5.440571254743447049e+00
2.436884826692500283e+00
-3.706146852477381959e+00
2.052295605334250705e+00
6.644092569048974717e+00
2.307591685065339071e+00
-8.366392332656571895e+00
-4.930841498676166168e+00
3.700065750675699539e-01
-4.640467236984189836e-01
-4.791811365893845931e+00
1.573450838293412923e+00
6.054718794075793831e+00
2.273359222212568476e+00
-8.470089870396632747e+00
-3.568670425122353329e+00
2.576234797022109113e+00
3.808453914448330035e+00
-3.287037867848791706e+00
-4.036040270212132519e+00
2.964419676496070633e+00
4.565599488031111264e+00
-1.313220187460825805e+00
-3.072042271080277942e+00
-4.866125515673326518e+00
-5.623298254782379324e+00
-6.365034199079305566e+00
2.248390631303773812e+00
8.265439211302023637e+00
5.957689148084427622e+00
-5.658513540964281496e+00
-6.887254155715500481e+00
2.656936249034297370e-01
6.385836534748046134e+00
3.857643862921818823e+00
4.758855806292378254e+00
2.327460740046825904e+00
2.569017231830707182e+00
-2.771221689969823210e+00
1.024399554262263590e-01
2.633228099150831891e+00
2.368106365402411484e+00
-2.724208690747050188e+00
-6.923290895929751221e-01
1.586826084053714281e+00
2.891102029171473298e+00
-3.675359047429553438e+00
-3.022976848594309374e+00
-3.508290085035216666e-01
2.783257849861819899e+00
-3.361462261009231511e-01
-3.501350848531752935e-01
7.660009877120693700e-01
-4.695964985204279518e-01
-2.661187383974179088e+00
1.037599400120395643e+00
4.688621290976843881e+00
3.359237166525565588e+00
-2.785471564180568738e+00
-1.805343106784242924e+00
1.109388883214219579e+00
1.734156301439548242e+00
-2.160609829713679098e+00
-1.100986679878712682e+00
3.177371082829550719e+00
4.018244297357207451e+00
-1.130650661811662960e+00
-2.391536425190319559e-01
8.485164219840504174e-01
1.648843545622240114e+00
-1.996117321960924951e+00
5.262700549165172381e-01
4.259872422953894677e+00
3.595871059611656761e+00
-1.778806690925652356e+00
6.902490869758932668e-01
2.711114714246404933e+00
1.343047002966281989e+00
-2.125933727254690986e+00
-2.076963486046345675e-01
2.219598352635123728e+00
4.268962041464053336e-01
-2.523095303972410441e+00
7.206862106048064209e-01
3.622545884300537811e+00
3.017983823529576171e+00
-9.301367504281733423e-01
4.474707378111052458e-01
2.487850860545737230e+00
1.379542212235378429e-01
-3.606956365561657663e+00
-3.136144365327970363e+00
6.045504670830773586e-01
1.848770801614565418e+00
-5.064216330676096778e-01
-3.250407299077041068e-01
1.175509995330694668e-01
-6.938186574123295092e-01
-2.851792912061186236e+00
6.554468240315486360e-01
3.595913717404873644e+00
3.095129090292727536e+00
-2.972893443765786126e-01
5.177527888122290811e-01
1.932225778572161046e+00
-1.972407150533430631e-01
-3.476407982898485294e+00
-9.896122377033437223e-01
2.047986872371135192e+00
2.218758200088632559e+00
-7.471951063378899915e-01
7.455272576154329256e-01
1.782452945835317548e+00
3.691948243508135774e-01
-2.689345750542373015e+00
-6.221091358962017592e-01
1.610742864476111036e+00
1.673609723328901566e+00
-2.009226942752313505e+00
-1.312416435423098049e+00
3.635842315119399148e-01
4.782148487803819514e-01
-1.149046115817085045e+00
1.381387380017220057e+00
2.654636291723674990e+00
1.306538093354353558e+00
-3.236928237425420463e+00
-1.403723594575115641e+00
1.702498759115784743e+00
1.100355817587530094e+00
-1.136691393136864070e+00
9.678376683412773240e-02
1.776345127737797513e+00
4.712187736521434855e-01
-3.084278491528356092e+00
-1.086657631931833956e+00
1.643003976706156166e+00
1.949041540463507527e+00
-1.629244457501080712e+00
-7.294806793485906216e-01
-1.207832503245972883e-01
9.686611281610694180e-01
-9.244618005116849169e-01
4.291102376639494009e-01
1.331427429406655039e+00
7.151316949984823923e-01
-1.275782720825529903e+00
-1.603921344107360134e-03
7.006500785014588284e-02
2.593045968744758234e-01
-2.392685781160671876e+00
-5.889012887898993354e-01
1.544051328608899487e+00
1.799540703081169202e+00
7.446645806439623760e-02
-4.579970595501926534e-01
-3.383405009074548775e-01
1.482143593840262286e+00
-1.463795530956259472e-01
9.774622072013107177e-01
1.618108279868583743e+00
1.704078382864158359e+00
2.610930919316335475e-01
1.450926637188683088e+00
2.373734818883987074e+00
1.061384739756500162e+00
-1.657695505026958616e+00
-1.009885651849840471e+00
1.311698345495772244e+00
1.296398457482715649e+00
-8.490168529300784472e-01
1.529944403781169082e-01
1.098629003458215347e+00
3.395053337809297300e-01
-1.826167895514375417e+00
-1.502474397212986701e-01
1.384532772654801125e+00
8.845167513245493218e-01
-1.156881860594129119e+00
2.757136624533786939e-01
1.791068943384514833e+00
1.838182273031491842e+00
-1.138638884165831699e+00
-1.695321954855882329e-01
3.904216517331144387e-01
-1.739260327985798771e-01
-1.719082663445456571e+00
-3.065870516849408256e-01
1.397060190276558700e+00
1.243780510969864306e+00
-5.882915358881225520e-01
4.350310455057687098e-01
1.402087280661011626e+00
8.193529015755393052e-01
-7.920465617320662233e-01
6.051004635464068970e-01
2.235188652988821190e+00
1.001117942442489417e+00
-1.223272693783127973e+00
-7.852956661048815512e-01
6.510480403356423418e-01
1.041269760664433885e+00
-1.033752165847333204e+00
6.264680776489589542e-01
8.558186247494967702e-01
-1.856588475533040572e-01
-1.781968338991654077e+00
1.799118638382958824e-01
2.373061862849248360e+00
1.571964909608759342e+00
-1.138526950137412230e+00
-3.873786581294084708e-01
8.467717167457399219e-01
2.809012386730518340e-01
-1.507256312098476547e+00
-7.691932512530321731e-01
1.959026490384123687e-01
7.592446641657233375e-01
-1.800799001595513593e-01
7.789909606831675326e-01
1.042307832668556644e+00
3.519623431404020342e-01
-7.481926333596368162e-01
3.445806586578153974e-01
1.487958284998336156e+00
9.589117729560230341e-01
-3.498480473801324764e-01
8.105769240800179132e-01
1.327434271702008450e+00
1.253808307524001853e+00
-6.513417708603214118e-01
3.016752350555549911e-01
1.428560912243171277e+00
1.192652138838436127e+00
-8.944046062500363714e-01
-2.260467833024552287e-01
2.580521938000121529e-01
-1.434447390532128663e-02
-1.093022091037640919e+00
1.764967085715118400e-01
1.011777851833554287e+00
2.318202964687310907e-01
-1.526601938477204712e+00
5.188642152063474011e-01
1.850185946357841393e+00
1.690464585680609311e+00
-9.073569193473822736e-01
-6.127451971547476228e-01
9.164014034967435385e-02
2.009765711145695410e-01
-4.362233036201895731e-01
1.594624899024218723e-01
8.186618634996646326e-01
2.791868067706351764e-01
-1.212445940002468747e+00
-3.482623667076490404e-01
9.003026717232660570e-01
9.699837842974794455e-01
-3.660755788071713424e-01
5.181372408156978970e-01
2.202979021736612530e+00
2.236052868517683478e+00
2.712132494329326238e-01
1.496185864924382165e-02
7.399137196084711876e-01
6.574843120122535467e-01
-1.036687406832833419e-01
1.257323354019978190e+00
2.047815268461615101e+00
1.310839899720518842e+00
-1.198901453100228220e+00
-3.550531583123952006e-01
6.106732111888281134e-01
6.541191179011119905e-01
-9.856912774507305963e-01
-2.314261399060815738e-02
1.972754959338291147e+00
2.018595007012620179e+00
1.892606475488932405e-01
2.206512230657695917e-01
5.787990471807517023e-01
-2.029739182828864952e-01
-1.926767201460354295e+00
-9.746934999673568800e-01
3.644455114234657067e-01
4.581207801078498454e-01
-1.367850379041441800e+00
-3.457927153287531086e-01
9.011497584260921290e-01
1.289664376711360694e+00
9.043080983632365011e-02
6.798484802562759777e-02
1.055386297703700738e+00
1.639237440737938423e+00
3.836127118030677186e-01
4.890454271257833052e-01
3.314139412318296007e-01
5.706000304874517814e-01
-2.160346077466716586e-01
6.065966572640361099e-01
1.459899010232026617e+00
1.493933868151025246e+00
2.235973705268633482e-01
6.894956801371022737e-01
1.143580325616381232e+00
3.385358457333527138e-01
-9.326160660424943627e-01
5.110911225512331235e-01
1.652368563781597022e+00
1.774839284298834086e+00
1.446992637532699966e-01
4.709712798614653639e-01
1.925352019044874297e+00
1.668724139532645312e+00
-6.227727654382071709e-02
8.476162933961485513e-02
8.693196970762779863e-01
1.411953302800198484e+00
6.662082943784568556e-01
6.692702912771791857e-01
9.592008428267780884e-01
1.460057520560805067e+00
1.231136881744090417e-01
5.130621591365543965e-01
8.705505798869088707e-01
8.393098361321497114e-01
2.182603781176888358e-01
3.405974261926859037e-01
1.226299175635520378e+00
1.324013331318874220e+00
6.494434668894728535e-01
1.369305744041085626e+00
2.024031509490151759e+00
1.689711310807505251e+00
2.797511718294700689e-01
8.498490439629681203e-01
1.261911254298922147e+00
1.160676642431080596e+00
2.796678570309353296e-01
1.205328896458263799e+00
1.995896091600114941e+00
1.498259458038645242e+00
-2.458155933428912351e-02
4.290220919482343742e-01
7.578286293786309358e-01
1.038006563599998877e+00
4.100301596020816119e-01
1.783967014452584099e+00
2.099030157441555300e+00
1.298130688711890190e+00
-2.006584430209549796e-01
5.941866693847792646e-01
1.699614258509731579e+00
1.947323631991688009e+00
1.307511504390884705e+00
1.760462483293211644e+00
1.866164877787933607e+00
1.046747740377263147e+00
-1.549371074461382281e-01
8.451983442782459166e-01
1.832411285168066062e+00
1.691076663269948099e+00
6.882124065378087963e-01
9.504099871375207842e-01
2.123033301882484736e+00
2.741787373289734209e+00
1.166411214150066433e+00
7.141049833753152498e-01
8.587069693612827681e-01
1.301809899611114041e+00
1.202961846629138076e+00
1.870026378393274680e+00
2.016999258099913206e+00
2.163491973375046840e+00
9.108033521728190474e-01
7.649032261941978161e-01
1.105415433847416029e+00
1.364310948675207191e+00
1.364984400083182781e+00
2.633384256686521319e+00
2.842774932627791351e+00
2.566984908200917737e+00
1.100584887266063294e+00
1.687333451297967635e+00
2.281471531597937918e+00
2.153388322862317850e+00
1.952839805859766242e+00
2.789250550749448276e+00
3.250674979057416092e+00
3.006694605220249006e+00
1.708711268859638865e+00
2.134096195594015644e+00
2.234749673373684686e+00
1.648059995366088604e+00
1.077687767734359481e+00
2.469449397703974647e+00
3.474582787805975848e+00
3.954781218785248686e+00
2.485690186572283800e+00
2.262282270083512792e+00
2.334931526325925155e+00
2.163731927115202236e+00
1.836993185748592827e+00
2.304898540169570964e+00
2.573199986662699335e+00
2.552719135642791848e+00
1.584714857593562787e+00
2.310123251904241393e+00
2.790145415067088130e+00
3.501470499864990149e+00
3.019906162939874239e+00
3.136366897957946431e+00
2.957935666610426395e+00
2.623619172192583449e+00
1.706935801533534081e+00
2.326957680590934885e+00
3.256837447021976750e+00
3.907340707787279932e+00
2.917910390150433741e+00
2.657070469714776895e+00
3.034800306209975762e+00
3.514141757283998135e+00
3.229838738843914481e+00
3.658094431873394115e+00
3.794696551443304422e+00
3.867270734382382891e+00
2.995506434120423833e+00
3.250521287732914377e+00
3.507870334263036405e+00
3.338852532501328074e+00
3.245030153018840124e+00
3.632425949666995280e+00
4.045417746466778652e+00
3.636004289346391971e+00
3.006293075361254008e+00
3.482268278332779854e+00
3.616019603183588060e+00
3.726402426970624848e+00
3.123668295838183617e+00
4.032904240168610599e+00
4.417941259451927394e+00
3.991449175067591337e+00
3.124019442724605522e+00
4.137369719163671355e+00
4.626546593636540194e+00
4.633298723516733553e+00
3.226214622617360916e+00
3.876216753421469097e+00
4.532126963656244456e+00
4.597625044639762848e+00
4.167669170312975346e+00
5.045627608353576932e+00
5.517610545292270352e+00
4.889865564154162847e+00
3.715150963897430714e+00
4.086676913210486539e+00
4.711819355948517085e+00
4.757587072196400868e+00
3.894824060823616652e+00
4.095036108740016445e+00
4.412078298132747989e+00
4.907573428012607764e+00
4.717731428666155580e+00
4.996795114800580251e+00
5.036911784372894552e+00
4.927261721083966428e+00
4.253663321849092682e+00
4.663374746035009899e+00
4.914598197793864642e+00
5.074904685721778996e+00
4.570612695490858357e+00
4.915455252731084634e+00
5.352740873727604765e+00
5.753420628771256595e+00
5.373071664615795662e+00
5.833346429528578625e+00
5.910879799083743613e+00
5.449927919961570666e+00
4.731028805200640619e+00
5.345872633049919109e+00
5.720142110100270294e+00
5.709482179724247430e+00
4.737287479996692419e+00
5.095118811771487621e+00
5.828169460719730743e+00
6.288028843217428943e+00
5.493083352832075050e+00
5.546225651571192294e+00
5.910706551722633151e+00
6.367256483560660207e+00
6.146733817422809665e+00
6.240296978975352182e+00
6.436085789122076406e+00
6.451597204481092085e+00
5.638329112407910237e+00
5.973394914452445192e+00
6.307179956212051408e+00
6.375891256251498440e+00
5.653790894714307846e+00
5.965444944988275822e+00
6.649481797281011630e+00
6.675616123323684370e+00
5.764906626186672156e+00
6.237579121173408403e+00
6.899058250413472315e+00
7.180639432195678573e+00
6.408415443759507113e+00
6.381830960939153918e+00
6.760321180774206518e+00
6.796107356612377970e+00
6.208268255090604981e+00
6.598710580777649604e+00
7.103701731155921628e+00
7.531589529908039538e+00
6.860966252471841109e+00
7.209432551234423059e+00
7.233264038140279517e+00
7.329057488502267681e+00
6.564009758835414488e+00
6.658607287685223142e+00
6.643073748705487169e+00
6.679729382882842792e+00
6.165470368398604961e+00
6.927977732111239462e+00
7.270687074943635864e+00
7.500492199116089331e+00
6.714391415977484456e+00
7.145588193030688373e+00
7.534522353624923063e+00
7.489659389711711412e+00
7.212030804603523748e+00
7.400476377782929660e+00
7.417429393214581168e+00
6.761491619586271540e+00
5.989406086741197122e+00
6.578715154492509321e+00
7.543899034091977818e+00
7.759241431092532615e+00
7.005732407326307865e+00
7.060057667654483282e+00
7.216047104040473670e+00
7.331376474100227192e+00
6.873179090419275106e+00
7.181774851480696498e+00
7.404726134014501859e+00
7.180552799699944977e+00
6.484076048155460903e+00
6.845370859312271072e+00
7.180262349754078954e+00
7.219362035330270544e+00
6.566960493521918352e+00
6.889882311512821822e+00
7.156323979869687157e+00
6.994658244903471989e+00
6.232230855766870192e+00
6.767360686206388642e+00
7.439901841529688475e+00
7.653980345476558256e+00
7.028908403355809575e+00
7.123855491880141777e+00
7.386016308902142669e+00
7.374183898382368874e+00
6.637587695994731973e+00
6.901793939741247996e+00
7.752019690054956058e+00
8.074141445211386880e+00
7.141117359037149726e+00
6.649267244935402665e+00
6.511950439232236043e+00
7.185770401601252466e+00
7.407071930270056725e+00
7.771614565633822913e+00
7.742505739640983542e+00
7.504877259672417367e+00
6.685940311140252668e+00
6.757698549027345791e+00
7.141086445965655116e+00
7.616809855385193728e+00
7.237361120187133956e+00
7.061383608594073102e+00
6.987752301153289380e+00
7.163307651860911562e+00
6.846656910671195639e+00
7.112278542646894408e+00
7.394831462875170125e+00
7.374447400216398663e+00
6.878589723263432987e+00
7.429758109136388455e+00
7.824377346560489777e+00
7.475097149863318968e+00
6.323974981093402725e+00
6.742093127234639383e+00
7.723662141374123991e+00
8.441917312626813441e+00
7.556041894108546764e+00
7.405078554596121521e+00
7.448567419179970450e+00
7.834152099648626688e+00
7.505038605472064361e+00
7.794055779469565515e+00
8.038579959616701132e+00
7.810132879042966714e+00
7.026920256169492340e+00
7.068181334058985854e+00
7.749961443087167723e+00
8.010859150686595598e+00
7.253551111850127242e+00
7.317946540379956843e+00
7.561978384473790449e+00
8.038235086798461992e+00
7.419236209250445135e+00
7.271643492145294374e+00
7.339622077664245126e+00
7.637006029736630452e+00
7.413161060423936632e+00
7.659152464663477211e+00
7.814029852368531870e+00
7.637055071816383212e+00
7.249320047368298603e+00
7.559952707489113521e+00
8.143583992006325545e+00
8.333866152747757994e+00
7.497335345139389595e+00
7.460470706688998810e+00
7.511593810646912672e+00
7.678061486479274222e+00
7.384294874215156845e+00
7.726618360471815272e+00
8.203911607993903843e+00
8.135251544577059235e+00
7.400155657788173968e+00
7.422547581935283745e+00
7.677024748341581883e+00
7.664628650585790126e+00
7.408200457193903077e+00
7.821875636990452740e+00
8.365569273050940780e+00
7.848925211933984514e+00
6.508742962451742997e+00
6.568141118255907962e+00
7.406820197604162104e+00
7.884746472563284314e+00
7.475147404521493399e+00
7.202664600302123965e+00
7.167200906781042491e+00
6.885701906196397104e+00
6.086319290904198098e+00
6.394101731767134034e+00
6.826562142633292751e+00
7.166906831332718220e+00
6.801132026571089284e+00
6.870353722546648001e+00
6.745145764279945055e+00
6.676878065853437683e+00
6.068204318955205956e+00
6.211881405166638892e+00
6.081922988967899180e+00
5.758481132507475841e+00
5.313725770901684520e+00
6.011827067937000280e+00
6.758028089382845494e+00
6.849557560366371867e+00
6.098224553877773069e+00
6.156704180229866985e+00
6.242143926819188948e+00
5.847693761069337803e+00
5.156994826145556488e+00
5.574246633403022066e+00
6.150560434906165774e+00
6.022412771540108345e+00
5.070483025278253564e+00
4.988042511180698746e+00
5.211443094356345007e+00
4.932372544181477636e+00
4.197059998723528196e+00
4.476748614419974182e+00
5.128547878144320116e+00
5.402870461193312934e+00
4.679568622122500798e+00
5.071899095428097581e+00
5.308602585874147906e+00
4.941901160353248557e+00
4.205381026766331409e+00
4.653840972357208727e+00
5.341104992231885618e+00
5.214789946561044331e+00
4.464428766444878960e+00
4.590467690327435513e+00
4.815348973736619520e+00
4.401712634778407462e+00
4.088631843750064832e+00
4.313095645228224306e+00
4.758877498279804996e+00
4.409326336922953615e+00
3.674447802199231727e+00
3.893394250397763656e+00
4.219021981874440996e+00
4.500986910012204412e+00
4.165221620274948577e+00
4.204899676430962074e+00
4.396902203787829144e+00
4.555447074825950793e+00
4.228684970335963911e+00
4.504840504073689189e+00
4.039730091119106525e+00
3.640729351944921088e+00
3.182222218504352718e+00
3.686089794462965585e+00
4.265964537858102368e+00
4.382276985795567015e+00
3.749822433614559358e+00
4.035521306537342312e+00
4.013250089161564560e+00
3.783836585063731661e+00
3.269016645675346666e+00
3.611031635296597653e+00
3.799792437622448560e+00
3.444838622408548989e+00
2.781148590397479303e+00
3.046616281040715357e+00
3.516569740564017277e+00
3.463985977134546701e+00
2.714942249741594260e+00
2.672448925114324414e+00
3.111718612157787778e+00
3.490741915561981212e+00
2.949419075832605763e+00
2.851321960734631844e+00
2.767258421280032632e+00
2.771112536847552654e+00
2.338597045271658459e+00
2.385379100866299673e+00
2.636347862576117862e+00
2.581942218740686190e+00
2.123241332364249168e+00
2.539283623789428290e+00
2.884538341347055113e+00
2.704770143979778219e+00
2.090659883222842019e+00
2.326100549730820255e+00
2.531280857686950547e+00
2.072739571193189079e+00
1.097746680204617853e+00
1.488546361991488487e+00
2.068845311175017354e+00
2.314295836597935807e+00
1.792516547649300573e+00
1.888242869123873513e+00
2.068304635746144982e+00
2.072695801601216026e+00
1.272823814457818115e+00
1.456337116535127318e+00
1.432432865228747687e+00
1.229897776563011691e+00
9.164693890381008234e-01
1.336339973657165947e+00
1.550878620040063272e+00
1.276074970762268501e+00
5.839870266652500419e-01
1.075462361873410044e+00
1.767963869191843562e+00
1.543215324544136458e+00
7.950070148938359615e-01
1.097696116210886919e+00
1.912586012215624631e+00
1.985832994463188061e+00
9.131305605451890406e-01
1.152127948463874230e+00
1.669384740921905363e+00
1.997510102606906646e+00
1.328813473521203825e+00
1.054452273078301028e+00
1.129145889383925905e+00
1.100786641341128691e+00
5.589745162006055645e-01
8.219553382339273018e-01
1.022463956377827721e+00
9.022419350903557733e-01
4.468323095649781029e-01
9.380265425936108459e-01
1.432779300366002762e+00
1.476882880825291844e+00
4.827214692896421022e-01
6.302365345722841239e-01
1.457576796204496761e+00
2.039741877780523627e+00
1.143672355593490231e+00
6.097104228846825791e-01
7.480985977491425576e-01
1.328634458759820225e+00
9.979276250418512850e-01
9.969899034135011329e-01
1.391609868087641866e+00
1.362889122781049345e+00
4.716261537674946713e-01
4.023179186433252785e-01
7.900543940896618267e-01
1.255011466930500585e+00
7.486718716398116369e-01
6.539480348415701583e-01
1.391328602091118291e-02
1.422521949206876357e+00
4.836267204819986176e+00
5.774092947798386000e+00
4.807170007856780281e+00
8.186371191734569397e-01
-7.503660526376863815e-02
7.486050362673116743e-01
1.232754868209126053e+00
1.542193906986978780e+00
1.110506206064877599e+00
1.392398131353036250e+00
1.497253053190255700e+00
1.422854337209008557e+00
8.880649654829418926e-01
1.189289842625846694e+00
1.831974350222600689e+00
2.143748338542268872e+00
1.422905243786271257e+00
1.453785198590903827e+00
1.789812461451856684e+00
2.039778538365070393e+00
1.744689462914576605e+00
2.039528110743687783e+00
2.772605872231846735e+00
3.079978199194131960e+00
2.676900389614438769e+00
2.860131195655512659e+00
3.329577121181992450e+00
3.318838529210841770e+00
2.740238022415068642e+00
3.024440840487292004e+00
3.757520809623566826e+00
4.255294899083193805e+00
3.666807422953687556e+00
3.776830414314094941e+00
4.394930259672779727e+00
4.913145663952839470e+00
4.639471073747861496e+00
4.938207437894086560e+00
5.518749648739293967e+00
5.995796361374710948e+00
5.730068613251997789e+00
6.169655262499537329e+00
6.592542902360269075e+00
6.803241626015822163e+00
6.544274611913328599e+00
7.418823101547460830e+00
8.404534310629147242e+00
8.743085282153035820e+00
8.114406999452143054e+00
8.714442472408421736e+00
9.556602785828225421e+00
1.002085472224972662e+01
9.457032899285438887e+00
9.865327817666099008e+00
1.051281209033506414e+01
1.103243963113797221e+01
1.096988294674120468e+01
1.156400058151406718e+01
1.215534552785604383e+01
1.238244823170987097e+01
1.180718402961230495e+01
1.221384660737548877e+01
1.342110729317243489e+01
1.419169033644609890e+01
1.387950850423530724e+01
1.396468984158523874e+01
1.437633758070214185e+01
1.469966013722351050e+01
1.471358956519682160e+01
1.528258424845449603e+01
1.555555330192936125e+01
1.557976703587247513e+01
1.519370537159607437e+01
1.620183292440768952e+01
1.732074241983417906e+01
1.749337326873709841e+01
1.675106522713855028e+01
1.700921677795828657e+01
1.765337819309393197e+01
1.806920902894963277e+01
1.783755121490884932e+01
1.782739279888126660e+01
1.811461542895782273e+01
1.853791795143990129e+01
1.846856182430571991e+01
1.888637867681640969e+01
1.931476642198266802e+01
1.956128090626319604e+01
1.923764001835787596e+01
2.009924005754693255e+01
2.056514784432752307e+01
2.040017396231028002e+01
1.923318776104727945e+01
1.947936066569820213e+01
2.003708712516785795e+01
2.034424796230174692e+01
1.995120897205820043e+01
2.055235348520439231e+01
2.109329966718360794e+01
2.078766663457798103e+01
1.986168478952831151e+01
2.033900895256861219e+01
2.101587580567608526e+01
2.135197818986553742e+01
2.096056590048050339e+01
2.067608685669674884e+01
2.058974398929686345e+01
2.063595729027521486e+01
2.052139075933841639e+01
2.137782109542859743e+01
2.140633147624421539e+01
2.153320994539898336e+01
2.086366021083347633e+01
2.110723956602975804e+01
2.163707116795503893e+01
2.163058333550828038e+01
2.082224105973219963e+01
2.111677006784538335e+01
2.178306197515907883e+01
2.212471778095559571e+01
2.148358204394441273e+01
2.125708362275171837e+01
2.190498317564984987e+01
2.181105352051419288e+01
2.068945615596046039e+01
2.099926855129125869e+01
2.144226989628793945e+01
2.128549097462233419e+01
2.046232496305970727e+01
2.127389029218581129e+01
2.217368888061963617e+01
2.174400533727879292e+01
2.047097266451338271e+01
2.060393052772222688e+01
2.143492884805658605e+01
2.160830934431371020e+01
2.043349346336574968e+01
2.078046786967829007e+01
2.077335337583901165e+01
2.068881996274063795e+01
1.989095443999362445e+01
2.051569667224535820e+01
2.134825053810299167e+01
2.157425529692630306e+01
2.067965215045976635e+01
2.069302626241402265e+01
2.049376752279619041e+01
1.989443133446754430e+01
1.904473769349089807e+01
1.954767368045698106e+01
2.003914414854055437e+01
1.977923648635050213e+01
1.880668813702853370e+01
1.950007957420888616e+01
2.008030005034798648e+01
1.965897862697207188e+01
1.839906512562142282e+01
1.934385969899514990e+01
2.054544476307660616e+01
2.052596589929910564e+01
1.884960859144097967e+01
1.842705306647112806e+01
1.863039897970534398e+01
1.889382496353099228e+01
1.818465866808237763e+01
1.878613800322168004e+01
1.899281664174137774e+01
1.873938923091559516e+01
1.787338158613302852e+01
1.837804993377335094e+01
1.863853380372703938e+01
1.783498035437123619e+01
1.639540434154753612e+01
1.681591609408814847e+01
1.766710041775488449e+01
1.781592399055675457e+01
1.681719051137086041e+01
1.727868122525486783e+01
1.781101700933270138e+01
1.752426208139214836e+01
1.615683337952085452e+01
1.628215186112715074e+01
1.711860962890059312e+01
1.696938087290025976e+01
1.596885150752858351e+01
1.608075709365872541e+01
1.663194179795415550e+01
1.658536992334558491e+01
1.554295385459202627e+01
1.653372976360143909e+01
1.697313976389447632e+01
1.646439768400032477e+01
1.460369571451268378e+01
1.508993684778144662e+01
1.581588341043186396e+01
1.545616913388124836e+01
1.360513777666466062e+01
1.425014775407023215e+01
1.594391883263372733e+01
1.640098586808976222e+01
1.473925087721515581e+01
1.451624111918551741e+01
1.450057347159081900e+01
1.448795846791566255e+01
1.250063020343230669e+01
1.257015268456265744e+01
1.317250147532191207e+01
1.331905754482932736e+01
1.199345027577623313e+01
1.302494279063125227e+01
1.380245253226481950e+01
1.335309875376069044e+01
1.102941042592009246e+01
1.114684606956470247e+01
1.214202741176462297e+01
1.258854868388955595e+01
1.149710758042947489e+01
1.205746429478741177e+01
1.246566934219737455e+01
1.234364371463839127e+01
1.081050397010178088e+01
1.111193138421305271e+01
1.163370953752066050e+01
1.150120934163413722e+01
1.030320463961509247e+01
1.061144437077387970e+01
1.078224622413078038e+01
1.094867225251866927e+01
1.038494286968006008e+01
1.125268793353732555e+01
1.204653975428658086e+01
1.105457128071183881e+01
9.281081081251434384e+00
9.680209978809443783e+00
9.990549066882298490e+00
1.043153996579713727e+01
9.366256900539884356e+00
9.772247601672402695e+00
1.088587732979313749e+01
1.091586141537512411e+01
9.633460678518158460e+00
1.036607980777094618e+01
1.062523707554182018e+01
1.084780271772433657e+01
8.923795821700142739e+00
9.761966649295045428e+00
1.056343170765513051e+01
1.090132043674959661e+01
9.137319094750257165e+00
9.269661150709712416e+00
9.756128919262227583e+00
9.441508659245384294e+00
8.389825578361417513e+00
9.737795692321379093e+00
1.030956400350397395e+01
9.442969522544112593e+00
7.866829498545328647e+00
8.936387425469916934e+00
1.077738453464273505e+01
1.023142927092735199e+01
7.811112159995621695e+00
8.826969576694667197e+00
9.772827509784681510e+00
1.061468963461961579e+01
8.950122965151686927e+00
9.496155838336822086e+00
1.040053455681340289e+01
1.045639043681724267e+01
8.670949653180775485e+00
9.013223768917063339e+00
9.971093263739625456e+00
9.935266526268376808e+00
8.110390524620637365e+00
9.436393963602991874e+00
1.072506471831035668e+01
1.092577775732376466e+01
8.129161257287430331e+00
8.055118310705912776e+00
9.676649757371869498e+00
1.003242774655460323e+01
8.506416833276965406e+00
9.106594774438111273e+00
1.006292238757973934e+01
9.413066196849143807e+00
7.864332720713047564e+00
9.113100805282261518e+00
1.038165916381050025e+01
1.039537042318543847e+01
8.629509625161674080e+00
1.017853670438011626e+01
1.124900508927568588e+01
1.054307033799359594e+01
7.806474080588096776e+00
8.901813183894260462e+00
1.099252781058407002e+01
1.090778056401868845e+01
8.486685356247932077e+00
9.096753113886707709e+00
9.542131840004348220e+00
9.320653397209630597e+00
6.140901396668733803e+00
6.823694091476303569e+00
9.322376661599840020e+00
9.753312200698388779e+00
7.084768937615292472e+00
7.433302422389019171e+00
8.837742548269018172e+00
9.285794892373866460e+00
6.159215283302071242e+00
7.852592678985055308e+00
9.175654675283162476e+00
9.310437906168917976e+00
6.743467393264599430e+00
8.682367528001314838e+00
1.126546291217741036e+01
1.121108060423927277e+01
5.989495634863994944e+00
6.018870055418236831e+00
8.407119104218997663e+00
1.044834898276664958e+01
9.267999631130008353e+00
1.007991325131111537e+01
1.096347392754882399e+01
1.026342598216464452e+01
6.491707175965245824e+00
7.225350270769873795e+00
9.221997434782025493e+00
1.080937430059106319e+01
8.420162612230281951e+00
9.676818016474564743e+00
8.515013043646474600e+00
7.245549881364836686e+00
6.273619987253763242e+00
1.006073572027822571e+01
1.267811701842325256e+01
1.067230334493706501e+01
5.493934341187022952e+00
8.244069151038079468e+00
1.159082578370990824e+01
1.165422419163426504e+01
8.244110241847415921e+00
8.871953897624811347e+00
1.182533436257889292e+01
1.120995949515718060e+01
7.281386027758658841e+00
9.014253553499697702e+00
1.111550604631993799e+01
1.129271432557439248e+01
7.990691640427659337e+00
9.932713823733617886e+00
1.215658277336280157e+01
1.204332521035933468e+01
8.921315450182518703e+00
1.023372433660823866e+01
1.066704918835035798e+01
9.708513583929894608e+00
6.507683016639788320e+00
8.807807540148720804e+00
1.150069231364608768e+01
1.177326688671677246e+01
8.697200777546903794e+00
1.020608415325651208e+01
1.155138262720743825e+01
1.197833484229617262e+01
8.990312406792043021e+00
1.091811458621615039e+01
1.164448781257604892e+01
9.799968088216129303e+00
7.041314365096999595e+00
1.030573328340331862e+01
1.310683934157683872e+01
1.229261102392713312e+01
7.742872832964449614e+00
9.593930841748589344e+00
1.337171256140510067e+01
1.386574692507184459e+01
9.836487050715847502e+00
1.075626612297502227e+01
1.170132637797619246e+01
1.026470918599357063e+01
6.043683578054506178e+00
7.719819031562986211e+00
1.092655552753175741e+01
1.140598485074551860e+01
8.877924146604161848e+00
1.053449352333224631e+01
1.292388313630128671e+01
1.363310164457618257e+01
1.028221249248247027e+01
1.185170879393376708e+01
1.134994636723207684e+01
1.015750088890027847e+01
7.691682936403927862e+00
1.189540209746296817e+01
1.401172375859986907e+01
1.302109870842384431e+01
8.205112927250112875e+00
9.585070855756949726e+00
1.126031967484103191e+01
1.172144819519844461e+01
8.180237702091421426e+00
1.043339011271449479e+01
1.189228907355477283e+01
1.177260201682623197e+01
8.556255595791064650e+00
1.155052981836224113e+01
1.313499106793033988e+01
1.272277820254830694e+01
1.049248873406854621e+01
1.572454047258352006e+01
1.759744940503522059e+01
1.338977236384406311e+01
5.929651716365876624e+00
7.983423462917286884e+00
1.089214198450812887e+01
1.082954423603958105e+01
8.612023575345670423e+00
1.137315171690201865e+01
1.431997900314131655e+01
1.266447009633436593e+01
7.573696232901848902e+00
9.700881142035546745e+00
1.212050245541986015e+01
1.398854302353200119e+01
1.173976146789270025e+01
1.360048063085592318e+01
1.450546455325668482e+01
1.076868284488896776e+01
6.879350172221901261e+00
1.030942852728024128e+01
1.526213735810168970e+01
1.461567747695125874e+01
9.769392578697994267e+00
1.158182213935436167e+01
1.348976145989665554e+01
1.283739826603593670e+01
7.965122569644947248e+00
1.240783147472615155e+01
1.533002767126953003e+01
1.332536917446294567e+01
7.036592795010614410e+00
9.218089568838697900e+00
1.428639202791348950e+01
1.611878609088469361e+01
1.039380325986125442e+01
1.138991898982433071e+01
1.297472265068175012e+01
1.417083572554425253e+01
9.691035529168686935e+00
1.195789283686941218e+01
1.397767038116438520e+01
1.499280008706575629e+01
1.092687453987504220e+01
1.233262162040901622e+01
1.718445861720261547e+01
1.599932231677692052e+01
1.044658456414062186e+01
1.186896417097890222e+01
1.343534771939927630e+01
1.317656303771134674e+01
8.718266641574793141e+00
1.359121939142809232e+01
1.779477668117951339e+01
1.593779463522625406e+01
1.010053218207262660e+01
1.332959149753011019e+01
1.740970029207224812e+01
1.584390796215246766e+01
8.509991218514274536e+00
9.309358964869359099e+00
1.332235929354744286e+01
1.550215052496822743e+01
1.257132887635800955e+01
1.507701453844509487e+01
1.690054987493377681e+01
1.644644027223458949e+01
1.011057972830282026e+01
1.450231080208219048e+01
1.872260537500906707e+01
1.824353518611961888e+01
1.170571002317559461e+01
1.363666432997657374e+01
1.735832025191424677e+01
1.877570661803736130e+01
1.033087640846612665e+01
1.269366051096670844e+01
1.338228437235913582e+01
1.372771651827535599e+01
8.627445984315583516e+00
1.098603046403279038e+01
1.496442367677201624e+01
1.523745021451577308e+01
9.460150488735866503e+00
1.237132752236347422e+01
1.477547442882660889e+01
1.246961365802472699e+01
7.590461610964863937e+00
1.389869785103729427e+01
2.029120538204188406e+01
1.797277025622666358e+01
1.017550307448188462e+01
1.294347955437044106e+01
1.735109981239126142e+01
1.970760024102132135e+01
1.154715710446466481e+01
1.652571408256049779e+01
1.807396847581919985e+01
1.880291203262618183e+01
1.262815562731903718e+01
1.177839265209390440e+01
1.424512921328724602e+01
1.538626999220102398e+01
1.239449015813108446e+01
1.437866373922104124e+01
1.808130349174884799e+01
1.729528392941409365e+01
9.322260236479047890e+00
1.150504143592356954e+01
1.506681735767580577e+01
1.482072961072369388e+01
7.083692432699310260e+00
1.009905424610271751e+01
1.754896236096940498e+01
1.743105038464797829e+01
9.539662184927580668e+00
1.072317780315795943e+01
1.699153144233137525e+01
1.699528135283817676e+01
1.354554276875107277e+01
1.483440080663445215e+01
1.942661253519881015e+01
1.763676166813582213e+01
9.660380715992001655e+00
1.427264127438101582e+01
1.945637303573039034e+01
1.762362717608253249e+01
1.117101188934854683e+01
1.409352288531764685e+01
1.705805583069867382e+01
1.555053420903423600e+01
4.283814509265097215e+00
1.197437423797001088e+01
1.908044863760868282e+01
2.117380343295579692e+01
1.276471201606753425e+01
1.479459560341106439e+01
1.711074470036217932e+01
1.750721152964347738e+01
1.240673021920595076e+01
1.421650603068738228e+01
1.663000706768802317e+01
1.540072010266387714e+01
8.310999056561280796e+00
1.135874850862764518e+01
1.466823030187165067e+01
2.050464920935526081e+01
1.527697420956176444e+01
1.750726544704879828e+01
1.788322507011397988e+01
2.052720791718941129e+01
1.354121462440645018e+01
1.471326217110626899e+01
1.421440860561823349e+01
1.383883373947412032e+01
8.883341364423957387e+00
1.430268286733320338e+01
1.701590795587355487e+01
1.815814656329250099e+01
1.407442033564600692e+01
1.750575507180196766e+01
1.917171446152479675e+01
1.346134666558332249e+01
4.203312592398533276e+00
1.037560617797779550e+01
1.791896782615331318e+01
2.115050727635163597e+01
1.233020792409950772e+01
1.266332218335172577e+01
1.830998060803111827e+01
2.131934398801169550e+01
1.354530775920648367e+01
1.579688131283956665e+01
1.651601497797291529e+01
1.427879449856144056e+01
6.372399233896100412e+00
1.190502026093147059e+01
1.723149534689108719e+01
1.565473370498332351e+01
4.187673356159001159e+00
9.711478323507268584e+00
1.125990667780901511e+01
8.407011471945846637e+00
2.150218494943099135e+00
9.161854153824796398e+00
1.740040235917989619e+01
1.685403772347990881e+01
7.473652214061299759e+00
6.912502567721881874e+00
8.070750668115564963e+00
9.412931504396647497e+00
7.983711512991511938e+00
1.136441297084523683e+01
1.064914492473196006e+01
8.046293429773903938e+00
4.122819387038730632e+00
1.367551169211312967e+01
1.675797640622108986e+01
1.422068410139184635e+01
1.937969233593923146e+00
5.077847109612898535e+00
9.326856922170010833e+00
8.567936905289197824e+00
3.628293474224612680e+00
1.081064729000698854e+01
1.445608096115169161e+01
1.061120050621117095e+01
-6.375233829897385407e-01
4.995283147667262114e+00
1.226793176077220338e+01
1.193210328540756748e+01
1.956635001917015559e+00
4.832642201676003779e+00
1.022165276588279781e+01
9.173414033387478739e+00
4.415599836557388969e+00
5.646128046224284880e+00
8.405724599794117680e+00
6.414147935913968368e+00
5.304794005183424144e-01
4.511310922826980097e+00
8.047144149210973652e+00
1.013168162080723178e+01
4.116406049353767749e+00
1.107334943116872417e+01
1.171650625093861287e+01
1.482543772373488089e+01
7.738231813866728537e+00
9.188318173711165215e+00
1.041750967579990395e+01
1.055669070677639887e+01
2.365514391354420543e+00
7.334162416194333289e+00
9.944415101547283697e+00
1.167116832174055929e+01
5.229964382936707956e+00
3.471462456278594289e+00
1.945475257190002694e+00
4.660153124785364476e+00
4.555433046130982433e+00
1.281802558654417545e+01
1.234189350722112088e+01
6.941219098518118358e+00
-1.423673777565327203e+00
-6.206873951212068974e+00
1.451808089632868715e+01
6.016167549293952987e+01
5.837421379558439583e+01
4.817233161156993049e+01
-3.682592509369422284e+00
-7.997008482006399355e+00
-3.089759815000654442e+00
7.102467339642917210e+00
1.237793743474759722e+01
7.135029825189525887e+00
-1.092755559897153228e+00
3.867220776199334686e+00
7.773969058573418245e+00
7.313408083700371876e+00
-1.204949037427839764e+00
4.994210535865274636e+00
7.332654739747519912e+00
6.084112625909445349e+00
1.616834082356759739e+00
7.330007430565780524e+00
1.540179478776453870e+01
1.254435616377503315e+01
-5.953488340160567605e-01
-3.166698656590931193e+00
-3.778338759282402926e+00
1.686190696034275266e-02
6.879637122080559664e-01
1.322040452262324628e+01
1.443956706056975214e+01
1.175759793388538732e+01
-2.048139489429765092e+00
-2.069012328714158605e-02
6.789444837260364629e+00
9.642106857125307684e+00
3.559875985873778959e+00
2.780715664694393130e+00
6.051041308206137614e+00
8.119130023912495275e+00
6.319521993102544144e+00
1.121945111516925309e+01
1.141727493726522269e+01
6.429155683697530321e+00
-2.254945875859214688e+00
7.479113215175024365e+00
1.260465455346326458e+01
1.183186128518920732e+01
2.228986524714075657e+00
4.286556308273681282e+00
8.713174763429130110e+00
7.942401565594635393e+00
1.838116197946664254e+00
6.580952311359756557e+00
8.860851789965499492e+00
9.970007413452696809e+00
2.626898369357746788e+00
3.343923274754849739e+00
2.337276522239144061e+00
1.613443587167109339e+00
-5.022285274152840984e+00
3.612663137926213075e+00
1.005828372357937184e+01
1.049494293343623674e+01
-3.419403425565816779e+00
-7.898523916566585479e-01
5.019658001259538871e+00
1.002453245272926452e+01
3.517307559171539477e+00
5.218422281469329072e+00
1.062882077760922606e+01
1.097628924691298735e+01
-9.831168660358049483e-01
9.677640292354804386e-01
5.869297900412912661e+00
6.253549485339156888e+00
-1.894252399417007959e+00
-4.088433791705906040e-01
4.795424715715600250e+00
1.335626745484747779e+01
3.954543649582839215e+00
2.380214700439998499e+00
-3.348967233174685587e-01
-2.159992691660792830e-01
-2.472926777812693100e+00
3.090607249461100547e+00
6.560358290008426074e+00
1.002520853083224139e+01
-7.107334352499147800e-02
2.637950259185717794e+00
2.480374092160100741e+00
2.261854990994218273e+00
-4.874633595271187225e+00
1.256729188244569917e+00
2.343474329218588004e+00
8.472723754505009808e+00
2.934378609593989218e+00
7.367822330105852302e+00
7.914979716044157954e+00
8.123771511676949331e+00
-4.540848458212839445e-01
5.333391862141036555e+00
6.369459838232561566e+00
1.171770219771319255e+01
-1.535244797711134535e+00
-3.797852986143992027e+00
-1.129624096249891574e-01
4.394181404996307272e+00
4.579559236489503249e+00
8.797655020457179731e+00
1.214585428553874458e+01
8.999327020441922897e+00
-3.415772569455105767e+00
3.253938851365147489e+00
1.193661894018089775e+01
1.573446270967041372e+01
5.571899944038395169e+00
5.144916407093256261e+00
4.307123474266697727e+00
1.918755495193070093e+00
-1.030254960830143141e+01
-5.540662764671020035e+00
-1.667694464441775049e+00
6.520022815023693852e+00
1.827882492987023877e+00
8.635314888960264668e+00
1.089411188756477422e+01
8.078394814395707613e+00
-1.862593743112326061e+00
1.901403130799793173e+00
2.558851811572152801e+00
8.369342191764250316e+00
2.364113409630401286e+00
1.032187852360101665e+01
1.149270173794344352e+01
4.959788628324460547e+00
-3.627855240714470852e+00
3.928462476133958159e+00
7.478723191443449991e+00
7.539193348837012643e+00
-3.283416959154975778e+00
1.254372214409184227e+00
7.265081382494501305e+00
5.267219564055301007e+00
-6.032586199593671594e+00
-2.225866622643855486e+00
5.119582905004633311e+00
1.208396801868654613e+01
3.578596126017833612e+00
-3.403736861680920489e-01
1.833232217461752800e+00
1.861750251070198647e+00
-5.806002894071080611e+00
2.855607950506278137e-01
-2.403925503855507628e+00
-2.764851013258056711e-01
-8.315833261776008456e+00
1.631521019071248579e+00
6.890773430418144940e+00
6.492366185127631972e+00
-1.554822109469497704e+01
-1.209103806429023287e+01
-5.152504261279534425e+00
5.332716986388011726e+00
1.024217975316517260e+00
7.750017774843749763e+00
5.339922877853341632e+00
5.247534375816843344e+00
-1.052763668460548097e+01
-2.219358766470608479e+00
3.024722705002246492e+00
5.339183179294810788e-01
-8.130827480428857612e+00
1.053257975923176160e+00
8.140474357361302538e+00
1.090488867352344826e+01
-7.977916744156796192e+00
-3.409592167862960821e+00
5.379325837029306889e+00
1.075998571423525618e+01
-5.544746407333337769e-03
2.377200802809493307e+00
7.577653275006883682e+00
1.436517303473292451e+01
-1.283752057497776322e+00
-4.714495493597924636e+00
-5.220342276423539651e+00
-4.080863854302246629e+00
-1.418306227993302038e+01
-9.947060151916769399e+00
-4.479875362872240530e+00
6.642981671562576018e+00
3.509295129269061952e+00
1.213764543615880775e+01
1.040792389023090436e+01
6.706836539114701345e+00
-3.793129582398715005e+00
-6.638582639261069396e+00
-4.564893350188439669e+00
-3.504135122040787031e+00
-5.237218532644433822e+00
5.549199593751477977e+00
1.335078083078223177e+00
-4.639970303080931835e+00
-1.654687088335180079e+01
-2.580637658651578015e+00
4.798292329382503496e+00
2.195683342688616868e+00
-1.489942217398883706e+01
-6.415074151669328373e+00
4.845623651450173597e+00
3.628701098850664053e+00
-9.494812289530184302e+00
1.354079251942440498e+00
1.498579997469985692e+01
1.422126782540784973e+01
-1.072246252546850442e+01
-9.355902982084902675e+00
2.999030578273140790e+00
6.658365445654284898e+00
-1.162848918822751365e+01
-6.804830979144951719e+00
9.451690500720351551e+00
2.046701429923236759e+01
7.179862766432433041e+00
-1.962097731772091791e+00
7.194744381921833742e-01
4.614216720374852088e+00
2.968696668936203320e+00
8.265390836678214725e+00
5.069727854981331383e+00
-8.901544884982774963e-01
-1.857523619501716539e+01
-9.972427086569844334e+00
-1.846670417474992831e+00
9.864578306315676670e+00
9.385004946888816590e+00
1.495000495842001875e+01
5.769005415779307810e+00
-2.665257309875607827e+00
-1.014765762507233404e+01
1.931117181934161486e+00
7.940325308808072080e+00
5.985885533632801625e+00
-8.686169696649002958e+00
-6.472096311202403918e+00
-6.711372658612533293e+00
3.758516750765910963e+00
-1.050007510510498498e+01
-1.687038716211306166e+01
-1.282458304520744008e+01
4.635542140976427028e+00
3.669049150841083851e+00
8.755342776168637542e+00
5.175674138773975308e+00
-1.018059749232461009e+00
-9.976858739587473934e+00
4.049586234876445978e+00
9.004011396543221579e+00
1.607774923147852197e-01
-2.934514846705200242e+01
-1.748139992597115011e+01
-4.417686264238403382e+00
1.261563217893565625e+00
-1.881972670605326670e+01
-1.352911667930987250e+01
-3.775951956203703830e+00
3.382717457294356911e-01
-2.828270466675016692e+00
1.688136997137956286e+01
2.580394887631200262e+01
2.024093223092864235e+01
-1.192069672841380878e+01
-1.179101429885452923e+01
-9.039766054284880781e+00
-6.690528388701856954e+00
-2.232063283113387087e+01
-1.717108721481891109e+01
5.787991230837017387e-01
2.282463529590048523e+01
1.398004705305178952e+01
4.961017379903942093e+00
-7.967779648688677163e+00
-8.002139358096557742e-02
3.688493256114041552e-01
2.221581627418046168e+01
1.537480143640922314e+01
4.117751718346087664e+00
-2.330322140941760978e+01
-1.541297792116470511e+01
-3.858341370629709832e+00
-1.266903345688855209e+00
-2.381351800631274784e+01
-1.109485908431497236e+01
-5.399678194545156629e+00
-1.222294886651627221e+00
-1.773052031804458295e+01
-9.833631637277483462e-01
3.661639205737030167e+00
5.178467366322019316e+00
-1.846381323687083409e+01
-1.147343991563338683e+01
4.986986505656417101e+00
3.910840782319739528e+00
-1.161452246697120927e+01
-1.468452264367109095e+01
-1.411083122576338766e+01
-1.192741006961261263e+01
-1.929712949976628522e+01
-3.553414234713282660e+00
-1.243316886057593607e+00
3.669775560493293010e-01
-2.769087009514292319e+01
-1.484586707109204617e+01
-4.715505897628130327e+00
6.714378699924354876e+00
-2.632549905819413727e+00
2.139345543753586210e+00
7.779068770898999396e+00
1.261394912551984326e+01
-1.097358641837628390e+01
-7.166249018537266480e+00
-7.868105078979020561e+00
-2.914857169126131797e+00
-2.127735942583575834e+01
-1.572345797701038350e+01
-1.107655409366493160e+01
-4.285472833612510968e+00
-2.180253059196535759e+01
-3.392295957988523902e+00
1.427582685871598933e+01
2.428084650076586470e+01
-4.323695526265675326e+00
-3.864041549044245460e+00
5.694614794647661959e+00
1.314361592742454476e+01
-1.768702766487497158e+01
-1.801184888900973036e+01
-2.671850182451276368e-01
1.777256251161509937e+01
3.072252878831783551e+00
-3.725279521523479520e+00
-3.921723673874129013e-01
1.982040148358677101e+01
3.093850335824262832e+00
5.756934125364431942e+00
-1.238203539408616827e+01
-8.944603540168488465e+00
-1.516699931827326608e+01
-3.477158483664223088e+00
1.021795380136438425e+01
4.764282483705172488e+00
-9.013420739701233586e+00
-6.156016220850611953e-01
8.842979209967433363e+00
2.034819483034594612e+01
9.953175791970015895e-01
-2.526168554280482592e+00
-1.219959984866517644e+01
-1.511560758447888375e+01
-1.969885447248465127e+01
1.487965412953439426e+00
1.100126489630165771e+01
9.538519917577989560e+00
-2.015692295550845614e+01
-8.039395390689231036e+00
1.634544587936762383e+00
5.089623988858573256e+00
-1.531690594229185898e+01
-9.872327016677195033e+00
5.003403858008725891e+00
2.038255918597125671e+01
-2.433768811207249083e+00
-7.975066408151100461e+00
-1.169650394180356656e+01
-6.201850397482781219e+00
-2.206287521743351832e+01
-1.525506640249905033e+01
4.260626895473020426e+00
2.771888680734034338e+01
3.954396378766761977e+00
-1.450979228278826483e+01
-2.455038456159782712e+01
-1.139590572993282258e+01
-8.154926170448145939e+00
9.904667198564679254e+00
7.656807138933838797e-01
-1.134725167703010129e+01
-2.837746281002310766e+01
5.090824082975070830e+00
2.153810440277347382e+01
1.848756629896545078e+01
-2.428423818342843177e+01
-2.256003599923164415e+01
-7.068915936400608224e+00
-3.769313225650085197e+00
-1.965370719355811246e+01
-1.477553097957565598e+01
-7.928807490632241439e+00
-1.762329517424261027e+00
-3.007014635518489598e+01
-2.371208729098048096e+01
1.489643304608906815e+00
1.175566776921406920e+01
-4.658333480815109340e+00
-6.358957868235066258e+00
-1.226359451755521857e+00
4.455698982753891535e+00
-1.458962734477636225e+01
-6.558685027316446536e+00
5.405137014491177894e+00
1.048082928496957278e+00
-1.766407163614097797e+01
1.586206681670477181e+00
8.086762068926809377e+00
9.813889692521682306e+00
-2.960093713738297083e+01
-1.819408689695280046e+01
-3.344421814949982252e+00
1.374911156593132944e+01
-9.739278356948439352e+00
1.516147588785349276e+00
-8.052287693414360348e+00
3.868519569321329232e+00
-1.794611270903658706e+01
-2.794370151238048550e+01
-1.606058044595441459e+01
1.751004453818523388e+01
8.427068327868084907e+00
6.526749737332772305e+00
-1.954876153442139142e+01
-6.784979753271598746e+00
-7.906184670163323602e+00
-1.298590203827548706e+01
-4.088942629395309503e+00
1.661615433954109022e+01
1.344531618532695916e+01
-1.503046310867778734e+00
-3.088935884165061552e+01
-3.361904493803760374e+01
-2.388653543963030401e+01
8.390365749025068709e+00
1.541192929671523437e+01
2.084157347247338876e+01
-7.018308774567456609e+00
-3.361037169210725484e-01
-4.657062666258085848e+00
2.928643266128915901e+00
-1.069456787785234120e+01
-1.101837630039313254e+01
-1.274609244499359129e+01
-1.594945273708155042e+01
-2.882964846667106329e+01
-1.523215491128511090e+01
-1.279644299491631543e+01
1.509409494221497061e+00
-1.937651328427608988e+01
-8.615439360072659980e+00
-1.417563290503653128e+01
1.992210905276547317e+00
-5.346163595477661623e+00
6.043714542279842838e+00
1.311024097433541513e+01
8.227597349507719926e+00
-3.003179786313912913e+00
3.427184178485477073e+00
-5.558396453709972818e+00
-3.918416169939398230e+00
-2.341673638439875660e+01
-1.035725662892511778e+01
-5.451597882882792234e+00
5.285191242919762722e+00
-7.037825156150686823e+00
7.664504954847090268e+00
5.479707914215918407e+00
-6.090274493437795478e+00
-2.867935318195983996e+01
-2.033491067245504880e+01
2.873684594058163455e+00
2.041841529515330222e+01
-2.745854013782411673e-01
6.285116066143557667e+00
-7.247241341676121884e+00
-1.203053450431100124e+01
-4.167606772247660984e+01
-1.915000088054635086e+01
-2.744986086262613423e+00
9.748853997928273785e+00
-1.685314037382299190e+01
-1.629543794326628614e+01
-2.254871892039146530e+01
-1.561602398822833315e+01
-2.003555938917230961e+01
1.628616646870347040e+01
1.891254509914357840e+01
2.540754019916019146e+01
-1.322903001239211918e+01
-1.005894687131192100e+01
-8.048946762518950138e+00
5.131801025108083003e+00
-6.760936557773704614e+00
-1.249995528365095865e+01
-5.023685308823307771e+00
8.845433633140377339e+00
8.277047242433440033e+00
4.442837403547713393e+00
-9.736254087974710814e+00
-7.721377870770119500e+00
-2.345517306908954680e+01
-6.197241386294591869e+00
-2.970248302281620401e+00
-5.688734971420298159e+00
-3.256143313566798270e+01
-1.297131425456765363e+01
6.522340358577447539e+00
2.702305376668115855e+01
-8.440152683514989818e+00
-1.421716548979734540e+01
-1.134905766906659252e+01
1.070817896512339651e+01
-7.878335063439140029e+00
-2.652876431465639673e+00
-1.956565990894312534e+01
-2.176653734061514189e+00
-1.540902257156412958e+01
-2.187077994045378559e-01
-1.273631418267144433e+01
-5.524960660746792485e+00
-3.133269414237884121e+01
-1.426524960548699106e+01
3.814581834623766987e+00
2.280344224406486120e+01
9.358000035965599039e+00
1.014756966580231712e+01
2.245477079766174811e+01
8.070784698754358999e+00
-2.754460299018646552e+01
-2.433372649149865552e+01
7.249976556990045395e+00
2.217434898982340385e+01
-9.359815285383998429e+00
-2.668797651922843173e+01
-3.236205220547893191e+01
-2.896060269647406571e+01
-3.798664291076484290e+01
-1.853271341552829909e+01
-6.902178722191393945e+00
9.356206859659295105e+00
1.547675354528992919e+01
3.725813327437840172e+01
2.082123850210846427e+01
-2.465949364579670444e+01
-6.767259506828618498e+01
-4.651012343693793838e+01
-3.389204311075533216e+00
4.659577328651747763e+01
8.110830258189537290e+00
8.739427962908935754e+00
-9.316275904872311386e+00
1.031916238750977399e+01
-1.357560158145966867e+01
-2.369803322589780947e+01
-2.459060401598567935e+01
-1.197821547895120453e+01
-2.390225045659332181e+01
-8.284557543648766398e+00
-4.416171264639991156e-02
2.543405667748438681e+00
-4.274896213324016259e+01
-4.080524639459665082e+01
-2.927466719005795071e+01
-3.275427369453502990e+01
-3.832172086934970423e+01
-7.076162333177329344e+00
2.113033514049909201e+01
3.208994235948971152e+01
-4.645265000002678590e+01
-1.761070180116345085e+01
4.604282203637387738e+01
7.177265815855956532e+01
5.401588827473659649e+01
-1.715855170060089918e+01
-2.234414172410042099e+01
-8.104116193566239801e-01
-2.127716347896818405e+01
-1.883427104907529426e+01
-2.343951196933923597e+01
1.829221721578194959e+01
-9.636266672249252707e+00
9.238830913453585092e-01
-2.818334383616088346e+01
-2.020834747495360162e+01
-2.722508910961099815e+01
-3.052721078992782999e+00
1.116216838226817565e+01
-1.234166149679433921e+01
-4.652541049204304358e+01
-5.668091437741105132e+00
2.456471573945418641e+01
2.483319078204967667e+01
-3.635766521527289541e+01
-3.455305594065016805e+01
1.439014905493103846e+01
4.434938070599901039e+01
-1.233887510504937879e+01
-3.068666920577714663e+01
-4.818511725095201115e+01
8.921431648198934639e+00
-1.623789581810653004e+01
-1.578806348191761444e+01
-3.144864036039830779e+01
2.177170382996450471e+01
1.214837288913314595e+01
3.519665227500696214e-01
-5.789806369929992513e+01
-5.038782568204833723e+01
-4.863568367018434202e+01
5.402570670806927211e+00
-2.558531642544946472e+00
1.393515398800565519e+00
-4.927989943596892175e+01
-2.485709537897250954e+01
1.176261774740388732e+00
2.988446384271737699e+01
7.823878633495481294e-01
-2.353181555619212162e+01
-1.137699359036183999e+01
1.578780762901196510e+01
-2.366745309188629776e+01
-3.872450958518194142e+01
-5.104335551740893351e+01
-2.551038135007766172e+01
-3.057237043458377812e+01
-7.459570522374578516e+00
-1.542015895575355700e+01
-1.844373743965301848e-01
-4.301805319895999702e+01
-2.264682023058410820e+01
5.560574823068218819e+00
1.272753315218217729e+01
-3.783896733274663404e+01
-5.803617412936976905e+01
-8.126678439544787125e+01
-5.568923333746113258e+01
-3.758314536366063408e+01
5.158162509836778753e+01
5.687782510138199399e+01
3.038664697784295399e+01
-5.066097245358906065e+01
-5.302685471375805548e+01
-4.801234245769292386e+01
-3.412378806816009913e+00
-8.516898608940605797e+00
3.285601279607978142e+01
2.270811910813559464e+01
-4.456588935699842047e+00
-4.382132716047986776e+01
-1.592434775799399560e+01
4.619279730837608788e+00
9.187877807509254424e+00
-1.913593828859823986e+01
1.308796878131837005e+01
-9.645398940315127234e+00
-1.886730561402855244e+01
-5.133981637209802074e+01
1.936012694281472690e+01
4.377149327955491742e+01
2.328228398651126696e+01
-2.956535280910597763e+01
-1.328836408167759942e+01
5.474155753696076765e+00
4.072392695113324379e+01
-1.466433050510271308e+01
-2.710645163118696033e+01
-7.402417821221403926e+01
-2.774924096041075927e+01
-4.288452501891434565e+01
2.684941728317665088e+00
7.818584802249683996e+00
4.420451134403793247e+01
-1.425844757991189304e+01
-3.316835285856306115e+01
-3.210511283197573107e+01
8.375067919590016174e+00
-4.135388696764292327e+00
1.816714489751250028e+01
-1.548827104475156147e-01
2.284253368710547605e+01
7.032728042413806335e+00
8.714539903980007551e+00
-1.516001263006423727e+01
-3.264955445614681651e+01
-3.363896153313775983e+01
1.334214419988746769e+01
5.995235395342429108e+00
-2.788800370277905571e+01
-7.784362615234677207e+01
-5.965435561789017527e+01
-5.519119987468118893e+01
-8.476832108287146283e+00
-2.039039167613449877e+01
-1.984080747054413729e+00
-3.754098401707965049e+00
-1.080354895221682732e+01
-4.937759050008602912e+01
-1.109593647692606844e+01
-2.399724634849058447e+01
3.294315706171789593e+00
-3.325097401982673517e+01
4.283579054869288427e+01
4.495600631641392653e+01
2.524821478661553087e+01
-4.504771702939734013e+01
-3.987815301465415985e+01
-4.582939480854393821e+01
-3.829710593714916200e+01
-4.026433562753029882e+00
2.466547972879650175e+01
-1.291396286005345750e+01
-3.008858448225516469e+01
-6.204948764339606271e+01
3.511493644534716907e+00
1.096721666844634591e+01
-1.611089598028636516e+01
-5.751948546790808336e+01
-2.199465677724997192e+01
-6.711414668691721985e+00
5.241943526204853754e+01
-1.905662011661917887e+01
-3.354867025327610719e+01
-2.443253327575018474e+01
-1.568897769800512698e+01
-5.328544668745711732e+01
-1.724090921490088490e+01
2.336800492372517368e+01
4.437267519045447983e+01
-9.193782019186375010e+01
-1.011086072567093197e+02
-4.378505191212724412e+01
1.032833139785076781e+02
2.165463161925963576e+01
-6.960632809967672863e+00
8.021817226766964737e+00
8.429765658153867491e+01
7.486300504537652500e+01
5.483165133664721225e+01
-2.282560349923450005e+01
-5.594446174466146715e+01
-8.625279309614606404e+01
-4.541600532826675618e+01
-3.367596674801232126e+01
3.259976754453834946e+00
-8.168248424546999331e+01
-4.772402898223060674e+01
-5.044391845947059494e+01
-2.517785324751142895e+01
4.048541972131742384e+00
8.759978543897776859e+00
-7.411804797163696890e+01
-7.096128450851406910e+01
-9.629508578086269210e+01
5.321438469970803453e+01
9.360129423479563116e+01
4.132171736115368077e+01
-6.424138027804303874e+01
-3.109628138643627793e+01
6.104343215216600171e+00
3.256475767492588602e+01
-8.193397146033883871e+01
-7.482277308568041008e+01
-8.322615497348721192e+00
7.112079755255356872e+01
-5.045152364864816263e+01
-3.872587095127472878e+01
-1.116782824594380230e+02
1.094264521733969353e+01
2.508531116450845033e+01
1.923850785862589419e+01
5.576607126223093758e+01
-5.016202954492398725e+00
-6.239674743689662506e+01
-5.591489753514241556e+01
-5.503223247386195283e+01
3.720660350755038337e+01
-4.264437222435972075e+01
-9.662270246438261267e+01
-1.412837195482486834e+02
-9.237759342395955287e+01
-7.763550383980330594e+01
-6.100247174119517446e+00
-2.097183291616720879e+01
-3.694692358492113637e+00
-1.389991101506759037e+02
-1.357845903371761551e+02
-1.587665839223069497e+02
-7.546461985416877383e+01
-9.093028793275897215e+01
-9.453767739786009372e+01
-1.024771309182785473e+02
2.132833034212195855e+01
1.016838537747447475e+02
2.126284874713988984e+02
-2.133965946971382976e+01
-1.343457742454947663e+02
-2.486361375173834176e+02
3.181335873023334759e+00
3.558082863074676538e+01
-2.288590110488883766e+01
-1.425996614785430552e+02
-6.463996374554552915e+01
2.669508232516619017e+01
6.045423517916222522e+01
-9.593143613285572258e+01
-8.541489964086059672e+01
9.810214483630860016e+00
1.327105145851673171e+02
2.062995363920047609e+01
-7.017925703147106731e+01
-1.171579506066751719e+02
-7.833856713480710710e+01
-4.865013643412117261e+01
4.375023849739041992e+01
6.546814350065803367e+00
-5.284044880252257315e+01
-2.788832438027851595e+02
-2.656191875268553986e+02
-1.612413677953658748e+02
-7.105033504753540008e+00
-3.810356275940073800e+01
-3.518050796460231311e+01
-1.703658104909974327e+02
-1.613798592022153855e+02
-1.880424096707413071e+02
-8.447221775807058464e+01
-3.124710318013175936e+01
5.015387804514313785e+01
-2.862205274731446281e+01
6.459862086719927277e+01
-7.638240001981503724e+01
-1.296552758073573557e+02
-2.086426470657214054e+02
-1.042084397945073846e+02
6.055673321221274996e+00
3.895822818572295176e+01
-5.598310755049597276e+01
1.491900334004471596e+01
3.033039642296281002e+01
2.952713257847431549e+00
-1.904278634876112619e+02
-1.707842845381639734e+02
-6.457888960121609045e+01
2.832229657440994330e+01
-1.050423069489383288e+01
4.276956096731636592e+01
1.029437648199363338e+02
7.249340417763254152e+01
-9.104147675028490028e+01
-1.106332801197802240e+02
-8.053813576162401944e+01
-9.278041605494249211e+01
-1.770249239595603115e+02
-4.621492909459372100e+01
-8.511931658804149947e+01
9.882208508648818679e+01
-4.831694415397503661e+01
-3.266914106833556986e+01
-1.948757636695941073e+02
-2.352158844043247257e+02
-2.631739302842027541e+02
-5.293307824349707857e+01
1.174920016798651906e-01
3.674148558126900355e+01
-1.771136791337286809e+02
-2.111112514464940659e+02
-2.183113318986917193e+02
-1.336643499039029166e+02
-3.216458309642053450e+02
-3.037506229932646988e+02
-1.874367383557633389e+02
1.285276635198238182e+02
-2.719533968160237123e+02
-3.396143743064220075e+02
-1.908425367211378330e+02
1.741893463036213632e+02
4.875706857716585318e+01
-1.845544956590005086e+02
-2.955686428303997104e+02
-5.089735834868551478e+01
-1.145602288527733847e+01
-3.012114544972477503e+01
-9.025086626281354540e+01
-1.336601360787768158e+02
-1.548284257592590336e+02
-7.131352519408359569e+01
2.846148364675342890e+01
1.002639219533025710e+02
-5.736944395922427020e+01
-1.381782377993182536e+02
-1.434264884295738227e+02
8.321855530430740444e+00
-2.552953059976202965e+01
-4.305434654937667460e+01
-1.616725256977746881e+02
-4.539120045712007823e+01
-1.983331806296560273e+02
-4.553083888573731883e+02
-4.724065451145400516e+02
-2.152445736893550645e+02
1.033325709052012513e+02
4.051574632788626218e+02
1.742065561904891808e+02
2.374200724584814282e+01
-3.135561460292987590e+02
-2.232856836188682053e+02
-2.289656009792889506e+02
-1.485909531465583768e+02
-3.815212299744458591e+01
7.878677249510953118e+01
-8.652716602762444609e+01
-2.445072621947589369e+02
-2.144421375799256566e+02
-3.309196922080965919e+01
5.275928262280777403e+01
-2.020121300149845922e+01
-1.537828684224203073e+02
-1.976063907328586140e+02
-2.464488848121147271e+02
-1.304324389645510394e+02
-5.893568849209279392e+01
-1.117245645754136660e+02
-4.067396383127563695e+02
-4.086088893943028779e+02
-5.673759878893157520e+02
-3.882539195392638476e+01
-8.111394047504703053e+01
5.759906318825392901e+01
-1.566420442732687945e+02
-1.359470089639622188e+02
-1.679392146104329413e+02
-8.192055988845821446e+01
-1.935023419513664322e+01
1.541551088255093660e+01
-1.550097724235102135e+02
-2.159403028014541803e+02
-3.015161915861703505e+02
-8.921991097623558176e+01
-9.594791408849766867e+01
-1.303340920836911998e+01
-4.231418151630562896e+00
2.063721583330722353e+02
8.166103517074843410e+01
1.102590306997035441e+02
-6.426751500003696265e+02
-5.142210479681759807e+02
-8.733539483698706363e+02
-3.055382432215097310e+02
-2.329120252405460860e+02
-3.205139934219187126e+02
-5.623101352549647345e+02
1.576717356333028164e+01
1.128481208902235977e+02
-9.580523854502962422e+01
-3.066435308478608590e+02
-3.882164750428729008e+02
-4.175861702579823032e+02
-2.204275261933674415e+02
-6.701265591113470919e+02
-1.209575286798309008e+02
-1.707705043066116559e+02
7.804872203652251983e+01
-1.095472722695743784e+02
-2.399689603263742868e+02
-3.748276350231834044e+02
-1.961964337840920223e+02
-2.593149605417540897e+02
-1.749386283732075640e+02
-5.442477428638712809e+02
-5.680426545559818123e+02
-2.896120403716813030e+02
3.764524689041230090e+02
2.324497555400978968e+02
-5.585019403678774097e+02
-1.856987240005289095e+03
-9.910868006856819648e+02
-4.833624738692098504e+02
1.410472183263195802e+02
-1.337709729364715372e+02
-2.432320776900992598e+02
-4.284654635152583069e+02
-4.539560126202764536e+02
-2.641272290122238928e+02
-3.058803480673979536e+01
-2.415965467333240326e+02
-2.302332295693237825e+02
-3.603602068396552909e+02
1.705324398732315316e+01
1.932604920242424100e+02
1.056212897987160773e+02
-4.778015304741529690e+02
-1.808718959433176678e+02
-2.131529269692265132e+02
-6.667946303346070636e+02
-2.817245354661132296e+03
-5.322485317320356444e+03
6.971792188903307306e+02
-1.543122548122771889e+02
1.094043793202294864e+03
1.322447872837801697e+03
6.094312208017587409e+02
9.255931079088507829e+01
-3.642599567817488264e+02
3.668075846131256412e+01
1.740991309659345632e+02
2.146237995027594252e+02
-2.520446666141161245e+02
-2.408631369799056756e+02
-5.651827312150312537e+02
-4.553696280170124169e+02
-6.258255662475095278e+02
-2.560411951666129653e+02
-3.064874796346383619e+02
2.757904463328085285e+02
4.230218793828862545e+02
5.153114111818865695e+02
-1.186541906819131214e+02
-7.968396049903257108e+02
-1.600763367525631566e+03
-1.670569288870973992e+02
-2.082255646370342674e+02
-4.080017771643074980e+02
-1.691870128135492678e+03
-7.642476754454340835e+02
-6.949779739031807821e+02
-6.782544580244477856e+02
-8.814352763078035196e+02
-7.403493944299869156e+01
-2.906395806500769936e+02
-2.944493886145098145e+02
-5.424773361021126448e+02
-1.474952611670728686e+02
-2.422397825814076384e+02
-2.487730078278050030e+02
-1.158366181934525230e+02
2.104848493904893587e+02
-6.114630057828547933e+02
-1.987095140977236269e+03
-2.960993480020490097e+03
1.165624948436449586e+03
-4.640443262990238509e+03
-2.184562716766425638e+03
-9.119907788041356298e+02
-2.941390482115823701e+01
1.889913727425382604e+02
-2.821703478355188963e+02
-3.433475109783738048e+02
-1.475983481082749620e+02
4.044886237404050178e+01
1.484071068519931487e+02
-5.838663047717528798e+02
-3.718244622753941826e+02
-1.159431812944045532e+02
3.736266078007157603e+02
3.460957651700990141e+02
5.897651670442717204e+02
1.317457073947202559e+02
2.130699547077085398e+01
-3.705781206171127451e+02
-4.089117132754311115e+02
-4.270109242667127774e+02
-8.131567590894450177e+02
-1.069996939115842679e+03
-5.339613500897367970e+01
-4.674940640783023014e+02
-7.533715131681523189e+02
2.435868533949532775e+03
1.675187470782270975e+04
-1.064105666538321657e+03
-1.179602014479478385e+03
-1.032893832052330481e+03
9.545796937410786995e+02
6.595549322113088238e+02
4.816971592084119891e+01
-6.579782940319171303e+02
-2.114329588286859405e+02
2.752337540906883646e+02
1.767575032804581099e+02
-6.038052187528825243e+02
-3.845052017326072473e+02
-1.895696607635240412e+02
3.310057218036698714e+02
-5.999141326342012235e+02
-9.903768778552229151e+02
-1.014443065141406237e+03
-2.538655719578588901e+02
-2.712840595758338509e+02
2.815337848828053211e+02
1.869377770457371071e+02
6.858581646800345197e+02
6.222736826715807865e+02
9.111105527408439002e+02
-9.796715601911969316e+02
9.339597942963582682e+03
-7.058546099825118290e+03
-7.229038819583623081e+03
-4.590160590549354310e+03
-2.675624123422949197e+02
-1.666006311360506288e+03
-6.139744293351205897e+02
2.773685332581231933e+02
6.050553588422932307e+02
-8.811101227345621112e+01
-3.298436965787921054e+02
-9.145704971449487175e+02
-7.167306485006357661e+02
-7.421714676160718227e+02
1.578287030644753202e+02
-2.792989813804016421e+02
-1.493822090321538276e+01
-5.376190909279403058e+02
3.295697046110439601e+02
-3.362644871578882544e+02
-6.164579649610155911e+02
-8.610906830110018291e+02
-2.812929778455630299e+02
1.576412575060479639e+02
7.758569451858788568e+01
-5.718819386005937986e+02
-9.439927314112518388e+02
-1.799765052271297691e+03
-6.681497807162952995e+03
4.510712482468452436e+03
2.085517375720731707e+03
-2.368404581580178274e+04
