3.803432211313695461e+02
5.193432211313695461e+02
1.713432211313695461e+02
3.000098877980361749e+02
7.965098877980360612e+02
1.166009887798036061e+03
1.320176554464702576e+03
1.124176554464702804e+03
1.213509887798036061e+03
1.289343221131369546e+03
1.274343221131369546e+03
1.089509887798036061e+03
1.195676554464702804e+03
1.318343221131369546e+03
1.327676554464702804e+03
1.147009887798036061e+03
1.215176554464702804e+03
1.319176554464702804e+03
1.384843221131369546e+03
1.236676554464702576e+03
1.421176554464702804e+03
1.532343221131369319e+03
1.548509887798036061e+03
1.308343221131369319e+03
1.391509887798036061e+03
1.446176554464702804e+03
1.442676554464702804e+03
1.247176554464702804e+03
1.346509887798036061e+03
1.430843221131369546e+03
1.436009887798036061e+03
1.279843221131369546e+03
1.423343221131369546e+03
1.481509887798036061e+03
1.488509887798036061e+03
1.270176554464702804e+03
1.376009887798036061e+03
1.442843221131369546e+03
1.412676554464702576e+03
1.234009887798036061e+03
1.334343221131369546e+03
1.451843221131369546e+03
1.449843221131369546e+03
1.270676554464702576e+03
1.357676554464702804e+03
1.463009887798036061e+03
1.492343221131369546e+03
1.375009887798036061e+03
1.499676554464702804e+03
1.552676554464702804e+03
1.470676554464702804e+03
1.236843221131369546e+03
1.360343221131369546e+03
1.475009887798036061e+03
1.519509887798036061e+03
1.340509887798036061e+03
1.411676554464702576e+03
1.414676554464702576e+03
1.394843221131369546e+03
1.229176554464702804e+03
1.369676554464702804e+03
1.486343221131369319e+03
1.495843221131369546e+03
1.299176554464702804e+03
1.379176554464702804e+03
1.468509887798036061e+03
1.451009887798036061e+03
1.282509887798036061e+03
1.422843221131369546e+03
1.549009887798036061e+03
1.561843221131369546e+03
1.359676554464702804e+03
1.468509887798036061e+03
1.533009887798036061e+03
1.513676554464702576e+03
1.337009887798036061e+03
1.420676554464702804e+03
1.485343221131369319e+03
1.436009887798036061e+03
1.281009887798036061e+03
1.383843221131369546e+03
1.451843221131369546e+03
1.407676554464702576e+03
1.229343221131369546e+03
1.340676554464702804e+03
1.447843221131369319e+03
1.461509887798036061e+03
1.317676554464702804e+03
1.403509887798036061e+03
1.440509887798036061e+03
1.439176554464702576e+03
1.261843221131369319e+03
1.377509887798036061e+03
1.461176554464702804e+03
1.456009887798036061e+03
1.356343221131369546e+03
1.474343221131369319e+03
1.563676554464702804e+03
1.493343221131369546e+03
1.277509887798036061e+03
1.373009887798036061e+03
1.463509887798036061e+03
1.456343221131369319e+03
1.261509887798036061e+03
1.340509887798036061e+03
1.384176554464702804e+03
1.376509887798036061e+03
1.214343221131369546e+03
1.361509887798036061e+03
1.452176554464702576e+03
1.455676554464702804e+03
1.275176554464702576e+03
1.429843221131369546e+03
1.545176554464702804e+03
1.563009887798036061e+03
1.345176554464702804e+03
1.412843221131369546e+03
1.446176554464702804e+03
1.423176554464702804e+03
1.238009887798036061e+03
1.372676554464702804e+03
1.456843221131369546e+03
1.454676554464702576e+03
1.250676554464702804e+03
1.349343221131369546e+03
1.386843221131369546e+03
1.359676554464702804e+03
1.201676554464702804e+03
1.378009887798036061e+03
1.487509887798036061e+03
1.433009887798036061e+03
1.179843221131369319e+03
1.294676554464702804e+03
1.429176554464702804e+03
1.456509887798036061e+03
1.278509887798036061e+03
1.354009887798036061e+03
1.430009887798036061e+03
1.397843221131369546e+03
1.229843221131369546e+03
1.361176554464702804e+03
1.514009887798036061e+03
1.562843221131369546e+03
1.354843221131369546e+03
1.363009887798036061e+03
1.404676554464702804e+03
1.437676554464702804e+03
1.298343221131369546e+03
1.355343221131369546e+03
1.398843221131369546e+03
1.413176554464702804e+03
1.288509887798036061e+03
1.413509887798036061e+03
1.473676554464702576e+03
1.446843221131369319e+03
1.259009887798036061e+03
1.367009887798036061e+03
1.455509887798036061e+03
1.471676554464702804e+03
1.309176554464702576e+03
1.377843221131369546e+03
1.421509887798036061e+03
1.397176554464702804e+03
1.254843221131369546e+03
1.345176554464702804e+03
1.403843221131369546e+03
1.413343221131369546e+03
1.277176554464702576e+03
1.394843221131369546e+03
1.468009887798036061e+03
1.437676554464702804e+03
1.246676554464702576e+03
1.290009887798036061e+03
1.389176554464702804e+03
1.465843221131369319e+03
1.320676554464702804e+03
1.383176554464702804e+03
1.434009887798036061e+03
1.472509887798036061e+03
1.309176554464702576e+03
1.373176554464702804e+03
1.405843221131369546e+03
1.397176554464702804e+03
1.248009887798036061e+03
1.363676554464702804e+03
1.432509887798036061e+03
1.420676554464702576e+03
1.235176554464702804e+03
1.387009887798036061e+03
1.470676554464702804e+03
1.444676554464702804e+03
1.256676554464702576e+03
1.351176554464702804e+03
1.452009887798036061e+03
1.477509887798036061e+03
1.306843221131369546e+03
1.405509887798036061e+03
1.432676554464702804e+03
1.426009887798036061e+03
1.280009887798036061e+03
1.407676554464702804e+03
1.461676554464702804e+03
1.460176554464702804e+03
1.285676554464702804e+03
1.374843221131369546e+03
1.420009887798036061e+03
1.415343221131369319e+03
1.287509887798036061e+03
1.415676554464702804e+03
1.475509887798036061e+03
1.446009887798036061e+03
1.264509887798036061e+03
1.364343221131369546e+03
1.429343221131369319e+03
1.358843221131369546e+03
1.158843221131369546e+03
1.298176554464702804e+03
1.493843221131369319e+03
1.555009887798036061e+03
1.339009887798036061e+03
1.343176554464702804e+03
1.373843221131369319e+03
1.404676554464702804e+03
1.260176554464702804e+03
1.377509887798036061e+03
1.457509887798036061e+03
1.496009887798036061e+03
1.324343221131369546e+03
1.405009887798036061e+03
1.437009887798036061e+03
1.445009887798036061e+03
1.277343221131369546e+03
1.341009887798036061e+03
1.339509887798036061e+03
1.348843221131369319e+03
1.231176554464702804e+03
1.390509887798036061e+03
1.416343221131369546e+03
1.411343221131369546e+03
1.244343221131369546e+03
1.375176554464702804e+03
1.416176554464702804e+03
1.368343221131369546e+03
1.190343221131369546e+03
1.291676554464702804e+03
1.384343221131369546e+03
1.362509887798036061e+03
1.184343221131369546e+03
1.287843221131369546e+03
1.390509887798036061e+03
1.427676554464702804e+03
1.279343221131369319e+03
1.397843221131369546e+03
1.437843221131369319e+03
1.436009887798036061e+03
1.272509887798036061e+03
1.374676554464702804e+03
1.420343221131369546e+03
1.401009887798036061e+03
1.227509887798036061e+03
1.305843221131369546e+03
1.382843221131369546e+03
1.429509887798036061e+03
1.316176554464702576e+03
1.413176554464702804e+03
1.449009887798036061e+03
1.428509887798036061e+03
1.225843221131369546e+03
1.301343221131369546e+03
1.356009887798036061e+03
1.384176554464702804e+03
1.250343221131369546e+03
1.377176554464702804e+03
1.396509887798036061e+03
1.374176554464702804e+03
1.179009887798036061e+03
1.288009887798036061e+03
1.349176554464702804e+03
1.346843221131369546e+03
1.198509887798036061e+03
1.359676554464702804e+03
1.458176554464702576e+03
1.475009887798036061e+03
1.244176554464702804e+03
1.308009887798036061e+03
1.398343221131369546e+03
1.492009887798036061e+03
1.351509887798036061e+03
1.413009887798036061e+03
1.391343221131369319e+03
1.407843221131369546e+03
1.269843221131369546e+03
1.361676554464702804e+03
1.386843221131369546e+03
1.374343221131369546e+03
1.266509887798036061e+03
1.406843221131369546e+03
1.483009887798036061e+03
1.478509887798036061e+03
1.280843221131369319e+03
1.348676554464702804e+03
1.388343221131369546e+03
1.361176554464702576e+03
1.218343221131369546e+03
1.320176554464702804e+03
1.426343221131369319e+03
1.413009887798036061e+03
1.286676554464702804e+03
1.389509887798036061e+03
1.478009887798036061e+03
1.478843221131369319e+03
1.354009887798036061e+03
1.418676554464702576e+03
1.404676554464702804e+03
1.329009887798036061e+03
1.193843221131369546e+03
1.345176554464702804e+03
1.415509887798036061e+03
1.412843221131369319e+03
1.201676554464702804e+03
1.255509887798036061e+03
1.264843221131369546e+03
1.262676554464702804e+03
1.147343221131369546e+03
1.236509887798036061e+03
1.321343221131369546e+03
1.334176554464702804e+03
1.216009887798036061e+03
1.287676554464702804e+03
1.340009887798036061e+03
1.343843221131369546e+03
1.209509887798036061e+03
1.288009887798036061e+03
1.379676554464702576e+03
1.403176554464702804e+03
1.298676554464702576e+03
1.337176554464702804e+03
1.394843221131369546e+03
1.420509887798036061e+03
1.314676554464702804e+03
1.375843221131369319e+03
1.386009887798036061e+03
1.380843221131369546e+03
1.272176554464702576e+03
1.367843221131369546e+03
1.393009887798036061e+03
1.342509887798036061e+03
1.191676554464702804e+03
1.318676554464702804e+03
1.435009887798036061e+03
1.430676554464702804e+03
1.259843221131369546e+03
1.335176554464702804e+03
1.388343221131369546e+03
1.392676554464702804e+03
1.187009887798036061e+03
1.248509887798036061e+03
1.309509887798036061e+03
1.375676554464702804e+03
1.269843221131369319e+03
1.304176554464702804e+03
1.338176554464702804e+03
1.330176554464702804e+03
1.229509887798036061e+03
1.304343221131369546e+03
1.359676554464702576e+03
1.400509887798036061e+03
1.287509887798036061e+03
1.398009887798036061e+03
1.413843221131369546e+03
1.393176554464702804e+03
1.204343221131369546e+03
1.248843221131369546e+03
1.316843221131369546e+03
1.416509887798036061e+03
1.349343221131369546e+03
1.421009887798036061e+03
1.374843221131369319e+03
1.352343221131369546e+03
1.243176554464702804e+03
1.348176554464702804e+03
1.379676554464702804e+03
1.350176554464702804e+03
1.203343221131369546e+03
1.295176554464702804e+03
1.353343221131369546e+03
1.384676554464702804e+03
1.270509887798036061e+03
1.330509887798036061e+03
1.355009887798036061e+03
1.319843221131369546e+03
1.162509887798036061e+03
1.231509887798036061e+03
1.276843221131369319e+03
1.302009887798036061e+03
1.186509887798036061e+03
1.267009887798036061e+03
1.307176554464702576e+03
1.314343221131369546e+03
1.206843221131369546e+03
1.339843221131369546e+03
1.370009887798036061e+03
1.333343221131369546e+03
1.165343221131369546e+03
1.243843221131369546e+03
1.305176554464702804e+03
1.319343221131369319e+03
1.231676554464702804e+03
1.332843221131369546e+03
1.341176554464702576e+03
1.333176554464702804e+03
1.226343221131369546e+03
1.350176554464702804e+03
1.398009887798036061e+03
1.422843221131369546e+03
1.331009887798036061e+03
1.391343221131369546e+03
1.388843221131369546e+03
1.340676554464702804e+03
1.202343221131369546e+03
1.262843221131369546e+03
1.290343221131369546e+03
1.325176554464702576e+03
1.247509887798036061e+03
1.349843221131369546e+03
1.356009887798036061e+03
1.332176554464702576e+03
1.227676554464702804e+03
1.353176554464702804e+03
1.425176554464702576e+03
1.452176554464702804e+03
1.270176554464702804e+03
1.322009887798036061e+03
1.321343221131369546e+03
1.361009887798036061e+03
1.237676554464702804e+03
1.291509887798036061e+03
1.271509887798036061e+03
1.280843221131369546e+03
1.221009887798036061e+03
1.346676554464702804e+03
1.371343221131369546e+03
1.335676554464702804e+03
1.196176554464702804e+03
1.256009887798036061e+03
1.283176554464702576e+03
1.341509887798036061e+03
1.289343221131369319e+03
1.363843221131369546e+03
1.363843221131369546e+03
1.354676554464702576e+03
1.266009887798036061e+03
1.352843221131369546e+03
1.406176554464702804e+03
1.388509887798036061e+03
1.289676554464702804e+03
1.304343221131369546e+03
1.371009887798036061e+03
1.436843221131369319e+03
1.351009887798036061e+03
1.398343221131369319e+03
1.368343221131369319e+03
1.376509887798036061e+03
1.258509887798036061e+03
1.310176554464702804e+03
1.334509887798036061e+03
1.336843221131369546e+03
1.239176554464702804e+03
1.307509887798036061e+03
1.365676554464702804e+03
1.387343221131369546e+03
1.264843221131369546e+03
1.304676554464702804e+03
1.322843221131369546e+03
1.326509887798036061e+03
1.201343221131369546e+03
1.261176554464702804e+03
1.313176554464702804e+03
1.363676554464702804e+03
1.277509887798036061e+03
1.360343221131369546e+03
1.386343221131369546e+03
1.397843221131369319e+03
1.261843221131369546e+03
1.285509887798036061e+03
1.289009887798036061e+03
1.320009887798036061e+03
1.220176554464702804e+03
1.248176554464702804e+03
1.206843221131369319e+03
1.224509887798036061e+03
1.152843221131369546e+03
1.261176554464702804e+03
1.324176554464702804e+03
1.365509887798036061e+03
1.290176554464702804e+03
1.339009887798036061e+03
1.319676554464702576e+03
1.318343221131369546e+03
1.197843221131369546e+03
1.276009887798036061e+03
1.321343221131369319e+03
1.356343221131369319e+03
1.245843221131369319e+03
1.288176554464702804e+03
1.305343221131369546e+03
1.331509887798036061e+03
1.268843221131369546e+03
1.388176554464702804e+03
1.420009887798036061e+03
1.372009887798036061e+03
1.219176554464702804e+03
1.319676554464702804e+03
1.388509887798036061e+03
1.457343221131369319e+03
1.316176554464702576e+03
1.310509887798036061e+03
1.267843221131369546e+03
1.287343221131369546e+03
1.229176554464702804e+03
1.292509887798036061e+03
1.315676554464702804e+03
1.380676554464702804e+03
1.295843221131369546e+03
1.334176554464702576e+03
1.289176554464702804e+03
1.289343221131369319e+03
1.189509887798036061e+03
1.256176554464702804e+03
1.250009887798036061e+03
1.264343221131369546e+03
1.175176554464702804e+03
1.301176554464702804e+03
1.379009887798036061e+03
1.426176554464702576e+03
1.314343221131369319e+03
1.314009887798036061e+03
1.290009887798036061e+03
1.300176554464702804e+03
1.247843221131369546e+03
1.325843221131369546e+03
1.329843221131369546e+03
1.331343221131369319e+03
1.239509887798036061e+03
1.323176554464702804e+03
1.342009887798036061e+03
1.388343221131369546e+03
1.305343221131369546e+03
1.366176554464702804e+03
1.351843221131369319e+03
1.394843221131369546e+03
1.293176554464702804e+03
1.353843221131369546e+03
1.304843221131369546e+03
1.303509887798036061e+03
1.163843221131369546e+03
1.234343221131369546e+03
1.279343221131369546e+03
1.354176554464702576e+03
1.274676554464702576e+03
1.361509887798036061e+03
1.370843221131369546e+03
1.369343221131369546e+03
1.251176554464702804e+03
1.317676554464702804e+03
1.346676554464702576e+03
1.361009887798036061e+03
1.265676554464702576e+03
1.347009887798036061e+03
1.341176554464702576e+03
1.348676554464702576e+03
1.200009887798036061e+03
1.291509887798036061e+03
1.344176554464702804e+03
1.452343221131369546e+03
1.385343221131369546e+03
1.412176554464702576e+03
1.361009887798036061e+03
1.327176554464702804e+03
1.209509887798036061e+03
1.263176554464702804e+03
1.283843221131369546e+03
1.318176554464702804e+03
1.224509887798036061e+03
1.252843221131369546e+03
1.257509887798036061e+03
1.303843221131369546e+03
1.232343221131369546e+03
1.268176554464702804e+03
1.218009887798036061e+03
1.235843221131369546e+03
1.196009887798036061e+03
1.291176554464702804e+03
1.298343221131369319e+03
1.342176554464702804e+03
1.284009887798036061e+03
1.399009887798036061e+03
1.411509887798036061e+03
1.445009887798036061e+03
1.340509887798036061e+03
1.356509887798036061e+03
1.346509887798036061e+03
1.353176554464702804e+03
1.273176554464702804e+03
1.305343221131369546e+03
1.286343221131369546e+03
1.332676554464702576e+03
1.314676554464702576e+03
1.423343221131369546e+03
1.395676554464702804e+03
1.377843221131369319e+03
1.286843221131369546e+03
1.364843221131369546e+03
1.359009887798036061e+03
1.308176554464702804e+03
1.186676554464702804e+03
1.235509887798036061e+03
1.274509887798036061e+03
1.290676554464702576e+03
1.201509887798036061e+03
1.229509887798036061e+03
1.210009887798036061e+03
1.216509887798036061e+03
1.153509887798036061e+03
1.227176554464702804e+03
1.257009887798036061e+03
1.302343221131369546e+03
1.226843221131369546e+03
1.285343221131369546e+03
1.310676554464702804e+03
1.369176554464702804e+03
1.277176554464702804e+03
1.299843221131369546e+03
1.290176554464702576e+03
1.331676554464702804e+03
1.278176554464702576e+03
1.332009887798036061e+03
1.325009887798036061e+03
1.344509887798036061e+03
1.289509887798036061e+03
1.376676554464702576e+03
1.352009887798036061e+03
1.326676554464702576e+03
1.207843221131369546e+03
1.280176554464702804e+03
1.356009887798036061e+03
1.448176554464702804e+03
1.391843221131369546e+03
1.403343221131369546e+03
1.319676554464702804e+03
1.331343221131369546e+03
1.235009887798036061e+03
1.279676554464702804e+03
1.253676554464702804e+03
1.313676554464702576e+03
1.282176554464702804e+03
1.357009887798036061e+03
1.336509887798036061e+03
1.357843221131369319e+03
1.224176554464702804e+03
1.225509887798036061e+03
1.222676554464702804e+03
1.322509887798036061e+03
1.317009887798036061e+03
1.379343221131369319e+03
1.350176554464702804e+03
1.399176554464702804e+03
1.311509887798036061e+03
1.366176554464702576e+03
1.299509887798036061e+03
1.328676554464702804e+03
1.231509887798036061e+03
1.306176554464702804e+03
1.283509887798036061e+03
1.355676554464702576e+03
1.313509887798036061e+03
1.377009887798036061e+03
1.333009887798036061e+03
1.319343221131369546e+03
1.225676554464702804e+03
1.308509887798036061e+03
1.324509887798036061e+03
1.398176554464702576e+03
1.291009887798036061e+03
1.334843221131369546e+03
1.341009887798036061e+03
1.461676554464702804e+03
1.423009887798036061e+03
1.453676554464702804e+03
1.376676554464702804e+03
1.377176554464702804e+03
1.268676554464702804e+03
1.268676554464702804e+03
1.224176554464702804e+03
1.221009887798036061e+03
1.220343221131369546e+03
1.316843221131369319e+03
1.344009887798036061e+03
1.340009887798036061e+03
1.213176554464702804e+03
1.246176554464702804e+03
1.238009887798036061e+03
1.315009887798036061e+03
1.262176554464702576e+03
1.337843221131369546e+03
1.292843221131369546e+03
1.294843221131369546e+03
1.207843221131369546e+03
1.310009887798036061e+03
1.366676554464702804e+03
1.362009887798036061e+03
1.249509887798036061e+03
1.268509887798036061e+03
1.322009887798036061e+03
1.335176554464702804e+03
1.241009887798036061e+03
1.272843221131369546e+03
1.291676554464702576e+03
1.349676554464702576e+03
1.238009887798036061e+03
1.283843221131369546e+03
1.287176554464702804e+03
1.337509887798036061e+03
1.291509887798036061e+03
1.321009887798036061e+03
1.329676554464702804e+03
1.353509887798036061e+03
1.266676554464702576e+03
1.262176554464702576e+03
1.228843221131369546e+03
1.268343221131369546e+03
1.228509887798036061e+03
1.244176554464702804e+03
1.256009887798036061e+03
1.321176554464702576e+03
1.281843221131369319e+03
1.359509887798036061e+03
1.380509887798036061e+03
1.434509887798036061e+03
1.305843221131369546e+03
1.280176554464702804e+03
1.222843221131369546e+03
1.234509887798036061e+03
1.139676554464702804e+03
1.223009887798036061e+03
1.309176554464702576e+03
1.362676554464702576e+03
1.222676554464702804e+03
1.148676554464702804e+03
1.139176554464702804e+03
1.224509887798036061e+03
1.214676554464702804e+03
1.267009887798036061e+03
1.256509887798036061e+03
1.308176554464702576e+03
1.291009887798036061e+03
1.355676554464702804e+03
1.331009887798036061e+03
1.359509887798036061e+03
1.297176554464702804e+03
1.357009887798036061e+03
1.320676554464702804e+03
1.312343221131369546e+03
1.231009887798036061e+03
1.283676554464702804e+03
1.342843221131369319e+03
1.345676554464702804e+03
1.246509887798036061e+03
1.238343221131369546e+03
1.265509887798036061e+03
1.328676554464702576e+03
1.276509887798036061e+03
1.333843221131369546e+03
1.341676554464702804e+03
1.416509887798036061e+03
1.329009887798036061e+03
1.341009887798036061e+03
1.291843221131369546e+03
1.293509887798036061e+03
1.230843221131369546e+03
1.301009887798036061e+03
1.318676554464702576e+03
1.332509887798036061e+03
1.210676554464702804e+03
1.242676554464702804e+03
1.230343221131369546e+03
1.275009887798036061e+03
1.191843221131369546e+03
1.250009887798036061e+03
1.260343221131369546e+03
1.334343221131369546e+03
1.277009887798036061e+03
1.300843221131369546e+03
1.265843221131369546e+03
1.295843221131369546e+03
1.243509887798036061e+03
1.341676554464702804e+03
1.367009887798036061e+03
1.412009887798036061e+03
1.320843221131369546e+03
1.329509887798036061e+03
1.310676554464702576e+03
1.313843221131369546e+03
1.256009887798036061e+03
1.290009887798036061e+03
1.284009887798036061e+03
1.293343221131369546e+03
1.218676554464702804e+03
1.314343221131369546e+03
1.307343221131369546e+03
1.341843221131369546e+03
1.235009887798036061e+03
1.312509887798036061e+03
1.297176554464702576e+03
1.310676554464702804e+03
1.207509887798036061e+03
1.277176554464702804e+03
1.286509887798036061e+03
1.318176554464702576e+03
1.225343221131369546e+03
1.301176554464702804e+03
1.322843221131369319e+03
1.387343221131369546e+03
1.277509887798036061e+03
1.336176554464702804e+03
1.307509887798036061e+03
1.282009887798036061e+03
1.143009887798036061e+03
1.201343221131369546e+03
1.249509887798036061e+03
1.261843221131369319e+03
1.178676554464702804e+03
1.256509887798036061e+03
1.323509887798036061e+03
1.366176554464702576e+03
1.305009887798036061e+03
1.366843221131369546e+03
1.369676554464702804e+03
1.363343221131369319e+03
1.224676554464702804e+03
1.220676554464702804e+03
1.211176554464702804e+03
1.247509887798036061e+03
1.173843221131369546e+03
1.232676554464702804e+03
1.248176554464702804e+03
1.293176554464702804e+03
1.224343221131369546e+03
1.291176554464702804e+03
1.338176554464702804e+03
1.353343221131369546e+03
1.235509887798036061e+03
1.237176554464702804e+03
1.235009887798036061e+03
1.298509887798036061e+03
1.220843221131369319e+03
1.286176554464702576e+03
1.282676554464702804e+03
1.331009887798036061e+03
1.260843221131369546e+03
1.314343221131369546e+03
1.297343221131369546e+03
1.307009887798036061e+03
1.226676554464702804e+03
1.338009887798036061e+03
1.348009887798036061e+03
1.347509887798036061e+03
1.225676554464702804e+03
1.307843221131369546e+03
1.316176554464702804e+03
1.333176554464702576e+03
1.206676554464702804e+03
1.271509887798036061e+03
1.280343221131369546e+03
1.321009887798036061e+03
1.228509887798036061e+03
1.296009887798036061e+03
1.293843221131369319e+03
1.340176554464702804e+03
1.252843221131369546e+03
1.309176554464702804e+03
1.307843221131369546e+03
1.328843221131369546e+03
1.277843221131369546e+03
1.343343221131369546e+03
1.328343221131369546e+03
1.342509887798036061e+03
1.286343221131369546e+03
1.349009887798036061e+03
1.299176554464702804e+03
1.261176554464702804e+03
1.171676554464702804e+03
1.263509887798036061e+03
1.272676554464702576e+03
1.262176554464702804e+03
1.160343221131369546e+03
1.250009887798036061e+03
1.303176554464702804e+03
1.352343221131369546e+03
1.265676554464702576e+03
1.349176554464702804e+03
1.365843221131369319e+03
1.379009887798036061e+03
1.266009887798036061e+03
1.313843221131369546e+03
1.308009887798036061e+03
1.336843221131369319e+03
1.222343221131369546e+03
1.276676554464702804e+03
1.285176554464702576e+03
1.293843221131369319e+03
1.178343221131369319e+03
1.159176554464702804e+03
1.190676554464702804e+03
1.293676554464702804e+03
1.242509887798036061e+03
1.286843221131369546e+03
1.237509887798036061e+03
1.243009887798036061e+03
1.131343221131369546e+03
1.197509887798036061e+03
1.246843221131369546e+03
1.284509887798036061e+03
1.161343221131369546e+03
1.185676554464702804e+03
1.188176554464702804e+03
1.226009887798036061e+03
1.165843221131369546e+03
1.269176554464702804e+03
1.312009887798036061e+03
1.343676554464702576e+03
1.210343221131369546e+03
1.222343221131369546e+03
1.228509887798036061e+03
1.276676554464702804e+03
1.235343221131369546e+03
1.300176554464702804e+03
1.315676554464702804e+03
1.327176554464702804e+03
1.213676554464702576e+03
1.244176554464702804e+03
1.248343221131369546e+03
1.271509887798036061e+03
1.184676554464702804e+03
1.207176554464702804e+03
1.203843221131369546e+03
1.220009887798036061e+03
1.180509887798036061e+03
1.265176554464702804e+03
1.325509887798036061e+03
1.381176554464702576e+03
1.317843221131369319e+03
1.301509887798036061e+03
1.226176554464702804e+03
1.195343221131369546e+03
1.134176554464702804e+03
1.234176554464702804e+03
1.310176554464702804e+03
1.347843221131369546e+03
1.267176554464702576e+03
1.300509887798036061e+03
1.324009887798036061e+03
1.326843221131369546e+03
1.199509887798036061e+03
1.207343221131369546e+03
1.259176554464702804e+03
1.299009887798036061e+03
1.257843221131369319e+03
1.293676554464702804e+03
1.319343221131369546e+03
1.294176554464702576e+03
1.173676554464702804e+03
1.225509887798036061e+03
1.291509887798036061e+03
1.339676554464702804e+03
1.270009887798036061e+03
1.305509887798036061e+03
1.273009887798036061e+03
1.232843221131369546e+03
1.142509887798036061e+03
1.250676554464702804e+03
1.267676554464702804e+03
1.266509887798036061e+03
1.137343221131369546e+03
1.206176554464702804e+03
1.207176554464702576e+03
1.218009887798036061e+03
1.111343221131369546e+03
1.179509887798036061e+03
1.212843221131369546e+03
1.267343221131369546e+03
1.201843221131369546e+03
1.303843221131369546e+03
1.322509887798036061e+03
1.351343221131369546e+03
1.204676554464702804e+03
1.225843221131369546e+03
1.210343221131369546e+03
1.273843221131369546e+03
1.233676554464702804e+03
1.321343221131369546e+03
1.295009887798036061e+03
1.264843221131369546e+03
1.113676554464702804e+03
1.156843221131369546e+03
1.203343221131369546e+03
1.252676554464702804e+03
1.201509887798036061e+03
1.266843221131369546e+03
1.305676554464702804e+03
1.308009887798036061e+03
1.198176554464702576e+03
1.217343221131369546e+03
1.187009887798036061e+03
1.188843221131369546e+03
1.127009887798036061e+03
1.248676554464702804e+03
1.333343221131369546e+03
1.373343221131369546e+03
1.265176554464702804e+03
1.263843221131369546e+03
1.248676554464702804e+03
1.265843221131369546e+03
1.220843221131369546e+03
1.324676554464702804e+03
1.363676554464702576e+03
1.302843221131369546e+03
1.150843221131369546e+03
1.190009887798036061e+03
1.273176554464702576e+03
1.320676554464702804e+03
1.242843221131369546e+03
1.230676554464702804e+03
1.222509887798036061e+03
1.254509887798036061e+03
1.215343221131369546e+03
1.268676554464702804e+03
1.276676554464702804e+03
1.341509887798036061e+03
1.336843221131369319e+03
1.356343221131369546e+03
1.291009887798036061e+03
1.248343221131369546e+03
1.154676554464702804e+03
1.210343221131369546e+03
1.184676554464702804e+03
1.217509887798036061e+03
1.141343221131369546e+03
1.235843221131369546e+03
1.267676554464702804e+03
1.294676554464702804e+03
1.188343221131369546e+03
1.214009887798036061e+03
1.197509887798036061e+03
1.185009887798036061e+03
1.107843221131369546e+03
1.223176554464702804e+03
1.308176554464702576e+03
1.356843221131369546e+03
1.272009887798036061e+03
1.305176554464702804e+03
1.301843221131369319e+03
1.271176554464702576e+03
1.194509887798036061e+03
1.254509887798036061e+03
1.276843221131369546e+03
1.246676554464702804e+03
1.131843221131369546e+03
1.176843221131369546e+03
1.209009887798036061e+03
1.231676554464702804e+03
1.195843221131369546e+03
1.280176554464702804e+03
1.301843221131369319e+03
1.283176554464702804e+03
1.154343221131369546e+03
1.227343221131369546e+03
1.269843221131369546e+03
1.305009887798036061e+03
1.212676554464702804e+03
1.226509887798036061e+03
1.271509887798036061e+03
1.300343221131369319e+03
1.209509887798036061e+03
1.178509887798036061e+03
1.121009887798036061e+03
1.126176554464702804e+03
1.110176554464702804e+03
1.252009887798036061e+03
1.327509887798036061e+03
1.339509887798036061e+03
1.203009887798036061e+03
1.217509887798036061e+03
1.277509887798036061e+03
1.389009887798036061e+03
1.353176554464702804e+03
1.392343221131369546e+03
1.329343221131369546e+03
1.336843221131369319e+03
1.233343221131369546e+03
1.288843221131369546e+03
1.297509887798036061e+03
1.322676554464702576e+03
1.241009887798036061e+03
1.288676554464702804e+03
1.285676554464702576e+03
1.311676554464702804e+03
1.187009887798036061e+03
1.217509887798036061e+03
1.239843221131369546e+03
1.323009887798036061e+03
1.258509887798036061e+03
1.262343221131369546e+03
1.244009887798036061e+03
1.247343221131369546e+03
1.204009887798036061e+03
1.283343221131369546e+03
1.321676554464702804e+03
1.314509887798036061e+03
1.193843221131369546e+03
1.229176554464702804e+03
1.263176554464702804e+03
1.301509887798036061e+03
1.244676554464702804e+03
1.296676554464702804e+03
1.353509887798036061e+03
1.400509887798036061e+03
1.294009887798036061e+03
1.315009887798036061e+03
1.302843221131369546e+03
1.329343221131369546e+03
1.234843221131369546e+03
1.302676554464702804e+03
1.339676554464702576e+03
1.339176554464702576e+03
1.222343221131369546e+03
1.279843221131369546e+03
1.295509887798036061e+03
1.279009887798036061e+03
1.198009887798036061e+03
1.242676554464702804e+03
1.273843221131369319e+03
1.248009887798036061e+03
1.193676554464702804e+03
1.283009887798036061e+03
1.321009887798036061e+03
1.320176554464702804e+03
1.226843221131369546e+03
1.258009887798036061e+03
1.279176554464702804e+03
1.239176554464702804e+03
1.149343221131369546e+03
1.169509887798036061e+03
1.243343221131369546e+03
1.292509887798036061e+03
1.246843221131369546e+03
1.262009887798036061e+03
1.245843221131369546e+03
1.239676554464702804e+03
1.181009887798036061e+03
1.282676554464702804e+03
1.330843221131369546e+03
1.333843221131369546e+03
1.235343221131369546e+03
1.260509887798036061e+03
1.265843221131369546e+03
1.226176554464702576e+03
1.125843221131369546e+03
1.197343221131369546e+03
1.257843221131369546e+03
1.291509887798036061e+03
1.213509887798036061e+03
1.255343221131369546e+03
1.254176554464702804e+03
1.236676554464702804e+03
1.149843221131369546e+03
1.211343221131369546e+03
1.237176554464702804e+03
1.260676554464702576e+03
1.166843221131369546e+03
1.209509887798036061e+03
1.238509887798036061e+03
1.284176554464702576e+03
1.240009887798036061e+03
1.339509887798036061e+03
1.347843221131369546e+03
1.322843221131369319e+03
1.164343221131369546e+03
1.203343221131369546e+03
1.252676554464702804e+03
1.255509887798036061e+03
1.187509887798036061e+03
1.225509887798036061e+03
1.236009887798036061e+03
1.205676554464702804e+03
1.101676554464702804e+03
1.184176554464702804e+03
1.243676554464702804e+03
1.292843221131369319e+03
1.191343221131369546e+03
1.248176554464702804e+03
1.244676554464702804e+03
1.287843221131369546e+03
1.219176554464702804e+03
1.276343221131369546e+03
1.270509887798036061e+03
1.254843221131369546e+03
1.178343221131369546e+03
1.231843221131369546e+03
1.206843221131369546e+03
1.225009887798036061e+03
1.146343221131369546e+03
1.228843221131369546e+03
1.285843221131369546e+03
1.330343221131369546e+03
1.266176554464702804e+03
1.275009887798036061e+03
1.254509887798036061e+03
1.325843221131369319e+03
1.258176554464702804e+03
1.314176554464702576e+03
1.304009887798036061e+03
1.333509887798036061e+03
1.273176554464702804e+03
1.315676554464702576e+03
1.322343221131369546e+03
1.298509887798036061e+03
1.194509887798036061e+03
1.232509887798036061e+03
1.294509887798036061e+03
1.307676554464702804e+03
1.233509887798036061e+03
1.282176554464702804e+03
1.289509887798036061e+03
1.277343221131369546e+03
1.189509887798036061e+03
1.261176554464702804e+03
1.285176554464702576e+03
1.286009887798036061e+03
1.209009887798036061e+03
1.283343221131369546e+03
1.316176554464702804e+03
1.331343221131369546e+03
1.209343221131369546e+03
1.244676554464702804e+03
1.232509887798036061e+03
1.236843221131369319e+03
1.169843221131369546e+03
1.247843221131369546e+03
1.301509887798036061e+03
1.315009887798036061e+03
1.253176554464702804e+03
1.309343221131369546e+03
1.321509887798036061e+03
1.307176554464702576e+03
1.253009887798036061e+03
1.326176554464702804e+03
1.374176554464702576e+03
1.335176554464702804e+03
1.226676554464702804e+03
1.251009887798036061e+03
1.288009887798036061e+03
1.324009887798036061e+03
1.227843221131369546e+03
1.289176554464702804e+03
1.263343221131369319e+03
1.246676554464702576e+03
1.177343221131369546e+03
1.293676554464702804e+03
1.362009887798036061e+03
1.341343221131369319e+03
1.214009887798036061e+03
1.238676554464702804e+03
1.251009887798036061e+03
1.241843221131369546e+03
1.153009887798036061e+03
1.203509887798036061e+03
1.239509887798036061e+03
1.298343221131369546e+03
1.270343221131369546e+03
1.347843221131369546e+03
1.343009887798036061e+03
1.320176554464702804e+03
1.261676554464702804e+03
1.308343221131369546e+03
1.335676554464702576e+03
1.330009887798036061e+03
1.269176554464702576e+03
1.332843221131369546e+03
1.337509887798036061e+03
1.339843221131369546e+03
1.234843221131369546e+03
1.286676554464702804e+03
1.291509887798036061e+03
1.284676554464702804e+03
1.165509887798036061e+03
1.208343221131369546e+03
1.221676554464702804e+03
1.236176554464702804e+03
1.176343221131369546e+03
1.253009887798036061e+03
1.268176554464702804e+03
1.264676554464702804e+03
1.191343221131369546e+03
1.314343221131369546e+03
1.350676554464702576e+03
1.357176554464702576e+03
1.218676554464702804e+03
1.238676554464702804e+03
1.241343221131369546e+03
1.264843221131369546e+03
1.230009887798036061e+03
1.272509887798036061e+03
1.272176554464702576e+03
1.254176554464702804e+03
1.182343221131369546e+03
1.231676554464702804e+03
1.257509887798036061e+03
1.281343221131369319e+03
1.216843221131369546e+03
1.288009887798036061e+03
1.342509887798036061e+03
1.348843221131369319e+03
1.230676554464702576e+03
1.230843221131369546e+03
1.244843221131369546e+03
1.268676554464702804e+03
1.232843221131369546e+03
1.332843221131369546e+03
1.342843221131369546e+03
1.309843221131369546e+03
1.162343221131369546e+03
1.214676554464702804e+03
1.234509887798036061e+03
1.256843221131369546e+03
1.169676554464702804e+03
1.247343221131369546e+03
1.337009887798036061e+03
1.360676554464702804e+03
1.251176554464702576e+03
1.267176554464702804e+03
1.272176554464702804e+03
1.255343221131369319e+03
1.152009887798036061e+03
1.234509887798036061e+03
1.281509887798036061e+03
1.308343221131369319e+03
1.204676554464702804e+03
1.274509887798036061e+03
1.306509887798036061e+03
1.337843221131369546e+03
1.252176554464702804e+03
1.275176554464702804e+03
1.299676554464702804e+03
1.353176554464702804e+03
1.279176554464702804e+03
1.301176554464702804e+03
1.266509887798036061e+03
1.283676554464702804e+03
1.219176554464702804e+03
1.285676554464702804e+03
1.315676554464702804e+03
1.339176554464702804e+03
1.264676554464702804e+03
1.303176554464702804e+03
1.306676554464702804e+03
1.274176554464702804e+03
1.182676554464702804e+03
1.291176554464702804e+03
1.353509887798036061e+03
1.390176554464702576e+03
1.302843221131369546e+03
1.348343221131369546e+03
1.393343221131369546e+03
1.385009887798036061e+03
1.271176554464702804e+03
1.279676554464702576e+03
1.293676554464702804e+03
1.346509887798036061e+03
1.282343221131369546e+03
1.314509887798036061e+03
1.313009887798036061e+03
1.352676554464702576e+03
1.259343221131369546e+03
1.291176554464702804e+03
1.291676554464702804e+03
1.318343221131369319e+03
1.276343221131369546e+03
1.299176554464702804e+03
1.341676554464702804e+03
1.370509887798036061e+03
1.324509887798036061e+03
1.376843221131369546e+03
1.388343221131369319e+03
1.375509887798036061e+03
1.260676554464702804e+03
1.306343221131369546e+03
1.308343221131369546e+03
1.321843221131369319e+03
1.253509887798036061e+03
1.333009887798036061e+03
1.346843221131369546e+03
1.331343221131369546e+03
1.217343221131369546e+03
1.267176554464702804e+03
1.263843221131369319e+03
1.308343221131369546e+03
1.252343221131369546e+03
1.361009887798036061e+03
1.358843221131369546e+03
1.334676554464702804e+03
1.229509887798036061e+03
1.312343221131369546e+03
1.376509887798036061e+03
1.430676554464702804e+03
1.404176554464702804e+03
1.443009887798036061e+03
1.398176554464702576e+03
1.328009887798036061e+03
1.220509887798036061e+03
1.282009887798036061e+03
1.327009887798036061e+03
1.347509887798036061e+03
1.280176554464702804e+03
1.339676554464702804e+03
1.406343221131369546e+03
1.462509887798036061e+03
1.345509887798036061e+03
1.318009887798036061e+03
1.300843221131369546e+03
1.358676554464702804e+03
1.335343221131369546e+03
1.396176554464702576e+03
1.375843221131369546e+03
1.378009887798036061e+03
1.253676554464702804e+03
1.250176554464702576e+03
1.243009887798036061e+03
1.307676554464702804e+03
1.314509887798036061e+03
1.448509887798036061e+03
1.446009887798036061e+03
1.444176554464702576e+03
1.309509887798036061e+03
1.366176554464702576e+03
1.390843221131369319e+03
1.409176554464702804e+03
1.389343221131369319e+03
1.480009887798036061e+03
1.493176554464702804e+03
1.489676554464702804e+03
1.385509887798036061e+03
1.422509887798036061e+03
1.386176554464702804e+03
1.374343221131369546e+03
1.318843221131369546e+03
1.448676554464702804e+03
1.503676554464702804e+03
1.550009887798036061e+03
1.407343221131369546e+03
1.381343221131369546e+03
1.335843221131369319e+03
1.333843221131369546e+03
1.299009887798036061e+03
1.358509887798036061e+03
1.357009887798036061e+03
1.391509887798036061e+03
1.326176554464702804e+03
1.427009887798036061e+03
1.444176554464702804e+03
1.522676554464702804e+03
1.458843221131369546e+03
1.477009887798036061e+03
1.416009887798036061e+03
1.401176554464702804e+03
1.312509887798036061e+03
1.375009887798036061e+03
1.434009887798036061e+03
1.511176554464702804e+03
1.415509887798036061e+03
1.391343221131369546e+03
1.382176554464702804e+03
1.426176554464702804e+03
1.388009887798036061e+03
1.449343221131369546e+03
1.443009887798036061e+03
1.468843221131369319e+03
1.393509887798036061e+03
1.435343221131369319e+03
1.439343221131369319e+03
1.444009887798036061e+03
1.426009887798036061e+03
1.460176554464702804e+03
1.466343221131369546e+03
1.448009887798036061e+03
1.376676554464702576e+03
1.425176554464702576e+03
1.402843221131369546e+03
1.426676554464702804e+03
1.365676554464702576e+03
1.456843221131369319e+03
1.456509887798036061e+03
1.445676554464702804e+03
1.361843221131369546e+03
1.473843221131369546e+03
1.488009887798036061e+03
1.499343221131369319e+03
1.355843221131369546e+03
1.427009887798036061e+03
1.470676554464702804e+03
1.513009887798036061e+03
1.485843221131369546e+03
1.579009887798036061e+03
1.594509887798036061e+03
1.534509887798036061e+03
1.411676554464702804e+03
1.452343221131369546e+03
1.472509887798036061e+03
1.473009887798036061e+03
1.375343221131369546e+03
1.403343221131369546e+03
1.414176554464702576e+03
1.493343221131369546e+03
1.469509887798036061e+03
1.503009887798036061e+03
1.452176554464702804e+03
1.443843221131369546e+03
1.365009887798036061e+03
1.423843221131369546e+03
1.441176554464702804e+03
1.487509887798036061e+03
1.429009887798036061e+03
1.488176554464702804e+03
1.510509887798036061e+03
1.563676554464702804e+03
1.526676554464702804e+03
1.574676554464702804e+03
1.554509887798036061e+03
1.540509887798036061e+03
1.457343221131369319e+03
1.515843221131369546e+03
1.513009887798036061e+03
1.526176554464702804e+03
1.435343221131369319e+03
1.499009887798036061e+03
1.545176554464702576e+03
1.607509887798036061e+03
1.533509887798036061e+03
1.546843221131369546e+03
1.551176554464702804e+03
1.600009887798036061e+03
1.582343221131369319e+03
1.616343221131369546e+03
1.611343221131369546e+03
1.607676554464702576e+03
1.502009887798036061e+03
1.518676554464702804e+03
1.504843221131369319e+03
1.513843221131369319e+03
1.423176554464702576e+03
1.464343221131369546e+03
1.498843221131369319e+03
1.529843221131369546e+03
1.450009887798036061e+03
1.521843221131369546e+03
1.586676554464702804e+03
1.642009887798036061e+03
1.570676554464702804e+03
1.576009887798036061e+03
1.570843221131369319e+03
1.570843221131369319e+03
1.515343221131369319e+03
1.568343221131369319e+03
1.581343221131369319e+03
1.639509887798036061e+03
1.567343221131369546e+03
1.635676554464702576e+03
1.615509887798036061e+03
1.630676554464702804e+03
1.517509887798036061e+03
1.530009887798036061e+03
1.495176554464702804e+03
1.498843221131369546e+03
1.429509887798036061e+03
1.537009887798036061e+03
1.570176554464702804e+03
1.614676554464702804e+03
1.535176554464702804e+03
1.588343221131369546e+03
1.611343221131369546e+03
1.622509887798036061e+03
1.576343221131369319e+03
1.604509887798036061e+03
1.585176554464702804e+03
1.531009887798036061e+03
1.436343221131369546e+03
1.507343221131369319e+03
1.576009887798036061e+03
1.621343221131369319e+03
1.548676554464702576e+03
1.577676554464702804e+03
1.577676554464702804e+03
1.588176554464702576e+03
1.516009887798036061e+03
1.545676554464702804e+03
1.539676554464702576e+03
1.529343221131369319e+03
1.444509887798036061e+03
1.497843221131369546e+03
1.509009887798036061e+03
1.534343221131369546e+03
1.451343221131369546e+03
1.505343221131369546e+03
1.512843221131369546e+03
1.536343221131369546e+03
1.466176554464702804e+03
1.546343221131369546e+03
1.592676554464702804e+03
1.640509887798036061e+03
1.567009887798036061e+03
1.602843221131369546e+03
1.602509887798036061e+03
1.604176554464702804e+03
1.524843221131369319e+03
1.576509887798036061e+03
1.639176554464702804e+03
1.686176554464702804e+03
1.567843221131369546e+03
1.526009887798036061e+03
1.497176554464702804e+03
1.589343221131369319e+03
1.603009887798036061e+03
1.668676554464702576e+03
1.638176554464702804e+03
1.626009887798036061e+03
1.510509887798036061e+03
1.519843221131369546e+03
1.518176554464702804e+03
1.599676554464702576e+03
1.555176554464702576e+03
1.555509887798036061e+03
1.515176554464702804e+03
1.523676554464702576e+03
1.473676554464702804e+03
1.515843221131369546e+03
1.525843221131369546e+03
1.528009887798036061e+03
1.468843221131369319e+03
1.547509887798036061e+03
1.566843221131369319e+03
1.541009887798036061e+03
1.413176554464702804e+03
1.492509887798036061e+03
1.585843221131369319e+03
1.695343221131369546e+03
1.597843221131369546e+03
1.599343221131369319e+03
1.559509887798036061e+03
1.599509887798036061e+03
1.534009887798036061e+03
1.570343221131369546e+03
1.566509887798036061e+03
1.552176554464702804e+03
1.450343221131369546e+03
1.476509887798036061e+03
1.534009887798036061e+03
1.584843221131369546e+03
1.485343221131369546e+03
1.511843221131369546e+03
1.527843221131369546e+03
1.603843221131369546e+03
1.523176554464702804e+03
1.527343221131369546e+03
1.498009887798036061e+03
1.537009887798036061e+03
1.502176554464702804e+03
1.536509887798036061e+03
1.535676554464702804e+03
1.534843221131369546e+03
1.495509887798036061e+03
1.556176554464702576e+03
1.615009887798036061e+03
1.656843221131369546e+03
1.552509887798036061e+03
1.559676554464702804e+03
1.552009887798036061e+03
1.593176554464702804e+03
1.554676554464702804e+03
1.598343221131369546e+03
1.623009887798036061e+03
1.629676554464702576e+03
1.548343221131369546e+03
1.564676554464702804e+03
1.585176554464702576e+03
1.620509887798036061e+03
1.602343221131369319e+03
1.674843221131369546e+03
1.716676554464702804e+03
1.671176554464702804e+03
1.513509887798036061e+03
1.528176554464702804e+03
1.594676554464702804e+03
1.660343221131369546e+03
1.599676554464702804e+03
1.592009887798036061e+03
1.545009887798036061e+03
1.511509887798036061e+03
1.405509887798036061e+03
1.455843221131369546e+03
1.477343221131369319e+03
1.544509887798036061e+03
1.505676554464702576e+03
1.552509887798036061e+03
1.531843221131369546e+03
1.531509887798036061e+03
1.422509887798036061e+03
1.430343221131369546e+03
1.394676554464702576e+03
1.392676554464702576e+03
1.345176554464702804e+03
1.463676554464702576e+03
1.562843221131369319e+03
1.620509887798036061e+03
1.545843221131369546e+03
1.561176554464702576e+03
1.533676554464702576e+03
1.497676554464702804e+03
1.413509887798036061e+03
1.483176554464702804e+03
1.533009887798036061e+03
1.536676554464702576e+03
1.424676554464702804e+03
1.415843221131369546e+03
1.409676554464702804e+03
1.383343221131369546e+03
1.292843221131369546e+03
1.361509887798036061e+03
1.435343221131369319e+03
1.497843221131369546e+03
1.414843221131369546e+03
1.472676554464702576e+03
1.466509887798036061e+03
1.441009887798036061e+03
1.366343221131369546e+03
1.462009887798036061e+03
1.538676554464702804e+03
1.547009887798036061e+03
1.468343221131369319e+03
1.482676554464702576e+03
1.491343221131369546e+03
1.449343221131369319e+03
1.416176554464702804e+03
1.456343221131369546e+03
1.485009887798036061e+03
1.458676554464702576e+03
1.360509887798036061e+03
1.382843221131369319e+03
1.383009887798036061e+03
1.410176554464702576e+03
1.360176554464702804e+03
1.392176554464702804e+03
1.391676554464702576e+03
1.434676554464702804e+03
1.383343221131369546e+03
1.438343221131369546e+03
1.372843221131369319e+03
1.347843221131369546e+03
1.278176554464702804e+03
1.375343221131369546e+03
1.428009887798036061e+03
1.453343221131369319e+03
1.366009887798036061e+03
1.406843221131369546e+03
1.371843221131369319e+03
1.361509887798036061e+03
1.276343221131369319e+03
1.321509887798036061e+03
1.311509887798036061e+03
1.279843221131369546e+03
1.205843221131369546e+03
1.273176554464702804e+03
1.321509887798036061e+03
1.347509887798036061e+03
1.274009887798036061e+03
1.306343221131369546e+03
1.349176554464702804e+03
1.423509887798036061e+03
1.357343221131369546e+03
1.357176554464702576e+03
1.324176554464702804e+03
1.330509887798036061e+03
1.253009887798036061e+03
1.269176554464702804e+03
1.283843221131369546e+03
1.299509887798036061e+03
1.263009887798036061e+03
1.351343221131369546e+03
1.402843221131369319e+03
1.412343221131369546e+03
1.337676554464702804e+03
1.374343221131369546e+03
1.371009887798036061e+03
1.337843221131369546e+03
1.209843221131369546e+03
1.262009887798036061e+03
1.309509887798036061e+03
1.356176554464702576e+03
1.290176554464702804e+03
1.310343221131369546e+03
1.287676554464702804e+03
1.303009887798036061e+03
1.211343221131369546e+03
1.252676554464702576e+03
1.228509887798036061e+03
1.229343221131369546e+03
1.175509887798036061e+03
1.239843221131369546e+03
1.255176554464702804e+03
1.243176554464702804e+03
1.161009887798036061e+03
1.252176554464702804e+03
1.333676554464702804e+03
1.355843221131369546e+03
1.286843221131369546e+03
1.344676554464702804e+03
1.403843221131369546e+03
1.429509887798036061e+03
1.303343221131369546e+03
1.332843221131369546e+03
1.357343221131369546e+03
1.387509887798036061e+03
1.276009887798036061e+03
1.254843221131369546e+03
1.227176554464702804e+03
1.223509887798036061e+03
1.142009887798036061e+03
1.187676554464702804e+03
1.187343221131369546e+03
1.205509887798036061e+03
1.158509887798036061e+03
1.242843221131369546e+03
1.283343221131369546e+03
1.315843221131369319e+03
1.212009887798036061e+03
1.255343221131369546e+03
1.322009887798036061e+03
1.402676554464702804e+03
1.292676554464702804e+03
1.257676554464702804e+03
1.244509887798036061e+03
1.327009887798036061e+03
1.289843221131369319e+03
1.322676554464702804e+03
1.339009887798036061e+03
1.350009887798036061e+03
1.234843221131369319e+03
1.239176554464702804e+03
1.256343221131369546e+03
1.331509887798036061e+03
1.257676554464702804e+03
1.304009887798036061e+03
1.287176554464702576e+03
1.485176554464702804e+03
1.877343221131369546e+03
2.004676554464702576e+03
1.847676554464702576e+03
1.383343221131369546e+03
1.229509887798036061e+03
1.250676554464702804e+03
1.257509887798036061e+03
1.299176554464702804e+03
1.237009887798036061e+03
1.273509887798036061e+03
1.256009887798036061e+03
1.251843221131369546e+03
1.173509887798036061e+03
1.230176554464702804e+03
1.280509887798036061e+03
1.326343221131369546e+03
1.243343221131369546e+03
1.264343221131369546e+03
1.280343221131369546e+03
1.311676554464702804e+03
1.268843221131369546e+03
1.321176554464702804e+03
1.387843221131369546e+03
1.429176554464702804e+03
1.369843221131369546e+03
1.378343221131369546e+03
1.390509887798036061e+03
1.381843221131369319e+03
1.303009887798036061e+03
1.324676554464702804e+03
1.354843221131369546e+03
1.389676554464702804e+03
1.316676554464702804e+03
1.329676554464702804e+03
1.346509887798036061e+03
1.400843221131369546e+03
1.351343221131369546e+03
1.387176554464702576e+03
1.403509887798036061e+03
1.446676554464702576e+03
1.370343221131369319e+03
1.410176554464702804e+03
1.430009887798036061e+03
1.477843221131369546e+03
1.434843221131369319e+03
1.542176554464702804e+03
1.593509887798036061e+03
1.613343221131369546e+03
1.517343221131369319e+03
1.566676554464702804e+03
1.588676554464702576e+03
1.603843221131369546e+03
1.498009887798036061e+03
1.534509887798036061e+03
1.577009887798036061e+03
1.648009887798036061e+03
1.625176554464702804e+03
1.691176554464702804e+03
1.717343221131369546e+03
1.735509887798036061e+03
1.664343221131369319e+03
1.712176554464702804e+03
1.780343221131369546e+03
1.863343221131369546e+03
1.822343221131369546e+03
1.841509887798036061e+03
1.852843221131369546e+03
1.896343221131369546e+03
1.865343221131369546e+03
1.934343221131369546e+03
1.941843221131369546e+03
1.940509887798036061e+03
1.888009887798036061e+03
1.999343221131369546e+03
2.095009887798036289e+03
2.134509887798036289e+03
2.068009887798036289e+03
2.094843221131369319e+03
2.119509887798036289e+03
2.155676554464702349e+03
2.094009887798036289e+03
2.108343221131369319e+03
2.105176554464702349e+03
2.142676554464702349e+03
2.115343221131369319e+03
2.174009887798036289e+03
2.193843221131369319e+03
2.240843221131369319e+03
2.203343221131369319e+03
2.303176554464702349e+03
2.316509887798036289e+03
2.317176554464702349e+03
2.176843221131369319e+03
2.201009887798036289e+03
2.231843221131369319e+03
2.276843221131369319e+03
2.250009887798036289e+03
2.340843221131369319e+03
2.383176554464702349e+03
2.383176554464702349e+03
2.297176554464702349e+03
2.343843221131369319e+03
2.369509887798036289e+03
2.401843221131369319e+03
2.361176554464702349e+03
2.355843221131369319e+03
2.315676554464702349e+03
2.316843221131369319e+03
2.303343221131369319e+03
2.402676554464702349e+03
2.409509887798036289e+03
2.438176554464702349e+03
2.378509887798036289e+03
2.410843221131369319e+03
2.422343221131369319e+03
2.424176554464702349e+03
2.338343221131369319e+03
2.376176554464702349e+03
2.434009887798036289e+03
2.477176554464702349e+03
2.414676554464702349e+03
2.412176554464702349e+03
2.433843221131369319e+03
2.454676554464702349e+03
2.370009887798036289e+03
2.414343221131369319e+03
2.414676554464702349e+03
2.434343221131369319e+03
2.357843221131369319e+03
2.455343221131369319e+03
2.503343221131369319e+03
2.486676554464702349e+03
2.360176554464702349e+03
2.394843221131369319e+03
2.438009887798036289e+03
2.457676554464702349e+03
2.331009887798036289e+03
2.352676554464702349e+03
2.314676554464702349e+03
2.342843221131369319e+03
2.280843221131369319e+03
2.365676554464702349e+03
2.404343221131369319e+03
2.442009887798036289e+03
2.353843221131369319e+03
2.363009887798036289e+03
2.308843221131369319e+03
2.266176554464702349e+03
2.178676554464702349e+03
2.229009887798036289e+03
2.249009887798036289e+03
2.243676554464702349e+03
2.163343221131369319e+03
2.234509887798036289e+03
2.257676554464702349e+03
2.261509887798036289e+03
2.157676554464702349e+03
2.240009887798036289e+03
2.299676554464702349e+03
2.313176554464702349e+03
2.172509887798036289e+03
2.151509887798036289e+03
2.129176554464702349e+03
2.142176554464702349e+03
2.079343221131369319e+03
2.152009887798036289e+03
2.167009887798036289e+03
2.171843221131369319e+03
2.105009887798036289e+03
2.139843221131369319e+03
2.117509887798036289e+03
2.066676554464702349e+03
1.941676554464702576e+03
1.975343221131369546e+03
2.014676554464702576e+03
2.058676554464702349e+03
2.000509887798036061e+03
2.053509887798036289e+03
2.064343221131369319e+03
2.048176554464702349e+03
1.938343221131369546e+03
1.964676554464702576e+03
2.002343221131369546e+03
2.002343221131369546e+03
1.932343221131369546e+03
1.955343221131369546e+03
1.969343221131369546e+03
1.979343221131369546e+03
1.895176554464702576e+03
1.980843221131369546e+03
1.988509887798036061e+03
1.982676554464702576e+03
1.839176554464702576e+03
1.881343221131369546e+03
1.883343221131369546e+03
1.860176554464702576e+03
1.734176554464702576e+03
1.802843221131369546e+03
1.891509887798036061e+03
1.947343221131369546e+03
1.839176554464702576e+03
1.839009887798036061e+03
1.798176554464702576e+03
1.788676554464702804e+03
1.649509887798036061e+03
1.689843221131369546e+03
1.714009887798036061e+03
1.757509887798036061e+03
1.674676554464702576e+03
1.768843221131369319e+03
1.799009887798036061e+03
1.779176554464702804e+03
1.609509887798036061e+03
1.625509887798036061e+03
1.640676554464702804e+03
1.678176554464702576e+03
1.606843221131369319e+03
1.676009887798036061e+03
1.675509887798036061e+03
1.686176554464702804e+03
1.583009887798036061e+03
1.604009887798036061e+03
1.595343221131369319e+03
1.608676554464702804e+03
1.515009887798036061e+03
1.539676554464702804e+03
1.538176554464702804e+03
1.580509887798036061e+03
1.559676554464702576e+03
1.641009887798036061e+03
1.651176554464702804e+03
1.598843221131369319e+03
1.466509887798036061e+03
1.491509887798036061e+03
1.477843221131369546e+03
1.500009887798036061e+03
1.438009887798036061e+03
1.513676554464702804e+03
1.567009887798036061e+03
1.610009887798036061e+03
1.548343221131369546e+03
1.606176554464702576e+03
1.595343221131369546e+03
1.608176554464702804e+03
1.473843221131369319e+03
1.531676554464702804e+03
1.541509887798036061e+03
1.572176554464702804e+03
1.469509887798036061e+03
1.483843221131369546e+03
1.472343221131369546e+03
1.475676554464702576e+03
1.420843221131369319e+03
1.487843221131369546e+03
1.489843221131369546e+03
1.468676554464702576e+03
1.403509887798036061e+03
1.481676554464702804e+03
1.545176554464702576e+03
1.542176554464702804e+03
1.435509887798036061e+03
1.489676554464702804e+03
1.513009887798036061e+03
1.568843221131369546e+03
1.499176554464702576e+03
1.541176554464702576e+03
1.536509887798036061e+03
1.530509887798036061e+03
1.441343221131369546e+03
1.465343221131369319e+03
1.477009887798036061e+03
1.500009887798036061e+03
1.416509887798036061e+03
1.479509887798036061e+03
1.508176554464702576e+03
1.529509887798036061e+03
1.405676554464702804e+03
1.423009887798036061e+03
1.462676554464702804e+03
1.498843221131369546e+03
1.443509887798036061e+03
1.471509887798036061e+03
1.482176554464702804e+03
1.460676554464702576e+03
1.383843221131369546e+03
1.456509887798036061e+03
1.503009887798036061e+03
1.529343221131369319e+03
1.461009887798036061e+03
1.540343221131369546e+03
1.562676554464702576e+03
1.542676554464702576e+03
1.421176554464702804e+03
1.461343221131369319e+03
1.490509887798036061e+03
1.506009887798036061e+03
1.412009887798036061e+03
1.448509887798036061e+03
1.441676554464702576e+03
1.434676554464702804e+03
1.322009887798036061e+03
1.370176554464702804e+03
1.426509887798036061e+03
1.469343221131369546e+03
1.387176554464702576e+03
1.428509887798036061e+03
1.439676554464702576e+03
1.469343221131369319e+03
1.343843221131369546e+03
1.413009887798036061e+03
1.418009887798036061e+03
1.432509887798036061e+03
1.321343221131369546e+03
1.402676554464702576e+03
1.428676554464702804e+03
1.440009887798036061e+03
1.284176554464702804e+03
1.309176554464702804e+03
1.358843221131369546e+03
1.455509887798036061e+03
1.424176554464702576e+03
1.485676554464702576e+03
1.493843221131369546e+03
1.491676554464702804e+03
1.357509887798036061e+03
1.408343221131369546e+03
1.437509887798036061e+03
1.493009887798036061e+03
1.395509887798036061e+03
1.438343221131369546e+03
1.374676554464702804e+03
1.356676554464702804e+03
1.324009887798036061e+03
1.461843221131369546e+03
1.497343221131369546e+03
1.462676554464702576e+03
1.318176554464702576e+03
1.403009887798036061e+03
1.478343221131369546e+03
1.505343221131369546e+03
1.402176554464702576e+03
1.431009887798036061e+03
1.476509887798036061e+03
1.466343221131369546e+03
1.354843221131369319e+03
1.426343221131369546e+03
1.463676554464702804e+03
1.472176554464702804e+03
1.368343221131369319e+03
1.431343221131369319e+03
1.461009887798036061e+03
1.474509887798036061e+03
1.370009887798036061e+03
1.412509887798036061e+03
1.397009887798036061e+03
1.386176554464702804e+03
1.282676554464702804e+03
1.367509887798036061e+03
1.430676554464702576e+03
1.466676554464702804e+03
1.384676554464702576e+03
1.441009887798036061e+03
1.452843221131369319e+03
1.482009887798036061e+03
1.402009887798036061e+03
1.456343221131369546e+03
1.430843221131369319e+03
1.400176554464702804e+03
1.322009887798036061e+03
1.425676554464702804e+03
1.478676554464702804e+03
1.474676554464702804e+03
1.348509887798036061e+03
1.404176554464702804e+03
1.460509887798036061e+03
1.488176554464702804e+03
1.375343221131369546e+03
1.399176554464702576e+03
1.385509887798036061e+03
1.366009887798036061e+03
1.250343221131369546e+03
1.300343221131369546e+03
1.367843221131369546e+03
1.407843221131369546e+03
1.359009887798036061e+03
1.410509887798036061e+03
1.425176554464702576e+03
1.427009887798036061e+03
1.330676554464702804e+03
1.366176554464702576e+03
1.322843221131369546e+03
1.310509887798036061e+03
1.251843221131369546e+03
1.385843221131369546e+03
1.440843221131369546e+03
1.459676554464702804e+03
1.364343221131369546e+03
1.427176554464702804e+03
1.441843221131369546e+03
1.465343221131369546e+03
1.360343221131369319e+03
1.407843221131369546e+03
1.399343221131369546e+03
1.416009887798036061e+03
1.319676554464702576e+03
1.393843221131369319e+03
1.403176554464702804e+03
1.417009887798036061e+03
1.354176554464702804e+03
1.476509887798036061e+03
1.477843221131369319e+03
1.407176554464702804e+03
1.235843221131369319e+03
1.285009887798036061e+03
1.326509887798036061e+03
1.360843221131369546e+03
1.331843221131369546e+03
1.419176554464702576e+03
1.447843221131369319e+03
1.424676554464702804e+03
1.310509887798036061e+03
1.372009887798036061e+03
1.405176554464702804e+03
1.477343221131369546e+03
1.434343221131369319e+03
1.490509887798036061e+03
1.474009887798036061e+03
1.412676554464702804e+03
1.324843221131369319e+03
1.402176554464702804e+03
1.474343221131369546e+03
1.485676554464702576e+03
1.383343221131369546e+03
1.434176554464702804e+03
1.434343221131369319e+03
1.433343221131369546e+03
1.313843221131369546e+03
1.408176554464702576e+03
1.421676554464702576e+03
1.413176554464702804e+03
1.284343221131369319e+03
1.351343221131369546e+03
1.412009887798036061e+03
1.474509887798036061e+03
1.367176554464702804e+03
1.397676554464702576e+03
1.386509887798036061e+03
1.435176554464702804e+03
1.339343221131369319e+03
1.398176554464702804e+03
1.412009887798036061e+03
1.432343221131369546e+03
1.339843221131369546e+03
1.369843221131369319e+03
1.415176554464702804e+03
1.414676554464702804e+03
1.307676554464702804e+03
1.348509887798036061e+03
1.356176554464702576e+03
1.373843221131369546e+03
1.289009887798036061e+03
1.393843221131369546e+03
1.437009887798036061e+03
1.423343221131369319e+03
1.316009887798036061e+03
1.375509887798036061e+03
1.415009887798036061e+03
1.410009887798036061e+03
1.304843221131369546e+03
1.345176554464702804e+03
1.395843221131369319e+03
1.445343221131369546e+03
1.409343221131369546e+03
1.475509887798036061e+03
1.473509887798036061e+03
1.451176554464702804e+03
1.322009887798036061e+03
1.391509887798036061e+03
1.434009887798036061e+03
1.454176554464702804e+03
1.355343221131369546e+03
1.415176554464702576e+03
1.447509887798036061e+03
1.484343221131369546e+03
1.342343221131369546e+03
1.384343221131369319e+03
1.350343221131369546e+03
1.362843221131369546e+03
1.262176554464702576e+03
1.319843221131369546e+03
1.354176554464702804e+03
1.377343221131369319e+03
1.275676554464702804e+03
1.316343221131369546e+03
1.324676554464702576e+03
1.314509887798036061e+03
1.241009887798036061e+03
1.356509887798036061e+03
1.445509887798036061e+03
1.457843221131369546e+03
1.347343221131369546e+03
1.417676554464702576e+03
1.421676554464702804e+03
1.446176554464702576e+03
1.309009887798036061e+03
1.392509887798036061e+03
1.369509887798036061e+03
1.391176554464702576e+03
1.284343221131369546e+03
1.303009887798036061e+03
1.333509887798036061e+03
1.378509887798036061e+03
1.339009887798036061e+03
1.381676554464702804e+03
1.396009887798036061e+03
1.397176554464702804e+03
1.272176554464702804e+03
1.315843221131369546e+03
1.339343221131369546e+03
1.360509887798036061e+03
1.250843221131369546e+03
1.316676554464702804e+03
1.393176554464702804e+03
1.410009887798036061e+03
1.299509887798036061e+03
1.328676554464702804e+03
1.395343221131369546e+03
1.407509887798036061e+03
1.354509887798036061e+03
1.377009887798036061e+03
1.407343221131369319e+03
1.410009887798036061e+03
1.325676554464702576e+03
1.397009887798036061e+03
1.443009887798036061e+03
1.444343221131369546e+03
1.344343221131369546e+03
1.389176554464702804e+03
1.377343221131369546e+03
1.355509887798036061e+03
1.194676554464702804e+03
1.312343221131369546e+03
1.366343221131369319e+03
1.424176554464702576e+03
1.315843221131369546e+03
1.378509887798036061e+03
1.374176554464702804e+03
1.389343221131369546e+03
1.318009887798036061e+03
1.366509887798036061e+03
1.366676554464702804e+03
1.380176554464702576e+03
1.301343221131369546e+03
1.365509887798036061e+03
1.390509887798036061e+03
1.480676554464702576e+03
1.402009887798036061e+03
1.443676554464702804e+03
1.395676554464702576e+03
1.417509887798036061e+03
1.300843221131369546e+03
1.337009887798036061e+03
1.312509887798036061e+03
1.339843221131369546e+03
1.267176554464702576e+03
1.362176554464702804e+03
1.391176554464702804e+03
1.433843221131369319e+03
1.378676554464702804e+03
1.429343221131369546e+03
1.408009887798036061e+03
1.357843221131369319e+03
1.247676554464702804e+03
1.329509887798036061e+03
1.397509887798036061e+03
1.446676554464702576e+03
1.342676554464702804e+03
1.370176554464702804e+03
1.398843221131369319e+03
1.442009887798036061e+03
1.333843221131369546e+03
1.357343221131369319e+03
1.339843221131369546e+03
1.327176554464702804e+03
1.220009887798036061e+03
1.294676554464702804e+03
1.330676554464702804e+03
1.329676554464702576e+03
1.195176554464702804e+03
1.260343221131369546e+03
1.248843221131369546e+03
1.238676554464702804e+03
1.166343221131369546e+03
1.275009887798036061e+03
1.346676554464702576e+03
1.363509887798036061e+03
1.269509887798036061e+03
1.278176554464702804e+03
1.259343221131369319e+03
1.291009887798036061e+03
1.255676554464702804e+03
1.300176554464702804e+03
1.266509887798036061e+03
1.283843221131369319e+03
1.243843221131369319e+03
1.367176554464702576e+03
1.374676554464702804e+03
1.377343221131369546e+03
1.240343221131369546e+03
1.281343221131369546e+03
1.289176554464702804e+03
1.297676554464702576e+03
1.223009887798036061e+03
1.297176554464702804e+03
1.298343221131369319e+03
1.266176554464702804e+03
1.135343221131369546e+03
1.196843221131369546e+03
1.226343221131369546e+03
1.254343221131369546e+03
1.174176554464702804e+03
1.228843221131369546e+03
1.262843221131369546e+03
1.270509887798036061e+03
1.211676554464702804e+03
1.238176554464702804e+03
1.246509887798036061e+03
1.236676554464702804e+03
1.173509887798036061e+03
1.235343221131369546e+03
1.253676554464702804e+03
1.302343221131369546e+03
1.234009887798036061e+03
1.321176554464702804e+03
1.316843221131369319e+03
1.368676554464702804e+03
1.287509887798036061e+03
1.323509887798036061e+03
1.303343221131369319e+03
1.319509887798036061e+03
1.220676554464702804e+03
1.276676554464702804e+03
1.289343221131369546e+03
1.330509887798036061e+03
1.260009887798036061e+03
1.261676554464702804e+03
1.235676554464702576e+03
1.281009887798036061e+03
1.281343221131369546e+03
1.377843221131369546e+03
1.362343221131369546e+03
1.332009887798036061e+03
1.284343221131369546e+03
1.358676554464702804e+03
1.552676554464702804e+03
2.042176554464702576e+03
1.987509887798036061e+03
1.863843221131369546e+03
1.294509887798036061e+03
1.224843221131369546e+03
1.159176554464702804e+03
1.271843221131369546e+03
1.300843221131369546e+03
1.283676554464702804e+03
1.203343221131369546e+03
1.263843221131369546e+03
1.268509887798036061e+03
1.272009887798036061e+03
1.171343221131369546e+03
1.225843221131369546e+03
1.233843221131369546e+03
1.241009887798036061e+03
1.201509887798036061e+03
1.273176554464702804e+03
1.311509887798036061e+03
1.291843221131369319e+03
1.166343221131369546e+03
1.150009887798036061e+03
1.115176554464702804e+03
1.182509887798036061e+03
1.202343221131369546e+03
1.353676554464702804e+03
1.359343221131369546e+03
1.355843221131369546e+03
1.223509887798036061e+03
1.241676554464702804e+03
1.256509887798036061e+03
1.278343221131369319e+03
1.212009887798036061e+03
1.223009887798036061e+03
1.238343221131369546e+03
1.273343221131369546e+03
1.249176554464702804e+03
1.297509887798036061e+03
1.274176554464702576e+03
1.237176554464702576e+03
1.155009887798036061e+03
1.251509887798036061e+03
1.287343221131369546e+03
1.302009887798036061e+03
1.219009887798036061e+03
1.256843221131369546e+03
1.281009887798036061e+03
1.297676554464702804e+03
1.241176554464702804e+03
1.296176554464702804e+03
1.291343221131369546e+03
1.304676554464702576e+03
1.206509887798036061e+03
1.219509887798036061e+03
1.178176554464702804e+03
1.200343221131369546e+03
1.149176554464702804e+03
1.250676554464702804e+03
1.285676554464702576e+03
1.332509887798036061e+03
1.214676554464702804e+03
1.249343221131369546e+03
1.270009887798036061e+03
1.316843221131369319e+03
1.230176554464702576e+03
1.256176554464702804e+03
1.259176554464702804e+03
1.265009887798036061e+03
1.165176554464702804e+03
1.202509887798036061e+03
1.230509887798036061e+03
1.273509887798036061e+03
1.207843221131369546e+03
1.235343221131369546e+03
1.243009887798036061e+03
1.322509887798036061e+03
1.249676554464702576e+03
1.257676554464702804e+03
1.212509887798036061e+03
1.241176554464702804e+03
1.219509887798036061e+03
1.299676554464702804e+03
1.311843221131369546e+03
1.343009887798036061e+03
1.251676554464702576e+03
1.280343221131369546e+03
1.235509887798036061e+03
1.252009887798036061e+03
1.185343221131369546e+03
1.252176554464702804e+03
1.232509887798036061e+03
1.279509887798036061e+03
1.212843221131369546e+03
1.260676554464702804e+03
1.231343221131369546e+03
1.248009887798036061e+03
1.163176554464702804e+03
1.220176554464702804e+03
1.206176554464702804e+03
1.258509887798036061e+03
1.159176554464702804e+03
1.163009887798036061e+03
1.170343221131369546e+03
1.225676554464702804e+03
1.224676554464702804e+03
1.284009887798036061e+03
1.295176554464702804e+03
1.299176554464702804e+03
1.210176554464702804e+03
1.277509887798036061e+03
1.320676554464702576e+03
1.366176554464702804e+03
1.289009887798036061e+03
1.286676554464702804e+03
1.234343221131369546e+03
1.216176554464702804e+03
1.123009887798036061e+03
1.176843221131369546e+03
1.191676554464702804e+03
1.276343221131369546e+03
1.246676554464702804e+03
1.312176554464702576e+03
1.301843221131369546e+03
1.302176554464702576e+03
1.203509887798036061e+03
1.244509887798036061e+03
1.234509887798036061e+03
1.293176554464702576e+03
1.248009887798036061e+03
1.314509887798036061e+03
1.280009887798036061e+03
1.252676554464702804e+03
1.172509887798036061e+03
1.235509887798036061e+03
1.237509887798036061e+03
1.252509887798036061e+03
1.170343221131369546e+03
1.209843221131369546e+03
1.214343221131369546e+03
1.225676554464702804e+03
1.153009887798036061e+03
1.205009887798036061e+03
1.243509887798036061e+03
1.314343221131369546e+03
1.273676554464702804e+03
1.280676554464702804e+03
1.265343221131369319e+03
1.280676554464702576e+03
1.215176554464702804e+03
1.252676554464702804e+03
1.211343221131369319e+03
1.248343221131369319e+03
1.186176554464702804e+03
1.266676554464702804e+03
1.253676554464702804e+03
1.267176554464702576e+03
1.129009887798036061e+03
1.154843221131369546e+03
1.142343221131369546e+03
1.214843221131369546e+03
1.172009887798036061e+03
1.248009887798036061e+03
1.219843221131369546e+03
1.232509887798036061e+03
1.124009887798036061e+03
1.178843221131369546e+03
1.178343221131369546e+03
1.184009887798036061e+03
1.128176554464702804e+03
1.196676554464702804e+03
1.207509887798036061e+03
1.237009887798036061e+03
1.136343221131369546e+03
1.188676554464702804e+03
1.211176554464702804e+03
1.262676554464702804e+03
1.194676554464702804e+03
1.228009887798036061e+03
1.238843221131369546e+03
1.293843221131369546e+03
1.198509887798036061e+03
1.191176554464702804e+03
1.163009887798036061e+03
1.183843221131369546e+03
1.131343221131369546e+03
1.190509887798036061e+03
1.226676554464702804e+03
1.321843221131369546e+03
1.303509887798036061e+03
1.368009887798036061e+03
1.349009887798036061e+03
1.343343221131369546e+03
1.263843221131369546e+03
1.242676554464702804e+03
1.214843221131369546e+03
1.229509887798036061e+03
1.203843221131369546e+03
1.254176554464702804e+03
1.211343221131369546e+03
1.200343221131369546e+03
1.122509887798036061e+03
1.197343221131369546e+03
1.212176554464702804e+03
1.227343221131369546e+03
1.145843221131369546e+03
1.193176554464702804e+03
1.210343221131369546e+03
1.227509887798036061e+03
1.163343221131369546e+03
1.223843221131369546e+03
1.254009887798036061e+03
1.262509887798036061e+03
1.152509887798036061e+03
1.162009887798036061e+03
1.187176554464702804e+03
1.216676554464702804e+03
1.152176554464702804e+03
1.198509887798036061e+03
1.248676554464702804e+03
1.295176554464702804e+03
1.227676554464702804e+03
1.214509887798036061e+03
1.207343221131369546e+03
1.233009887798036061e+03
1.209176554464702804e+03
1.239843221131369546e+03
1.204343221131369546e+03
1.193509887798036061e+03
1.117509887798036061e+03
1.171843221131369546e+03
1.193676554464702804e+03
1.261843221131369546e+03
1.245009887798036061e+03
1.292509887798036061e+03
1.246509887798036061e+03
1.226176554464702804e+03
1.171676554464702804e+03
1.225509887798036061e+03
1.226843221131369546e+03
1.242009887798036061e+03
1.177009887798036061e+03
1.204843221131369546e+03
1.192843221131369546e+03
1.244843221131369546e+03
1.180176554464702804e+03
1.178009887798036061e+03
1.172843221131369546e+03
1.252176554464702804e+03
1.240176554464702576e+03
1.272176554464702576e+03
1.250176554464702804e+03
1.248509887798036061e+03
1.179176554464702804e+03
1.230843221131369546e+03
1.215176554464702804e+03
1.195176554464702804e+03
1.072176554464702804e+03
1.127676554464702804e+03
1.143843221131369546e+03
1.184509887798036061e+03
1.123343221131369546e+03
1.169509887798036061e+03
1.187009887798036061e+03
1.232509887798036061e+03
1.221676554464702804e+03
1.316676554464702804e+03
1.327343221131369319e+03
1.314343221131369546e+03
1.175009887798036061e+03
1.172009887798036061e+03
1.151509887798036061e+03
1.172676554464702804e+03
1.125676554464702804e+03
1.180843221131369546e+03
1.234509887798036061e+03
1.331676554464702804e+03
1.295176554464702576e+03
1.288676554464702576e+03
1.227009887798036061e+03
1.276009887798036061e+03
1.253676554464702804e+03
1.333843221131369546e+03
1.291343221131369546e+03
1.272176554464702576e+03
1.160676554464702804e+03
1.200343221131369546e+03
1.199509887798036061e+03
1.233509887798036061e+03
1.156509887798036061e+03
1.205176554464702804e+03
1.188676554464702804e+03
1.216843221131369546e+03
1.140176554464702804e+03
1.196509887798036061e+03
1.188009887798036061e+03
1.214676554464702804e+03
1.150343221131369546e+03
1.189343221131369546e+03
1.210343221131369546e+03
1.205343221131369546e+03
1.143343221131369546e+03
1.141176554464702804e+03
1.137176554464702804e+03
1.170509887798036061e+03
1.145176554464702804e+03
1.212676554464702804e+03
1.196676554464702804e+03
1.215843221131369546e+03
1.124676554464702804e+03
1.171343221131369546e+03
1.176676554464702804e+03
1.238843221131369546e+03
1.221509887798036061e+03
1.271843221131369546e+03
1.265509887798036061e+03
1.286176554464702804e+03
1.196676554464702804e+03
1.210843221131369319e+03
1.172343221131369546e+03
1.197343221131369546e+03
1.128676554464702804e+03
1.165843221131369546e+03
1.149176554464702804e+03
1.190676554464702804e+03
1.129509887798036061e+03
1.219343221131369546e+03
1.254676554464702804e+03
1.306009887798036061e+03
1.202343221131369546e+03
1.217843221131369546e+03
1.209509887798036061e+03
1.240176554464702804e+03
1.136843221131369546e+03
1.143343221131369546e+03
1.163009887798036061e+03
1.240176554464702804e+03
1.203843221131369546e+03
1.220176554464702804e+03
1.209009887798036061e+03
1.279343221131369546e+03
1.224343221131369546e+03
1.236843221131369546e+03
1.162676554464702804e+03
1.171843221131369546e+03
1.145343221131369546e+03
1.191509887798036061e+03
1.207509887798036061e+03
1.216676554464702804e+03
1.177509887798036061e+03
1.215009887798036061e+03
1.224009887798036061e+03
1.262176554464702804e+03
1.196176554464702804e+03
1.183843221131369546e+03
1.131009887798036061e+03
1.151676554464702804e+03
1.132009887798036061e+03
1.214676554464702804e+03
1.219343221131369546e+03
1.252176554464702804e+03
1.172343221131369546e+03
1.224509887798036061e+03
1.219009887798036061e+03
1.261343221131369546e+03
1.203843221131369546e+03
1.250509887798036061e+03
1.264843221131369546e+03
1.311509887798036061e+03
1.233343221131369546e+03
1.220676554464702804e+03
1.178009887798036061e+03
1.199343221131369546e+03
1.144343221131369546e+03
1.180343221131369546e+03
1.209176554464702804e+03
1.286676554464702804e+03
1.217843221131369319e+03
1.190509887798036061e+03
1.134176554464702804e+03
1.184509887798036061e+03
1.168009887798036061e+03
1.237509887798036061e+03
1.216343221131369546e+03
1.224009887798036061e+03
1.175509887798036061e+03
1.277509887798036061e+03
1.283009887798036061e+03
1.281676554464702576e+03
1.160176554464702804e+03
1.170343221131369546e+03
1.165343221131369546e+03
1.185343221131369546e+03
1.127009887798036061e+03
1.151509887798036061e+03
1.146343221131369546e+03
1.172009887798036061e+03
1.098843221131369546e+03
1.132343221131369546e+03
1.173843221131369546e+03
1.225343221131369546e+03
1.178509887798036061e+03
1.200176554464702804e+03
1.208176554464702804e+03
1.245343221131369546e+03
1.196009887798036061e+03
1.226676554464702804e+03
1.222176554464702804e+03
1.228843221131369546e+03
1.166509887798036061e+03
1.220176554464702804e+03
1.204176554464702576e+03
1.216009887798036061e+03
1.106176554464702804e+03
1.153843221131369546e+03
1.165676554464702804e+03
1.234176554464702804e+03
1.174009887798036061e+03
1.229176554464702804e+03
1.202676554464702804e+03
1.237009887798036061e+03
1.166009887798036061e+03
1.171509887798036061e+03
1.173009887798036061e+03
1.272176554464702804e+03
1.253009887798036061e+03
1.267843221131369319e+03
1.192509887798036061e+03
1.225343221131369546e+03
1.190676554464702804e+03
1.206509887798036061e+03
1.226009887798036061e+03
1.288009887798036061e+03
1.248843221131369546e+03
1.212509887798036061e+03
1.114676554464702804e+03
1.124009887798036061e+03
1.127343221131369546e+03
1.240009887798036061e+03
1.245009887798036061e+03
1.287509887798036061e+03
1.217843221131369546e+03
1.249843221131369546e+03
1.212676554464702804e+03
1.241176554464702804e+03
1.182509887798036061e+03
1.185676554464702804e+03
1.144343221131369546e+03
1.155343221131369546e+03
1.107343221131369546e+03
1.165343221131369546e+03
1.152676554464702804e+03
1.204509887798036061e+03
1.139509887798036061e+03
1.192843221131369546e+03
1.152509887798036061e+03
1.200009887798036061e+03
1.173509887798036061e+03
1.222176554464702804e+03
1.223843221131369546e+03
1.241676554464702804e+03
1.193509887798036061e+03
1.216176554464702804e+03
1.182843221131369546e+03
1.207009887798036061e+03
1.154343221131369546e+03
1.215676554464702804e+03
1.216843221131369546e+03
1.260676554464702804e+03
1.222009887798036061e+03
1.258676554464702804e+03
1.215676554464702804e+03
1.191843221131369546e+03
1.119343221131369546e+03
1.151676554464702804e+03
1.186676554464702804e+03
1.251509887798036061e+03
1.194843221131369546e+03
1.221343221131369546e+03
1.171676554464702804e+03
1.179343221131369319e+03
1.086176554464702804e+03
1.150176554464702804e+03
1.165176554464702804e+03
1.215176554464702576e+03
1.153009887798036061e+03
1.177009887798036061e+03
1.144843221131369546e+03
1.187843221131369546e+03
1.170343221131369546e+03
1.287509887798036061e+03
1.278176554464702804e+03
1.315843221131369546e+03
1.208676554464702804e+03
1.223843221131369546e+03
1.192009887798036061e+03
1.227009887798036061e+03
1.183843221131369546e+03
1.188843221131369546e+03
1.185009887798036061e+03
1.234676554464702804e+03
1.217176554464702804e+03
1.221509887798036061e+03
1.168509887798036061e+03
1.190509887798036061e+03
1.145343221131369546e+03
1.201009887798036061e+03
1.191343221131369546e+03
1.209843221131369546e+03
1.138343221131369546e+03
1.187009887798036061e+03
1.203176554464702804e+03
1.243843221131369546e+03
1.165676554464702804e+03
1.176343221131369546e+03
1.148843221131369546e+03
1.198009887798036061e+03
1.134676554464702804e+03
1.164676554464702804e+03
1.117343221131369546e+03
1.183843221131369546e+03
1.141509887798036061e+03
1.192343221131369546e+03
1.157343221131369546e+03
1.198343221131369546e+03
1.141009887798036061e+03
1.190009887798036061e+03
1.208009887798036061e+03
1.269009887798036061e+03
1.244343221131369546e+03
1.264009887798036061e+03
1.263009887798036061e+03
1.247009887798036061e+03
1.170176554464702804e+03
1.176009887798036061e+03
1.197676554464702804e+03
1.215343221131369546e+03
1.131343221131369546e+03
1.114676554464702804e+03
1.089509887798036061e+03
1.120843221131369546e+03
1.112176554464702804e+03
1.193009887798036061e+03
1.225009887798036061e+03
1.291176554464702804e+03
1.294509887798036061e+03
1.329676554464702576e+03
1.261676554464702576e+03
1.184009887798036061e+03
1.093676554464702804e+03
1.146176554464702804e+03
1.199676554464702804e+03
1.307176554464702804e+03
1.245343221131369319e+03
1.261676554464702576e+03
1.195009887798036061e+03
1.227843221131369546e+03
1.160843221131369546e+03
1.157176554464702804e+03
1.145009887798036061e+03
1.177176554464702804e+03
1.147843221131369546e+03
1.178176554464702804e+03
1.169676554464702804e+03
1.188176554464702804e+03
1.099509887798036061e+03
1.100343221131369546e+03
1.093509887798036061e+03
1.113343221131369546e+03
1.105009887798036061e+03
1.183676554464702804e+03
1.220843221131369546e+03
1.270676554464702804e+03
1.189009887798036061e+03
1.254509887798036061e+03
1.343676554464702804e+03
1.390843221131369546e+03
1.347843221131369546e+03
1.250009887798036061e+03
1.218509887798036061e+03
1.226843221131369546e+03
1.184843221131369546e+03
1.213176554464702804e+03
1.185843221131369546e+03
1.254843221131369546e+03
1.199009887798036061e+03
1.216176554464702804e+03
1.151843221131369546e+03
1.173676554464702804e+03
1.144676554464702804e+03
1.191843221131369546e+03
1.204676554464702576e+03
1.209176554464702804e+03
1.165009887798036061e+03
1.237009887798036061e+03
1.260343221131369546e+03
1.274009887798036061e+03
1.187343221131369546e+03
1.200343221131369546e+03
1.209176554464702804e+03
1.252176554464702804e+03
1.174676554464702804e+03
1.174343221131369546e+03
1.133343221131369546e+03
1.215509887798036061e+03
1.168343221131369546e+03
1.203676554464702804e+03
1.168843221131369546e+03
1.255676554464702804e+03
1.215843221131369546e+03
1.223676554464702804e+03
1.127509887798036061e+03
1.153176554464702804e+03
1.131009887798036061e+03
1.219509887798036061e+03
1.198343221131369546e+03
1.229009887798036061e+03
1.152009887798036061e+03
1.194009887798036061e+03
1.200343221131369546e+03
1.257843221131369546e+03
1.219676554464702804e+03
1.211676554464702804e+03
1.188176554464702804e+03
1.215009887798036061e+03
1.146676554464702804e+03
1.139843221131369546e+03
1.116176554464702804e+03
1.169509887798036061e+03
1.138343221131369546e+03
1.183176554464702804e+03
1.171843221131369319e+03
1.215176554464702576e+03
1.170509887798036061e+03
1.218176554464702804e+03
1.221509887798036061e+03
1.246009887798036061e+03
1.178176554464702804e+03
1.174176554464702804e+03
1.128676554464702804e+03
1.189343221131369546e+03
1.190343221131369546e+03
1.306176554464702804e+03
1.289176554464702804e+03
1.279843221131369546e+03
1.151009887798036061e+03
1.161509887798036061e+03
1.128176554464702804e+03
1.207343221131369546e+03
1.195343221131369319e+03
1.263676554464702576e+03
1.220009887798036061e+03
1.213176554464702804e+03
1.158343221131369546e+03
1.210509887798036061e+03
1.227509887798036061e+03
1.259509887798036061e+03
1.214009887798036061e+03
1.258009887798036061e+03
1.216176554464702804e+03
1.224009887798036061e+03
1.180676554464702804e+03
1.269176554464702804e+03
1.274009887798036061e+03
1.285676554464702804e+03
1.236509887798036061e+03
1.279009887798036061e+03
1.266843221131369546e+03
1.308343221131369319e+03
1.217009887798036061e+03
1.204176554464702804e+03
1.119843221131369546e+03
1.176176554464702804e+03
1.139843221131369546e+03
1.211343221131369546e+03
1.196676554464702804e+03
1.251509887798036061e+03
1.181509887798036061e+03
1.179843221131369546e+03
1.165009887798036061e+03
1.232009887798036061e+03
1.217176554464702804e+03
1.262176554464702804e+03
1.234009887798036061e+03
1.271343221131369546e+03
1.243009887798036061e+03
1.267343221131369546e+03
1.225509887798036061e+03
1.227176554464702804e+03
1.221843221131369546e+03
1.275009887798036061e+03
1.240176554464702804e+03
1.219509887798036061e+03
1.155009887798036061e+03
1.178343221131369546e+03
1.166509887798036061e+03
1.217509887798036061e+03
1.191176554464702804e+03
1.218843221131369546e+03
1.197176554464702804e+03
1.220509887798036061e+03
1.163176554464702804e+03
1.210676554464702804e+03
1.172843221131369546e+03
1.217676554464702804e+03
1.168176554464702804e+03
1.244343221131369546e+03
1.217509887798036061e+03
1.206843221131369546e+03
1.133343221131369546e+03
1.151843221131369546e+03
1.140343221131369546e+03
1.163176554464702804e+03
1.177509887798036061e+03
1.220509887798036061e+03
1.172009887798036061e+03
1.175009887798036061e+03
1.140676554464702804e+03
1.209676554464702804e+03
1.194843221131369546e+03
1.208843221131369546e+03
1.168509887798036061e+03
1.219343221131369546e+03
1.223009887798036061e+03
1.281343221131369546e+03
1.225676554464702804e+03
1.234843221131369546e+03
1.205509887798036061e+03
1.225176554464702804e+03
1.189009887798036061e+03
1.240176554464702804e+03
1.254343221131369546e+03
1.286843221131369546e+03
1.177176554464702804e+03
1.194843221131369546e+03
1.211343221131369546e+03
1.310176554464702804e+03
1.251343221131369546e+03
1.262176554464702804e+03
1.245843221131369546e+03
1.309176554464702804e+03
1.274843221131369546e+03
1.273843221131369546e+03
1.207676554464702804e+03
1.196176554464702804e+03
1.153509887798036061e+03
1.203509887798036061e+03
1.185176554464702804e+03
1.220843221131369546e+03
1.158676554464702804e+03
1.188509887798036061e+03
1.164843221131369546e+03
1.197176554464702804e+03
1.190843221131369546e+03
1.212176554464702804e+03
1.165009887798036061e+03
1.198009887798036061e+03
1.191843221131369546e+03
1.290009887798036061e+03
1.292676554464702804e+03
1.289843221131369319e+03
1.217676554464702576e+03
1.235676554464702804e+03
1.224843221131369546e+03
1.225676554464702804e+03
1.150509887798036061e+03
1.180176554464702804e+03
1.192676554464702804e+03
1.251843221131369546e+03
1.176009887798036061e+03
1.213843221131369319e+03
1.174176554464702576e+03
1.251843221131369546e+03
1.244343221131369546e+03
1.270843221131369546e+03
1.273009887798036061e+03
1.269509887798036061e+03
1.215843221131369546e+03
1.204343221131369546e+03
1.175676554464702804e+03
1.223343221131369546e+03
1.174509887798036061e+03
1.178843221131369546e+03
1.147843221131369546e+03
1.189343221131369546e+03
1.190343221131369546e+03
1.241509887798036061e+03
1.221009887798036061e+03
1.235176554464702576e+03
1.160009887798036061e+03
1.158343221131369546e+03
1.110176554464702804e+03
1.148509887798036061e+03
1.122843221131369546e+03
1.155009887798036061e+03
1.151176554464702804e+03
1.254176554464702804e+03
1.279176554464702576e+03
1.337843221131369319e+03
1.219676554464702804e+03
1.196509887798036061e+03
1.128509887798036061e+03
1.214509887798036061e+03
1.208176554464702576e+03
1.216676554464702804e+03
1.152843221131369546e+03
1.192509887798036061e+03
1.209676554464702804e+03
1.249676554464702804e+03
1.192009887798036061e+03
1.213343221131369546e+03
1.218676554464702804e+03
1.270509887798036061e+03
1.213176554464702804e+03
1.180676554464702804e+03
1.126843221131369546e+03
1.145676554464702804e+03
1.135009887798036061e+03
1.194176554464702804e+03
1.162676554464702804e+03
1.152176554464702576e+03
1.057009887798036061e+03
1.080343221131369546e+03
1.090176554464702804e+03
1.155176554464702804e+03
1.125343221131369546e+03
1.136176554464702804e+03
1.074176554464702804e+03
1.101176554464702804e+03
1.079843221131369546e+03
1.156176554464702804e+03
1.166676554464702804e+03
1.238676554464702804e+03
1.193509887798036061e+03
1.242176554464702804e+03
1.170343221131369546e+03
1.169843221131369546e+03
1.108843221131369546e+03
1.169343221131369546e+03
1.200009887798036061e+03
1.247176554464702804e+03
1.218509887798036061e+03
1.260343221131369546e+03
1.241009887798036061e+03
1.244176554464702576e+03
1.164343221131369546e+03
1.190343221131369546e+03
1.218509887798036061e+03
1.262343221131369319e+03
1.234343221131369319e+03
1.255843221131369546e+03
1.261176554464702576e+03
1.250009887798036061e+03
1.187509887798036061e+03
1.180343221131369546e+03
1.175343221131369546e+03
1.197676554464702804e+03
1.180509887798036061e+03
1.237509887798036061e+03
1.218676554464702804e+03
1.271509887798036061e+03
1.210843221131369546e+03
1.222176554464702804e+03
1.138343221131369546e+03
1.145843221131369546e+03
1.110843221131369546e+03
1.172509887798036061e+03
1.171009887798036061e+03
1.204676554464702804e+03
1.142343221131369546e+03
1.156509887798036061e+03
1.137843221131369546e+03
1.170843221131369546e+03
1.131176554464702804e+03
1.162843221131369546e+03
1.154843221131369546e+03
1.209509887798036061e+03
1.132676554464702804e+03
1.133843221131369546e+03
1.144176554464702804e+03
1.234176554464702804e+03
1.198176554464702804e+03
1.168343221131369546e+03
1.133843221131369546e+03
1.196676554464702804e+03
1.185843221131369546e+03
1.204676554464702804e+03
1.179343221131369546e+03
1.185176554464702804e+03
1.168843221131369546e+03
1.215509887798036061e+03
1.233176554464702804e+03
1.267676554464702804e+03
1.207843221131369546e+03
1.197676554464702804e+03
1.171843221131369546e+03
1.222176554464702804e+03
1.209676554464702804e+03
1.230676554464702804e+03
1.217176554464702804e+03
1.235009887798036061e+03
1.192843221131369546e+03
1.171843221131369546e+03
1.148343221131369546e+03
1.204343221131369546e+03
1.241343221131369546e+03
1.321843221131369546e+03
1.276343221131369546e+03
1.265843221131369546e+03
1.184009887798036061e+03
1.196009887798036061e+03
1.172843221131369546e+03
1.203843221131369546e+03
1.213509887798036061e+03
1.243176554464702804e+03
1.210176554464702804e+03
1.181009887798036061e+03
1.174676554464702804e+03
1.194509887798036061e+03
1.181509887798036061e+03
1.164176554464702804e+03
1.128176554464702804e+03
1.130343221131369546e+03
1.119843221131369546e+03
1.160343221131369546e+03
1.159343221131369546e+03
1.170343221131369546e+03
1.135509887798036061e+03
1.171009887798036061e+03
1.151009887798036061e+03
1.216009887798036061e+03
1.182676554464702804e+03
1.207176554464702804e+03
1.135676554464702804e+03
1.144009887798036061e+03
1.109176554464702804e+03
1.141843221131369546e+03
1.138176554464702804e+03
1.169343221131369546e+03
1.119176554464702804e+03
1.129509887798036061e+03
1.110843221131369546e+03
1.181509887798036061e+03
1.174676554464702804e+03
1.218009887798036061e+03
1.212009887798036061e+03
1.271009887798036061e+03
1.215509887798036061e+03
1.218176554464702804e+03
1.106509887798036061e+03
1.123343221131369546e+03
1.081176554464702804e+03
1.150676554464702804e+03
1.129843221131369546e+03
1.143509887798036061e+03
1.110343221131369546e+03
1.168343221131369546e+03
1.174509887798036061e+03
1.161009887798036061e+03
1.113676554464702804e+03
1.126843221131369546e+03
1.126176554464702804e+03
1.166343221131369546e+03
1.132843221131369546e+03
1.190176554464702804e+03
1.167343221131369546e+03
1.203676554464702804e+03
1.151843221131369546e+03
1.135676554464702804e+03
1.095676554464702804e+03
1.140009887798036061e+03
1.122176554464702804e+03
1.151843221131369546e+03
1.114843221131369546e+03
1.141509887798036061e+03
1.148843221131369546e+03
1.216176554464702804e+03
1.189843221131369546e+03
1.132843221131369546e+03
1.054343221131369546e+03
1.109509887798036061e+03
1.130676554464702804e+03
1.192009887798036061e+03
1.159843221131369546e+03
1.156843221131369546e+03
1.113176554464702804e+03
1.116843221131369546e+03
1.123509887798036061e+03
1.160343221131369546e+03
1.118843221131369546e+03
1.141843221131369546e+03
1.133843221131369546e+03
1.223676554464702804e+03
1.234676554464702804e+03
1.256509887798036061e+03
1.195676554464702804e+03
1.221176554464702804e+03
1.199176554464702804e+03
1.191009887798036061e+03
1.117509887798036061e+03
1.140509887798036061e+03
1.165509887798036061e+03
1.211843221131369546e+03
1.176176554464702804e+03
1.228843221131369546e+03
1.240843221131369319e+03
1.252509887798036061e+03
1.204509887798036061e+03
1.240343221131369546e+03
1.234176554464702804e+03
1.251843221131369546e+03
1.207343221131369546e+03
1.248009887798036061e+03
1.215009887798036061e+03
1.223176554464702804e+03
1.162676554464702804e+03
1.213176554464702804e+03
1.203509887798036061e+03
1.274676554464702804e+03
1.265343221131369546e+03
1.276176554464702804e+03
1.204676554464702804e+03
1.200676554464702804e+03
1.166176554464702804e+03
1.229176554464702804e+03
1.214676554464702804e+03
1.221176554464702804e+03
1.152843221131369546e+03
1.174843221131369546e+03
1.148676554464702804e+03
1.154843221131369546e+03
1.122343221131369546e+03
1.176343221131369546e+03
1.141176554464702804e+03
1.145176554464702804e+03
1.118509887798036061e+03
1.180843221131369546e+03
1.155009887798036061e+03
1.171176554464702804e+03
1.171009887798036061e+03
1.210009887798036061e+03
1.180009887798036061e+03
1.188843221131369546e+03
1.170843221131369546e+03
1.226176554464702804e+03
1.196843221131369546e+03
1.221343221131369546e+03
1.213843221131369546e+03
1.263009887798036061e+03
1.270676554464702804e+03
1.257676554464702804e+03
1.242343221131369546e+03
1.255009887798036061e+03
1.238676554464702804e+03
1.253176554464702804e+03
1.204843221131369319e+03
1.241843221131369319e+03
1.245176554464702576e+03
1.321176554464702804e+03
1.291009887798036061e+03
1.310343221131369546e+03
1.244176554464702804e+03
1.232176554464702804e+03
1.164176554464702804e+03
1.162843221131369546e+03
1.129009887798036061e+03
1.138009887798036061e+03
1.126509887798036061e+03
1.197343221131369546e+03
1.174843221131369546e+03
1.192176554464702804e+03
1.169176554464702804e+03
1.190343221131369546e+03
1.159509887798036061e+03
1.175843221131369546e+03
1.188343221131369546e+03
1.271176554464702804e+03
1.269009887798036061e+03
1.260009887798036061e+03
1.208676554464702804e+03
1.247676554464702804e+03
1.261343221131369319e+03
1.263176554464702576e+03
1.176343221131369546e+03
1.207843221131369546e+03
1.193676554464702804e+03
1.236009887798036061e+03
1.169843221131369546e+03
1.189343221131369546e+03
1.163843221131369546e+03
1.220343221131369546e+03
1.202843221131369546e+03
1.276843221131369546e+03
1.261843221131369546e+03
1.326843221131369546e+03
1.298509887798036061e+03
1.316176554464702804e+03
1.225343221131369546e+03
1.197676554464702804e+03
1.184009887798036061e+03
1.279843221131369546e+03
1.299676554464702576e+03
1.265843221131369319e+03
1.209176554464702804e+03
1.233176554464702804e+03
1.264676554464702804e+03
1.305843221131369546e+03
1.227009887798036061e+03
1.214176554464702804e+03
1.144676554464702804e+03
1.189343221131369546e+03
1.175009887798036061e+03
1.255509887798036061e+03
1.240176554464702804e+03
1.273343221131369546e+03
1.208343221131369546e+03
1.245176554464702804e+03
1.139843221131369546e+03
1.119009887798036061e+03
1.064509887798036061e+03
1.146509887798036061e+03
1.167343221131369546e+03
1.190176554464702804e+03
1.154009887798036061e+03
1.170009887798036061e+03
1.142343221131369546e+03
1.176009887798036061e+03
1.113676554464702804e+03
1.143843221131369546e+03
6.618432211313695461e+02
