2.440981767180917359e+02
-3.877536751337599412e+02
1.181135213755129143e+03
5.427704098811424956e+03
3.187589638750926042e+02
7.858645654770883266e+04
9.248350503127818229e+03
-4.319802395904283685e+02
6.255710637570873587e+02
7.429367644368803667e+03
-3.976562256506001631e+03
4.282880342511045455e+03
4.806374349646426936e+02
-4.179716189228602161e+03
-4.694529145267279091e+03
2.776431037405710413e+03
2.061741301007012589e+04
1.413879455878354065e+03
9.925838702177286450e+02
-9.713551925934208384e+02
5.240446001083150804e+02
2.176038524516570760e+03
2.762959597903225585e+03
-1.193972365071946797e+03
-1.265614773258326750e+04
-6.249289529233188659e+03
-6.334290250980216115e+03
4.742585471052432695e+03
1.393691229965826608e+02
-1.203186798737756362e+04
7.837564101170445610e+03
-8.225542309490401749e+03
2.488778513969141568e+04
7.141418772905703008e+03
6.151152563503198508e+03
-6.734721123451818130e+02
6.749397433899553107e+02
2.199765750142449178e+03
1.317725380725548575e+03
-4.877292125826459710e+02
1.774901668490857674e+02
1.318169680061790814e+03
9.132716599741039545e+02
-3.494631451654248053e+02
7.769728293079830905e+01
9.911690108862630950e+02
1.193996037527756243e+03
-6.270731761617343913e+00
1.371532335982548375e+03
3.286248780413488021e+03
5.397000494609675115e+03
-4.466627926113265858e+03
-1.009643969194051181e+02
2.347970800145773410e+03
1.384206742506884666e+03
-1.406614900017310390e+02
3.380090944854405848e+02
6.847292078748347421e+02
3.321604764399712053e+02
-7.743283023230267190e+02
2.386588355519634419e+01
1.478804437731507505e+03
1.329894871638516179e+03
-9.832972708992716662e+02
1.871276920679459579e+02
1.649773412701418920e+03
9.006421081756657259e+02
-7.386161318443305390e+02
3.733398446775377124e+02
1.994146411476049707e+03
1.419095631395773808e+03
-3.865575985491777828e+02
7.197970418505215093e+02
2.410882930718921671e+03
1.032690571144442174e+03
-3.194562911653684978e+02
3.196069995973155642e+02
1.333630906001160611e+03
6.925176018107607661e+02
-6.758333954418983467e+02
7.866171796247112979e+02
5.352781416806516972e+03
4.916534862166870880e+03
-2.067485283033226551e+03
6.159096150849336482e+02
3.692871459672258425e+03
2.315825874890969317e+03
-3.905566882391868688e+01
6.512325853202449935e+02
1.520895059361412905e+03
9.671349545933961735e+02
-6.219315243301504097e+02
1.705494389901843988e+02
1.078272794234331968e+03
7.029654209177413122e+02
-1.946628559126911000e+02
7.076417617070111419e+02
2.011810476571939489e+03
1.531685156293020782e+03
-1.050583965936885534e+03
2.348336940267351167e+02
1.403143280819304891e+03
8.909537562870083320e+02
-3.866139317438031071e+02
9.396171782367328262e+01
6.714985465944453153e+02
3.867526018926698725e+02
-7.100281546461089874e+02
1.918903951469695812e+02
1.732234065762819682e+03
1.463450841371342221e+03
-6.515237776836285775e+03
1.644298950231434355e+04
-3.442415264141585794e+04
2.209762475681886644e+04
-1.057937821411871937e+03
1.578920607818699636e+03
4.472255120945864292e+03
1.281891117658309213e+03
-6.311954972305269393e+02
5.299149016753410706e+02
1.729753155680226428e+03
1.455357575231487544e+03
-4.094673078207425192e+02
2.638161637563822524e+02
9.169516852414423056e+02
4.548202723235149847e+02
-7.087231597520684545e+02
3.974542728209752340e+02
1.685201503153811245e+03
1.070055593229516262e+03
-1.149182314573992016e+03
-4.176465481600993144e+02
1.231077615930347974e+03
1.017208554170313960e+03
-5.039280275452865112e+02
2.373725516550052106e+01
8.814740774154646488e+02
6.277849743736261416e+02
-6.616007614665642222e+02
1.094214754360028650e+02
1.921299672744292593e+03
1.893045538921473508e+03
8.417167051432684843e+01
4.491364456020749429e+01
8.273778997481600754e+02
9.756586135452428152e+02
-6.326364880423343351e+01
1.804088288506555386e+02
6.086300560647380280e+02
4.709759253542582655e+02
-9.482007883940556781e+01
4.077972535474456208e+02
8.974894908669240294e+02
7.556507895226832261e+02
-3.010675634525635473e+02
2.857449105359357873e+02
1.510966049794497167e+03
1.809871794695679228e+03
-4.758585758934481191e+01
4.624086061180736920e+02
1.003849969844394536e+03
6.659671327581580726e+02
-2.734183358001401416e+02
1.651509059957510885e+02
5.626870084670928236e+02
4.285774711941825785e+02
-3.581027430770719207e+02
2.437107705603303032e+02
9.363866332316786156e+02
6.597653270795764229e+02
-4.647608613502127923e+02
-2.662505009016200006e+02
7.588959359371282289e+02
1.103482585700941854e+03
-1.495878629087332001e+02
1.393651121390125525e+02
7.944944491342502033e+02
1.062261677239250730e+03
-2.471916563908943090e+02
4.608862320929770817e+02
1.236367004750900378e+03
5.658417598207830679e+02
-8.167941590507031151e+02
3.070832774356167079e+02
1.284291307973667472e+03
8.118737727910255444e+02
-4.584375357124309858e+02
4.764885910937304629e+02
1.677691851967020966e+03
1.486255220014856604e+03
-3.395459882845925677e+02
4.017410169617378415e+02
3.816018750577630271e+03
5.844934214920466729e+03
-9.980224403926172272e+01
1.644550564149832780e+03
1.767932257186124389e+03
1.151568079230973126e+03
-4.987566586992676321e+02
3.943780410840934110e+02
9.438364337120146956e+02
8.677875013734461618e+02
-2.539505610098160560e+02
2.783674673297296636e+02
8.453312884208952482e+02
5.814418802329051914e+02
-3.622787013273784851e+02
7.239492832064148615e+02
1.769379102384293674e+03
1.162537255376235407e+03
-1.038826656764073959e+03
3.055039070326615729e+02
1.382516996368442733e+03
3.657050836574012465e+02
-1.297658465606324853e+03
-3.866276577396469065e+02
1.161190131793373439e+03
1.282079668467835518e+03
5.744403201413767590e+01
6.923861016243697009e+01
8.093215262830199208e+02
8.834631840164843197e+02
-1.851998988929665302e+02
2.879958323513101277e+02
1.226925320188580372e+03
1.462472460203550554e+03
2.306282295424646467e+00
4.791331339926030637e+02
9.679214055829480685e+02
1.043550895975761250e+03
-4.255556208760571479e+01
3.861611816763187903e+02
6.418464060441242509e+02
2.898799541641137125e+02
-8.376651094034890548e+02
5.399801123503742701e+02
1.017893507177997321e+03
7.628120864906742327e+02
-5.049922276764846174e+02
4.244343300527993961e+02
1.271484513708827762e+03
8.040632819074363624e+02
-1.226258754956437087e+03
8.470727020432144982e+00
1.547049754105565853e+03
8.310113051978408976e+02
-1.085432437230257847e+03
-2.353806174283014911e+02
8.189199971583478828e+02
7.592455198669438232e+02
-4.228624660678208897e+02
3.686522545179036001e+02
1.272502528268330707e+03
8.409112488500810514e+02
-3.720686502720595286e+02
2.235577517343417071e+02
8.788913314373174899e+02
5.830077246541483191e+02
-3.602265795265394672e+02
1.788715004385745644e+01
8.527363171338848815e+02
8.507607112156707672e+02
-1.127116661741290642e+02
4.558184064649708489e+02
1.574816924464725389e+03
1.252986620730583581e+03
-9.254542309490398111e+02
-1.908641027533743966e+02
1.078661803095960522e+03
8.511775589607862003e+02
-3.384638586013961117e+02
5.002391813150083522e+02
9.596869974990265746e+02
5.494627019282227138e+02
-5.234264800954143766e+02
-3.747645652162842111e+01
6.415842783391942703e+02
3.456299094739636644e+02
-9.514211634047883308e+02
2.602422831131952421e+02
1.844798843810958942e+03
1.926688598221529674e+03
-7.689617685303476264e+02
-2.653536484366180161e+02
5.806853450222623678e+02
8.994783072993336646e+02
1.154612487152697895e+02
3.346719584613998109e+02
4.238661782904132451e+02
4.647737023035895163e+02
-2.316701960596673473e+02
3.577531556802271666e+02
9.460638207629189083e+02
4.959171893765928303e+02
-1.309271084375113787e+03
1.634240230200328824e+03
4.067496212365194879e+03
1.493673522249975576e+03
-4.221905042381861790e+02
1.404596359468541777e+02
8.875947185863157074e+02
4.440742258121017585e+02
-6.727529683131243701e+02
3.624745435607147215e+01
1.794586774086405740e+03
2.314977576922357912e+03
-1.156284517259240374e+03
9.128845254792117885e+02
2.474173950821897051e+03
1.756376466794278031e+03
2.758574258141277369e+02
1.246153441106274386e+03
1.538041437550566116e+03
4.319754145697596073e+02
-1.315697398638697905e+03
4.369660901747646449e+02
1.937661689079558300e+03
2.542306943678861899e+03
-1.409772817178174364e+03
-4.158366293261016722e+02
4.933749415614763620e+02
2.678856962205958325e+02
-8.175744219443296288e+02
-1.527923552821429780e+02
6.714418802329033724e+02
5.554418802329028040e+02
-3.526068377079130300e+02
2.143122715385063870e+01
5.334979852623616807e+02
4.993902636296652418e+02
-3.267693225765808052e+02
-2.998882126675428594e+01
4.933085136770177428e+02
4.615049093223846626e+02
-2.983702691937831446e+02
-1.747222751295295495e+02
7.582229738550745424e+02
9.328839653311364373e+02
-1.065492591155815205e+02
3.615406717893485506e+02
7.127948716468877137e+02
3.462389671593107892e+02
-2.290126410545498743e+02
3.683605443758261231e+02
6.755167541274710175e+02
2.855096600237027360e+02
-5.715577363446135450e+02
8.624700932266485154e+01
1.024130534804166928e+03
8.084878626180520769e+02
-2.342153134902079898e+02
1.514935781274438398e+02
1.008119401589530526e+03
9.555088826554456318e+02
-6.442162601975918506e+02
-3.384343996748569339e+02
2.836030363426109489e+02
5.699108893385543979e+02
-7.689501889877246299e+01
8.375340810888471310e+01
5.584695557760310294e+02
4.212424921815706966e+02
-4.846493709090543121e+02
3.490471218381482288e+01
7.315863007009626244e+02
7.059326428597106542e+02
-2.857981259470893747e+02
4.460366090310214986e+02
8.501321117646957646e+02
5.475156978068318949e+02
-4.784682589952253693e+02
-3.684172397014107219e+02
4.945052182706085091e+02
8.934807777373033559e+02
2.053610721520974778e+02
5.042595061203099363e+02
3.966211994510720729e+02
8.247371089557640289e+01
-8.150796038930675422e+02
2.929505916170826936e+02
1.654848500764151595e+03
9.148953893337969703e+02
-1.224059055091436448e+03
-9.325791010975393647e+01
1.022712435717623862e+03
9.734355476220819128e+02
-1.059528145621556803e+02
3.599248974694007188e+02
9.869285764540246646e+02
5.769227918896006031e+02
-6.428191930558433569e+02
-1.632287820866780237e+02
6.426432879242171339e+02
1.232090778227846613e+03
-1.648532878895255408e+03
-4.829046894338966212e+01
1.848761103319340464e+03
4.873797193923429631e+02
-1.396527867809091049e+03
3.835491757268990796e+02
7.880465013885734606e+02
2.752259100394334723e+02
-7.051493632620084782e+02
-2.430811741837056843e+02
5.179804359327488328e+02
4.601556836688691874e+02
-3.078453898930723085e+02
2.748487178155250490e+02
6.498714088670369620e+02
2.546528305405182095e+02
-6.301677559997887101e+02
1.222309307079555509e+02
7.534104244783437707e+02
6.915724063099611385e+02
-4.590093167455881940e+01
4.282485929840242989e+02
1.245616245043533354e+03
1.590968229993431578e+03
-2.325717200051047257e+03
-2.694034798468835561e+02
8.127718004295867331e+02
8.495801041383294887e+02
-9.799886212012762599e+02
6.015443475747948696e+02
7.595433915668705822e+02
2.088067710539787356e+02
-7.191759735425000599e+02
1.396327723235160079e+02
9.359430486994084504e+02
1.082780850724802576e+03
-5.448153342683574465e+02
-1.005215051079676272e+02
5.317378385596385897e+02
9.549000996406267632e+02
-8.626027101307616931e+02
-2.052978027115451880e+02
3.183435621470869137e+02
3.191241219332759442e+02
-4.924978832439845178e+02
1.183477346943820748e+03
1.817307211313700918e+03
9.558749081680356312e+02
-7.934827475599516902e+02
-2.697766150801942331e+02
5.479034844487720193e+02
7.585074588805292706e+02
-1.892609658354158455e+02
8.066235787992047790e+02
1.124512026537845031e+03
6.811210013006984809e+02
-3.759338438099063637e+02
3.982325853202458461e+02
1.070487736756000231e+03
6.692092568730594166e+02
-6.832111953263535042e+01
-7.920235688105879035e+01
9.356941142705584298e+02
2.903608726945917169e+03
5.942227873553268864e+02
9.047161919403135926e+02
8.923800740876929467e+02
5.575012747687336514e+02
-2.079309044158275981e+02
5.708604435352170725e+01
2.688496443864738694e+02
1.744796936514110826e+02
-2.783611034693324200e+02
-3.404178341857539891e+01
4.865135808451061621e+02
6.903497412767255810e+02
-2.355308708389434287e+02
9.398392491099667723e+01
6.984977779279859078e+02
4.395328190114155973e+02
-4.419047275260818424e+02
-6.550199409355421665e+01
4.021664366980687646e+02
5.418934025424459833e+02
-1.375227301314480428e+02
2.872281376698175563e+02
1.015348579824640979e+03
1.008970437798232979e+03
-4.013468272450918448e+02
-1.222676115253043889e+02
4.693841878343998246e+02
5.157488405237780853e+02
-1.448473041627056546e+02
-5.511530662310311079e+00
-1.147143595549393922e+02
-1.742915397495171419e+02
-9.760187577012168276e+02
-1.837639319234628488e+02
7.591838616544714569e+02
6.854319543133522075e+02
-1.801685378178326857e+02
2.456925239858808254e+02
5.977362593594829150e+02
5.392094526127991685e+02
-1.331084858915033465e+03
-2.038497153168782745e+02
6.581774711258871093e+02
6.300331938745997604e+02
-3.904137321505434102e+02
-1.541989383869179449e+02
2.403592350424811173e+02
2.777301523695075502e+02
-2.307118591242006858e+02
6.854425368462681263e+02
1.300009893172341435e+03
6.099124614427557844e+02
-5.887583374163998542e+02
-2.637131411289198013e+01
4.890256530243325415e+02
7.520978856980660794e+02
4.897336555662439395e+01
-3.600995124557444171e+01
-7.679016163184711807e+00
2.597048609148303200e+01
-2.301494029869458302e+02
-3.431507276896371650e+01
2.667805994811062646e+02
6.562647015874292720e+02
1.810328928462877940e+01
3.548759102311530000e+02
5.283466021151094765e+02
2.934994747480724868e+02
-6.427179750926534325e+02
2.737468483733489322e+01
3.534455269559536532e+02
2.293933615655584504e+02
-8.429730561991370905e+02
7.752219989246796672e+01
8.935423987897249845e+02
1.244534191660137367e+03
2.403749806868430028e+02
1.083666926999227513e+02
1.975341378369942049e+02
1.657674027117910782e+02
-1.712388106173827680e+02
2.938272180632719142e+02
5.526724287688657569e+02
3.493289515126297715e+02
-4.155662635683804069e+02
1.220490615076784557e+01
3.583038550958848987e+02
5.785031588087125556e+02
2.953507913359637271e+01
2.495874452553956644e+02
4.190380030101074453e+02
4.802580676696432533e+02
-3.917783987428389025e+01
4.454400073644926579e+02
3.973826338058884744e+02
1.589100623179200795e+02
-1.072916725858550990e+03
-4.103834455886282626e+02
1.739339831915210368e+02
4.453981538609224913e+02
-6.862436268412238860e+01
3.144488160380881823e+02
5.959569442241319166e+02
3.912968223360691127e+02
-3.039397704975970669e+02
1.502743554649574875e+01
7.387104656951458992e+02
7.919978370706147643e+02
-2.210937695982870991e+03
1.487101474011263065e+02
8.879620632269084126e+02
4.964806703348061205e+02
-1.378074913343481512e+03
-4.888979087087863036e+02
2.966585522841576221e+02
5.791117572606298154e+02
2.051375670004459550e+02
2.771797123907211358e+02
2.394997689624025554e+02
2.963303608106931719e+00
-6.429476876193573389e+02
-2.184611132154656445e+02
3.037084295591757837e+02
6.441630636807590236e+02
-2.965694392037572698e+02
-2.024945779596219779e+02
1.877936425917544341e+02
3.653570033365994618e+02
-7.800546181090953723e+01
1.213123329829026460e+02
-2.238015702919060601e+00
-3.168607582415586776e+01
-2.439857291222644449e+02
6.944375014379312461e+01
1.594621163347600827e+02
1.705643580371593657e+02
-2.160227414911338997e+02
2.872441764769095016e+02
4.358650789685333393e+02
4.801796949051293382e+02
2.812996279208753236e+01
1.253682344846476937e+01
1.220372869795758533e+02
1.205446367488850541e+02
-6.302972541898372327e+01
4.025708060510651620e+01
-2.571052374576606780e+01
-5.240308618152315034e+01
-1.794964811173891519e+02
3.746685793573560090e+02
5.697855459555094058e+02
3.186680574299988962e+02
-3.918490301901691737e+02
3.068948647718451639e+02
7.266044269381030745e+02
3.173184021711373362e+02
-8.459068785778333677e+02
-5.071092210994077050e+02
2.212088996255013740e+02
9.006741603485169207e+02
-3.080545815802000106e+03
-1.880798817825678043e+03
-4.183273482010978483e+01
-1.939478085161833292e+02
-9.642208976157053257e+02
-2.652366039693374091e+02
1.597653967474282979e+02
2.977859307373576030e+02
-5.207077897448127857e+01
6.514969225231585881e+01
3.066085042689880993e+02
5.275373008481674333e+02
1.214669709926171350e+02
8.321661742824596786e+01
1.037621637646946198e+02
2.035563347358581439e+02
-7.171141092314218213e+01
1.337171568284233274e+02
2.689593854644358544e+02
2.995565017030668855e+02
-2.091368926542244822e+01
9.387931960921425798e+02
7.664710089025352318e+02
3.292706830665689495e+02
-6.227350710803817719e+02
-3.086063086632872228e+02
2.552563380489064855e+02
5.676059893389145827e+02
2.537243762651119710e+02
2.587052531955899894e+02
4.182774920783332107e+01
1.240866414568479286e+02
-3.423828889244172160e+02
-1.122459425648640661e+02
-5.343748061045396724e+01
1.211006078822255887e+02
1.672832870175973952e+01
2.424243887058722464e+02
3.272642472951885679e+02
3.977281532166942384e+02
-2.399164555631679718e+02
-3.236111431401936898e+02
-1.900069896606300119e+02
1.872412926601204788e+02
2.386943834714143691e+02
3.022160934758654776e+02
1.891141329123394144e+02
2.783386409676183462e+02
8.277367392579138894e+00
1.817171763875826684e+02
8.353022779047002189e+01
1.877515365463444539e+02
-1.073584447508601443e+02
9.067371228560431007e+01
6.150366706117124949e+01
2.174180812819400046e+02
9.984454792982894844e+01
2.713740803442557876e+02
2.339812469608869208e+02
7.873480473274507574e+01
-2.656371390984395475e+02
2.375533958632957621e+01
1.900871528974913076e+02
3.803368821196369254e+02
-4.943144015598595331e+01
-4.620983582688551650e+01
2.640186197589548200e+01
2.770310744147038804e+02
2.240570844499161183e+02
2.963386518515985131e+02
1.960086720700288652e+02
2.088893456497552279e+02
-8.819711035419329903e+01
-2.125854834910033020e+01
-3.673271665592753976e+01
-1.180301945801296597e+02
-1.377729010257669415e+02
1.341174651736683927e+02
3.141814363867924840e+02
3.240304426846473120e+02
-1.888663352956800736e+02
-1.411100715389281390e+02
-3.508276087814020627e+01
1.439696444218747615e+02
-3.318063193848628245e+00
2.326440102472511455e+02
1.590612298692475122e+02
2.696192857288026445e+01
-3.223299097466323246e+02
2.847466813666457597e+01
3.834000132977021735e+02
2.769092340268176713e+02
-2.211186373585815943e+02
-1.677820241451098582e+02
1.919688847168071106e+02
2.058434442178806023e+02
-7.666591234098495988e+01
-3.597891388366120680e+01
9.076090422626353416e+01
2.051994422821204012e+02
-1.227670911049909392e+02
-1.581809322508145677e+01
8.708982157121600665e+01
1.669815850348806521e+02
3.798533325789351522e+01
2.859976378534060970e+01
1.523053973775820964e+02
2.201890212378600893e+02
6.052259685766886221e+00
-2.222808575075900706e+01
-5.586322158565494789e+01
4.228659668210914901e+01
-4.416022123581445413e+01
-6.480244009108871239e+01
5.216988968983915953e+01
9.164704917477156698e+01
-9.966380016110365148e+01
6.491328640798657545e+01
1.778053964753034109e+02
2.651013520872811569e+02
3.568464448127831901e+01
-5.215775226683724242e+01
-5.137282549818676358e+01
-3.131742111354097702e+01
-2.441831252718745304e+02
-5.628328580296875572e+01
2.621373450347180665e+02
3.665074621498188776e+02
1.836502587688653421e+01
-1.792734947872731084e+02
-1.119703230227508044e+02
6.099326829475042189e+01
3.861996059507374923e+01
5.372834695476579725e+01
2.525258428133638589e+01
6.188481869022110970e+01
2.055814633006131587e+01
9.433985391363285089e+01
7.466892279027830170e+01
5.850622152854148084e+01
-6.067251279403097897e+01
7.344411638619426697e+01
7.198794908035625895e+01
2.827735897429280243e+01
-1.201063056358583623e+02
-2.335742310433196778e+01
1.536327166997890288e+02
1.431649209108345815e+02
-2.124470696513964185e+01
-4.743076046393901635e+01
4.507691179797537018e+01
1.094323789348180753e+02
5.954011463189488040e-01
2.080575035063147737e+01
6.963685192958023151e+01
1.645304406522207614e+02
3.456830066868959506e+01
3.017774031645729593e+01
1.108823755542492329e+01
-1.283808633317742753e+01
-6.904300474853975800e+01
2.035274722570818895e+01
9.288098096388411307e+01
8.670323206100684388e+01
-8.280136646768706044e+01
-4.820546287709509414e+01
5.124337443762851940e+00
3.405573455643575898e+01
-9.080910533663249851e+01
-5.026930150601607039e+01
-1.387882073538771088e+01
5.737885328849929323e+01
-7.465121328762962527e+00
1.236866274906632590e+01
1.677059366822846087e+01
8.897129228382864241e+00
-7.732818978832953860e+01
1.779470952938816808e+01
7.647298934560569705e+01
1.125721463146781502e+02
-1.326886171638449241e+01
-1.882013949804638031e+01
8.392726567038215180e+00
2.059139990586407976e+01
-1.879033732347195240e+01
1.743372046391694852e+01
4.080206035101496553e+01
1.866427761002123153e+00
-8.541399605964421937e+01
1.949812238921158070e+01
4.677402322635130361e+01
4.979686339296235076e+01
-5.893588761638416429e+01
1.739139704607789128e+01
4.830224788604669328e+01
3.257107455341306235e+01
-8.422599565591966098e+01
-1.262342625719708522e+01
4.202074043675876425e+01
2.687030091124301023e+01
-8.767569391227215192e+01
-4.218156494463231354e+01
2.646384691401982181e+01
7.193583581252485715e+01
-3.123717482155861802e+01
3.119737216323708040e+01
4.269872377512854911e+01
-6.579949962892469806e+00
-1.253676178075764369e+02
-5.040235418282484403e+01
2.868532517685698124e+01
9.249521940772694961e+00
-8.263901377469690601e+01
-3.865676314386096379e+01
4.735036796210314947e+01
5.195184101199157567e+01
-1.439602959306259322e+01
2.471509178189526423e+01
7.000179385285240130e+01
6.374777900706197897e+01
-3.281000532011401560e+01
-3.348598481204626154e+01
1.941052982869618138e+00
1.647927391398089725e+01
-3.226765492701670723e+01
-8.768567757092585069e+00
1.113439522228683209e+01
3.501887015598890684e+01
-1.142154312372274205e+01
1.979855227077802482e+01
8.358713462539716943e+01
8.270556817652909842e+01
-2.698851898798102500e+00
-2.366131975187968095e+01
-1.530160091206896134e+01
1.768708762974845072e+01
-2.735243021432937027e+01
8.537688024057328295e-01
1.192234738986675069e+01
2.596818949963030221e+01
-8.637092445413870223e+00
2.016985889582178260e+01
3.338142607310460619e+01
2.281825454892995708e+01
-2.377835686088998912e+01
3.875559201237787477e+01
6.030018928747818308e+01
3.908071744448785267e+01
-2.948846743021335826e+01
1.292660257226908271e+01
4.205034672091135661e+01
4.150317510489803396e+01
-3.391314372678146327e+01
-8.406914820976133740e+00
2.468469469425281915e+01
3.262832104880987316e+01
-1.318978708785733822e+01
1.295816470264822584e+01
2.175300356576781979e+01
2.863076948812281231e+01
-2.300810467633446521e+01
-3.763353881948543922e+00
9.108871119530361327e+00
5.777065039081860753e+00
-2.479806157794181587e+01
1.792584883748869373e+00
9.057306644429857556e+00
7.294053583569542809e+00
-1.411765247271788226e+01
1.792818399698370158e+01
1.701258955809969464e+01
-1.074368552441093350e+01
-4.295995692745119499e+01
6.026086462720987136e+00
2.965223591147990589e+01
1.204138740729947443e+01
-3.665151328458199487e+01
-6.670232637560864042e+00
3.259834698291353305e+01
3.703757239015711633e+01
-1.263275854422317046e+01
1.329473873898129632e+01
2.902015610269153356e+01
2.118730603816666047e+01
-1.600211839644689604e+01
2.054195570829579154e+00
1.830391415549123835e+01
2.510195434317322949e+01
-2.097969265510117154e+01
-3.587373292598456498e+00
2.129573846112910118e+01
1.874133901784133016e+01
-2.451837544252267520e+01
-4.174881190203326042e+01
-1.494817454658723932e+01
2.050264075889478121e+01
3.406627675021697055e+00
1.637706980251823907e+01
9.744227311370341482e+00
3.057637369685816786e+00
-3.386338859115169697e+01
-1.841507512911969613e+01
1.490754765986184083e+01
2.169925192699573913e+01
-2.376727866256811694e+01
-1.995301184380600645e+01
-5.851800388674021747e+00
4.993904471658519029e-01
-2.072001405023166853e+01
4.732686674299186436e+00
2.842854544035296627e+01
3.432211046839392310e+01
-8.761673622963103369e+00
-1.368943021669673854e+01
-4.504831033651542249e+00
2.769616889348292865e+00
-7.988750671089178468e+00
6.333385321430170301e+00
1.905518669880178706e+01
1.638214625995996698e+01
-1.522277293289221767e+01
-6.605148976299469510e+00
4.430599084054476222e+00
7.066593627355158169e+00
-1.637830401091224886e+01
-1.225264219540828847e+01
-4.952594861724719522e+00
-5.037836979655967440e+00
-2.156684805509708625e+01
-7.296074502375478943e+00
1.292515748796593300e+01
2.454780444948503870e+01
1.139966448715506608e+01
7.454085332667696129e+00
-4.842145048483595282e+00
-1.626544128070187156e+01
-2.669784369109968836e+01
-1.768622728326670446e+00
2.103734409179320153e+01
2.024150011587229869e+01
-3.057249444353351109e+00
5.255334700457299668e+00
2.142399674986055658e+01
1.807875620564136199e+01
-1.728000359950974740e+01
-1.574863698126408273e+01
5.412008592571823762e+00
9.235720732115169085e+00
-2.798930332346583061e+00
5.237521964631458360e+00
1.906233828507514261e+01
1.045315191096422502e+01
-2.059344800046359580e+01
-1.197998813890185588e+01
1.047411764773475440e+01
1.616315270627837819e+01
3.560732537574786694e-01
5.051860142767477413e+00
4.606496724967848344e+00
-8.806048311854002719e+00
-2.349417475483168616e+01
3.096410085313535010e+00
1.781201024228938579e+01
1.149350365702456500e+01
-1.797285077392739083e+01
-4.860916786365681475e+00
4.452487021729372607e+00
1.681542466516562362e+00
-2.280971194078108866e+01
-1.192234245897366485e+01
-9.828365244081088692e-01
3.381733415442531587e+00
-1.225904467565505840e+01
4.017058992287066310e+00
1.892754504626790890e+01
2.216325455405910816e+01
-6.431876405438209154e+00
-9.379786447850159803e+00
-7.153690616608441744e+00
2.540610533667572390e+00
-3.302321129183916515e+00
1.047182372399227823e+01
1.253966970222492883e+01
4.425221234334296483e+00
-1.914980944873022395e+01
-1.291888964771074200e+01
3.111679752168837187e-01
5.068745243395200717e+00
-4.812137493845418668e+00
3.186353244214876312e+00
1.344150504609987173e+01
9.244501513289785422e+00
-6.866152629937235297e+00
-4.084683365121438037e+00
-2.054224976697805349e+00
-3.292454617834338126e+00
-1.547807363648998802e+01
-7.047263733760159576e-01
1.482624581066692748e+01
1.526393120835580142e+01
-9.260403405292765289e-01
-2.749770405312247146e+00
-7.649783097349754923e-01
3.633313206338591450e-01
-4.775292789099552238e+00
9.446835751993225117e+00
1.917731157281336607e+01
7.414040527804806935e+00
-1.374678847701285989e+01
-8.991699356194896353e+00
5.351287455548167316e+00
9.280225352580348641e+00
-2.642903361847419141e+00
-7.082285145683229644e+00
-1.615756222084202998e+00
2.791311927305115237e+00
-2.476905974720501113e+00
1.159688970127107588e+00
2.179749484126153991e+00
8.039991923775200888e+00
9.224994466311834174e+00
1.017101796533394875e+01
6.312601342184223085e+00
7.996373724415876127e-01
-7.753439533401319750e+00
-3.413376751546401966e-01
1.196329932230913773e+00
1.937008886672895613e+00
-6.689209438706764210e+00
1.247013173014989817e+00
7.187830845212716646e+00
8.467109312448782177e+00
-2.110887921202171391e+00
-3.920232487960083612e-01
1.188829915439451712e+00
-2.238840467153455638e+00
-1.073953145889562322e+01
-1.827985110107382738e+00
8.342182994121438711e+00
9.477939271302448176e+00
-2.420567417773176189e-01
2.290739610297379603e+00
5.787232600036277930e+00
2.482736188375479269e+00
-3.957297070738098110e+00
1.584199296082547281e+00
7.050638200275376910e+00
2.938781358472100980e+00
-7.226287742573061834e+00
-4.196932956888376864e+00
8.013896375690324758e-01
-3.945177766646008055e-01
-5.431038531118708157e+00
7.786445543817401838e-01
5.402188649405390564e+00
2.221812475617271243e+00
-7.625499537555915808e+00
-2.205071841746047312e+00
3.811880886216357123e+00
4.412442288071277474e+00
-3.310982685734134456e+00
-3.713827021986750410e+00
3.124593712166706894e+00
4.772302543128774666e+00
-1.036762331268054949e+00
-2.952754730604562283e+00
-4.619531328332551645e+00
-5.854159872198157366e+00
-6.696061168134086472e+00
1.921531433475660577e+00
8.165470054394587507e+00
6.423408905993156282e+00
-4.835952388756575182e+00
-6.073027167922846026e+00
3.414440671439716857e-01
5.868268924474516979e+00
3.157627062694684739e+00
4.315866475031731042e+00
2.246636903871849000e+00
2.458752529934413289e+00
-2.770481196935609347e+00
2.115942255699211627e-01
3.062192921078754182e+00
3.189095418160784678e+00
-1.949322439145221963e+00
-1.796789777154401690e-01
2.047247020058712064e+00
3.077828206500206942e+00
-3.683878347004312381e+00
-3.213646290692370844e+00
-4.043166052817628864e-01
3.187225745261871968e+00
7.285806862473667711e-02
-1.117538997693479086e-01
8.015417297395593943e-01
-3.220618379641211892e-01
-2.592008891300039419e+00
1.131682981958439083e+00
4.554798685699145366e+00
3.359855288993237377e+00
-2.628829256544521265e+00
-1.259948826908258157e+00
1.851983719901398429e+00
2.238277501215468757e+00
-2.128348509080772111e+00
-1.390990058537022067e+00
3.099988472757492453e+00
3.910422281509825293e+00
-9.147563590891829577e-01
-4.785486823054335703e-02
8.641766881569917791e-01
1.470187137325085880e+00
-2.276745104690064636e+00
8.272761887320787544e-01
4.572169572039894270e+00
3.862152276309525067e+00
-1.500524444169707650e+00
1.030056585398550606e+00
3.138998495335971750e+00
1.565791928865819749e+00
-1.877890715830802026e+00
1.792348779190442581e-02
2.537772227070047126e+00
5.745687859280039778e-01
-2.303933127978872619e+00
9.117748909345007036e-01
3.759859609336300146e+00
2.739870222776224384e+00
-1.617901377832557719e+00
-1.445791654046718333e-01
2.159602133071455210e+00
-5.620685899296791466e-02
-3.756296703489973687e+00
-3.507421359353868784e+00
3.715262735497873448e-01
1.623327822858898317e+00
-5.606546273509830369e-01
-2.520468937636212159e-01
3.524610907142614047e-01
-1.977340174932843420e-01
-2.370459059833859516e+00
1.050685724533736431e+00
3.649001418294961940e+00
3.060641972770615560e+00
-4.702168961303449524e-01
4.607998548906604985e-01
2.097673164249193256e+00
1.595686531135645236e-01
-3.019743277521625302e+00
-7.816787450822810790e-01
2.187821496739111637e+00
2.385655358089469047e+00
-5.146448907199825396e-01
8.506822297633828134e-01
1.865216019414770221e+00
5.554196243545604927e-01
-2.531526738217045214e+00
-4.706936776110355325e-01
1.525302082524973679e+00
1.278825336414546099e+00
-2.620319795355792181e+00
-1.920145328298217935e+00
2.011752090689581107e-01
8.438388903006630581e-01
-4.071963447851983942e-01
2.149857730826055136e+00
3.223436188695600446e+00
1.815666775694823931e+00
-2.791896642591702449e+00
-1.206965766673335549e+00
1.798181396692128953e+00
1.130683117751608791e+00
-9.127271156523579787e-01
3.495907094059486075e-01
2.210142596108854995e+00
6.777996829703795134e-01
-3.240242906487905028e+00
-1.417375755249203229e+00
1.667629803300315405e+00
2.331098523605232398e+00
-1.138710944816831550e+00
-4.085201386229572740e-01
8.447513288071487048e-02
9.168161960362744001e-01
-1.150964311023323416e+00
3.437026212585204965e-02
1.153773006513844734e+00
7.528142255732953592e-01
-8.387273459896777972e-01
3.963997047633046056e-01
4.797637938578827033e-01
4.930747361581835353e-01
-2.182776872234235999e+00
-5.295680253402221815e-01
1.576007779725805635e+00
1.957180000443047074e+00
3.609825286231797548e-01
-1.682647789215447887e-01
-1.385880788005502962e-01
1.442749306096918094e+00
-4.884423428606339268e-01
5.713363114836633727e-01
1.231109150260186968e+00
1.470391148511767998e+00
-3.610072787280143441e-02
1.249818765189805170e+00
2.339966534632379247e+00
1.205913876470563251e+00
-1.560333721396849116e+00
-1.059940577815322360e+00
1.266076992584009853e+00
1.305022735620584129e+00
-8.031580056326902417e-01
2.969589685827376743e-02
9.391972947680043982e-01
2.500712246311579401e-01
-1.793353403923530376e+00
-1.257050933657872793e-01
1.284401948453896880e+00
7.170140177906649814e-01
-1.128719524365696891e+00
4.504275309240342029e-01
2.074638158915806940e+00
1.908836418895340614e+00
-1.169497383845225391e+00
-2.467148168225122562e-01
3.791561601105845614e-01
-2.846250997681772366e-01
-1.810210353681467321e+00
-3.593828235208990640e-01
1.378510458112929937e+00
1.128059884669436741e+00
-7.704286299211630107e-01
4.390122713751191119e-01
1.450257577511431917e+00
9.623993310495871922e-01
-6.498236098472158773e-01
7.794860294842669290e-01
2.322065105664089746e+00
1.004973277375053708e+00
-1.276589460181293267e+00
-8.668451581798023442e-01
7.044398497616430888e-01
1.133263551853984863e+00
-9.388857186636049290e-01
6.406630371469717034e-01
9.635681349714229071e-01
2.484140853375371022e-02
-1.514596709971901323e+00
2.823623281573003352e-01
2.325868341051947841e+00
1.359493049130791720e+00
-1.390336962220009909e+00
-6.314022387705821027e-01
6.504313655556966944e-01
5.218783429189688405e-02
-1.678565051846993894e+00
-9.100274300676900463e-01
1.928789537984426927e-01
7.985502877056179782e-01
-1.215471309609252454e-01
7.244656290689425182e-01
1.042546131064708614e+00
3.234636653191916844e-01
-6.906933211472433554e-01
2.783149423896966179e-01
1.359049373059546983e+00
7.395371338998494304e-01
-4.620400947405612913e-01
6.986752754756517803e-01
1.318353010910480183e+00
1.087132781898613176e+00
-8.327193761401958660e-01
2.252526597122476160e-01
1.502076703538794078e+00
1.174607450904407768e+00
-1.139739168593022267e+00
-5.342042365951231719e-01
1.225438022097701807e-01
-5.925879354365633928e-02
-1.209848413708541237e+00
4.802736835000423476e-02
8.777850594527734085e-01
5.662961445872793237e-02
-1.804469452302163157e+00
2.009298956002833758e-01
1.750681373492721127e+00
1.667310717866082870e+00
-9.799370762711161476e-01
-8.506275005950237889e-01
-1.687069813605956148e-01
4.515618090191598349e-02
-4.216073355276717671e-01
1.453236100578746137e-01
6.987074062741400748e-01
-1.126325808446016798e-02
-1.465427835820954261e+00
-5.920144090435990325e-01
5.840748754889985017e-01
5.302826692389470686e-01
-7.792193721576357035e-01
1.505603576295748147e-01
1.838814514121621668e+00
1.845757893671176486e+00
-2.762715019461777777e-01
-6.229083260909530351e-01
-7.341919920523143350e-02
-4.731120506357610472e-02
-6.603058180875046590e-01
8.207023858638342606e-01
1.566162583292883159e+00
7.349792410445967761e-01
-1.787428598990615347e+00
-8.251494313723931606e-01
1.912201312531863762e-01
2.306414419703141927e-01
-1.421558122525725221e+00
-4.558480630563548353e-01
1.501460188315135280e+00
1.442793230481536515e+00
-3.711517546277486312e-01
-2.536811516628529328e-01
1.875097512545418066e-01
-5.302108315150870776e-01
-2.292273530731911535e+00
-1.402517325761927669e+00
-5.416313581375929026e-02
5.666737458453032644e-02
-1.731594488973284607e+00
-8.560741451099536103e-01
3.125796286010710245e-01
6.638966333454818791e-01
-4.817394709161590405e-01
-4.208484292342523081e-01
5.779831719492468656e-01
1.170937206699034228e+00
1.321780626341229753e-02
1.632924503283269546e-01
-5.720722154148998387e-03
5.637784356498762306e-02
-8.388314407901743541e-01
-5.908658429204552420e-02
7.562161998769755256e-01
7.180848525005489869e-01
-5.034601814774656292e-01
1.125365250560624863e-01
7.059802167138029549e-01
-1.274726237256418593e-01
-1.516775829898003414e+00
-1.171990123975090031e-01
1.100927893692549064e+00
1.293155749505005669e+00
-3.159537724062826403e-01
-9.498915342418154731e-03
1.523544073031670054e+00
1.310925619359375016e+00
-5.187123796266998044e-01
-4.499536788196429327e-01
1.807439865914663435e-01
7.390670181424719987e-01
-6.598992276149694136e-02
-1.164656014067439460e-01
1.415022218398695464e-01
6.552641318607657084e-01
-5.566561173233041115e-01
-9.998874660923960656e-02
2.481990762563973385e-01
1.662977019079345253e-01
-4.782442037135821722e-01
-3.283516762082566154e-01
5.792223273649951265e-01
6.363037917689405853e-01
-9.194516399306415511e-02
5.972399448809400102e-01
1.299678665575810577e+00
9.100716561517145919e-01
-5.306469239447993980e-01
-2.387721319885866000e-02
3.793314836111470467e-01
3.399490154599915659e-01
-5.917084293660574978e-01
3.651951444665945123e-01
1.149834138839577857e+00
6.918218259897488398e-01
-7.826511176739716635e-01
-2.872457188438412579e-01
2.305261673783299409e-02
2.186863971384035987e-01
-4.344728982417908059e-01
8.827162114776869739e-01
1.222273329161797539e+00
3.544814776047141569e-01
-1.195935220172618108e+00
-4.729584890572733902e-01
5.686392359726717416e-01
8.701018735722690911e-01
3.003402044425898532e-01
8.041966744602976336e-01
9.215067317957854609e-01
2.244216431365901251e-02
-1.210330838977478951e+00
-2.622990845806646987e-01
6.827354259999941499e-01
5.239205690736302712e-01
-5.135400334453872340e-01
-2.166836565798649639e-01
8.683986354531445517e-01
1.379228746241128567e+00
-2.705464911497985070e-01
-7.270535195555248853e-01
-4.872019472885224523e-01
2.831798473580555975e-02
-1.414670439649240614e-02
6.534391146906071146e-01
7.732972744294239753e-01
8.464958116252745413e-01
-4.771791231931213906e-01
-7.036788861100061743e-01
-4.256232890570951777e-01
-1.608778943153000296e-01
-1.663431062495481783e-01
1.087605548504416264e+00
1.230190630785642059e+00
9.928416627853151599e-01
-4.378002757565047642e-01
1.866624848677403414e-01
6.826400185630238093e-01
4.690621749369767168e-01
1.047957018039220312e-01
9.280558580332914920e-01
1.412693669481280168e+00
1.323588034649858525e+00
7.409775078747078692e-02
5.034453510005698629e-01
5.977146193898972282e-01
-9.004780282170495725e-03
-5.805492862208345706e-01
7.140735707753528283e-01
1.628363545573948246e+00
1.990562618468792344e+00
4.716904093750859395e-01
2.306745719601531741e-01
3.923102731366741036e-01
2.571524290401248081e-01
-7.295710805267968668e-02
3.089547198014465090e-01
5.829333421458821052e-01
6.040792820101225091e-01
-2.622445924248253402e-01
4.108312025199250539e-01
8.690008968961232538e-01
1.539307424133095736e+00
1.047270028672468767e+00
1.058553323069639562e+00
8.690164384105253381e-01
5.784775866513017784e-01
-2.997880140217009104e-01
2.212690636095028252e-01
1.035622693020746832e+00
1.657382946556054337e+00
5.954176567567512901e-01
2.902838321268759181e-01
6.406216067400598568e-01
1.123194907215689042e+00
8.344480218377751113e-01
1.271838768970495526e+00
1.444684727427009152e+00
1.594558432769077605e+00
7.292347632788999112e-01
9.688500482569920580e-01
1.137476434274889536e+00
9.419603971378540663e-01
7.599490583152535006e-01
1.168103932412736468e+00
1.565164852336572654e+00
1.245794054694941533e+00
5.702207962316608869e-01
9.993673967973200067e-01
1.023593580335744768e+00
1.009701533109001348e+00
2.989734075932660162e-01
1.176810760777661669e+00
1.623225190477179725e+00
1.262995489989263032e+00
4.377939521361818853e-01
1.454559368065420077e+00
1.906155218468892354e+00
1.887180522867619503e+00
3.956891083095713801e-01
9.862076390874939813e-01
1.645649365816099330e+00
1.755929201820969565e+00
1.317939463274158562e+00
2.076174309103152815e+00
2.506425418901582880e+00
1.854531485893093468e+00
7.289684699692694503e-01
1.129723984914152490e+00
1.788173249225593509e+00
1.735011895803978854e+00
8.732110171377173158e-01
1.043852650890768841e+00
1.344673320562338903e+00
1.773826227676895462e+00
1.564207885194955461e+00
1.854699199852032132e+00
1.792695241642365378e+00
1.586319007436505668e+00
9.463984024442054777e-01
1.465868164237313920e+00
1.783509210523380739e+00
1.913796841106716773e+00
1.292245105536663718e+00
1.570758219675562950e+00
2.040048581584031684e+00
2.420531373722120794e+00
1.990777005118953280e+00
2.357853501281926611e+00
2.530196471474858821e+00
2.110985627162044853e+00
1.345885803983042139e+00
1.896549761799319889e+00
2.264143464159531050e+00
2.206775620960571782e+00
1.174106836471058735e+00
1.560888738716970314e+00
2.366602588250151573e+00
2.820918165892537299e+00
1.894202796713455150e+00
1.881075304543573523e+00
2.258878984097830500e+00
2.658568187371538993e+00
2.427174416377992472e+00
2.489266755454591529e+00
2.724512724302630584e+00
2.737745168391779504e+00
1.869276805790309970e+00
2.164093897898023311e+00
2.375901534789007563e+00
2.449669270803378041e+00
1.681607339782819288e+00
2.051419606846299093e+00
2.761495694982276650e+00
2.813046855245311395e+00
1.839967436749433194e+00
2.261488568689263179e+00
2.968972304507999205e+00
3.329494880673945278e+00
2.597278159955569876e+00
2.480391176448402124e+00
2.798314101007520982e+00
2.798149514334483001e+00
2.310185277146902916e+00
2.635016311044352300e+00
3.084926397445315605e+00
3.454937384834168235e+00
2.890669189210479217e+00
3.320703788787989552e+00
3.353510776475009614e+00
3.340714856337098748e+00
2.593679114767564187e+00
2.691223004235963057e+00
2.728297108847809849e+00
2.661270102571934082e+00
2.124503273881978238e+00
2.869837808312507121e+00
3.371913992676887961e+00
3.616344330314067435e+00
2.927884436845198834e+00
3.184901912828338677e+00
3.524992057348959040e+00
3.436489936723331695e+00
3.192746781602330053e+00
3.507391019064337367e+00
3.608372894249127771e+00
3.066367890320826906e+00
2.252657697408787296e+00
2.776506744937079940e+00
3.657023366309880341e+00
3.869824057254015681e+00
3.208427120943248667e+00
3.326951305948244730e+00
3.547532676484018932e+00
3.579063957840708188e+00
3.091952736074588870e+00
3.369605915805192531e+00
3.662336152423041558e+00
3.519913133393270055e+00
2.879726191763301468e+00
3.304136718204637280e+00
3.609651951815045834e+00
3.640660680874567845e+00
2.902314396764304583e+00
3.315401707837275946e+00
3.701044221769647979e+00
3.639898250646395272e+00
2.930082093144840805e+00
3.439477095493542524e+00
4.064077490763215117e+00
4.216133280588820753e+00
3.612294626460410552e+00
3.795188627154960415e+00
4.090185572753574306e+00
3.990151737116603758e+00
3.200827491391602386e+00
3.395968376745820638e+00
4.322368268455652363e+00
4.749162640797759849e+00
3.968731329402613639e+00
3.487772091184011991e+00
3.265231825893988749e+00
3.888081706137012539e+00
4.141215724199988735e+00
4.638657379238780187e+00
4.638375250428846464e+00
4.352532568674904567e+00
3.387303163878264911e+00
3.462720314215423034e+00
3.865969230657869460e+00
4.480325035464495009e+00
4.208735576072772488e+00
4.134963771043056902e+00
4.036798946737941485e+00
4.103414995522209452e+00
3.862500578623629277e+00
4.211775247878301265e+00
4.498796201175792042e+00
4.431586238748800533e+00
3.918793699226007732e+00
4.549133498374159146e+00
4.975575578195975623e+00
4.638631012388604979e+00
3.471530182263283582e+00
3.851857984494972964e+00
4.829282208396324272e+00
5.601694115707187116e+00
4.739986810301886067e+00
4.558709212250709797e+00
4.530260669457218725e+00
4.835376463912278489e+00
4.536058245584853488e+00
4.840435027209337271e+00
5.138537095851343217e+00
4.842049840945828798e+00
4.088776868676126774e+00
4.184533728806020036e+00
4.922956131290369797e+00
5.166468224409229038e+00
4.316293868607283812e+00
4.360072687955894644e+00
4.707229421945478443e+00
5.363206008620372778e+00
4.854671039070028726e+00
4.729717562409913256e+00
4.677929233850137258e+00
4.866227647698767811e+00
4.613452122308733472e+00
4.864822477324459271e+00
5.097879578171059300e+00
4.912961063051990429e+00
4.591119091792892348e+00
4.955489383747406329e+00
5.565736235223534223e+00
5.749030534622269428e+00
4.905056466320882436e+00
4.866654696626396159e+00
5.001048113696507258e+00
5.183282799644279848e+00
4.914024273122165276e+00
5.243601677745921563e+00
5.752030319761455956e+00
5.729048438664717580e+00
5.037045317666212441e+00
5.114488463403286111e+00
5.409453925466307211e+00
5.476169331275259289e+00
5.254747037781547725e+00
5.732611179121260392e+00
6.330100441893224072e+00
5.934145062538782156e+00
4.636050841022258062e+00
4.664804100935499243e+00
5.441358526094564496e+00
5.943888201886037947e+00
5.608903093148087216e+00
5.471808717690825219e+00
5.495191340913593514e+00
5.299927756680411939e+00
4.516924409330290935e+00
4.861692763127928529e+00
5.372958849301302742e+00
5.779728361252780111e+00
5.554775678839077635e+00
5.703629330534210062e+00
5.666216833922381291e+00
5.607719676753675664e+00
4.958275119172851575e+00
5.055699618543744833e+00
5.053615517403259538e+00
4.803501020346851114e+00
4.427703763576344542e+00
5.160436483207251790e+00
6.026483862552328041e+00
6.261200719059711872e+00
5.500402850505965446e+00
5.484923622431592705e+00
5.597958972837087543e+00
5.302548002314850351e+00
4.717942174056582338e+00
5.143097734036677693e+00
5.787578297706361674e+00
5.808561404824501118e+00
4.983081689167157435e+00
4.945683611679934089e+00
5.177840967885244616e+00
4.913742633157758277e+00
4.244602152839525466e+00
4.589229275970803101e+00
5.254676376947408301e+00
5.573758048468077320e+00
4.892743130701902921e+00
5.309869672037947907e+00
5.528718631316914767e+00
5.171673012564806271e+00
4.581291093675363690e+00
5.149761954347272130e+00
5.865243764006263127e+00
5.708996098146385201e+00
4.933411846528566791e+00
5.029644355510916931e+00
5.229645504433937830e+00
4.799939984705883234e+00
4.579226100153151791e+00
4.942826840800949029e+00
5.466641345108032901e+00
5.154088105116075624e+00
4.375672744754161236e+00
4.575545310829030932e+00
4.865898420603294028e+00
5.092147093109411493e+00
4.771880720561541445e+00
4.904585661241710248e+00
5.173013928442533604e+00
5.326788935569268801e+00
4.920312080655869558e+00
5.189898009150091696e+00
4.759668308886165100e+00
4.413439434906385905e+00
4.020902117737605863e+00
4.552185550869067399e+00
5.129800580444826785e+00
5.165803375986128820e+00
4.508356240792997127e+00
4.786149679450390160e+00
4.811514661254872038e+00
4.648985243433679138e+00
4.211634290467408448e+00
4.606813179681499726e+00
4.753885966638054406e+00
4.417424619347674941e+00
3.774943082410360695e+00
4.113098058500166410e+00
4.576587026967282590e+00
4.554719389461588719e+00
3.794014011972046241e+00
3.772561034713984629e+00
4.237978547902755189e+00
4.650436895544634019e+00
4.197782188621758337e+00
4.147681625359422419e+00
4.092877824934071818e+00
4.051124241869126230e+00
3.607014311478960344e+00
3.657666343004429166e+00
3.866120480468680398e+00
3.788188202838434382e+00
3.378635412435426311e+00
3.903526658472732613e+00
4.338966811724534800e+00
4.162129380449795413e+00
3.539171592431518576e+00
3.751532804459170034e+00
3.915748312279563770e+00
3.413909604214030225e+00
2.441414616497879386e+00
2.849174385249157115e+00
3.508353088911503104e+00
3.770484182887052782e+00
3.302579493003726441e+00
3.352661808795066367e+00
3.511370400737573672e+00
3.526626214805208104e+00
2.716264543527527664e+00
2.855657402998836414e+00
2.785863397161885135e+00
2.594704780771327712e+00
2.350885691626587004e+00
2.817294953433580496e+00
3.038604631957356972e+00
2.720275668688388215e+00
2.005316906107470487e+00
2.497270085158823871e+00
3.230713088022963309e+00
3.038330309335097290e+00
2.329243918750506737e+00
2.599493503986664233e+00
3.384973387589426341e+00
3.404259308040429755e+00
2.340354044980786696e+00
2.600206696134770734e+00
3.144344258911068390e+00
3.459906610201146204e+00
2.769755914177370659e+00
2.416748828695014506e+00
2.481867308258808080e+00
2.487526439471734463e+00
2.000644621191844941e+00
2.264910719856092047e+00
2.378729107813835952e+00
2.218238542229864940e+00
1.723218471329879709e+00
2.263484207419186323e+00
2.793042908615940512e+00
2.859918490011706282e+00
1.794773296173661103e+00
1.942815357880055105e+00
2.737362583363875057e+00
3.327055874238069144e+00
2.420688287980536479e+00
1.869010007741102930e+00
1.989875414599516334e+00
2.573481683229347894e+00
2.259655067313679933e+00
2.229063883579073480e+00
2.582168057534019567e+00
2.593013104375278655e+00
1.711858265872896245e+00
1.552575010288295365e+00
1.849434934454251778e+00
2.332778814569120840e+00
1.919582627292611310e+00
1.883005701807507259e+00
1.245383902610174731e+00
2.656115378854649656e+00
6.090072941446558197e+00
7.002721175084145599e+00
6.000165587674215928e+00
1.964677350730208438e+00
1.106985312607186467e+00
1.975131235039075506e+00
2.466184968758014850e+00
2.712414447881186685e+00
2.272234940531419944e+00
2.504869679668021210e+00
2.623247998899352673e+00
2.542441964710545399e+00
1.995012834790283129e+00
2.273810512887035173e+00
2.919707858682179857e+00
3.303366717825839238e+00
2.635137808416555760e+00
2.592732350189324020e+00
2.881844871699142274e+00
3.116996716608788631e+00
2.883089368092529359e+00
3.166039724872070860e+00
3.863730785023967940e+00
4.077302933190652290e+00
3.601758567156434054e+00
3.704151287126912440e+00
4.122825365922710539e+00
4.143418432883670732e+00
3.565721907100531052e+00
3.736601612157050223e+00
4.215402045606011505e+00
4.616381043779280269e+00
4.063738009683427244e+00
4.174793595627174447e+00
4.695739659895663998e+00
5.102704114069245733e+00
4.733838243794080469e+00
4.850694879340811561e+00
5.145812348409021908e+00
5.388005557174645688e+00
4.888816542639976781e+00
5.177619598787820188e+00
5.411883420093886343e+00
5.535182911098639913e+00
5.241343650797094966e+00
6.067180471206662595e+00
6.886556514449870825e+00
6.914836517163747587e+00
6.040835011460520043e+00
6.389071417347113702e+00
7.063638670309203782e+00
7.217861246693392907e+00
6.419495381446115978e+00
6.560355651470902494e+00
7.014693194602875437e+00
7.265465544957470989e+00
7.003377040629785277e+00
7.409922481997453403e+00
7.894047563893287212e+00
7.987097859315810844e+00
7.276937569473439282e+00
7.443513429259398073e+00
8.208305124105956807e+00
8.548764590654174711e+00
7.935186354732957525e+00
7.868135711395837895e+00
8.134663235697251693e+00
8.271179803398879926e+00
8.123388492590501997e+00
8.520314858414925752e+00
8.592871129106363526e+00
8.394387193443947126e+00
7.829866886733602982e+00
8.601117704622467386e+00
9.557435800147533911e+00
9.512501509912700826e+00
8.602234255354494152e+00
8.714011514620382926e+00
9.109162955451763466e+00
9.389283911089766121e+00
8.922908428209126441e+00
8.861076176592433740e+00
8.939365787308483746e+00
9.152541870032266047e+00
8.932457562379727989e+00
9.256141120839483705e+00
9.551171677355496215e+00
9.539860366881175224e+00
9.001064355370257175e+00
9.812005692358992448e+00
1.017812216046159612e+01
9.848632102455832538e+00
8.451064048104363735e+00
8.585023527452136705e+00
9.091625628729042674e+00
9.384289134741020888e+00
8.987315951921758028e+00
9.557550135450478379e+00
1.005292263918230233e+01
9.743302351742009648e+00
8.724919271968902379e+00
8.952847324499950687e+00
9.297318740748696797e+00
9.581901815755120566e+00
9.363571158790096050e+00
9.233811789448800766e+00
9.147036900133100445e+00
8.973886322318008979e+00
8.752869888056025616e+00
9.496355231265720676e+00
9.555685929220890884e+00
9.730950867948694238e+00
9.087299940120248110e+00
9.381309390210427424e+00
9.699908843115267132e+00
9.533616789617598286e+00
8.697620771763578063e+00
9.046395364598298627e+00
9.687878326341783364e+00
9.863944420072119357e+00
9.239704182811424360e+00
8.953218761444791340e+00
9.613907523361714169e+00
9.626931479980678219e+00
8.643767378721980421e+00
8.917754887120695528e+00
9.221750262246489527e+00
9.107046745660579035e+00
8.313235391055849632e+00
9.209084843326627023e+00
9.927475790216389484e+00
9.476040094307990103e+00
8.186429508730862281e+00
8.416896356875637863e+00
9.246215735472606667e+00
9.382526564001135938e+00
8.132558426030334076e+00
8.516113053577429426e+00
8.655058157319500012e+00
8.675946618079336758e+00
7.944865469352253129e+00
8.554913364564253442e+00
9.399602124131984482e+00
9.657850429756438260e+00
8.663760517030237196e+00
8.730900105575743808e+00
8.436468376639131961e+00
7.895266702858934060e+00
7.187623405344236716e+00
7.781905377326096662e+00
8.393923542182086805e+00
8.135479478883784310e+00
7.147600854270122817e+00
7.828199308886997443e+00
8.341729312854525347e+00
8.040679912114297778e+00
6.750479652733758051e+00
7.580123387333025597e+00
8.674230208383802321e+00
8.678069055732533954e+00
7.167656797259498447e+00
6.976854697414565543e+00
7.298600089524002854e+00
7.648159047096846130e+00
6.890725951112493419e+00
7.507046792957371650e+00
7.786504925899350837e+00
7.659897279890082622e+00
6.865838234068170287e+00
7.278461777592636572e+00
7.514079865321034113e+00
6.762369679815045664e+00
5.398608341210721306e+00
5.890329539631040667e+00
6.859945890158051007e+00
7.056630952384988831e+00
6.039517999086537969e+00
6.393856684399846557e+00
7.021476672658487850e+00
6.864988655139357299e+00
5.607655197343489384e+00
5.876467698081609292e+00
6.845685684189881215e+00
6.738547900736161722e+00
5.779454548151726989e+00
6.019045567760893611e+00
6.679412431694514041e+00
6.672142621012574715e+00
5.479249628028320274e+00
6.427151111246159232e+00
6.852533407281515387e+00
6.503578708845901168e+00
4.829260389664365327e+00
5.478189201864623215e+00
6.143250045543754645e+00
5.892519226473496019e+00
4.137764672073249272e+00
4.971930561451085140e+00
6.657153328592075425e+00
7.130497203926772443e+00
5.652359927409646545e+00
5.576317573367123970e+00
5.724609107170582689e+00
5.796483343046001657e+00
3.949913632825390764e+00
4.178208962638015223e+00
4.796566788701717599e+00
4.992501583170793289e+00
3.741078136137184540e+00
4.976989983127195316e+00
5.791228676356158012e+00
5.431211203427381840e+00
3.140905646119921180e+00
3.337258985482407070e+00
4.344925498605611836e+00
4.946213473517853565e+00
3.890852213609992116e+00
4.543858906599504976e+00
4.944920774002112829e+00
4.965373905547044941e+00
3.526195293445931522e+00
3.881380600760920174e+00
4.426797570579973140e+00
4.253068994018112114e+00
3.000773102850444740e+00
3.305233592799195819e+00
3.629299207773579283e+00
4.076001770438648641e+00
3.598269311028021722e+00
4.512691193951593682e+00
5.272102796347970077e+00
4.296223609443481806e+00
2.520821135808796409e+00
2.919408309755461950e+00
3.205358026605017674e+00
3.495186779704588353e+00
2.379018799754103242e+00
2.970061123593246588e+00
4.271766661731817294e+00
4.437790247941190813e+00
3.296430041754630391e+00
4.075791595649334909e+00
4.275396320270201223e+00
4.423874633519995214e+00
2.536904506578178342e+00
3.508690938994191377e+00
4.349085058415677274e+00
4.755257020186705930e+00
2.844910693148348102e+00
2.895123874363057848e+00
3.343783619687576092e+00
3.129157879562316946e+00
2.075841111521611548e+00
3.285374427203739067e+00
3.930835136138744801e+00
3.125351836481736978e+00
1.701363327554223037e+00
2.823373918129038707e+00
4.718270532516627647e+00
4.171913681005632313e+00
1.853920506419766800e+00
2.920747595559969767e+00
3.930547672000370252e+00
4.722580570330051408e+00
3.189470109210647220e+00
3.842792525294430828e+00
4.787396956625759259e+00
4.752325369961955204e+00
2.851367821389005464e+00
3.021098649780779688e+00
3.936130468656394044e+00
4.033449980445046990e+00
2.310970681840650354e+00
3.546938023015074215e+00
4.710282210170437800e+00
4.951506047805541044e+00
2.190337998737674319e+00
2.192637712635772562e+00
3.877825548852906312e+00
4.505198499832171244e+00
2.950520402519934748e+00
3.301558011667697912e+00
4.026163461099499408e+00
3.377625825328579356e+00
1.933724626299509364e+00
3.269782118239249691e+00
4.480301303071057006e+00
4.395709947882243895e+00
2.473075305364787813e+00
4.009551935383656840e+00
5.426984251412197757e+00
5.002595363794884342e+00
2.437426058588993527e+00
3.593200859264837010e+00
5.506213994833342618e+00
5.316446360430036933e+00
2.777177765539001975e+00
3.622978950884457205e+00
4.344287094988386499e+00
4.276702391377317447e+00
8.353508942762968292e-01
1.386675375708482871e+00
3.803340933696312653e+00
4.491989893561010305e+00
1.855462685134920298e+00
2.269203965889029284e+00
3.541800200768794316e+00
3.791058567473142293e+00
6.136653398142065674e-01
2.487976018527661370e+00
3.859591802984681852e+00
3.873959738386163032e+00
1.038670854439526448e+00
2.763068417073786698e+00
5.370444120119862497e+00
5.564268017948302614e+00
7.277770997371106887e-01
7.135817758071388850e-01
2.960235056594596070e+00
4.764559772478993871e+00
3.391360789073650128e+00
4.222298291335092379e+00
5.436956974058236192e+00
5.138773094382021789e+00
1.431174602727773193e+00
2.002075292747900193e+00
3.908531773144566568e+00
5.160712115163028635e+00
2.639455303805210651e+00
3.745198195293406584e+00
2.819399214362237061e+00
1.586776942768211462e+00
7.521950946096079837e-01
4.415170225410300020e+00
6.963177219056071010e+00
4.960958788987162471e+00
-2.178986908051914473e-01
2.704330592535160172e+00
5.947090311157988474e+00
6.128347091762700316e+00
2.569175259918161203e+00
3.367250674429139057e+00
6.227817296855263862e+00
5.489995255598780766e+00
1.411292258124073884e+00
3.141800815528331015e+00
5.733438524253133828e+00
6.090570908789469939e+00
2.684014650954329007e+00
4.350840780530832674e+00
6.388574601171741030e+00
6.581967678641594155e+00
3.457319707432685796e+00
4.888667385883809224e+00
5.242668470624776589e+00
4.237186169983886863e+00
1.124451389697149972e+00
3.397711466838439609e+00
6.322761637513926836e+00
6.436853481360966356e+00
3.322154309570841235e+00
4.464500868691858138e+00
5.821469734228959858e+00
6.445761796172551072e+00
3.781210368668296518e+00
5.694440314141028914e+00
5.882230659834874587e+00
3.704918299314437391e+00
1.067359016294639362e+00
4.686992731034217208e+00
7.576145920278252177e+00
6.640599290245244646e+00
2.006977470001489294e+00
3.979050717837550266e+00
7.872874617507990891e+00
8.388923192407897744e+00
4.248857927331076034e+00
5.113192029067824329e+00
5.993043590511947905e+00
4.774026817279250601e+00
4.087539910421443823e-01
1.947180871968964055e+00
4.958380302023373432e+00
5.523730125573559135e+00
3.311953754238862402e+00
5.091209905406360647e+00
7.762051364540043963e+00
8.343909199964965495e+00
4.814304513044930900e+00
6.008440651627636520e+00
5.465610154264570753e+00
4.270567898950623054e+00
1.818860546994941263e+00
5.808004523586435042e+00
7.811256702737899182e+00
6.868678337879463136e+00
2.241993524836523477e+00
3.779746970651531424e+00
5.407098859513124189e+00
5.900019756653859027e+00
2.398371808140975503e+00
4.761174659948080645e+00
6.372628322927037736e+00
6.072171587544305638e+00
2.490176815505230845e+00
5.037872235570602264e+00
6.773150867837664180e+00
6.598714196143919963e+00
4.392615315839292656e+00
9.384559689516217773e+00
1.109410297771699838e+01
7.134441585586841938e+00
-3.326743239227279991e-01
1.656355136343838685e+00
4.433714219939202117e+00
4.266517544693066988e+00
1.876189508663897998e+00
4.926085881201724526e+00
8.194791384726428873e+00
7.145668750351446441e+00
1.677737892249844043e+00
3.682640114972680845e+00
5.768591938591708157e+00
7.733374503930068755e+00
5.468729880007949795e+00
7.729030558701127873e+00
8.819184575165676776e+00
5.336222834362245315e+00
1.290788191326894818e+00
4.615242304323410316e+00
9.223753578886107363e+00
8.246117451323884850e+00
3.123037671262527848e+00
5.010724946513191114e+00
6.627798027547678217e+00
6.189602481986762328e+00
1.573548717102537076e+00
6.149213905763332377e+00
8.696715005033349044e+00
6.234335384032293703e+00
-4.535164570924485328e-02
2.610666006908263892e+00
7.962926585027557458e+00
9.939451639054732723e+00
3.690355875335213476e+00
4.117938404542631048e+00
5.536172187297840885e+00
7.162931221135850457e+00
3.516816780885153371e+00
6.071054707805395800e+00
7.860410705126263942e+00
8.305593226955375386e+00
4.079910478339958679e+00
5.670918550494691956e+00
1.004057153962303239e+01
8.727431459068661468e+00
3.245219196394707684e+00
5.142016444891618576e+00
7.043615411924244007e+00
6.351393621081356855e+00
1.817130964386312275e+00
6.403758313065252672e+00
1.103955133967377122e+01
9.206929295040042760e+00
2.969646560719950923e+00
5.914459563210141546e+00
1.032655492439166878e+01
9.305807385616652994e+00
2.451208702768993053e+00
2.808432254235187830e+00
6.224603272907673457e+00
7.672965424280461022e+00
4.505043088190078038e+00
7.497383396401635203e+00
9.587558910981421434e+00
9.065600846865276452e+00
2.361673153096406796e+00
6.788869709046153389e+00
1.152432733971513912e+01
1.165591281403890633e+01
5.098692411921162737e+00
6.665653682969215232e+00
1.001963529109984385e+01
1.091335084114537501e+01
2.421007204760841081e+00
4.776551336172141227e+00
6.007644647637285118e+00
6.155421002003885533e+00
6.737444759662766236e-01
2.921110132053811537e+00
7.246491323599449252e+00
7.756784437062707482e+00
1.641061280285409651e+00
4.406586829807499939e+00
7.109483355651116554e+00
4.945046153509991882e+00
6.597496898729099390e-01
6.966987804769614101e+00
1.345363423353374088e+01
1.107882325291443948e+01
3.002825598245439043e+00
5.525564623802337039e+00
9.530705238449343142e+00
1.145662445359623405e+01
3.415490906316222652e+00
8.369066499112189916e+00
9.946361615028063596e+00
1.056875348488269672e+01
4.429051930098893308e+00
4.355988816338281389e+00
7.045509725610625829e+00
7.951073572074759177e+00
4.349347199872612535e+00
6.066319838167082423e+00
9.506471556928392630e+00
8.859008960416504763e+00
1.242741354276986288e+00
4.226737889454904362e+00
8.179269871554183169e+00
7.892055661013687384e+00
-2.591358023658473994e-02
2.964564554601749613e+00
1.020946682432530039e+01
1.008002788230205482e+01
2.011492875396062363e+00
3.407465312009023695e+00
9.631018075526624145e+00
9.674551932207448246e+00
5.928076390763645342e+00
7.094376485590764503e+00
1.153014373571009088e+01
9.726080151651370187e+00
1.319420492499995712e+00
5.813826784267051018e+00
1.107702091203272232e+01
9.443577721217982557e+00
3.214298468202934522e+00
6.231052634746120589e+00
9.851323932374073777e+00
8.443833381620109435e+00
-2.492667099403766517e+00
4.313198516911555203e+00
1.080292749576708822e+01
1.242602715439335448e+01
4.133344051481706138e+00
6.247862633511164887e+00
8.060820767913362772e+00
8.601984774860717664e+00
3.622933575159198671e+00
6.108486223668082360e+00
8.513691869300320292e+00
7.290554882847088081e+00
2.798087630637813850e-01
3.053115955333576270e+00
6.809491077137833415e+00
1.262759912922561156e+01
7.686560159203207121e+00
9.102581191578289932e+00
9.124113945010451587e+00
1.217313357384051287e+01
6.009635888531080106e+00
7.897229040409362355e+00
7.176344177314427419e+00
6.004363683237759375e+00
6.181377022466484350e-01
6.154501773347872629e+00
9.170251708076776254e+00
1.030669319861254252e+01
6.891315790975730771e+00
1.122671603037810684e+01
1.316478868814987813e+01
7.062401386262765257e+00
-2.417524582105578190e+00
3.626279017495099843e+00
1.079090779200828898e+01
1.337504579731574772e+01
4.572641816059081599e+00
5.031764323960062235e+00
1.081268942638300778e+01
1.428373076769915073e+01
7.082172337147643049e+00
9.436553655157005949e+00
9.779001982659055514e+00
6.867629725675928221e+00
-7.137985074528239160e-01
4.021766919382646854e+00
9.524656389027079229e+00
7.749693539448824886e+00
-2.695908872183486515e+00
3.896447389274929396e+00
6.241062573197127428e+00
3.411389891410423481e+00
-3.551285895026509376e+00
3.036876952657691309e+00
1.159112504232836649e+01
1.122686006219844579e+01
2.148716179067443388e+00
2.147304491665065207e+00
3.648760579694933170e+00
5.061745962916329056e+00
2.474186357485807175e+00
4.952091495152553868e+00
3.309446749936806764e+00
1.201437091007419022e+00
-1.828549045599424661e+00
8.623728363372366701e+00
1.157255721509546298e+01
8.708929643053059166e+00
-3.742498472465068726e+00
8.976806117969163279e-02
4.719238571457601061e+00
4.500530237059956917e+00
-8.182556903371681623e-01
5.875451807446708585e+00
9.209119609101922066e+00
5.360914229918984475e+00
-5.460484502275612329e+00
5.569490470017040007e-01
7.493011759726525334e+00
7.138062488242676196e+00
-3.030895878483084616e+00
3.379674485833704667e-01
5.855260022534168662e+00
5.217195531670312469e+00
9.370597542031066096e-01
2.396207943292339770e+00
4.952525164013421133e+00
2.841367979479942019e+00
-3.139097531063302693e+00
6.768258969646117063e-01
3.612977616683084037e+00
4.810729894726055278e+00
-1.161211527960975154e+00
6.344465896860686627e+00
8.023694593442865397e+00
1.038419653602614190e+01
3.352602122807788465e+00
5.204036428538404202e+00
7.535128897507053836e+00
7.392276334773858260e+00
-1.829239409911462833e+00
2.591252519203749216e+00
5.526210020852130533e+00
8.088418107034222260e+00
2.099270311575177850e+00
2.237213159830445108e-01
-1.737796448397255000e+00
6.231545541898558804e-01
2.881235874556575816e-01
8.522693736894371597e+00
7.734866111602027416e+00
2.642785474813112767e+00
-5.736305022541756671e+00
-9.780556176641317379e+00
1.134726232246480393e+01
5.758016652685963521e+01
5.564271589704926413e+01
4.476425587466987110e+01
-8.175363105351742377e+00
-1.282271958516633248e+01
-7.552713245431902145e+00
3.940164917448158999e+00
9.437247906650606311e+00
4.139954519317485371e+00
-4.237366237275423053e+00
1.131502902323701543e+00
4.970692306927739779e+00
3.781533125814367402e+00
-4.780469259304909180e+00
1.636326443518475449e+00
4.777065986461725089e+00
3.450332570021057421e+00
-4.751134270652376257e-01
4.605554738358978106e+00
1.209958034893002043e+01
8.423586456622023988e+00
-4.384397825914566837e+00
-6.052836811368937475e+00
-6.925576945446779931e+00
-3.430030333059953751e+00
-3.144996019483937921e+00
9.520463843140305471e+00
1.116845015544954478e+01
8.396956863236713531e+00
-4.592916659157924464e+00
-2.547103220639764576e+00
4.655652093085711485e+00
7.456557592508086252e+00
7.222308394305224644e-01
2.133149755287795102e-01
2.764236992408945159e+00
4.623767189252904863e+00
2.267298761315232447e+00
7.405183915042864662e+00
9.253653982790057242e+00
4.989494364696536621e+00
-3.074593324577876263e+00
6.602978038819397710e+00
1.172270102913744516e+01
1.073240182896396711e+01
-2.625173156995722068e-01
1.085090542051117879e+00
5.627301018431602131e+00
5.514349254747862084e+00
3.381241404859404720e-01
6.142647332882244626e+00
9.137653306718378943e+00
1.024825588972522361e+01
1.429136022908526371e+00
1.645370684230882175e+00
1.943435918200649495e-02
-1.279886350926182859e+00
-8.538013906181577184e+00
-6.931960048542171737e-01
6.090717937320088815e+00
7.207020192921962831e+00
-5.876113084651475305e+00
-2.732248201390868658e+00
2.316528228800255995e+00
6.799824785635845359e+00
5.455967492009604625e-01
2.740864482671586888e+00
8.797078136384023139e+00
8.227134450434613555e+00
-4.528513882771403765e+00
-2.616315138590240341e+00
3.991407110007803904e+00
5.272468016887490450e+00
-3.500638011165178476e+00
-3.419534879364660274e+00
1.762737753899303650e+00
1.085177926472904275e+01
2.301597448405289459e+00
1.161316204532157892e+00
-2.151020029030284331e+00
-2.200593389533984201e+00
-3.940692899426453177e+00
2.666947304466177116e+00
6.317246258843818296e+00
8.611592288314927401e+00
-1.265481006598820457e+00
1.412186181537414820e+00
1.481210809171854992e+00
1.444948250228973718e-01
-7.736983631209121803e+00
-1.884943894786067942e+00
-5.750340024163851371e-01
5.418004296307486811e+00
-2.137695286714206000e-01
4.092292433927375406e+00
5.166183994716209149e+00
5.513032988817835545e+00
-2.359972450178823067e+00
3.832944120373159791e+00
5.034900982521642199e+00
1.011845187106980681e+01
-3.781596538347677061e+00
-5.550628948872059709e+00
-1.592282967659429449e+00
3.891471869489582680e+00
3.505214348497481147e+00
7.024649048063595025e+00
8.342515009426159978e+00
5.355125346924670460e+00
-6.261575717347678705e+00
1.696148819336008806e+00
9.695144840748797677e+00
1.307251168885401427e+01
3.017621626682126301e+00
3.226486529585939067e+00
2.181104329266980280e+00
-5.307779851959087969e-01
-1.280107183034981411e+01
-8.285673616606697323e+00
-4.078933475990269564e+00
3.762340489834002266e+00
-1.178260714555462219e+00
5.727361765143725414e+00
8.676056654482961150e+00
6.151974055093312188e+00
-3.982062452730355417e+00
-2.059999471387501391e-01
7.878632723063393462e-01
6.032484626436074748e+00
-1.398458836191504295e-01
6.889784710625288078e+00
8.354410803788319129e+00
1.879681003488954616e+00
-6.017882752291572324e+00
2.534884788083429097e+00
6.583526732813436588e+00
7.490863448897854937e+00
-4.540072455119027239e+00
-4.309204003219104795e-01
4.745523485390231500e+00
2.611868500677588578e+00
-8.850282692499957804e+00
-4.927532187258280238e+00
3.034009613545875617e+00
1.052376946628593934e+01
3.448654632693192390e+00
3.485782999481195493e-02
2.746572032105609296e+00
9.001167437719238551e-01
-6.849379441328665052e+00
-1.606582419252856608e+00
-4.108036618554650410e+00
-2.092935619973464334e+00
-1.087163370256938855e+01
-1.160840581492970314e+00
4.777338054161024417e+00
6.714667344791356740e+00
-1.383959643736375611e+01
-1.098484954949634052e+01
-6.067319557047331280e+00
2.989183991516026762e+00
-1.309573140423839099e+00
6.222811142185647348e+00
3.314297097479746324e+00
2.496457004926442735e+00
-1.366775459719749186e+01
-3.967534319515189090e+00
1.216046144996567380e+00
-1.046721878886408330e+00
-1.031852135866122033e+01
-5.724408758298477062e-01
5.997127380822388609e+00
8.371149998247716439e+00
-1.099220264177251849e+01
-5.516712375799893486e+00
4.340261135127169823e+00
1.034584936062709914e+01
-1.605589437296392363e+00
3.686591154689992100e-01
5.211588556263332173e+00
1.278009767686658371e+01
-2.494104871324983819e+00
-5.689027428859089852e+00
-6.705608092670119369e+00
-5.049076064288054333e+00
-1.565732134996619074e+01
-9.785730500216995864e+00
-3.449454132674901086e+00
8.568700319612753802e+00
3.800823130889694923e+00
1.172221883996943781e+01
1.012089544360114601e+01
6.676779904491106699e+00
-4.538883420818178749e+00
-7.702506141692860631e+00
-4.982041405076701679e+00
-2.948948064635837696e+00
-4.222274652132942840e+00
6.274136664386711359e+00
1.862970818738131751e+00
-4.999031778516899394e+00
-1.846213616393966106e+01
-4.951940440301721758e+00
4.098067253952757838e+00
3.402142451107858623e+00
-1.312545251649233613e+01
-5.637830816084423269e+00
6.612496401083534536e+00
6.978714891841574008e+00
-4.767769231821649356e+00
4.976316970604525380e+00
1.737887976907641274e+01
1.492722066657438340e+01
-1.068434206103852979e+01
-1.118009723784335563e+01
1.161885332993383368e+00
4.721824421170039976e+00
-1.333053666323572983e+01
-9.408324344317735566e+00
6.585265807792885617e+00
1.755028526734390937e+01
3.632565823265125893e+00
-6.224187750446151135e+00
-4.429423257427591132e+00
1.531145799977406408e-01
-8.660108123190561891e-01
5.699124254402946121e+00
3.843308188147338100e+00
3.110923532408407799e-01
-1.627365073049321609e+01
-7.506003885685905708e+00
-1.298886030911935441e+00
9.124884171320612580e+00
6.790986877154060686e+00
1.126213913871699823e+01
2.028210398512630075e+00
-5.478830015765595363e+00
-1.360647704759835008e+01
-9.886189811914853909e-01
5.397963006600934754e+00
5.225433811108283422e+00
-9.817826402508623929e+00
-7.032710892488869270e+00
-4.374226854422155419e+00
6.618835073106314582e+00
-7.809568334112491961e+00
-1.634367626958592012e+01
-1.209416527526246554e+01
6.259470666706213215e+00
4.526922039199849479e+00
9.332098277666153407e+00
4.394506279277838878e+00
-1.806195699424717915e+00
-1.274500703606114271e+01
1.820104529701115581e+00
6.650653564208990787e+00
-1.311835431821514186e+00
-3.039516305098169724e+01
-1.878982469683385403e+01
-4.712250062497846059e+00
1.136672447923922080e+00
-1.705795346052716610e+01
-1.243695286123706012e+01
-2.714080107686450027e+00
1.579170155434274747e+00
-1.009341170219348438e+00
1.827041533371664528e+01
2.486714932940166989e+01
1.894099576797066220e+01
-1.390587606745767246e+01
-1.246010465448343396e+01
-9.216664799718140344e+00
-5.363696620639495372e+00
-2.172317296233758555e+01
-1.716767756384682642e+01
-4.699025007741170490e-01
2.205373802961289087e+01
1.191495492629556807e+01
2.654705019105023212e+00
-8.511481547967257200e+00
1.734939376384805110e+00
2.639794169187064110e+00
2.180800580398118171e+01
1.428825892055283653e+01
3.303511275417674753e+00
-2.306927333192368224e+01
-1.484289606087935276e+01
-2.942371787123778670e+00
1.570945091233789392e-01
-2.317006440127095246e+01
-1.268419698763525183e+01
-6.494002663703199119e+00
-1.613442429373545872e+00
-1.592266882049519872e+01
-8.336031336793702229e-01
4.246041403154501737e+00
5.905347636778871312e+00
-1.649625588333979209e+01
-8.563538448879347342e+00
6.302283374169276975e+00
4.060881475381971306e+00
-1.258272782164356762e+01
-1.502013678022778720e+01
-1.283668741360143351e+01
-8.205810781427530287e+00
-1.425642165774930881e+01
1.231545413507809217e+00
2.776478987478785410e+00
1.588404943205347752e+00
-2.763550690378994545e+01
-2.012600781457886256e+01
-1.128964134220707116e+01
1.688346434047880873e+00
-5.154528635673134573e+00
9.328966262814620825e-01
4.510775168655113632e+00
1.069484302513749263e+01
-1.044067130951982847e+01
-6.003315767344310494e+00
-6.959567214174553484e+00
-2.422911371121036161e+00
-2.084023790951647115e+01
-1.550364907742988407e+01
-1.234246235817062498e+01
-5.129440305745808892e+00
-2.344968567948275862e+01
-2.699586661655740905e+00
1.523214081643251916e+01
2.502772531763488928e+01
-4.479198614313864013e+00
-5.694734322423592232e+00
4.119142779443098590e+00
1.104018531652647006e+01
-1.827079465314989193e+01
-1.912635086491248160e+01
-1.910925714057615687e+00
1.772306852686662992e+01
5.691897883467557762e+00
8.641767137252741593e-01
2.722252858296802192e+00
2.077307206714291254e+01
2.985158800154402492e+00
2.563298695183456655e+00
-1.645218805273918861e+01
-1.221134975550185864e+01
-1.458643307454931559e+01
-1.292744610982450082e+00
9.310042838525587783e+00
2.715765246306534042e+00
-1.186863275168565224e+01
3.034569142696680877e-01
1.022418023124353148e+01
2.190456670176577703e+01
2.487820072875098210e-01
-3.867180159420760432e+00
-1.429896909700586427e+01
-1.552000715700435407e+01
-2.010264573389214249e+01
2.307517610612775716e+00
1.024878395045672796e+01
9.077923534675528927e+00
-2.160405351594997114e+01
-8.671185123020771712e+00
1.580763056925311272e+00
6.916902552692338446e+00
-1.365513244601249454e+01
-9.392209174392220916e+00
5.365333275571832594e+00
2.103989110667383855e+01
-9.405023088583666091e-01
-6.484835108549046545e+00
-1.091765783648008536e+01
-4.820633466785378296e+00
-2.127762994410954178e+01
-1.597933526275211236e+01
3.290921466619001201e+00
2.624122763844065176e+01
3.151400367189510998e+00
-1.675234323154966276e+01
-2.554583824441339956e+01
-1.120192187031024922e+01
-4.579780920398422772e+00
1.508338137796719458e+01
9.032313193541602558e+00
-2.709914725560389037e+00
-2.179639428927319855e+01
7.497058839588356172e+00
2.242906547089127756e+01
1.912511780013268847e+01
-2.465782383677716183e+01
-2.534218404457859464e+01
-1.118115442789789604e+01
-6.069674758245626300e+00
-2.067176399773862983e+01
-1.572838310091954028e+01
-7.409784696687171213e+00
1.452881138714951170e+00
-2.455553026379543269e+01
-2.149536350343334590e+01
-1.115535665338329929e+00
7.132424104476371873e+00
-8.138115593309022344e+00
-8.709362942613514846e+00
-2.609036700179393264e+00
4.145064668191319690e+00
-1.306481585020804559e+01
-7.004593124302934015e+00
2.384651027341770035e+00
-3.208371333993348173e+00
-2.060474461622443343e+01
-9.967016667565017363e-01
6.261199979209312261e+00
9.945880033506124818e+00
-2.657167854879789459e+01
-1.762596813101330895e+01
-5.784749455797426165e+00
9.601747721446942663e+00
-1.011217283804811018e+01
5.730047710717502518e+00
-1.527905574953392298e+00
8.644240549018682884e+00
-1.436729586744182541e+01
-2.519152377288497746e+01
-1.215307348492799910e+01
1.991837584483606705e+01
1.072916823734729164e+01
9.376486016101353016e+00
-1.746001762001489155e+01
-7.103978924255070382e+00
-1.129143407206145788e+01
-1.613075054761231186e+01
-5.291580154124396529e+00
1.940994823911152523e+01
1.520250997888029154e+01
7.687802399757971417e-01
-3.012314312172703623e+01
-3.284674230657309835e+01
-2.605650040100707443e+01
4.180553092629309297e+00
9.930219419991670904e+00
1.693523216573785106e+01
-1.003911318920806828e+01
-8.971699586020461803e-01
-2.025080919905461574e+00
1.004211561736907754e+01
-2.043179117243200338e+00
-5.105741383939671252e+00
-1.210783812733135889e+01
-1.613460273449667781e+01
-2.972009326487784264e+01
-1.322539125913305114e+01
-1.009344451100647433e+01
6.000144924480288466e+00
-1.325350918823661850e+01
-3.471791075990994013e+00
-1.151410252124875200e+01
3.806515523944580814e-01
-8.606466223220770928e+00
4.672528761586820067e+00
1.226283412205807721e+01
1.124064593833061920e+01
1.278297981582949161e+00
7.410067785119291095e+00
-4.835802279125632985e+00
-5.345868396446906701e+00
-2.438709487760867134e+01
-9.760323819165460435e+00
-3.371655861407276245e+00
8.324060611799467324e+00
-5.156570880871643503e+00
7.802595025202090362e+00
3.404299136338237997e+00
-8.863805321936133907e+00
-3.213662855189576817e+01
-2.463681437367022653e+01
-2.605666303538142881e+00
1.683720403346783456e+01
-2.893379590143419389e+00
7.220895347030801936e+00
-5.740231015676608095e+00
-7.733371857612689304e+00
-3.860533944775398396e+01
-1.750751249746751981e+01
-2.249438810394065236e+00
1.204291074885736812e+01
-1.111431857760129915e+01
-1.060936280153614142e+01
-1.863132683415239654e+01
-1.294383615563742751e+01
-1.880636407077060213e+01
1.318763096976182503e+01
1.191559592532229495e+01
1.912986837612852398e+01
-1.678984996866262236e+01
-1.371537977834095301e+01
-1.250074575213013794e+01
4.247829029024946301e+00
-4.061833935367813453e+00
-1.049976051022555801e+01
-6.857391117058831753e+00
5.339811638479962319e+00
3.329389295620298395e+00
-2.367279244089168344e+00
-1.770986360802667647e+01
-1.077460300106502800e+01
-2.021803121286684757e+01
1.502386765401313662e+00
5.326062967238539336e+00
-1.294756565085616762e+00
-3.217412671501376309e+01
-1.908969766744932528e+01
9.795285655004578595e-01
1.813636899619791265e+01
-1.391875430616968501e+01
-2.110766596715796695e+01
-1.648572711408591474e+01
3.758208627449982853e+00
-1.607057529539237706e+01
-1.081774131622390556e+01
-2.687143663228772539e+01
-6.869575034790281087e+00
-1.916007502553352637e+01
-1.872779904309888499e+00
-9.302509412272151224e+00
-1.765810500169652020e+00
-3.019790516258067825e+01
-2.064617499954919211e+01
-2.537993478004548553e+00
1.610294283300418172e+01
4.761094492197670114e+00
7.965274531193130336e+00
2.594108282665990828e+01
1.397347126171506027e+01
-2.226013661165757895e+01
-2.096165821590224709e+01
8.633500432983659323e+00
2.269969223449534113e+01
-1.338832273697870434e+01
-2.855040845432829855e+01
-3.406074497608056362e+01
-2.633535314595423316e+01
-3.404458016909140383e+01
-1.163617436239347214e+01
-2.183785073410385191e+00
1.121028922294813057e+01
1.279333816048688099e+01
3.530008040642412936e+01
1.673550395827576054e+01
-2.752823275039858331e+01
-7.076884207175743313e+01
-4.828935963652324403e+01
-3.471705754850518133e+00
4.785738910975232585e+01
1.375415695284654127e+01
1.422886097454353305e+01
-3.698883061649315351e+00
1.186155929815505772e+01
-1.274753053086422483e+01
-2.163531981847809149e+01
-1.804562432164430774e+01
-5.099685746061275893e+00
-1.984312072037004526e+01
-1.082315361116886621e+01
-6.065079411940474508e+00
-4.504842109608343748e+00
-4.734198805574808233e+01
-4.119537083551218615e+01
-3.058314489891316512e+01
-3.387340857654962889e+01
-4.069601053971940985e+01
-9.208344905282531911e+00
1.793034454239591113e+01
3.098967386007824842e+01
-4.444236201099803196e+01
-3.776904312197984126e+01
-4.786481634518803219e+01
-3.142269423229145886e+01
-2.275061258862579905e+01
-1.841820759336500402e+01
-1.712724184307348096e+01
-9.111479561894344492e-01
-2.258669769506548164e+01
-1.720433140537017636e+01
-1.611906430155452341e+01
2.396979272889308632e+01
-7.962121961909368828e+00
-3.384285097399163611e+00
-3.158599838193311626e+01
-2.320442594293721328e+01
-2.697940811178513698e+01
-4.603342039087400472e+00
1.524165666146797093e+01
-3.722202644912985026e+00
-3.766653972558152930e+01
-1.646666969907911948e+00
2.231503476102239247e+01
2.532859870024770288e+01
-4.057146597285647971e+01
-3.418350024875886106e+01
1.390959253648871652e+01
5.073622716968978352e+01
-9.383809560143646422e+00
-3.366895253028012291e+01
-4.924504673666109511e+01
1.116130738516349830e+01
-1.071273926871161741e+01
-9.472886572936419114e+00
-2.590121598074705034e+01
2.778187400146154218e+01
1.203523289216963121e+01
-1.390353398071503932e+00
-5.814618458567484538e+01
-4.972674360580308672e+01
-4.452801323823371860e+01
9.434947754717896373e+00
1.619394961938100730e+00
9.065204603122933857e-01
-5.624362328096403019e+01
-3.299184849453664725e+01
-4.724751104391343048e+00
3.248893438016902735e+01
2.925573810134113995e+00
-2.494099708113113323e+01
-1.617831859342009793e+01
1.023869494309825257e+01
-2.691799425379554478e+01
-4.046774555222879854e+01
-4.871718643107143265e+01
-2.654180507657564192e+01
-3.961601236444833773e+01
-1.930963190881279345e+01
-2.309080705670638523e+01
-1.269758520174168570e+00
-4.370914198297040798e+01
-2.333173960863013363e+01
8.737020102774819108e+00
2.326783217232122425e+01
-2.717742254167019667e+01
-5.050325122164032621e+01
-8.112180007684540328e+01
-5.840664137815026891e+01
-4.262144065621833278e+01
4.970444589541893521e+01
5.430143230561343159e+01
2.821474803351806315e+01
-5.567586627681220790e+01
-5.868410308941200526e+01
-5.661907781584741883e+01
-1.479175454501700138e+01
-1.300727162344143650e+01
3.431346881324698472e+01
2.483064773551145166e+01
-6.584948890682778888e+00
-4.220208917624502476e+01
-4.731273841396310686e+00
2.484801385663599760e+01
2.847770993600616762e+01
-5.205289387725138717e+00
1.828350870688301555e+01
-5.329519245753431278e+00
-1.301340381353828057e+01
-4.524378126824694135e+01
2.091586050665538110e+01
3.988353262475646943e+01
1.817203097658064692e+01
-3.661281987654579950e+01
-1.444132241852491028e+01
6.683359006585829931e+00
4.520489819224712136e+01
-2.242513539694594371e+01
-4.257471949052013116e+01
-9.148734081775897664e+01
-3.647955471600909760e+01
-4.795913139861231400e+01
9.566346226552105980e-01
6.722300539870329494e+00
4.565580101566975202e+01
-1.083829732103506593e+01
-3.391175987343781628e+01
-3.400566660335591962e+01
2.534056815608103364e+00
-8.687374672116064289e+00
1.481459654901780176e+01
-2.707773539882777136e+00
2.488036744140645595e+01
1.421891694883187540e+01
1.500109564054938183e+01
-1.130759835417543258e+01
-3.388500099351109895e+01
-3.219319197991413262e+01
1.801848370289031465e+01
1.008642933166216338e+01
-2.979895381981753388e+01
-7.987345768134235868e+01
-6.166204353020604145e+01
-4.715550739969666694e+01
8.042129350885605585e-03
-1.352529183702070448e+01
-9.103223408974606135e-02
-3.913016510339453635e+00
-7.620551311887667545e+00
-5.505035926506451460e+01
-2.021005221539305907e+01
-3.875412059109708451e+01
2.024902201432486670e+00
-3.304668921266868153e+01
4.557452061307181168e+01
4.477571217143385240e+01
2.221475455820499079e+01
-4.558908600152177115e+01
-3.911336459988469016e+01
-3.913249676737020621e+01
-3.426084084282791764e+01
-2.978845641802010391e+00
2.346933703464186749e+01
-1.518664742578766003e+01
-3.451462081281073324e+01
-6.758003994204089793e+01
2.095386905120089516e+00
1.683261309168591779e+01
-7.320768194716260169e+00
-5.306222735462485929e+01
-2.613032642398995975e+01
-1.360010622671061498e+01
4.576242992422049127e+01
-1.720092813280682975e+01
-3.032476550952207006e+01
-2.889982036834975077e+01
-3.623103987992170971e+01
-7.532365986710411221e+01
-2.441102694367862469e+01
2.964272080608274251e+01
4.909616761488631909e+01
-9.844566339801318122e+01
-1.082922772533691926e+02
-3.690485554674207691e+01
1.242134173200283271e+02
3.510139794012899728e+01
-3.945890649654949289e+00
8.993006633909464753e+00
9.681071256982338014e+01
9.489274884178003333e+01
6.563656991477338920e+01
-1.878051138815987287e+01
-5.281902337192188668e+01
-8.156806625636704666e+01
-3.960851167054920552e+01
-3.785132886828795762e+01
5.646954290450556968e+00
-8.192301698613017891e+01
-5.142097763869119120e+01
-5.260656477008940612e+01
-2.377183113588955976e+01
1.163948232494489687e+01
1.091554846243142229e+01
-6.558864146064547640e+01
-5.734866309022098818e+01
-8.056675193323791007e+01
5.989446512378403753e+01
9.189232895846325277e+01
3.014966460897025513e+01
-6.933621491854940189e+01
-3.565611251486686939e+01
9.158657794300745891e+00
2.230762817516013641e+01
-9.791983672266854910e+01
-9.765604045184382187e+01
-1.476711603120934946e+01
7.816007644168877277e+01
-4.214943771274673168e+01
-3.040163036512629802e+01
-1.026255720356064671e+02
2.402005603728871108e+01
2.032181172761894672e+01
6.178490151690525956e+00
5.436442474263697022e+01
1.494799470956578169e+01
-4.146278860292271418e+01
-4.793084039727626333e+01
-7.021427995079216089e+01
1.034287082964854676e+01
-6.419842752278627529e+01
-1.059855624520298534e+02
-1.366612001730385941e+02
-1.033902033448973157e+02
-9.247789924861702104e+01
-1.467031682669794357e+01
-2.458780528659186260e+01
-1.062235534111972157e+01
-1.602980086028538267e+02
-1.385374586888562192e+02
-1.576490507340680836e+02
-7.106870370836725215e+01
-1.004160449376904012e+02
-1.099028134443259290e+02
-1.276442277754975265e+02
6.667771637162290155e+00
9.401324567260581944e+01
2.122767371297220791e+02
-2.090600571947342345e+01
-1.370891382265849927e+02
-2.380155291215243949e+02
9.109367968400020388e+00
4.947605634679332098e+01
-1.447259482586723323e+01
-1.387253493455864088e+02
-7.091118757676397877e+01
2.404948976252565629e+01
5.905799595624407061e+01
-9.628495973473347647e+01
-9.830166245637572331e+01
-8.452251450985496461e+00
1.125842873761918526e+02
-6.490769157467308759e+00
-9.108898224814410582e+01
-1.321175117995513801e+02
-9.133324133214550500e+01
-6.967549367352592071e+01
3.541855199520287556e+01
2.333997826653571650e+01
-1.811260268483207270e+01
-2.566515079140272633e+02
-2.511727282981970291e+02
-1.421583516997257561e+02
7.744195106748621882e+00
-2.442346186746009096e+01
-3.815085716650516190e+01
-1.778610714874668588e+02
-1.658049973954746861e+02
-1.915843407021525024e+02
-8.403474980431042241e+01
-3.500654476009759719e+01
3.922321177022660521e+01
-4.888493661493198061e+01
4.016905871208003020e+01
-8.266025645278438105e+01
-1.222301119749509013e+02
-1.970666262818208452e+02
-8.737200538204486122e+01
1.528910021231561167e+01
2.963846868595389594e+01
-9.084556336448694935e+01
-8.084864162368633700e+00
4.831088095323733711e+01
4.490492099871948284e+01
-1.341468910705935969e+02
-1.300299221894567268e+02
-4.755200940552238187e+00
8.210368630260830969e+01
5.582403492909725884e+01
8.068071291822340640e+01
1.237590731229699372e+02
7.351655392649477960e+01
-9.905076371425424497e+01
-1.333395325667082716e+02
-1.050328119402345806e+02
-1.160236834359016456e+02
-1.809956074816086016e+02
-4.895141031634693718e+01
-8.507426579965134295e+01
1.208716409537182699e+02
-3.823393461888361600e+01
-1.743379424560853508e+01
-1.867478277716711830e+02
-2.214121431977900443e+02
-2.595491935609391589e+02
-5.027858263728065680e+01
1.225050974225151990e+01
4.191912668639496076e+01
-1.871563492050848936e+02
-1.974161130914364435e+02
-1.800908528197802525e+02
-9.360928782920281321e+01
-3.287860707832646199e+02
-3.196922308002284581e+02
-1.864011360800327850e+02
1.631442216905451517e+02
-2.376776654117759904e+02
-3.316718216409819320e+02
-1.838081694336630960e+02
1.433811061657445407e+02
2.805743626060951712e+01
-2.210693648247733165e+02
-3.028147639867704584e+02
-4.781415637952565589e+01
2.134873433429881118e+00
1.804791753811909771e+01
-5.492917865564193391e+01
-1.029917243398058417e+02
-1.564735372072783832e+02
-6.157457139483385333e+01
3.168976479091007192e+01
1.065022718916759032e+02
-4.574392310027388930e+01
-1.229071684994690514e+02
-1.634022755487431482e+02
-2.836227113566286562e+01
-5.117240440358600750e+01
-8.236129236531432696e+00
-8.823056586030079984e+01
6.210797707478579355e+01
-1.276531928325222651e+02
-4.382660502220419403e+02
-5.123357510184996499e+02
-2.768584603839442480e+02
6.494272105451481991e+01
3.850600476206002440e+02
1.734982104611090392e+02
-7.052323980002899617e+00
-3.566415296975286537e+02
-2.517650999190986170e+02
-2.259662386406237431e+02
-1.168232020889629439e+02
-1.198608139127457051e+01
8.742779449951279958e+01
-6.413473395673476318e+01
-2.233024268244249413e+02
-2.134350755243924311e+02
-6.042111927308683761e+01
3.929262762605767989e+01
-9.026192607105916477e-02
-1.255796581995734158e+02
-1.721126170732836727e+02
-1.872453906435216311e+02
-5.726069501255421557e+01
3.157571796195771441e+00
-5.798569707558434771e+01
-3.288910614779800312e+02
-2.993073144545771811e+02
-4.307500612213104887e+02
2.075314244547810993e+00
-5.247491978863727979e+01
5.429296061190501632e+01
-1.795226535116452737e+02
-1.793714047604522364e+02
-1.980621466379888886e+02
-9.539831779507531451e+01
-1.112738274806566885e+01
5.990584038924461652e+01
-9.216385824986055297e+01
-1.460208580573232950e+02
-2.567140101008093325e+02
-1.223535034691846413e+01
-3.018876330335628921e+01
4.452723955197615879e+01
5.130319907862221385e+01
2.677046493879569198e+02
1.453160673030229759e+02
1.358971793673072170e+02
-6.048512693062619974e+02
-5.168474339462953822e+02
-9.357841080193896914e+02
-4.151997282138881360e+02
-3.112838974027502559e+02
-3.693642483993179439e+02
-6.360797020844482859e+02
-5.994829187725891728e+01
4.995340983759435005e+01
-1.151512859200984451e+02
-3.087522323362048837e+02
-4.173018946868734247e+02
-4.795947554082183615e+02
-2.969879662055629979e+02
-7.088785303742882888e+02
-1.747083827813115136e+02
-2.178363596046454234e+02
2.390488395792820242e+01
-1.325288956018277133e+02
-2.281676668472146616e+02
-3.485857189551188071e+02
-1.164154984631840932e+02
-1.531843046025763897e+02
-8.430571100411339103e+01
-4.791260912668804508e+02
-5.853849818562290466e+02
-3.740031947251463293e+02
3.108410977004348297e+02
2.671897943850916022e+02
-4.061114507934893254e+02
-1.568265324490869034e+03
-8.113195158693063149e+02
-3.571546434705134061e+02
1.576059523842468764e+02
-1.374856068083024070e+02
-2.602184990196328158e+02
-4.244780007385478484e+02
-4.233339207781688174e+02
-1.973720697255040761e+02
2.110479723717675782e+01
-2.101171590104345626e+02
-2.082215760727028453e+02
-3.146243186116978450e+02
5.047834744515495231e+01
1.575708210632508894e+02
9.582266755882453424e+01
-4.022325238060052470e+02
7.926982854853420690e+01
4.286076843079355285e+02
-1.712025646162990995e+02
-2.482273229208061821e+03
-5.009017429288585845e+03
7.020769236477738104e+02
-3.669123262452117729e+02
9.500098623520830188e+02
4.878756428237466025e+02
8.197090013823642494e+02
1.763211932905024639e+02
-2.892394068019062274e+02
1.099791645523437467e+02
1.856471783065225338e+02
2.343081322351356448e+02
-1.865191561849139248e+02
3.894589207943189990e+01
-1.698007850913210461e+02
-2.188200826163772774e+02
-6.122734786328011296e+02
-3.436217591814629486e+02
-4.510907490338273078e+02
1.818185518246590391e+02
3.781457690509591885e+02
4.765606017708492459e+02
-1.379380500472585993e+02
-7.718065766787752864e+02
-1.424806121607147134e+03
-2.296737901807514604e+01
-9.682964969127273491e+01
-4.603932978533831033e+02
-1.764395231144036643e+03
-7.047131058126776679e+02
-5.674052535756892439e+02
-5.399822346891077132e+02
-7.925596138408502611e+02
-5.214025023611154097e+01
-2.632682585947584357e+02
-2.719929289877387077e+02
-4.763245342459516110e+02
-6.404930086276345946e+01
-1.461641226581341186e+02
-1.868360575736694784e+02
-1.227237518761835702e+02
1.092020837914135001e+02
-8.211151544251912355e+02
-2.132114545629027361e+03
-3.139538876070282640e+03
1.321030168027741183e+03
-4.232025941268412680e+03
-2.038493590789227483e+03
-8.508875543252912621e+02
5.333898466439632280e+00
2.392890845497199734e+02
-2.073768916935935636e+02
-3.000839542496390209e+02
-1.127917669022762936e+02
-8.021604420835341642e+00
1.031722036977429440e+02
-5.577990901758057589e+02
-2.724596445597698562e+02
-7.266048370633314768e+00
4.976778381898142243e+02
4.749154784919202257e+02
6.013929346327731764e+02
5.933059197504669413e+01
-5.024784777283107928e+01
-3.687875642823746603e+02
-3.965201635503777879e+02
-4.469764265823703795e+02
-8.633528813402587048e+02
-1.099654013489233876e+03
-9.437819486388241330e+01
-5.000457278243088695e+02
-7.085141031634672117e+02
2.214369345213686302e+03
1.585472650772804081e+04
-1.089691444600303612e+03
-1.055333838692303516e+03
-8.616648740070947952e+02
1.340979306611499624e+03
7.325074588805281337e+02
1.358038109929199244e+01
-7.413856360133356702e+02
-1.884133398514092335e+02
4.360629051972226193e+02
3.077444875816728995e+02
-5.676384879966361723e+02
-4.069089823529831733e+02
-3.473093745612756607e+02
1.124077222973829606e+02
-8.355949677797663071e+02
-1.036064759086049662e+03
-8.137418868025605434e+02
-9.315844923837904901e+01
-2.365440207308421918e+02
2.415526284292037928e+02
9.613970231430651836e+01
6.041102813893788834e+02
6.068600961310214643e+02
9.221700907453031277e+02
-3.677768454834550766e+02
7.577289637779546865e+03
-6.107393164326198530e+03
-7.026533959959135245e+03
-4.399866894167660575e+03
-6.508461898079076491e+01
-1.754923306396006183e+03
-7.533347787692457587e+02
1.907053582145044004e+02
5.895974270381678934e+02
-1.989711181813216356e+01
-2.729620601851582364e+02
-9.088326587708495481e+02
-8.141727108795781760e+02
-8.983911245369864673e+02
-1.138710646348246485e+02
-3.766153016798329531e+02
9.271780672368116427e+01
-3.752916341564844629e+02
3.201443961549479695e+02
-3.888475437660725333e+02
-6.178077261146414685e+02
-7.952252898602906726e+02
-2.326490541658919824e+02
1.464128752116955638e+02
1.538424645346028363e+01
-5.983834190431662137e+02
-8.569854395528697069e+02
-1.472996727442634437e+03
-2.310518934080836061e+03
4.283550257129500096e+03
2.352597007947648763e+03
-2.347688359046282858e+04
