-4.903790018700316978e+03
-4.759790018700316978e+03
-7.597623352033650008e+03
-7.462956685366983038e+03
-6.972123352033650008e+03
-6.594956685366983947e+03
-6.441456685366983947e+03
-6.635123352033650008e+03
-6.549290018700316978e+03
-6.474123352033650008e+03
-6.493123352033650008e+03
-6.680123352033650008e+03
-6.574956685366983947e+03
-6.452456685366983947e+03
-6.442290018700316978e+03
-6.621790018700316978e+03
-6.548956685366983947e+03
-6.439290018700316978e+03
-6.369123352033650008e+03
-6.513956685366983947e+03
-6.326290018700316978e+03
-6.217956685366983947e+03
-6.205456685366983947e+03
-6.451956685366983947e+03
-6.360956685366983947e+03
-6.296623352033650008e+03
-6.290956685366983947e+03
-6.487290018700316978e+03
-6.389456685366983947e+03
-6.316956685366983947e+03
-6.312623352033650008e+03
-6.466623352033650008e+03
-6.312790018700316978e+03
-6.260956685366983947e+03
-6.265956685366983947e+03
-6.492956685366983947e+03
-6.378290018700316978e+03
-6.290956685366983947e+03
-6.304623352033650008e+03
-6.479790018700316978e+03
-6.389290018700316978e+03
-6.277790018700316978e+03
-6.286956685366983947e+03
-6.463790018700316978e+03
-6.376456685366983947e+03
-6.273456685366983947e+03
-6.246623352033650008e+03
-6.360123352033650008e+03
-6.231956685366983947e+03
-6.184456685366983947e+03
-6.273290018700316978e+03
-6.501290018700316978e+03
-6.368456685366983947e+03
-6.259623352033650008e+03
-6.227456685366983947e+03
-6.411623352033650008e+03
-6.336956685366983947e+03
-6.324956685366983947e+03
-6.345290018700316978e+03
-6.505790018700316978e+03
-6.373623352033650008e+03
-6.268956685366983947e+03
-6.272456685366983947e+03
-6.464290018700316978e+03
-6.367290018700316978e+03
-6.263456685366983947e+03
-6.283956685366983947e+03
-6.460456685366983947e+03
-6.329290018700316978e+03
-6.198290018700316978e+03
-6.181956685366983947e+03
-6.379456685366983947e+03
-6.277456685366983947e+03
-6.215790018700316978e+03
-6.232456685366983947e+03
-6.401956685366983947e+03
-6.315956685366983947e+03
-6.255956685366983947e+03
-6.309456685366983947e+03
-6.465956685366983947e+03
-6.359956685366983947e+03
-6.287290018700316978e+03
-6.333623352033650008e+03
-6.516623352033650008e+03
-6.410790018700316978e+03
-6.304456685366983947e+03
-6.290456685366983947e+03
-6.426623352033650008e+03
-6.332290018700316978e+03
-6.289456685366983947e+03
-6.296290018700316978e+03
-6.474456685366983947e+03
-6.361456685366983947e+03
-6.279456685366983947e+03
-6.283790018700316978e+03
-6.380290018700316978e+03
-6.257623352033650008e+03
-6.170790018700316978e+03
-6.247290018700316978e+03
-6.469623352033650008e+03
-6.381290018700316978e+03
-6.282456685366983947e+03
-6.280956685366983947e+03
-6.472123352033650008e+03
-6.402290018700316978e+03
-6.365956685366983947e+03
-6.376623352033650008e+03
-6.534790018700316978e+03
-6.381790018700316978e+03
-6.283290018700316978e+03
-6.280456685366983947e+03
-6.467290018700316978e+03
-6.315790018700316978e+03
-6.196790018700316978e+03
-6.180456685366983947e+03
-6.401456685366983947e+03
-6.338290018700316978e+03
-6.295290018700316978e+03
-6.317790018700316978e+03
-6.504623352033650008e+03
-6.366456685366983947e+03
-6.271456685366983947e+03
-6.265623352033650008e+03
-6.481290018700316978e+03
-6.391290018700316978e+03
-6.356956685366983947e+03
-6.381956685366983947e+03
-6.543956685366983947e+03
-6.371123352033650008e+03
-6.256790018700316978e+03
-6.309456685366983947e+03
-6.559790018700316978e+03
-6.446956685366983947e+03
-6.310956685366983947e+03
-6.288290018700316978e+03
-6.471123352033650008e+03
-6.395623352033650008e+03
-6.316123352033650008e+03
-6.346290018700316978e+03
-6.519456685366983947e+03
-6.383790018700316978e+03
-6.234790018700316978e+03
-6.185790018700316978e+03
-6.401623352033650008e+03
-6.392123352033650008e+03
-6.353123352033650008e+03
-6.318623352033650008e+03
-6.457456685366983947e+03
-6.390623352033650008e+03
-6.341956685366983947e+03
-6.325123352033650008e+03
-6.458456685366983947e+03
-6.344123352033650008e+03
-6.284290018700316978e+03
-6.302456685366983947e+03
-6.476123352033650008e+03
-6.361790018700316978e+03
-6.275956685366983947e+03
-6.266456685366983947e+03
-6.431623352033650008e+03
-6.363123352033650008e+03
-6.326290018700316978e+03
-6.350123352033650008e+03
-6.484956685366983947e+03
-6.384623352033650008e+03
-6.324623352033650008e+03
-6.321290018700316978e+03
-6.453456685366983947e+03
-6.335623352033650008e+03
-6.259290018700316978e+03
-6.296123352033650008e+03
-6.492956685366983947e+03
-6.449790018700316978e+03
-6.354456685366983947e+03
-6.283790018700316978e+03
-6.435456685366983947e+03
-6.368623352033650008e+03
-6.311623352033650008e+03
-6.268290018700316978e+03
-6.425623352033650008e+03
-6.351456685366983947e+03
-6.316623352033650008e+03
-6.327790018700316978e+03
-6.484290018700316978e+03
-6.370123352033650008e+03
-6.310623352033650008e+03
-6.318623352033650008e+03
-6.510956685366983947e+03
-6.357790018700316978e+03
-6.279623352033650008e+03
-6.300290018700316978e+03
-6.484290018700316978e+03
-6.383956685366983947e+03
-6.278290018700316978e+03
-6.249456685366983947e+03
-6.416123352033650008e+03
-6.313790018700316978e+03
-6.288290018700316978e+03
-6.306290018700316978e+03
-6.462956685366983947e+03
-6.333290018700316978e+03
-6.272123352033650008e+03
-6.267290018700316978e+03
-6.441456685366983947e+03
-6.362290018700316978e+03
-6.319623352033650008e+03
-6.321790018700316978e+03
-6.447123352033650008e+03
-6.327623352033650008e+03
-6.277456685366983947e+03
-6.307123352033650008e+03
-6.484290018700316978e+03
-6.381456685366983947e+03
-6.309456685366983947e+03
-6.382790018700316978e+03
-6.585623352033650008e+03
-6.457290018700316978e+03
-6.255123352033650008e+03
-6.187623352033650008e+03
-6.391956685366983947e+03
-6.382123352033650008e+03
-6.353956685366983947e+03
-6.323790018700316978e+03
-6.476123352033650008e+03
-6.361956685366983947e+03
-6.287790018700316978e+03
-6.242456685366983947e+03
-6.413123352033650008e+03
-6.329623352033650008e+03
-6.296790018700316978e+03
-6.277123352033650008e+03
-6.436290018700316978e+03
-6.377956685366983947e+03
-6.383956685366983947e+03
-6.380790018700316978e+03
-6.495623352033650008e+03
-6.335623352033650008e+03
-6.305290018700316978e+03
-6.310623352033650008e+03
-6.482123352033650008e+03
-6.353956685366983947e+03
-6.315123352033650008e+03
-6.364456685366983947e+03
-6.545123352033650008e+03
-6.441790018700316978e+03
-6.339623352033650008e+03
-6.366956685366983947e+03
-6.546290018700316978e+03
-6.448290018700316978e+03
-6.335456685366983947e+03
-6.296790018700316978e+03
-6.444956685366983947e+03
-6.331623352033650008e+03
-6.288956685366983947e+03
-6.295623352033650008e+03
-6.458956685366983947e+03
-6.359790018700316978e+03
-6.315123352033650008e+03
-6.335290018700316978e+03
-6.508790018700316978e+03
-6.422456685366983947e+03
-6.346790018700316978e+03
-6.306790018700316978e+03
-6.423290018700316978e+03
-6.322623352033650008e+03
-6.281623352033650008e+03
-6.303956685366983947e+03
-6.506790018700316978e+03
-6.431456685366983947e+03
-6.377956685366983947e+03
-6.351123352033650008e+03
-6.487456685366983947e+03
-6.372123352033650008e+03
-6.360456685366983947e+03
-6.379623352033650008e+03
-6.561123352033650008e+03
-6.447623352033650008e+03
-6.392790018700316978e+03
-6.396790018700316978e+03
-6.543290018700316978e+03
-6.377956685366983947e+03
-6.279456685366983947e+03
-6.258456685366983947e+03
-6.480790018700316978e+03
-6.411790018700316978e+03
-6.328123352033650008e+03
-6.244456685366983947e+03
-6.382456685366983947e+03
-6.314456685366983947e+03
-6.334790018700316978e+03
-6.326456685366983947e+03
-6.465956685366983947e+03
-6.374623352033650008e+03
-6.348623352033650008e+03
-6.366623352033650008e+03
-6.473456685366983947e+03
-6.326956685366983947e+03
-6.236290018700316978e+03
-6.231456685366983947e+03
-6.429623352033650008e+03
-6.362956685366983947e+03
-6.324790018700316978e+03
-6.357290018700316978e+03
-6.508623352033650008e+03
-6.410790018700316978e+03
-6.307623352033650008e+03
-6.316623352033650008e+03
-6.439456685366983947e+03
-6.328290018700316978e+03
-6.244790018700316978e+03
-6.253290018700316978e+03
-6.381123352033650008e+03
-6.310123352033650008e+03
-6.319623352033650008e+03
-6.388456685366983947e+03
-6.522790018700316978e+03
-6.370623352033650008e+03
-6.306623352033650008e+03
-6.320123352033650008e+03
-6.541790018700316978e+03
-6.493623352033650008e+03
-6.485623352033650008e+03
-6.471956685366983947e+03
-6.579290018700316978e+03
-6.484290018700316978e+03
-6.405123352033650008e+03
-6.397790018700316978e+03
-6.515956685366983947e+03
-6.445456685366983947e+03
-6.387290018700316978e+03
-6.378956685366983947e+03
-6.510456685366983947e+03
-6.432956685366983947e+03
-6.343290018700316978e+03
-6.325623352033650008e+03
-6.440623352033650008e+03
-6.402956685366983947e+03
-6.344623352033650008e+03
-6.309623352033650008e+03
-6.416623352033650008e+03
-6.363956685366983947e+03
-6.358956685366983947e+03
-6.363956685366983947e+03
-6.460956685366983947e+03
-6.355956685366983947e+03
-6.329290018700316978e+03
-6.373956685366983947e+03
-6.527456685366983947e+03
-6.397790018700316978e+03
-6.284790018700316978e+03
-6.292790018700316978e+03
-6.457456685366983947e+03
-6.379956685366983947e+03
-6.321956685366983947e+03
-6.323456685366983947e+03
-6.535623352033650008e+03
-6.476623352033650008e+03
-6.416623352033650008e+03
-6.347623352033650008e+03
-6.451956685366983947e+03
-6.419290018700316978e+03
-6.385456685366983947e+03
-6.392290018700316978e+03
-6.488623352033650008e+03
-6.407290018700316978e+03
-6.353623352033650008e+03
-6.316956685366983947e+03
-6.432790018700316978e+03
-6.323623352033650008e+03
-6.306456685366983947e+03
-6.328623352033650008e+03
-6.517123352033650008e+03
-6.474456685366983947e+03
-6.399623352033650008e+03
-6.299290018700316978e+03
-6.375290018700316978e+03
-6.312290018700316978e+03
-6.360290018700316978e+03
-6.373790018700316978e+03
-6.486290018700316978e+03
-6.381956685366983947e+03
-6.352290018700316978e+03
-6.382956685366983947e+03
-6.531956685366983947e+03
-6.440123352033650008e+03
-6.374456685366983947e+03
-6.337456685366983947e+03
-6.445956685366983947e+03
-6.381456685366983947e+03
-6.353790018700316978e+03
-6.392956685366983947e+03
-6.553623352033650008e+03
-6.490123352033650008e+03
-6.435456685366983947e+03
-6.412290018700316978e+03
-6.527290018700316978e+03
-6.452956685366983947e+03
-6.416456685366983947e+03
-6.407290018700316978e+03
-6.512290018700316978e+03
-6.365956685366983947e+03
-6.334956685366983947e+03
-6.374790018700316978e+03
-6.553290018700316978e+03
-6.472123352033650008e+03
-6.406623352033650008e+03
-6.390790018700316978e+03
-6.489956685366983947e+03
-6.393290018700316978e+03
-6.386123352033650008e+03
-6.389790018700316978e+03
-6.495290018700316978e+03
-6.369956685366983947e+03
-6.316790018700316978e+03
-6.288623352033650008e+03
-6.380290018700316978e+03
-6.323790018700316978e+03
-6.326956685366983947e+03
-6.365790018700316978e+03
-6.497123352033650008e+03
-6.437123352033650008e+03
-6.422290018700316978e+03
-6.390956685366983947e+03
-6.469956685366983947e+03
-6.357956685366983947e+03
-6.349290018700316978e+03
-6.371290018700316978e+03
-6.481790018700316978e+03
-6.360790018700316978e+03
-6.292123352033650008e+03
-6.263123352033650008e+03
-6.447623352033650008e+03
-6.401123352033650008e+03
-6.400456685366983947e+03
-6.354290018700316978e+03
-6.471123352033650008e+03
-6.419290018700316978e+03
-6.439790018700316978e+03
-6.425290018700316978e+03
-6.473956685366983947e+03
-6.343290018700316978e+03
-6.323456685366983947e+03
-6.366123352033650008e+03
-6.508456685366983947e+03
-6.450290018700316978e+03
-6.431123352033650008e+03
-6.372623352033650008e+03
-6.415290018700316978e+03
-6.330956685366983947e+03
-6.333456685366983947e+03
-6.348290018700316978e+03
-6.447623352033650008e+03
-6.363123352033650008e+03
-6.319290018700316978e+03
-6.330623352033650008e+03
-6.430290018700316978e+03
-6.407290018700316978e+03
-6.336456685366983947e+03
-6.260290018700316978e+03
-6.338123352033650008e+03
-6.294290018700316978e+03
-6.326956685366983947e+03
-6.323956685366983947e+03
-6.443456685366983947e+03
-6.391956685366983947e+03
-6.376623352033650008e+03
-6.371456685366983947e+03
-6.469290018700316978e+03
-6.388456685366983947e+03
-6.330790018700316978e+03
-6.309623352033650008e+03
-6.438790018700316978e+03
-6.399123352033650008e+03
-6.387790018700316978e+03
-6.381623352033650008e+03
-6.509290018700316978e+03
-6.441956685366983947e+03
-6.386956685366983947e+03
-6.337456685366983947e+03
-6.433290018700316978e+03
-6.355623352033650008e+03
-6.327123352033650008e+03
-6.310790018700316978e+03
-6.449790018700316978e+03
-6.418956685366983947e+03
-6.414290018700316978e+03
-6.371123352033650008e+03
-6.472123352033650008e+03
-6.442290018700316978e+03
-6.491290018700316978e+03
-6.479456685366983947e+03
-6.550123352033650008e+03
-6.444123352033650008e+03
-6.374956685366983947e+03
-6.336956685366983947e+03
-6.418290018700316978e+03
-6.374290018700316978e+03
-6.387790018700316978e+03
-6.378290018700316978e+03
-6.498290018700316978e+03
-6.417790018700316978e+03
-6.373290018700316978e+03
-6.337790018700316978e+03
-6.456956685366983947e+03
-6.424956685366983947e+03
-6.412290018700316978e+03
-6.387456685366983947e+03
-6.438790018700316978e+03
-6.310623352033650008e+03
-6.275623352033650008e+03
-6.323790018700316978e+03
-6.477623352033650008e+03
-6.380290018700316978e+03
-6.311123352033650008e+03
-6.246290018700316978e+03
-6.383290018700316978e+03
-6.384123352033650008e+03
-6.419790018700316978e+03
-6.392290018700316978e+03
-6.457123352033650008e+03
-6.397790018700316978e+03
-6.368623352033650008e+03
-6.293123352033650008e+03
-6.373290018700316978e+03
-6.341790018700316978e+03
-6.394623352033650008e+03
-6.398290018700316978e+03
-6.494956685366983947e+03
-6.422623352033650008e+03
-6.428623352033650008e+03
-6.422123352033650008e+03
-6.515456685366983947e+03
-6.387456685366983947e+03
-6.307623352033650008e+03
-6.264290018700316978e+03
-6.376290018700316978e+03
-6.370456685366983947e+03
-6.383790018700316978e+03
-6.371456685366983947e+03
-6.433956685366983947e+03
-6.358790018700316978e+03
-6.349790018700316978e+03
-6.342456685366983947e+03
-6.434956685366983947e+03
-6.357623352033650008e+03
-6.336123352033650008e+03
-6.290123352033650008e+03
-6.370456685366983947e+03
-6.306956685366983947e+03
-6.315290018700316978e+03
-6.272623352033650008e+03
-6.365956685366983947e+03
-6.306790018700316978e+03
-6.354956685366983947e+03
-6.364123352033650008e+03
-6.509456685366983947e+03
-6.436790018700316978e+03
-6.389790018700316978e+03
-6.299956685366983947e+03
-6.374790018700316978e+03
-6.294123352033650008e+03
-6.290956685366983947e+03
-6.299290018700316978e+03
-6.411290018700316978e+03
-6.348623352033650008e+03
-6.315956685366983947e+03
-6.304790018700316978e+03
-6.399290018700316978e+03
-6.319290018700316978e+03
-6.322956685366983947e+03
-6.312290018700316978e+03
-6.455123352033650008e+03
-6.360290018700316978e+03
-6.310123352033650008e+03
-6.202123352033650008e+03
-6.265123352033650008e+03
-6.228290018700316978e+03
-6.275290018700316978e+03
-6.305956685366983947e+03
-6.430456685366983947e+03
-6.378456685366983947e+03
-6.356123352033650008e+03
-6.316456685366983947e+03
-6.416290018700316978e+03
-6.394623352033650008e+03
-6.388623352033650008e+03
-6.332790018700316978e+03
-6.393623352033650008e+03
-6.354123352033650008e+03
-6.407290018700316978e+03
-6.392623352033650008e+03
-6.434290018700316978e+03
-6.336790018700316978e+03
-6.330623352033650008e+03
-6.286956685366983947e+03
-6.341456685366983947e+03
-6.229956685366983947e+03
-6.218456685366983947e+03
-6.181790018700316978e+03
-6.277790018700316978e+03
-6.265123352033650008e+03
-6.279956685366983947e+03
-6.264456685366983947e+03
-6.324956685366983947e+03
-6.282623352033650008e+03
-6.303623352033650008e+03
-6.268123352033650008e+03
-6.286290018700316978e+03
-6.178456685366983947e+03
-6.200290018700316978e+03
-6.231123352033650008e+03
-6.331456685366983947e+03
-6.256290018700316978e+03
-6.252123352033650008e+03
-6.301456685366983947e+03
-6.421123352033650008e+03
-6.369623352033650008e+03
-6.321790018700316978e+03
-6.298790018700316978e+03
-6.381290018700316978e+03
-6.348956685366983947e+03
-6.362623352033650008e+03
-6.343790018700316978e+03
-6.410956685366983947e+03
-6.344956685366983947e+03
-6.327623352033650008e+03
-6.274290018700316978e+03
-6.345623352033650008e+03
-6.280956685366983947e+03
-6.250623352033650008e+03
-6.181456685366983947e+03
-6.264623352033650008e+03
-6.240956685366983947e+03
-6.250790018700316978e+03
-6.211956685366983947e+03
-6.261456685366983947e+03
-6.204290018700316978e+03
-6.209623352033650008e+03
-6.184290018700316978e+03
-6.230456685366983947e+03
-6.140123352033650008e+03
-6.168123352033650008e+03
-6.199790018700316978e+03
-6.322623352033650008e+03
-6.249623352033650008e+03
-6.177790018700316978e+03
-6.078623352033650008e+03
-6.127790018700316978e+03
-6.104956685366983947e+03
-6.190623352033650008e+03
-6.177623352033650008e+03
-6.267956685366983947e+03
-6.213123352033650008e+03
-6.229623352033650008e+03
-6.170790018700316978e+03
-6.192290018700316978e+03
-6.112623352033650008e+03
-6.124790018700316978e+03
-6.106956685366983947e+03
-6.245790018700316978e+03
-6.247623352033650008e+03
-6.244290018700316978e+03
-6.137123352033650008e+03
-6.128290018700316978e+03
-6.066456685366983947e+03
-6.102290018700316978e+03
-6.061623352033650008e+03
-6.140290018700316978e+03
-6.072290018700316978e+03
-6.122956685366983947e+03
-6.088623352033650008e+03
-6.180123352033650008e+03
-6.107123352033650008e+03
-6.134123352033650008e+03
-6.064290018700316978e+03
-6.102290018700316978e+03
-6.026790018700316978e+03
-6.055623352033650008e+03
-6.057290018700316978e+03
-6.140456685366983947e+03
-6.058290018700316978e+03
-6.043623352033650008e+03
-5.974623352033650008e+03
-6.073956685366983947e+03
-6.027456685366983947e+03
-6.009456685366983947e+03
-5.872123352033650008e+03
-5.895623352033650008e+03
-5.862290018700316978e+03
-5.941956685366983947e+03
-5.939123352033650008e+03
-6.038290018700316978e+03
-6.032290018700316978e+03
-6.068456685366983947e+03
-6.067456685366983947e+03
-6.064456685366983947e+03
-5.965123352033650008e+03
-5.932790018700316978e+03
-5.929123352033650008e+03
-6.052123352033650008e+03
-6.017290018700316978e+03
-6.013456685366983947e+03
-5.919456685366983947e+03
-5.952290018700316978e+03
-5.867956685366983947e+03
-5.902456685366983947e+03
-5.898623352033650008e+03
-5.980290018700316978e+03
-5.878623352033650008e+03
-5.813290018700316978e+03
-5.813456685366983947e+03
-5.917123352033650008e+03
-5.882290018700316978e+03
-5.810790018700316978e+03
-5.785456685366983947e+03
-5.875790018700316978e+03
-5.842956685366983947e+03
-5.822290018700316978e+03
-5.761956685366983947e+03
-5.869456685366983947e+03
-5.819790018700316978e+03
-5.804290018700316978e+03
-5.743623352033650008e+03
-5.775123352033650008e+03
-5.746956685366983947e+03
-5.723790018700316978e+03
-5.685956685366983947e+03
-5.752456685366983947e+03
-5.763623352033650008e+03
-5.805956685366983947e+03
-5.775623352033650008e+03
-5.799956685366983947e+03
-5.767623352033650008e+03
-5.738623352033650008e+03
-5.658790018700316978e+03
-5.691956685366983947e+03
-5.612456685366983947e+03
-5.589790018700316978e+03
-5.516123352033650008e+03
-5.615623352033650008e+03
-5.639956685366983947e+03
-5.704290018700316978e+03
-5.697290018700316978e+03
-5.770790018700316978e+03
-5.663790018700316978e+03
-5.562623352033650008e+03
-5.504290018700316978e+03
-5.642956685366983947e+03
-5.702123352033650008e+03
-5.703456685366983947e+03
-5.604290018700316978e+03
-5.614456685366983947e+03
-5.551123352033650008e+03
-5.555290018700316978e+03
-5.498456685366983947e+03
-5.511790018700316978e+03
-5.440790018700316978e+03
-5.450123352033650008e+03
-5.407456685366983947e+03
-5.458123352033650008e+03
-5.383123352033650008e+03
-5.411956685366983947e+03
-5.414623352033650008e+03
-5.494790018700316978e+03
-5.432456685366983947e+03
-5.366123352033650008e+03
-5.364623352033650008e+03
-5.466456685366983947e+03
-5.453956685366983947e+03
-5.404956685366983947e+03
-5.321290018700316978e+03
-5.375290018700316978e+03
-5.308456685366983947e+03
-5.283790018700316978e+03
-5.194956685366983947e+03
-5.281123352033650008e+03
-5.269290018700316978e+03
-5.304790018700316978e+03
-5.294456685366983947e+03
-5.343623352033650008e+03
-5.260290018700316978e+03
-5.214290018700316978e+03
-5.193290018700316978e+03
-5.309956685366983947e+03
-5.279623352033650008e+03
-5.279456685366983947e+03
-5.230456685366983947e+03
-5.295956685366983947e+03
-5.212123352033650008e+03
-5.174956685366983947e+03
-5.092290018700316978e+03
-5.156123352033650008e+03
-5.144956685366983947e+03
-5.170956685366983947e+03
-5.121956685366983947e+03
-5.148290018700316978e+03
-5.024290018700316978e+03
-4.993456685366983947e+03
-4.932123352033650008e+03
-5.027623352033650008e+03
-4.993456685366983947e+03
-5.008956685366983947e+03
-4.988290018700316978e+03
-5.032290018700316978e+03
-4.988790018700316978e+03
-4.985790018700316978e+03
-4.969123352033650008e+03
-5.026623352033650008e+03
-4.936456685366983947e+03
-4.943623352033650008e+03
-4.905956685366983947e+03
-4.987290018700316978e+03
-4.893290018700316978e+03
-4.884290018700316978e+03
-4.854290018700316978e+03
-4.951123352033650008e+03
-4.880290018700316978e+03
-4.854290018700316978e+03
-4.810790018700316978e+03
-4.888290018700316978e+03
-4.804623352033650008e+03
-4.739123352033650008e+03
-4.626456685366983947e+03
-4.703790018700316978e+03
-4.641123352033650008e+03
-4.668456685366983947e+03
-4.689790018700316978e+03
-4.818123352033650008e+03
-4.743623352033650008e+03
-4.671623352033650008e+03
-4.637456685366983947e+03
-4.705290018700316978e+03
-4.624456685366983947e+03
-4.548456685366983947e+03
-4.492956685366983947e+03
-4.516623352033650008e+03
-4.430790018700316978e+03
-4.415290018700316978e+03
-4.422123352033650008e+03
-4.532956685366983947e+03
-4.490290018700316978e+03
-4.455290018700316978e+03
-4.409790018700316978e+03
-4.483290018700316978e+03
-4.422956685366983947e+03
-4.386790018700316978e+03
-4.329290018700316978e+03
-4.386123352033650008e+03
-4.296623352033650008e+03
-4.227956685366983947e+03
-4.180623352033650008e+03
-4.294956685366983947e+03
-4.283290018700316978e+03
-4.283956685366983947e+03
-4.194290018700316978e+03
-4.221623352033650008e+03
-4.129290018700316978e+03
-4.111123352033650008e+03
-4.074456685366983947e+03
-4.115456685366983947e+03
-4.029123352033650463e+03
-4.025623352033650008e+03
-3.996956685366983493e+03
-4.073623352033650008e+03
-3.928623352033650008e+03
-3.911790018700316978e+03
-3.899456685366983947e+03
-4.022290018700316978e+03
-3.924456685366983947e+03
-3.879456685366983947e+03
-3.827290018700316978e+03
-3.930456685366983493e+03
-3.867290018700316978e+03
-3.851623352033650008e+03
-3.783623352033650008e+03
-3.840790018700316978e+03
-3.742623352033650008e+03
-3.727290018700316978e+03
-3.663956685366983947e+03
-3.747956685366983947e+03
-3.675790018700316978e+03
-3.649956685366983947e+03
-3.580623352033650008e+03
-3.617123352033650008e+03
-3.544956685366983947e+03
-3.549956685366983947e+03
-3.513456685366983947e+03
-3.545623352033650008e+03
-3.443623352033650008e+03
-3.459790018700316978e+03
-3.483456685366983947e+03
-3.570456685366983947e+03
-3.431956685366983947e+03
-3.358790018700316978e+03
-3.372123352033650008e+03
-3.498456685366983947e+03
-3.432456685366983947e+03
-3.327623352033650008e+03
-3.244790018700316978e+03
-3.301123352033650008e+03
-3.219123352033650008e+03
-3.196456685366983947e+03
-3.170623352033650008e+03
-3.239790018700316978e+03
-3.148456685366983947e+03
-3.117456685366983947e+03
-3.073790018700316978e+03
-3.157956685366983947e+03
-3.066123352033650008e+03
-3.022790018700316978e+03
-3.016623352033650008e+03
-3.151123352033650008e+03
-3.174790018700316978e+03
-3.087123352033650008e+03
-2.932956685366983947e+03
-2.931123352033650008e+03
-2.846290018700316978e+03
-2.833956685366983947e+03
-2.797623352033650008e+03
-2.907123352033650008e+03
-2.846290018700316978e+03
-2.778123352033650008e+03
-2.705623352033650008e+03
-2.781123352033650008e+03
-2.726456685366983947e+03
-2.691623352033650008e+03
-2.641623352033650008e+03
-2.670123352033650008e+03
-2.551790018700316978e+03
-2.489290018700316978e+03
-2.431456685366983947e+03
-2.541790018700316978e+03
-2.518290018700316978e+03
-2.506456685366983947e+03
-2.428623352033650008e+03
-2.424956685366983947e+03
-2.318123352033650008e+03
-2.271956685366983947e+03
-2.245123352033650008e+03
-2.345456685366983947e+03
-2.289623352033650008e+03
-2.272790018700316978e+03
-2.235290018700316978e+03
-2.291956685366983947e+03
-2.218623352033650008e+03
-2.130123352033650008e+03
-2.082456685366983947e+03
-2.117456685366983947e+03
-2.062956685366983947e+03
-1.999290018700316978e+03
-1.911956685366983947e+03
-1.978623352033650008e+03
-1.983623352033650008e+03
-2.041623352033650008e+03
-2.051290018700316978e+03
-2.079790018700316978e+03
-1.984790018700316978e+03
-1.912123352033650008e+03
-1.895123352033650917e+03
-1.982956685366983947e+03
-1.907956685366983947e+03
-1.828623352033650008e+03
-1.777123352033650917e+03
-1.881623352033650008e+03
-1.893956685366983947e+03
-1.833956685366983947e+03
-1.773790018700317887e+03
-1.806623352033650008e+03
-1.760123352033650917e+03
-1.742290018700316978e+03
-1.749790018700316978e+03
-1.796290018700316978e+03
-1.676790018700316978e+03
-1.551790018700316978e+03
-1.484290018700316978e+03
-1.482790018700316978e+03
-1.422290018700316978e+03
-1.466956685366983947e+03
-1.586956685366983947e+03
-1.673456685366983947e+03
-1.538623352033650008e+03
-1.482623352033650008e+03
-1.440123352033650008e+03
-1.524290018700316978e+03
-1.412456685366983947e+03
-1.404623352033650917e+03
-1.402290018700317887e+03
-1.484956685366983947e+03
-1.354456685366983947e+03
-1.267123352033650008e+03
-1.151623352033650008e+03
-1.207623352033650917e+03
-1.069456685366983947e+03
-1.037956685366983947e+03
-1.018956685366983947e+03
-1.179290018700316978e+03
-1.097956685366983947e+03
-1.034290018700316978e+03
-8.776233520336500078e+02
-9.057900187003169776e+02
-7.861233520336500078e+02
-7.886233520336500078e+02
-7.916233520336509173e+02
-8.601233520336500078e+02
-7.454566853669839475e+02
-6.369566853669839475e+02
-5.632900187003169776e+02
-5.334566853669839475e+02
-4.006233520336500078e+02
-3.076233520336509173e+02
-2.896233520336500078e+02
-3.516233520336500078e+02
-2.842900187003178871e+02
-2.479566853669839475e+02
-2.001233520336500078e+02
-2.199566853669839475e+02
-8.745668536698394746e+01
7.787664796634908271e+01
1.928766479663499922e+02
1.235433146330160525e+02
1.412099812996830224e+02
1.975433146330160525e+02
3.415433146330160525e+02
4.050433146330160525e+02
5.323766479663499922e+02
5.592099812996821129e+02
5.370433146330160525e+02
4.897099812996821129e+02
6.198766479663499922e+02
7.463766479663499922e+02
8.015433146330160525e+02
8.050433146330160525e+02
8.457099812996821129e+02
9.070433146330160525e+02
9.730433146330160525e+02
9.652099812996821129e+02
1.059209981299682113e+03
1.130209981299682113e+03
1.243376647966349992e+03
1.290043314633016053e+03
1.380376647966349992e+03
1.441709981299682113e+03
1.525876647966349992e+03
1.543043314633016053e+03
1.658209981299682113e+03
1.661709981299682113e+03
1.694376647966349992e+03
1.636209981299682113e+03
1.742043314633016053e+03
1.839043314633016053e+03
1.965376647966349992e+03
2.002709981299682113e+03
2.089543314633016053e+03
2.100709981299682113e+03
2.136043314633016053e+03
2.106543314633016053e+03
2.286209981299682113e+03
2.448043314633016053e+03
2.600043314633016053e+03
2.562709981299682113e+03
2.646543314633016053e+03
2.679876647966349992e+03
2.774709981299682113e+03
2.769876647966349992e+03
2.900543314633016053e+03
2.916209981299682113e+03
2.935543314633016053e+03
2.921709981299682113e+03
3.096209981299682113e+03
3.177543314633016053e+03
3.257709981299682113e+03
3.312043314633016053e+03
3.499543314633016053e+03
3.540543314633016053e+03
3.549043314633016053e+03
3.484543314633016053e+03
3.658543314633016053e+03
3.800876647966349992e+03
3.926876647966349992e+03
3.950376647966349992e+03
4.052709981299682113e+03
4.155043314633016053e+03
4.193876647966349992e+03
4.157376647966349992e+03
4.225543314633016053e+03
4.340876647966349992e+03
4.431376647966349992e+03
4.479709981299682113e+03
4.647709981299682113e+03
4.803209981299682113e+03
4.936709981299682113e+03
4.907709981299682113e+03
5.025209981299682113e+03
5.164876647966349992e+03
5.368376647966349992e+03
5.425209981299682113e+03
5.534709981299682113e+03
5.546043314633014234e+03
5.632043314633014234e+03
5.634043314633016053e+03
5.774876647966348173e+03
5.860709981299682113e+03
5.954876647966348173e+03
5.986209981299682113e+03
6.117376647966349992e+03
6.228543314633014234e+03
6.352043314633016053e+03
6.365709981299682113e+03
6.478376647966349992e+03
6.573043314633016053e+03
6.707209981299682113e+03
6.722709981299682113e+03
6.769709981299682113e+03
6.823543314633016053e+03
6.876876647966349992e+03
6.913376647966348173e+03
6.994209981299682113e+03
7.068376647966349992e+03
7.119709981299682113e+03
7.104709981299682113e+03
7.163543314633014234e+03
7.207709981299682113e+03
7.280709981299682113e+03
7.295376647966349992e+03
7.371209981299682113e+03
7.429209981299682113e+03
7.486043314633014234e+03
7.472376647966349992e+03
7.534876647966349992e+03
7.593209981299682113e+03
7.673043314633016053e+03
7.689876647966348173e+03
7.758376647966348173e+03
7.822709981299682113e+03
7.874376647966349992e+03
7.879043314633014234e+03
7.943043314633016053e+03
7.980876647966348173e+03
8.020543314633016053e+03
8.026043314633016053e+03
8.090543314633016053e+03
8.154709981299682113e+03
8.184376647966348173e+03
8.209876647966348173e+03
8.262209981299682113e+03
8.328043314633016053e+03
8.358876647966349992e+03
8.358876647966349992e+03
8.358876647966349992e+03
8.358876647966349992e+03
8.358876647966349992e+03
8.358876647966349992e+03
8.358876647966349992e+03
8.358876647966349992e+03
8.358876647966349992e+03
8.358876647966349992e+03
8.358876647966349992e+03
8.358876647966349992e+03
8.358876647966349992e+03
8.358876647966349992e+03
8.358876647966349992e+03
8.358876647966349992e+03
8.358876647966349992e+03
8.358876647966349992e+03
8.358876647966349992e+03
8.358876647966349992e+03
8.358876647966349992e+03
8.358876647966349992e+03
8.358876647966349992e+03
8.358876647966349992e+03
8.358876647966349992e+03
8.358876647966349992e+03
8.358876647966349992e+03
8.358876647966349992e+03
8.358876647966349992e+03
8.358876647966349992e+03
8.358876647966349992e+03
8.358876647966349992e+03
8.358876647966349992e+03
8.358876647966349992e+03
8.358876647966349992e+03
8.358876647966349992e+03
8.358876647966349992e+03
8.358876647966349992e+03
8.358876647966349992e+03
8.358876647966349992e+03
8.358876647966349992e+03
8.358876647966349992e+03
8.358876647966349992e+03
8.358876647966349992e+03
8.358876647966349992e+03
8.358876647966349992e+03
8.358876647966349992e+03
8.358876647966349992e+03
8.358876647966349992e+03
8.358876647966349992e+03
8.358876647966349992e+03
8.358876647966349992e+03
8.358876647966349992e+03
8.358876647966349992e+03
8.358876647966349992e+03
8.358876647966349992e+03
8.358876647966349992e+03
8.358876647966349992e+03
8.358876647966349992e+03
8.358876647966349992e+03
8.358876647966349992e+03
8.358876647966349992e+03
8.358876647966349992e+03
8.358876647966349992e+03
8.358876647966349992e+03
8.358876647966349992e+03
8.358876647966349992e+03
8.358876647966349992e+03
8.358876647966349992e+03
8.358876647966349992e+03
8.358876647966349992e+03
8.358876647966349992e+03
8.358876647966349992e+03
8.358876647966349992e+03
8.358876647966349992e+03
8.358876647966349992e+03
8.358876647966349992e+03
8.358876647966349992e+03
8.358876647966349992e+03
8.358876647966349992e+03
8.358876647966349992e+03
8.358876647966349992e+03
8.358876647966349992e+03
8.358876647966349992e+03
8.358876647966349992e+03
8.358876647966349992e+03
8.358876647966349992e+03
8.358876647966349992e+03
8.358876647966349992e+03
8.358876647966349992e+03
8.358876647966349992e+03
8.358876647966349992e+03
8.358876647966349992e+03
8.358876647966349992e+03
8.358876647966349992e+03
8.358876647966349992e+03
8.358876647966349992e+03
8.358876647966349992e+03
8.358876647966349992e+03
8.358876647966349992e+03
8.358876647966349992e+03
8.358876647966349992e+03
8.358876647966349992e+03
8.358876647966349992e+03
8.358876647966349992e+03
8.358876647966349992e+03
8.358876647966349992e+03
8.358876647966349992e+03
8.358876647966349992e+03
8.358876647966349992e+03
8.358876647966349992e+03
8.358876647966349992e+03
8.358876647966349992e+03
8.358876647966349992e+03
8.358876647966349992e+03
8.358876647966349992e+03
8.358876647966349992e+03
8.358876647966349992e+03
8.358876647966349992e+03
8.358876647966349992e+03
8.358876647966349992e+03
8.358876647966349992e+03
8.358876647966349992e+03
8.358876647966349992e+03
8.358876647966349992e+03
8.358876647966349992e+03
8.358876647966349992e+03
8.358876647966349992e+03
8.358876647966349992e+03
8.358876647966349992e+03
8.358876647966349992e+03
8.358876647966349992e+03
8.358876647966349992e+03
8.358876647966349992e+03
8.358876647966349992e+03
8.358876647966349992e+03
8.358876647966349992e+03
8.358876647966349992e+03
8.358876647966349992e+03
8.358876647966349992e+03
8.358876647966349992e+03
8.358876647966349992e+03
8.358876647966349992e+03
8.358876647966349992e+03
8.358876647966349992e+03
8.358876647966349992e+03
8.358876647966349992e+03
8.358876647966349992e+03
8.358876647966349992e+03
8.358876647966349992e+03
8.358876647966349992e+03
8.358876647966349992e+03
8.358876647966349992e+03
8.358876647966349992e+03
8.358876647966349992e+03
8.358876647966349992e+03
8.358876647966349992e+03
8.358876647966349992e+03
8.358876647966349992e+03
8.358876647966349992e+03
8.358876647966349992e+03
8.358876647966349992e+03
8.358876647966349992e+03
8.358876647966349992e+03
8.358876647966349992e+03
8.358876647966349992e+03
8.358876647966349992e+03
8.358876647966349992e+03
8.358876647966349992e+03
8.358876647966349992e+03
8.358876647966349992e+03
8.358876647966349992e+03
8.358876647966349992e+03
8.358876647966349992e+03
8.358876647966349992e+03
8.358876647966349992e+03
8.358876647966349992e+03
8.358876647966349992e+03
8.358876647966349992e+03
8.358876647966349992e+03
8.358876647966349992e+03
8.358876647966349992e+03
8.358876647966349992e+03
8.358876647966349992e+03
8.358876647966349992e+03
8.358876647966349992e+03
8.358876647966349992e+03
8.358876647966349992e+03
8.358876647966349992e+03
8.358876647966349992e+03
8.358876647966349992e+03
8.358876647966349992e+03
8.358876647966349992e+03
8.358876647966349992e+03
8.358876647966349992e+03
8.358876647966349992e+03
8.358876647966349992e+03
8.358876647966349992e+03
8.358876647966349992e+03
8.358876647966349992e+03
8.358876647966349992e+03
8.358876647966349992e+03
8.358876647966349992e+03
8.358876647966349992e+03
8.358876647966349992e+03
8.358876647966349992e+03
8.358876647966349992e+03
8.358876647966349992e+03
8.358876647966349992e+03
8.358876647966349992e+03
8.358876647966349992e+03
8.358876647966349992e+03
8.358876647966349992e+03
8.358876647966349992e+03
8.358876647966349992e+03
8.358876647966349992e+03
8.358876647966349992e+03
8.358876647966349992e+03
8.358876647966349992e+03
8.358876647966349992e+03
8.358876647966349992e+03
8.358876647966349992e+03
8.358876647966349992e+03
8.358876647966349992e+03
8.358876647966349992e+03
8.358876647966349992e+03
8.358876647966349992e+03
8.358876647966349992e+03
8.358876647966349992e+03
8.358876647966349992e+03
8.358876647966349992e+03
8.358876647966349992e+03
8.358876647966349992e+03
8.358876647966349992e+03
8.358876647966349992e+03
8.358876647966349992e+03
8.358876647966349992e+03
8.358876647966349992e+03
8.358876647966349992e+03
8.358876647966349992e+03
8.358876647966349992e+03
8.358876647966349992e+03
8.358876647966349992e+03
8.358876647966349992e+03
8.358876647966349992e+03
8.358876647966349992e+03
8.358876647966349992e+03
8.358876647966349992e+03
8.358876647966349992e+03
8.358876647966349992e+03
8.358876647966349992e+03
8.358876647966349992e+03
8.358876647966349992e+03
8.358876647966349992e+03
8.358876647966349992e+03
8.358876647966349992e+03
8.358876647966349992e+03
8.358876647966349992e+03
8.358876647966349992e+03
8.358876647966349992e+03
8.358876647966349992e+03
8.358876647966349992e+03
8.358876647966349992e+03
8.358876647966349992e+03
8.358876647966349992e+03
8.358876647966349992e+03
8.358876647966349992e+03
8.358876647966349992e+03
8.358876647966349992e+03
8.358876647966349992e+03
8.358876647966349992e+03
8.358876647966349992e+03
8.358876647966349992e+03
8.358876647966349992e+03
8.358876647966349992e+03
8.358876647966349992e+03
8.358876647966349992e+03
8.358876647966349992e+03
8.358876647966349992e+03
8.358876647966349992e+03
8.358876647966349992e+03
8.358876647966349992e+03
8.358876647966349992e+03
8.358876647966349992e+03
8.358876647966349992e+03
8.358876647966349992e+03
8.358876647966349992e+03
8.358876647966349992e+03
8.358876647966349992e+03
8.358876647966349992e+03
8.358876647966349992e+03
8.358876647966349992e+03
8.358876647966349992e+03
8.358876647966349992e+03
8.358876647966349992e+03
8.358876647966349992e+03
8.358876647966349992e+03
8.358876647966349992e+03
8.358876647966349992e+03
8.358876647966349992e+03
8.358876647966349992e+03
8.358876647966349992e+03
8.358876647966349992e+03
8.358876647966349992e+03
8.358876647966349992e+03
8.358876647966349992e+03
8.358876647966349992e+03
8.358876647966349992e+03
8.358876647966349992e+03
8.358876647966349992e+03
8.358876647966349992e+03
8.358876647966349992e+03
8.358876647966349992e+03
8.358876647966349992e+03
8.358876647966349992e+03
8.358876647966349992e+03
8.358876647966349992e+03
8.358876647966349992e+03
8.358876647966349992e+03
8.358876647966349992e+03
8.358876647966349992e+03
8.358876647966349992e+03
8.358876647966349992e+03
8.358876647966349992e+03
8.358876647966349992e+03
8.358876647966349992e+03
8.358876647966349992e+03
8.358876647966349992e+03
8.358876647966349992e+03
8.358876647966349992e+03
8.358876647966349992e+03
8.358876647966349992e+03
8.358876647966349992e+03
8.358876647966349992e+03
8.358876647966349992e+03
8.358876647966349992e+03
8.358876647966349992e+03
8.358876647966349992e+03
8.358876647966349992e+03
8.358876647966349992e+03
8.358876647966349992e+03
8.358876647966349992e+03
8.358876647966349992e+03
8.358876647966349992e+03
8.358876647966349992e+03
8.358876647966349992e+03
8.358876647966349992e+03
8.358876647966349992e+03
8.358876647966349992e+03
8.358876647966349992e+03
8.358876647966349992e+03
8.358876647966349992e+03
8.358876647966349992e+03
8.358876647966349992e+03
8.358876647966349992e+03
8.358876647966349992e+03
8.358876647966349992e+03
8.358876647966349992e+03
8.358876647966349992e+03
8.358876647966349992e+03
8.358876647966349992e+03
8.358876647966349992e+03
8.358876647966349992e+03
8.358876647966349992e+03
8.358876647966349992e+03
8.358876647966349992e+03
8.358876647966349992e+03
8.358876647966349992e+03
8.358876647966349992e+03
8.358876647966349992e+03
8.358876647966349992e+03
8.358876647966349992e+03
8.358876647966349992e+03
8.358876647966349992e+03
8.358876647966349992e+03
8.358876647966349992e+03
8.358876647966349992e+03
8.358876647966349992e+03
8.358876647966349992e+03
8.358876647966349992e+03
8.358876647966349992e+03
8.358876647966349992e+03
8.358876647966349992e+03
8.358876647966349992e+03
8.358876647966349992e+03
8.358876647966349992e+03
8.358876647966349992e+03
8.358876647966349992e+03
8.358876647966349992e+03
8.358876647966349992e+03
8.358876647966349992e+03
8.358876647966349992e+03
8.358876647966349992e+03
8.358876647966349992e+03
8.358876647966349992e+03
8.358876647966349992e+03
8.358876647966349992e+03
8.358876647966349992e+03
8.358876647966349992e+03
8.358876647966349992e+03
8.358876647966349992e+03
8.358876647966349992e+03
8.358876647966349992e+03
8.358876647966349992e+03
8.358876647966349992e+03
8.358876647966349992e+03
8.358876647966349992e+03
8.358876647966349992e+03
8.358876647966349992e+03
8.358876647966349992e+03
8.358876647966349992e+03
8.358876647966349992e+03
8.358876647966349992e+03
8.358876647966349992e+03
8.358876647966349992e+03
8.358876647966349992e+03
8.358876647966349992e+03
8.358876647966349992e+03
8.358876647966349992e+03
8.358876647966349992e+03
8.358876647966349992e+03
8.358876647966349992e+03
8.358876647966349992e+03
8.358876647966349992e+03
8.358876647966349992e+03
8.358876647966349992e+03
8.358876647966349992e+03
8.358876647966349992e+03
8.358876647966349992e+03
8.358876647966349992e+03
8.358876647966349992e+03
8.358876647966349992e+03
8.358876647966349992e+03
8.358876647966349992e+03
8.358876647966349992e+03
8.358876647966349992e+03
8.358876647966349992e+03
8.358876647966349992e+03
8.358876647966349992e+03
8.358876647966349992e+03
8.358876647966349992e+03
8.358876647966349992e+03
8.358876647966349992e+03
8.358876647966349992e+03
8.358876647966349992e+03
8.358876647966349992e+03
8.358876647966349992e+03
8.358876647966349992e+03
8.358876647966349992e+03
8.358876647966349992e+03
8.358876647966349992e+03
8.358876647966349992e+03
8.358876647966349992e+03
8.358876647966349992e+03
8.358876647966349992e+03
8.358876647966349992e+03
8.358876647966349992e+03
8.358876647966349992e+03
8.358876647966349992e+03
8.358876647966349992e+03
8.358876647966349992e+03
8.358876647966349992e+03
8.358876647966349992e+03
8.358876647966349992e+03
8.358876647966349992e+03
8.358876647966349992e+03
8.358876647966349992e+03
8.358876647966349992e+03
8.358876647966349992e+03
8.358876647966349992e+03
8.358876647966349992e+03
8.358876647966349992e+03
8.358876647966349992e+03
8.358876647966349992e+03
8.358876647966349992e+03
8.358876647966349992e+03
8.358876647966349992e+03
8.358876647966349992e+03
8.358876647966349992e+03
8.358876647966349992e+03
8.358876647966349992e+03
8.358876647966349992e+03
8.358876647966349992e+03
8.358876647966349992e+03
8.358876647966349992e+03
8.358876647966349992e+03
8.358876647966349992e+03
8.358876647966349992e+03
8.358876647966349992e+03
8.358876647966349992e+03
8.358876647966349992e+03
8.358876647966349992e+03
8.358876647966349992e+03
8.358876647966349992e+03
8.358876647966349992e+03
8.358876647966349992e+03
8.358876647966349992e+03
8.358876647966349992e+03
8.358876647966349992e+03
8.358876647966349992e+03
8.358876647966349992e+03
8.358876647966349992e+03
8.358876647966349992e+03
8.358876647966349992e+03
8.358876647966349992e+03
8.358876647966349992e+03
8.358876647966349992e+03
8.358876647966349992e+03
8.358876647966349992e+03
8.358876647966349992e+03
8.358876647966349992e+03
8.358876647966349992e+03
8.358876647966349992e+03
8.358876647966349992e+03
8.358876647966349992e+03
8.358876647966349992e+03
8.358876647966349992e+03
8.358876647966349992e+03
8.358876647966349992e+03
8.358876647966349992e+03
8.358876647966349992e+03
8.358876647966349992e+03
8.358876647966349992e+03
8.358876647966349992e+03
8.358876647966349992e+03
8.358876647966349992e+03
8.358876647966349992e+03
8.358876647966349992e+03
8.358876647966349992e+03
8.358876647966349992e+03
8.358876647966349992e+03
8.358876647966349992e+03
8.358876647966349992e+03
8.358876647966349992e+03
8.358876647966349992e+03
8.358876647966349992e+03
8.358876647966349992e+03
8.358876647966349992e+03
8.358876647966349992e+03
8.358876647966349992e+03
8.358876647966349992e+03
8.358876647966349992e+03
8.358876647966349992e+03
8.358876647966349992e+03
8.358876647966349992e+03
8.358876647966349992e+03
8.358876647966349992e+03
8.358876647966349992e+03
8.358876647966349992e+03
8.358876647966349992e+03
8.358876647966349992e+03
8.358876647966349992e+03
8.358876647966349992e+03
8.358876647966349992e+03
8.358876647966349992e+03
8.358876647966349992e+03
8.358876647966349992e+03
8.358876647966349992e+03
8.358876647966349992e+03
8.358876647966349992e+03
8.358876647966349992e+03
8.358876647966349992e+03
8.358876647966349992e+03
8.358876647966349992e+03
8.358876647966349992e+03
8.358876647966349992e+03
8.358876647966349992e+03
8.358876647966349992e+03
8.358876647966349992e+03
8.358876647966349992e+03
8.358876647966349992e+03
8.358876647966349992e+03
8.358876647966349992e+03
8.358876647966349992e+03
8.358876647966349992e+03
8.358876647966349992e+03
8.358876647966349992e+03
8.358876647966349992e+03
8.358876647966349992e+03
8.358876647966349992e+03
8.358876647966349992e+03
8.358876647966349992e+03
8.358876647966349992e+03
8.358876647966349992e+03
8.358876647966349992e+03
8.358876647966349992e+03
8.358876647966349992e+03
8.358876647966349992e+03
8.358876647966349992e+03
8.358876647966349992e+03
8.358876647966349992e+03
8.358876647966349992e+03
8.358876647966349992e+03
8.358876647966349992e+03
8.358876647966349992e+03
8.358876647966349992e+03
8.358876647966349992e+03
8.358876647966349992e+03
8.358876647966349992e+03
8.358876647966349992e+03
8.358876647966349992e+03
8.358876647966349992e+03
8.358876647966349992e+03
8.358876647966349992e+03
8.358876647966349992e+03
8.358876647966349992e+03
8.358876647966349992e+03
8.358876647966349992e+03
8.358876647966349992e+03
8.358876647966349992e+03
8.358876647966349992e+03
8.358876647966349992e+03
8.358876647966349992e+03
8.358876647966349992e+03
8.358876647966349992e+03
8.358876647966349992e+03
8.358876647966349992e+03
8.358876647966349992e+03
8.358876647966349992e+03
8.358876647966349992e+03
8.358876647966349992e+03
8.358876647966349992e+03
8.358876647966349992e+03
8.358876647966349992e+03
8.358876647966349992e+03
8.358876647966349992e+03
8.358876647966349992e+03
8.358876647966349992e+03
8.358876647966349992e+03
8.358876647966349992e+03
8.358876647966349992e+03
8.358876647966349992e+03
8.358876647966349992e+03
8.358876647966349992e+03
8.358876647966349992e+03
8.358876647966349992e+03
8.358876647966349992e+03
8.358876647966349992e+03
8.358876647966349992e+03
8.358876647966349992e+03
8.358876647966349992e+03
8.358876647966349992e+03
8.358876647966349992e+03
8.358876647966349992e+03
8.358876647966349992e+03
8.358876647966349992e+03
8.358876647966349992e+03
8.358876647966349992e+03
8.358876647966349992e+03
8.358876647966349992e+03
8.358876647966349992e+03
8.358876647966349992e+03
8.358876647966349992e+03
8.358876647966349992e+03
8.358876647966349992e+03
8.358876647966349992e+03
8.358876647966349992e+03
8.358876647966349992e+03
8.358876647966349992e+03
8.358876647966349992e+03
8.358876647966349992e+03
8.358876647966349992e+03
8.358876647966349992e+03
8.358876647966349992e+03
8.358876647966349992e+03
8.358876647966349992e+03
8.358876647966349992e+03
8.358876647966349992e+03
8.358876647966349992e+03
8.358876647966349992e+03
8.358876647966349992e+03
8.358876647966349992e+03
8.358876647966349992e+03
8.358876647966349992e+03
8.358876647966349992e+03
8.358876647966349992e+03
8.358876647966349992e+03
8.358876647966349992e+03
8.358876647966349992e+03
8.358876647966349992e+03
8.358876647966349992e+03
8.358876647966349992e+03
8.358876647966349992e+03
8.358876647966349992e+03
8.358876647966349992e+03
8.358876647966349992e+03
8.358876647966349992e+03
8.358876647966349992e+03
8.358876647966349992e+03
8.358876647966349992e+03
8.358876647966349992e+03
8.358876647966349992e+03
8.358876647966349992e+03
8.358876647966349992e+03
8.358876647966349992e+03
8.358876647966349992e+03
8.358876647966349992e+03
8.358876647966349992e+03
8.358876647966349992e+03
8.358876647966349992e+03
8.358876647966349992e+03
8.358876647966349992e+03
8.358876647966349992e+03
8.358876647966349992e+03
8.358876647966349992e+03
8.358876647966349992e+03
8.358876647966349992e+03
8.358876647966349992e+03
8.358876647966349992e+03
8.358876647966349992e+03
8.358876647966349992e+03
8.358876647966349992e+03
8.358876647966349992e+03
8.358876647966349992e+03
8.358876647966349992e+03
8.358876647966349992e+03
8.358876647966349992e+03
8.358876647966349992e+03
8.358876647966349992e+03
8.358876647966349992e+03
8.358876647966349992e+03
8.358876647966349992e+03
8.358876647966349992e+03
8.358876647966349992e+03
8.358876647966349992e+03
8.358876647966349992e+03
8.358876647966349992e+03
8.358876647966349992e+03
8.358876647966349992e+03
8.358876647966349992e+03
8.358876647966349992e+03
8.358876647966349992e+03
8.358876647966349992e+03
8.358876647966349992e+03
8.358876647966349992e+03
8.358876647966349992e+03
8.358876647966349992e+03
8.358876647966349992e+03
8.358876647966349992e+03
8.358876647966349992e+03
8.358876647966349992e+03
8.358876647966349992e+03
8.358876647966349992e+03
8.358876647966349992e+03
8.358876647966349992e+03
8.358876647966349992e+03
8.358876647966349992e+03
8.358876647966349992e+03
8.358876647966349992e+03
8.358876647966349992e+03
8.358876647966349992e+03
8.358876647966349992e+03
8.358876647966349992e+03
8.358876647966349992e+03
8.358876647966349992e+03
8.358876647966349992e+03
8.358876647966349992e+03
8.358876647966349992e+03
8.358876647966349992e+03
8.358876647966349992e+03
8.358876647966349992e+03
8.358876647966349992e+03
8.358876647966349992e+03
8.358876647966349992e+03
8.358876647966349992e+03
8.358876647966349992e+03
8.358876647966349992e+03
8.358876647966349992e+03
8.358876647966349992e+03
8.358876647966349992e+03
8.358876647966349992e+03
8.358876647966349992e+03
8.358876647966349992e+03
8.358876647966349992e+03
8.358876647966349992e+03
8.358876647966349992e+03
8.358876647966349992e+03
8.358876647966349992e+03
8.358876647966349992e+03
8.358876647966349992e+03
8.358876647966349992e+03
8.358876647966349992e+03
8.358876647966349992e+03
8.358876647966349992e+03
8.358876647966349992e+03
8.358876647966349992e+03
8.358876647966349992e+03
8.358876647966349992e+03
8.358876647966349992e+03
8.358876647966349992e+03
8.358876647966349992e+03
8.358876647966349992e+03
8.358876647966349992e+03
8.358876647966349992e+03
8.358876647966349992e+03
8.358876647966349992e+03
8.358876647966349992e+03
8.358876647966349992e+03
8.358876647966349992e+03
8.358876647966349992e+03
8.358876647966349992e+03
8.358876647966349992e+03
8.358876647966349992e+03
8.358876647966349992e+03
8.358876647966349992e+03
8.358876647966349992e+03
8.358876647966349992e+03
8.358876647966349992e+03
8.358876647966349992e+03
8.358876647966349992e+03
8.358876647966349992e+03
8.358876647966349992e+03
8.358876647966349992e+03
8.358876647966349992e+03
8.358876647966349992e+03
8.358876647966349992e+03
8.358876647966349992e+03
8.358876647966349992e+03
8.358876647966349992e+03
8.358876647966349992e+03
8.358876647966349992e+03
8.358876647966349992e+03
8.358876647966349992e+03
8.358876647966349992e+03
8.358876647966349992e+03
8.358876647966349992e+03
8.358876647966349992e+03
8.358876647966349992e+03
8.358876647966349992e+03
8.358876647966349992e+03
8.358876647966349992e+03
8.358876647966349992e+03
8.358876647966349992e+03
8.358876647966349992e+03
8.358876647966349992e+03
8.358876647966349992e+03
8.358876647966349992e+03
8.358876647966349992e+03
8.358876647966349992e+03
8.358876647966349992e+03
8.358876647966349992e+03
8.358876647966349992e+03
8.358876647966349992e+03
8.358876647966349992e+03
8.358876647966349992e+03
8.358876647966349992e+03
8.358876647966349992e+03
8.358876647966349992e+03
8.358876647966349992e+03
8.358876647966349992e+03
8.358876647966349992e+03
8.358876647966349992e+03
8.358876647966349992e+03
8.358876647966349992e+03
8.358876647966349992e+03
8.358876647966349992e+03
8.358876647966349992e+03
8.358876647966349992e+03
8.358876647966349992e+03
8.358876647966349992e+03
8.358876647966349992e+03
8.358876647966349992e+03
8.358876647966349992e+03
8.358876647966349992e+03
8.358876647966349992e+03
8.358876647966349992e+03
8.358876647966349992e+03
8.358876647966349992e+03
8.358876647966349992e+03
8.358876647966349992e+03
8.358876647966349992e+03
8.358876647966349992e+03
8.358876647966349992e+03
8.358876647966349992e+03
8.358876647966349992e+03
8.358876647966349992e+03
8.358876647966349992e+03
8.358876647966349992e+03
8.358876647966349992e+03
8.358876647966349992e+03
8.358876647966349992e+03
8.358876647966349992e+03
8.358876647966349992e+03
8.358876647966349992e+03
8.358876647966349992e+03
8.358876647966349992e+03
8.358876647966349992e+03
8.358876647966349992e+03
8.358876647966349992e+03
8.358876647966349992e+03
8.358876647966349992e+03
8.358876647966349992e+03
8.358876647966349992e+03
8.358876647966349992e+03
8.358876647966349992e+03
8.358876647966349992e+03
8.358876647966349992e+03
8.358876647966349992e+03
8.358876647966349992e+03
8.358876647966349992e+03
8.358876647966349992e+03
8.358876647966349992e+03
8.358876647966349992e+03
8.358876647966349992e+03
8.358876647966349992e+03
8.358876647966349992e+03
8.358876647966349992e+03
8.358876647966349992e+03
8.358876647966349992e+03
8.358876647966349992e+03
8.358876647966349992e+03
8.358876647966349992e+03
8.358876647966349992e+03
8.358876647966349992e+03
8.358876647966349992e+03
8.358876647966349992e+03
8.358876647966349992e+03
8.358876647966349992e+03
8.358876647966349992e+03
8.358876647966349992e+03
8.358876647966349992e+03
8.358876647966349992e+03
8.358876647966349992e+03
8.358876647966349992e+03
8.358876647966349992e+03
8.358876647966349992e+03
8.358876647966349992e+03
8.358876647966349992e+03
8.358876647966349992e+03
8.358876647966349992e+03
8.358876647966349992e+03
8.358876647966349992e+03
8.358876647966349992e+03
8.358876647966349992e+03
8.358876647966349992e+03
8.358876647966349992e+03
8.358876647966349992e+03
8.358876647966349992e+03
8.358876647966349992e+03
8.358876647966349992e+03
8.358876647966349992e+03
8.358876647966349992e+03
8.358876647966349992e+03
8.358876647966349992e+03
8.358876647966349992e+03
8.358876647966349992e+03
8.358876647966349992e+03
8.358876647966349992e+03
8.358876647966349992e+03
8.358876647966349992e+03
8.358876647966349992e+03
8.358876647966349992e+03
8.358876647966349992e+03
8.358876647966349992e+03
8.358876647966349992e+03
8.358876647966349992e+03
8.358876647966349992e+03
8.358876647966349992e+03
8.358876647966349992e+03
8.358876647966349992e+03
8.358876647966349992e+03
8.358876647966349992e+03
8.358876647966349992e+03
8.358876647966349992e+03
8.358876647966349992e+03
8.358876647966349992e+03
8.358876647966349992e+03
8.358876647966349992e+03
8.358876647966349992e+03
8.358876647966349992e+03
8.358876647966349992e+03
8.358876647966349992e+03
8.358876647966349992e+03
8.358876647966349992e+03
8.358876647966349992e+03
8.358876647966349992e+03
8.358876647966349992e+03
8.358876647966349992e+03
8.358876647966349992e+03
8.358876647966349992e+03
8.358876647966349992e+03
8.358876647966349992e+03
8.358876647966349992e+03
8.358876647966349992e+03
8.358876647966349992e+03
8.358876647966349992e+03
8.358876647966349992e+03
8.358876647966349992e+03
8.358876647966349992e+03
8.358876647966349992e+03
8.358876647966349992e+03
8.358876647966349992e+03
8.358876647966349992e+03
8.358876647966349992e+03
8.358876647966349992e+03
8.358876647966349992e+03
8.358876647966349992e+03
8.358876647966349992e+03
8.358876647966349992e+03
8.358876647966349992e+03
8.358876647966349992e+03
8.358876647966349992e+03
8.358876647966349992e+03
8.358876647966349992e+03
8.358876647966349992e+03
8.358876647966349992e+03
8.358876647966349992e+03
8.358876647966349992e+03
8.358876647966349992e+03
8.358876647966349992e+03
8.358876647966349992e+03
8.358876647966349992e+03
8.358876647966349992e+03
8.358876647966349992e+03
8.358876647966349992e+03
8.358876647966349992e+03
8.358876647966349992e+03
8.358876647966349992e+03
8.358876647966349992e+03
8.358876647966349992e+03
8.358876647966349992e+03
8.358876647966349992e+03
8.358876647966349992e+03
8.358876647966349992e+03
8.358876647966349992e+03
8.358876647966349992e+03
8.358876647966349992e+03
8.358876647966349992e+03
8.358876647966349992e+03
8.358876647966349992e+03
8.358876647966349992e+03
8.358876647966349992e+03
8.358876647966349992e+03
8.358876647966349992e+03
8.358876647966349992e+03
8.358876647966349992e+03
8.358876647966349992e+03
8.358876647966349992e+03
8.358876647966349992e+03
8.358876647966349992e+03
8.358876647966349992e+03
8.358876647966349992e+03
8.358876647966349992e+03
8.358876647966349992e+03
8.358876647966349992e+03
8.358876647966349992e+03
8.358876647966349992e+03
8.358876647966349992e+03
8.358876647966349992e+03
8.358876647966349992e+03
8.358876647966349992e+03
8.358876647966349992e+03
8.358876647966349992e+03
8.358876647966349992e+03
8.358876647966349992e+03
8.358876647966349992e+03
8.358876647966349992e+03
8.358876647966349992e+03
8.358876647966349992e+03
8.358876647966349992e+03
8.358876647966349992e+03
8.358876647966349992e+03
8.358876647966349992e+03
8.358876647966349992e+03
8.358876647966349992e+03
8.358876647966349992e+03
8.358876647966349992e+03
8.358876647966349992e+03
8.358876647966349992e+03
8.358876647966349992e+03
8.358876647966349992e+03
8.358876647966349992e+03
8.358876647966349992e+03
8.358876647966349992e+03
8.358876647966349992e+03
8.358876647966349992e+03
8.358876647966349992e+03
8.358876647966349992e+03
8.358876647966349992e+03
8.358876647966349992e+03
8.358876647966349992e+03
8.358876647966349992e+03
8.358876647966349992e+03
8.358876647966349992e+03
8.358876647966349992e+03
8.358876647966349992e+03
8.358876647966349992e+03
8.358876647966349992e+03
8.358876647966349992e+03
8.358876647966349992e+03
8.358876647966349992e+03
8.358876647966349992e+03
8.358876647966349992e+03
8.358876647966349992e+03
8.358876647966349992e+03
8.358876647966349992e+03
8.358876647966349992e+03
8.358876647966349992e+03
8.358876647966349992e+03
8.358876647966349992e+03
8.358876647966349992e+03
8.358876647966349992e+03
8.358876647966349992e+03
8.358876647966349992e+03
8.358876647966349992e+03
8.358876647966349992e+03
8.358876647966349992e+03
8.358876647966349992e+03
8.358876647966349992e+03
8.358876647966349992e+03
8.358876647966349992e+03
8.358876647966349992e+03
8.358876647966349992e+03
8.358876647966349992e+03
8.358876647966349992e+03
8.358876647966349992e+03
8.358876647966349992e+03
8.358876647966349992e+03
8.358876647966349992e+03
8.358876647966349992e+03
8.358876647966349992e+03
8.358876647966349992e+03
8.358876647966349992e+03
8.358876647966349992e+03
8.358876647966349992e+03
8.358876647966349992e+03
8.358876647966349992e+03
8.358876647966349992e+03
8.358876647966349992e+03
8.358876647966349992e+03
8.358876647966349992e+03
8.358876647966349992e+03
8.358876647966349992e+03
8.358876647966349992e+03
8.358876647966349992e+03
8.358876647966349992e+03
8.358876647966349992e+03
8.358876647966349992e+03
8.358876647966349992e+03
8.358876647966349992e+03
8.358876647966349992e+03
8.358876647966349992e+03
8.358876647966349992e+03
8.358876647966349992e+03
8.358876647966349992e+03
8.358876647966349992e+03
8.358876647966349992e+03
8.358876647966349992e+03
8.358876647966349992e+03
8.358876647966349992e+03
8.358876647966349992e+03
8.358876647966349992e+03
8.358876647966349992e+03
8.358876647966349992e+03
8.358876647966349992e+03
8.358876647966349992e+03
8.358876647966349992e+03
8.358876647966349992e+03
8.358876647966349992e+03
8.358876647966349992e+03
8.358876647966349992e+03
8.358876647966349992e+03
8.358876647966349992e+03
8.358876647966349992e+03
8.358876647966349992e+03
8.358876647966349992e+03
8.358876647966349992e+03
8.358876647966349992e+03
8.358876647966349992e+03
8.358876647966349992e+03
8.358876647966349992e+03
8.358876647966349992e+03
8.358876647966349992e+03
8.358876647966349992e+03
8.358876647966349992e+03
8.358876647966349992e+03
8.358876647966349992e+03
8.358876647966349992e+03
8.358876647966349992e+03
8.358876647966349992e+03
8.358876647966349992e+03
8.358876647966349992e+03
8.358876647966349992e+03
8.358876647966349992e+03
8.358876647966349992e+03
8.358876647966349992e+03
8.358876647966349992e+03
8.358876647966349992e+03
8.358876647966349992e+03
8.358876647966349992e+03
8.358876647966349992e+03
8.358876647966349992e+03
8.358876647966349992e+03
8.358876647966349992e+03
8.358876647966349992e+03
8.358876647966349992e+03
8.358876647966349992e+03
8.358876647966349992e+03
8.358876647966349992e+03
8.358876647966349992e+03
8.358876647966349992e+03
8.358876647966349992e+03
8.358876647966349992e+03
8.358876647966349992e+03
8.358876647966349992e+03
8.358876647966349992e+03
8.358876647966349992e+03
8.358876647966349992e+03
8.358876647966349992e+03
8.358876647966349992e+03
8.358876647966349992e+03
8.358876647966349992e+03
8.358876647966349992e+03
8.358876647966349992e+03
8.358876647966349992e+03
8.358876647966349992e+03
8.358876647966349992e+03
8.358876647966349992e+03
8.358876647966349992e+03
8.358876647966349992e+03
8.358876647966349992e+03
8.358876647966349992e+03
8.358876647966349992e+03
8.358876647966349992e+03
8.358876647966349992e+03
8.358876647966349992e+03
8.358876647966349992e+03
8.358876647966349992e+03
8.358876647966349992e+03
8.358876647966349992e+03
8.358876647966349992e+03
8.358876647966349992e+03
8.358876647966349992e+03
8.358876647966349992e+03
8.358876647966349992e+03
8.358876647966349992e+03
8.358876647966349992e+03
8.358876647966349992e+03
8.358876647966349992e+03
8.358876647966349992e+03
8.358876647966349992e+03
8.358876647966349992e+03
8.358876647966349992e+03
8.358876647966349992e+03
8.358876647966349992e+03
8.358876647966349992e+03
8.358876647966349992e+03
8.358876647966349992e+03
8.358876647966349992e+03
8.358876647966349992e+03
8.358876647966349992e+03
8.358876647966349992e+03
8.358876647966349992e+03
8.358876647966349992e+03
8.358876647966349992e+03
8.358876647966349992e+03
8.358876647966349992e+03
8.358876647966349992e+03
8.358876647966349992e+03
8.358876647966349992e+03
8.358876647966349992e+03
8.358876647966349992e+03
8.358876647966349992e+03
8.358876647966349992e+03
8.358876647966349992e+03
8.358876647966349992e+03
8.358876647966349992e+03
8.358876647966349992e+03
8.358876647966349992e+03
8.358876647966349992e+03
8.358876647966349992e+03
8.358876647966349992e+03
8.358876647966349992e+03
8.358876647966349992e+03
8.358876647966349992e+03
8.358876647966349992e+03
8.358876647966349992e+03
8.358876647966349992e+03
8.358876647966349992e+03
8.358876647966349992e+03
8.358876647966349992e+03
8.358876647966349992e+03
8.358876647966349992e+03
8.358876647966349992e+03
8.358876647966349992e+03
8.358876647966349992e+03
8.358876647966349992e+03
8.358876647966349992e+03
8.358876647966349992e+03
8.358876647966349992e+03
8.358876647966349992e+03
8.358876647966349992e+03
8.358876647966349992e+03
8.358876647966349992e+03
8.358876647966349992e+03
8.358876647966349992e+03
8.358876647966349992e+03
8.358876647966349992e+03
8.358876647966349992e+03
8.358876647966349992e+03
8.358876647966349992e+03
8.358876647966349992e+03
8.358876647966349992e+03
8.358876647966349992e+03
8.358876647966349992e+03
8.358876647966349992e+03
8.358876647966349992e+03
8.358876647966349992e+03
8.358876647966349992e+03
8.358876647966349992e+03
8.358876647966349992e+03
8.358876647966349992e+03
8.358876647966349992e+03
8.358876647966349992e+03
8.358876647966349992e+03
8.358876647966349992e+03
8.358876647966349992e+03
8.358876647966349992e+03
8.358876647966349992e+03
8.358876647966349992e+03
8.358876647966349992e+03
8.358876647966349992e+03
8.358876647966349992e+03
8.358876647966349992e+03
8.358876647966349992e+03
8.358876647966349992e+03
8.358876647966349992e+03
8.358876647966349992e+03
8.358876647966349992e+03
8.358876647966349992e+03
8.358876647966349992e+03
8.358876647966349992e+03
8.358876647966349992e+03
8.358876647966349992e+03
8.358876647966349992e+03
8.358876647966349992e+03
8.358876647966349992e+03
8.358876647966349992e+03
8.358876647966349992e+03
8.358876647966349992e+03
8.358876647966349992e+03
8.358876647966349992e+03
8.358876647966349992e+03
8.358876647966349992e+03
8.358876647966349992e+03
8.358876647966349992e+03
8.358876647966349992e+03
8.358876647966349992e+03
8.358876647966349992e+03
8.358876647966349992e+03
8.358876647966349992e+03
8.358876647966349992e+03
8.358876647966349992e+03
8.358876647966349992e+03
8.358876647966349992e+03
8.358876647966349992e+03
8.358876647966349992e+03
8.358876647966349992e+03
8.358876647966349992e+03
8.358876647966349992e+03
8.358876647966349992e+03
8.358876647966349992e+03
8.358876647966349992e+03
8.358876647966349992e+03
8.358876647966349992e+03
8.358876647966349992e+03
8.358876647966349992e+03
8.358876647966349992e+03
8.358876647966349992e+03
8.358876647966349992e+03
8.358876647966349992e+03
8.358876647966349992e+03
8.358876647966349992e+03
8.358876647966349992e+03
8.358876647966349992e+03
8.358876647966349992e+03
8.358876647966349992e+03
8.358876647966349992e+03
8.358876647966349992e+03
8.358876647966349992e+03
8.358876647966349992e+03
8.358876647966349992e+03
8.358876647966349992e+03
8.358876647966349992e+03
8.358876647966349992e+03
8.358876647966349992e+03
8.358876647966349992e+03
8.358876647966349992e+03
8.358876647966349992e+03
8.358876647966349992e+03
8.358876647966349992e+03
8.358876647966349992e+03
8.358876647966349992e+03
8.358876647966349992e+03
8.358876647966349992e+03
8.358876647966349992e+03
8.358876647966349992e+03
8.358876647966349992e+03
8.358876647966349992e+03
8.358876647966349992e+03
8.358876647966349992e+03
8.358876647966349992e+03
8.358876647966349992e+03
8.358876647966349992e+03
8.358876647966349992e+03
8.358876647966349992e+03
8.358876647966349992e+03
8.358876647966349992e+03
8.358876647966349992e+03
8.358876647966349992e+03
8.358876647966349992e+03
8.358876647966349992e+03
8.358876647966349992e+03
8.358876647966349992e+03
8.358876647966349992e+03
8.358876647966349992e+03
8.358876647966349992e+03
8.358876647966349992e+03
8.358876647966349992e+03
8.358876647966349992e+03
8.358876647966349992e+03
8.358876647966349992e+03
8.358876647966349992e+03
8.358876647966349992e+03
8.358876647966349992e+03
8.358876647966349992e+03
8.358876647966349992e+03
8.358876647966349992e+03
8.358876647966349992e+03
8.358876647966349992e+03
8.358876647966349992e+03
8.358876647966349992e+03
8.358876647966349992e+03
8.358876647966349992e+03
8.358876647966349992e+03
8.358876647966349992e+03
8.358876647966349992e+03
8.358876647966349992e+03
8.358876647966349992e+03
8.358876647966349992e+03
8.358876647966349992e+03
8.358876647966349992e+03
8.358876647966349992e+03
8.358876647966349992e+03
8.358876647966349992e+03
8.358876647966349992e+03
8.358876647966349992e+03
8.358876647966349992e+03
8.358876647966349992e+03
8.358876647966349992e+03
8.358876647966349992e+03
8.358876647966349992e+03
8.358876647966349992e+03
8.358876647966349992e+03
8.358876647966349992e+03
8.358876647966349992e+03
8.358876647966349992e+03
8.358876647966349992e+03
8.358876647966349992e+03
8.358876647966349992e+03
8.358876647966349992e+03
8.358876647966349992e+03
8.358876647966349992e+03
8.358876647966349992e+03
8.358876647966349992e+03
8.358876647966349992e+03
8.358876647966349992e+03
8.358876647966349992e+03
8.358876647966349992e+03
8.358876647966349992e+03
8.358876647966349992e+03
8.358876647966349992e+03
8.358876647966349992e+03
8.358876647966349992e+03
8.358876647966349992e+03
8.358876647966349992e+03
8.358876647966349992e+03
8.358876647966349992e+03
8.358876647966349992e+03
8.358876647966349992e+03
8.358876647966349992e+03
8.358876647966349992e+03
8.358876647966349992e+03
8.358876647966349992e+03
8.358876647966349992e+03
8.358876647966349992e+03
8.358876647966349992e+03
8.358876647966349992e+03
8.358876647966349992e+03
8.358876647966349992e+03
8.358876647966349992e+03
8.358876647966349992e+03
8.358876647966349992e+03
8.358876647966349992e+03
8.358876647966349992e+03
8.358876647966349992e+03
8.358876647966349992e+03
8.358876647966349992e+03
8.358876647966349992e+03
8.358876647966349992e+03
8.358876647966349992e+03
8.358876647966349992e+03
8.358876647966349992e+03
8.358876647966349992e+03
8.358876647966349992e+03
8.358876647966349992e+03
8.358876647966349992e+03
8.358876647966349992e+03
8.358876647966349992e+03
8.358876647966349992e+03
8.358876647966349992e+03
8.358876647966349992e+03
8.358876647966349992e+03
8.358876647966349992e+03
8.358876647966349992e+03
8.358876647966349992e+03
8.358876647966349992e+03
8.358876647966349992e+03
8.358876647966349992e+03
8.358876647966349992e+03
8.358876647966349992e+03
8.358876647966349992e+03
8.358876647966349992e+03
8.358876647966349992e+03
8.358876647966349992e+03
8.358876647966349992e+03
8.358876647966349992e+03
8.358876647966349992e+03
8.358876647966349992e+03
8.358876647966349992e+03
8.358876647966349992e+03
8.358876647966349992e+03
8.358876647966349992e+03
8.358876647966349992e+03
8.358876647966349992e+03
8.358876647966349992e+03
8.358876647966349992e+03
8.358876647966349992e+03
8.358876647966349992e+03
8.358876647966349992e+03
8.358876647966349992e+03
8.358876647966349992e+03
8.358876647966349992e+03
8.358876647966349992e+03
8.358876647966349992e+03
8.358876647966349992e+03
8.358876647966349992e+03
8.358876647966349992e+03
8.358876647966349992e+03
8.358876647966349992e+03
8.358876647966349992e+03
8.358876647966349992e+03
8.358876647966349992e+03
8.358876647966349992e+03
8.358876647966349992e+03
8.358876647966349992e+03
8.358876647966349992e+03
8.358876647966349992e+03
8.358876647966349992e+03
8.358876647966349992e+03
8.358876647966349992e+03
8.358876647966349992e+03
8.358876647966349992e+03
8.358876647966349992e+03
8.358876647966349992e+03
8.358876647966349992e+03
8.358876647966349992e+03
8.358876647966349992e+03
8.358876647966349992e+03
8.358876647966349992e+03
8.358876647966349992e+03
8.358876647966349992e+03
8.358876647966349992e+03
8.358876647966349992e+03
8.358876647966349992e+03
8.358876647966349992e+03
8.358876647966349992e+03
8.358876647966349992e+03
8.358876647966349992e+03
8.358876647966349992e+03
8.358876647966349992e+03
8.358876647966349992e+03
8.358876647966349992e+03
8.358876647966349992e+03
8.358876647966349992e+03
8.358876647966349992e+03
8.358876647966349992e+03
8.358876647966349992e+03
8.358876647966349992e+03
8.358876647966349992e+03
8.358876647966349992e+03
8.358876647966349992e+03
8.358876647966349992e+03
8.358876647966349992e+03
8.358876647966349992e+03
8.358876647966349992e+03
8.358876647966349992e+03
8.358876647966349992e+03
8.358876647966349992e+03
8.358876647966349992e+03
8.358876647966349992e+03
8.358876647966349992e+03
8.358876647966349992e+03
8.358876647966349992e+03
8.358876647966349992e+03
8.358876647966349992e+03
8.358876647966349992e+03
8.358876647966349992e+03
8.358876647966349992e+03
8.358876647966349992e+03
8.358876647966349992e+03
8.358876647966349992e+03
8.358876647966349992e+03
8.358876647966349992e+03
8.358876647966349992e+03
8.358876647966349992e+03
8.358876647966349992e+03
8.358876647966349992e+03
8.358876647966349992e+03
8.358876647966349992e+03
8.358876647966349992e+03
8.358876647966349992e+03
8.358876647966349992e+03
8.358876647966349992e+03
8.358876647966349992e+03
8.358876647966349992e+03
8.358876647966349992e+03
8.358876647966349992e+03
8.358876647966349992e+03
8.358876647966349992e+03
8.358876647966349992e+03
8.358876647966349992e+03
8.358876647966349992e+03
8.358876647966349992e+03
8.358876647966349992e+03
8.358876647966349992e+03
8.358876647966349992e+03
8.358876647966349992e+03
8.358876647966349992e+03
8.358876647966349992e+03
8.358876647966349992e+03
8.358876647966349992e+03
8.358876647966349992e+03
8.358876647966349992e+03
8.358876647966349992e+03
8.358876647966349992e+03
8.358876647966349992e+03
8.358876647966349992e+03
8.358876647966349992e+03
8.358876647966349992e+03
8.358876647966349992e+03
8.358876647966349992e+03
8.358876647966349992e+03
8.358876647966349992e+03
8.358876647966349992e+03
8.358876647966349992e+03
8.358876647966349992e+03
8.358876647966349992e+03
8.358876647966349992e+03
8.358876647966349992e+03
8.358876647966349992e+03
8.358876647966349992e+03
8.358876647966349992e+03
8.358876647966349992e+03
8.358876647966349992e+03
8.358876647966349992e+03
8.358876647966349992e+03
8.358876647966349992e+03
8.358876647966349992e+03
8.358876647966349992e+03
8.358876647966349992e+03
8.358876647966349992e+03
8.358876647966349992e+03
8.358876647966349992e+03
8.358876647966349992e+03
8.358876647966349992e+03
8.358876647966349992e+03
8.358876647966349992e+03
8.358876647966349992e+03
8.358876647966349992e+03
8.358876647966349992e+03
8.358876647966349992e+03
8.358876647966349992e+03
8.358876647966349992e+03
8.358876647966349992e+03
8.358876647966349992e+03
8.358876647966349992e+03
8.358876647966349992e+03
8.358876647966349992e+03
8.358876647966349992e+03
8.358876647966349992e+03
8.358876647966349992e+03
8.358876647966349992e+03
8.358876647966349992e+03
8.358876647966349992e+03
8.358876647966349992e+03
8.358876647966349992e+03
8.358876647966349992e+03
8.358876647966349992e+03
8.358876647966349992e+03
8.358876647966349992e+03
8.358876647966349992e+03
8.358876647966349992e+03
8.358876647966349992e+03
8.358876647966349992e+03
8.358876647966349992e+03
8.358876647966349992e+03
8.358876647966349992e+03
8.358876647966349992e+03
8.358876647966349992e+03
8.358876647966349992e+03
8.358876647966349992e+03
8.358876647966349992e+03
8.358876647966349992e+03
8.358876647966349992e+03
8.358876647966349992e+03
8.358876647966349992e+03
8.358876647966349992e+03
8.358876647966349992e+03
8.358876647966349992e+03
8.358876647966349992e+03
8.358876647966349992e+03
8.358876647966349992e+03
8.358876647966349992e+03
8.358876647966349992e+03
8.358876647966349992e+03
8.358876647966349992e+03
8.358876647966349992e+03
8.358876647966349992e+03
8.358876647966349992e+03
8.358876647966349992e+03
8.358876647966349992e+03
8.358876647966349992e+03
8.358876647966349992e+03
8.358876647966349992e+03
8.358876647966349992e+03
8.358876647966349992e+03
8.358876647966349992e+03
8.358876647966349992e+03
8.358876647966349992e+03
8.358876647966349992e+03
8.358876647966349992e+03
8.358876647966349992e+03
8.358876647966349992e+03
8.358876647966349992e+03
8.358876647966349992e+03
8.358876647966349992e+03
8.358876647966349992e+03
8.358876647966349992e+03
8.358876647966349992e+03
8.358876647966349992e+03
8.358876647966349992e+03
8.358876647966349992e+03
8.358876647966349992e+03
8.358876647966349992e+03
8.358876647966349992e+03
8.358876647966349992e+03
8.358876647966349992e+03
8.358876647966349992e+03
8.358876647966349992e+03
8.358876647966349992e+03
8.358876647966349992e+03
8.358876647966349992e+03
8.358876647966349992e+03
8.358876647966349992e+03
8.358876647966349992e+03
8.358876647966349992e+03
8.358876647966349992e+03
8.358876647966349992e+03
8.358876647966349992e+03
8.358876647966349992e+03
8.358876647966349992e+03
8.358876647966349992e+03
8.358876647966349992e+03
8.358876647966349992e+03
8.358876647966349992e+03
8.358876647966349992e+03
8.358876647966349992e+03
8.358876647966349992e+03
8.358876647966349992e+03
8.358876647966349992e+03
8.358876647966349992e+03
8.358876647966349992e+03
8.358876647966349992e+03
8.358876647966349992e+03
8.358876647966349992e+03
8.358876647966349992e+03
8.358876647966349992e+03
8.358876647966349992e+03
8.358876647966349992e+03
8.358876647966349992e+03
8.358876647966349992e+03
8.358876647966349992e+03
8.358876647966349992e+03
8.358876647966349992e+03
8.358876647966349992e+03
8.358876647966349992e+03
8.358876647966349992e+03
8.358876647966349992e+03
8.358876647966349992e+03
8.358876647966349992e+03
8.358876647966349992e+03
8.358876647966349992e+03
8.358876647966349992e+03
8.358876647966349992e+03
8.358876647966349992e+03
8.358876647966349992e+03
8.358876647966349992e+03
8.358876647966349992e+03
8.358876647966349992e+03
8.358876647966349992e+03
8.358876647966349992e+03
8.358876647966349992e+03
8.358876647966349992e+03
8.358876647966349992e+03
8.358876647966349992e+03
8.358876647966349992e+03
8.358876647966349992e+03
8.358876647966349992e+03
8.358876647966349992e+03
8.358876647966349992e+03
8.358876647966349992e+03
8.358876647966349992e+03
8.358876647966349992e+03
8.358876647966349992e+03
8.358876647966349992e+03
8.358876647966349992e+03
8.358876647966349992e+03
8.358876647966349992e+03
8.358876647966349992e+03
8.358876647966349992e+03
8.358876647966349992e+03
8.358876647966349992e+03
8.358876647966349992e+03
8.358876647966349992e+03
8.358876647966349992e+03
8.358876647966349992e+03
8.358876647966349992e+03
8.358876647966349992e+03
8.358876647966349992e+03
8.358876647966349992e+03
8.358876647966349992e+03
8.358876647966349992e+03
8.358876647966349992e+03
8.358876647966349992e+03
8.358876647966349992e+03
8.358876647966349992e+03
8.358876647966349992e+03
8.358876647966349992e+03
8.358876647966349992e+03
8.358876647966349992e+03
8.358876647966349992e+03
8.358876647966349992e+03
8.358876647966349992e+03
8.358876647966349992e+03
8.358876647966349992e+03
8.358876647966349992e+03
8.358876647966349992e+03
8.358876647966349992e+03
8.358876647966349992e+03
8.358876647966349992e+03
8.358876647966349992e+03
8.358876647966349992e+03
8.358876647966349992e+03
8.358876647966349992e+03
8.358876647966349992e+03
8.358876647966349992e+03
8.358876647966349992e+03
8.358876647966349992e+03
8.358876647966349992e+03
8.358876647966349992e+03
8.358876647966349992e+03
8.358876647966349992e+03
8.358876647966349992e+03
8.358876647966349992e+03
8.358876647966349992e+03
8.358876647966349992e+03
8.358876647966349992e+03
8.358876647966349992e+03
8.358876647966349992e+03
8.358876647966349992e+03
8.358876647966349992e+03
8.358876647966349992e+03
8.358876647966349992e+03
8.358876647966349992e+03
8.358876647966349992e+03
8.358876647966349992e+03
8.358876647966349992e+03
8.358876647966349992e+03
8.358876647966349992e+03
8.358876647966349992e+03
8.358876647966349992e+03
8.358876647966349992e+03
8.358876647966349992e+03
8.358876647966349992e+03
8.358876647966349992e+03
8.358876647966349992e+03
8.358876647966349992e+03
8.358876647966349992e+03
8.358876647966349992e+03
8.358876647966349992e+03
8.358876647966349992e+03
8.358876647966349992e+03
8.358876647966349992e+03
8.358876647966349992e+03
8.358876647966349992e+03
8.358876647966349992e+03
8.358876647966349992e+03
8.358876647966349992e+03
8.358876647966349992e+03
8.358876647966349992e+03
8.358876647966349992e+03
8.358876647966349992e+03
8.358876647966349992e+03
8.358876647966349992e+03
8.358876647966349992e+03
8.358876647966349992e+03
8.358876647966349992e+03
8.358876647966349992e+03
8.358876647966349992e+03
8.358876647966349992e+03
8.358876647966349992e+03
8.358876647966349992e+03
8.358876647966349992e+03
8.358876647966349992e+03
8.358876647966349992e+03
8.358876647966349992e+03
8.358876647966349992e+03
8.358876647966349992e+03
8.358876647966349992e+03
8.358876647966349992e+03
8.358876647966349992e+03
8.358876647966349992e+03
8.358876647966349992e+03
8.358876647966349992e+03
8.358876647966349992e+03
8.358876647966349992e+03
8.358876647966349992e+03
8.358876647966349992e+03
8.358876647966349992e+03
8.358876647966349992e+03
8.358876647966349992e+03
8.358876647966349992e+03
8.358876647966349992e+03
8.358876647966349992e+03
8.358876647966349992e+03
8.358876647966349992e+03
8.358876647966349992e+03
8.358876647966349992e+03
8.358876647966349992e+03
8.358876647966349992e+03
8.358876647966349992e+03
8.358876647966349992e+03
8.358876647966349992e+03
8.358876647966349992e+03
8.358876647966349992e+03
8.358876647966349992e+03
8.358876647966349992e+03
8.358876647966349992e+03
8.358876647966349992e+03
8.358876647966349992e+03
8.358876647966349992e+03
8.358876647966349992e+03
8.358876647966349992e+03
8.358876647966349992e+03
8.358876647966349992e+03
8.358876647966349992e+03
8.358876647966349992e+03
8.358876647966349992e+03
8.358876647966349992e+03
8.358876647966349992e+03
8.358876647966349992e+03
8.358876647966349992e+03
8.358876647966349992e+03
8.358876647966349992e+03
8.358876647966349992e+03
8.358876647966349992e+03
8.358876647966349992e+03
8.358876647966349992e+03
8.358876647966349992e+03
8.358876647966349992e+03
8.358876647966349992e+03
8.358876647966349992e+03
8.358876647966349992e+03
8.358876647966349992e+03
8.358876647966349992e+03
8.358876647966349992e+03
8.358876647966349992e+03
8.358876647966349992e+03
8.358876647966349992e+03
8.358876647966349992e+03
8.358876647966349992e+03
8.358876647966349992e+03
8.358876647966349992e+03
8.358876647966349992e+03
8.358876647966349992e+03
8.358876647966349992e+03
8.358876647966349992e+03
8.358876647966349992e+03
8.358876647966349992e+03
8.358876647966349992e+03
8.358876647966349992e+03
8.358876647966349992e+03
8.358876647966349992e+03
8.358876647966349992e+03
8.358876647966349992e+03
8.358876647966349992e+03
8.358876647966349992e+03
8.358876647966349992e+03
8.358876647966349992e+03
8.358876647966349992e+03
8.358876647966349992e+03
8.358876647966349992e+03
8.358876647966349992e+03
8.358876647966349992e+03
8.358876647966349992e+03
8.358876647966349992e+03
8.358876647966349992e+03
8.358876647966349992e+03
8.358876647966349992e+03
8.358876647966349992e+03
8.358876647966349992e+03
8.358876647966349992e+03
8.358876647966349992e+03
8.358876647966349992e+03
8.358876647966349992e+03
8.358876647966349992e+03
8.358876647966349992e+03
8.358876647966349992e+03
8.358876647966349992e+03
8.358876647966349992e+03
8.358876647966349992e+03
8.358876647966349992e+03
8.358876647966349992e+03
8.358876647966349992e+03
8.358876647966349992e+03
8.358876647966349992e+03
8.358876647966349992e+03
8.358876647966349992e+03
8.358876647966349992e+03
8.358876647966349992e+03
8.358876647966349992e+03
8.358876647966349992e+03
8.358876647966349992e+03
8.358876647966349992e+03
8.358876647966349992e+03
8.358876647966349992e+03
8.358876647966349992e+03
8.358876647966349992e+03
8.358876647966349992e+03
8.358876647966349992e+03
8.358876647966349992e+03
8.358876647966349992e+03
8.358876647966349992e+03
8.358876647966349992e+03
8.358876647966349992e+03
8.358876647966349992e+03
8.358876647966349992e+03
8.358876647966349992e+03
8.358876647966349992e+03
8.358876647966349992e+03
8.358876647966349992e+03
8.358876647966349992e+03
8.358876647966349992e+03
8.358876647966349992e+03
8.358876647966349992e+03
8.358876647966349992e+03
8.358876647966349992e+03
8.358876647966349992e+03
8.358876647966349992e+03
8.358876647966349992e+03
8.358876647966349992e+03
8.358876647966349992e+03
8.358876647966349992e+03
8.358876647966349992e+03
8.358876647966349992e+03
8.358876647966349992e+03
8.358876647966349992e+03
8.358876647966349992e+03
8.358876647966349992e+03
8.358876647966349992e+03
8.358876647966349992e+03
8.358876647966349992e+03
8.358876647966349992e+03
8.358876647966349992e+03
8.358876647966349992e+03
8.358876647966349992e+03
8.358876647966349992e+03
8.358876647966349992e+03
8.358876647966349992e+03
8.358876647966349992e+03
8.358876647966349992e+03
8.358876647966349992e+03
8.358876647966349992e+03
8.358876647966349992e+03
8.358876647966349992e+03
8.358876647966349992e+03
8.358876647966349992e+03
8.358876647966349992e+03
8.358876647966349992e+03
8.358876647966349992e+03
8.358876647966349992e+03
8.358876647966349992e+03
8.358876647966349992e+03
8.358876647966349992e+03
8.358876647966349992e+03
8.358876647966349992e+03
8.358876647966349992e+03
8.358876647966349992e+03
8.358876647966349992e+03
8.358876647966349992e+03
8.358876647966349992e+03
8.358876647966349992e+03
8.358876647966349992e+03
8.358876647966349992e+03
8.358876647966349992e+03
8.358876647966349992e+03
8.358876647966349992e+03
8.358876647966349992e+03
8.358876647966349992e+03
8.358876647966349992e+03
8.358876647966349992e+03
8.358876647966349992e+03
8.358876647966349992e+03
8.358876647966349992e+03
8.358876647966349992e+03
8.358876647966349992e+03
8.358876647966349992e+03
8.358876647966349992e+03
8.358876647966349992e+03
8.358876647966349992e+03
8.358876647966349992e+03
8.358876647966349992e+03
8.358876647966349992e+03
8.358876647966349992e+03
8.358876647966349992e+03
8.358876647966349992e+03
8.358876647966349992e+03
8.358876647966349992e+03
8.358876647966349992e+03
8.358876647966349992e+03
8.358876647966349992e+03
8.358876647966349992e+03
8.358876647966349992e+03
8.358876647966349992e+03
8.358876647966349992e+03
8.358876647966349992e+03
8.358876647966349992e+03
8.358876647966349992e+03
8.358876647966349992e+03
8.358876647966349992e+03
8.358876647966349992e+03
8.358876647966349992e+03
8.358876647966349992e+03
8.358876647966349992e+03
8.358876647966349992e+03
8.358876647966349992e+03
8.358876647966349992e+03
8.358876647966349992e+03
8.358876647966349992e+03
8.358876647966349992e+03
8.358876647966349992e+03
8.358876647966349992e+03
8.358876647966349992e+03
8.358876647966349992e+03
8.358876647966349992e+03
8.358876647966349992e+03
8.358876647966349992e+03
8.358876647966349992e+03
8.358876647966349992e+03
8.358876647966349992e+03
8.358876647966349992e+03
8.358876647966349992e+03
8.358876647966349992e+03
8.358876647966349992e+03
8.358876647966349992e+03
8.358876647966349992e+03
8.358876647966349992e+03
8.358876647966349992e+03
8.358876647966349992e+03
8.358876647966349992e+03
8.358876647966349992e+03
8.358876647966349992e+03
8.358876647966349992e+03
8.358876647966349992e+03
8.358876647966349992e+03
8.358876647966349992e+03
8.358876647966349992e+03
8.358876647966349992e+03
8.358876647966349992e+03
8.358876647966349992e+03
8.358876647966349992e+03
8.358876647966349992e+03
8.358876647966349992e+03
8.358876647966349992e+03
8.358876647966349992e+03
8.358876647966349992e+03
8.358876647966349992e+03
8.358876647966349992e+03
8.358876647966349992e+03
8.358876647966349992e+03
8.358876647966349992e+03
8.358876647966349992e+03
8.358876647966349992e+03
8.358876647966349992e+03
8.358876647966349992e+03
8.358876647966349992e+03
8.358876647966349992e+03
8.358876647966349992e+03
8.358876647966349992e+03
8.358876647966349992e+03
8.358876647966349992e+03
8.358876647966349992e+03
8.358876647966349992e+03
8.358876647966349992e+03
8.358876647966349992e+03
8.358876647966349992e+03
8.358876647966349992e+03
8.358876647966349992e+03
8.358876647966349992e+03
8.358876647966349992e+03
8.358876647966349992e+03
8.358876647966349992e+03
8.358876647966349992e+03
8.358876647966349992e+03
8.358876647966349992e+03
8.358876647966349992e+03
8.358876647966349992e+03
8.358876647966349992e+03
8.358876647966349992e+03
8.358876647966349992e+03
8.358876647966349992e+03
8.358876647966349992e+03
8.358876647966349992e+03
8.358876647966349992e+03
8.358876647966349992e+03
8.358876647966349992e+03
8.358876647966349992e+03
8.358876647966349992e+03
8.358876647966349992e+03
8.358876647966349992e+03
8.358876647966349992e+03
8.358876647966349992e+03
8.358876647966349992e+03
8.358876647966349992e+03
8.358876647966349992e+03
8.358876647966349992e+03
8.358876647966349992e+03
8.358876647966349992e+03
8.358876647966349992e+03
8.358876647966349992e+03
8.358876647966349992e+03
8.358876647966349992e+03
8.358876647966349992e+03
8.358876647966349992e+03
8.358876647966349992e+03
8.358876647966349992e+03
8.358876647966349992e+03
8.358876647966349992e+03
8.358876647966349992e+03
8.358876647966349992e+03
8.358876647966349992e+03
8.358876647966349992e+03
8.358876647966349992e+03
8.358876647966349992e+03
8.358876647966349992e+03
8.358876647966349992e+03
8.358876647966349992e+03
8.358876647966349992e+03
8.358876647966349992e+03
8.358876647966349992e+03
8.358876647966349992e+03
8.358876647966349992e+03
8.358876647966349992e+03
8.358876647966349992e+03
8.358876647966349992e+03
8.358876647966349992e+03
8.358876647966349992e+03
8.358876647966349992e+03
8.358876647966349992e+03
8.358876647966349992e+03
8.358876647966349992e+03
8.358876647966349992e+03
8.358876647966349992e+03
8.358876647966349992e+03
8.358876647966349992e+03
8.358876647966349992e+03
8.358876647966349992e+03
8.358876647966349992e+03
8.358876647966349992e+03
8.358876647966349992e+03
8.358876647966349992e+03
8.358876647966349992e+03
8.358876647966349992e+03
8.358876647966349992e+03
8.358876647966349992e+03
8.358876647966349992e+03
8.358876647966349992e+03
8.358876647966349992e+03
8.358876647966349992e+03
8.358876647966349992e+03
8.358876647966349992e+03
8.358876647966349992e+03
8.358876647966349992e+03
8.358876647966349992e+03
8.358876647966349992e+03
8.358876647966349992e+03
8.358876647966349992e+03
8.358876647966349992e+03
8.358876647966349992e+03
8.358876647966349992e+03
8.358876647966349992e+03
8.358876647966349992e+03
8.358876647966349992e+03
8.358876647966349992e+03
8.358876647966349992e+03
8.358876647966349992e+03
8.358876647966349992e+03
8.358876647966349992e+03
8.358876647966349992e+03
8.358876647966349992e+03
8.358876647966349992e+03
8.358876647966349992e+03
8.358876647966349992e+03
8.358876647966349992e+03
8.358876647966349992e+03
8.358876647966349992e+03
8.358876647966349992e+03
8.358876647966349992e+03
8.358876647966349992e+03
8.358876647966349992e+03
8.358876647966349992e+03
8.358876647966349992e+03
8.358876647966349992e+03
8.358876647966349992e+03
8.358876647966349992e+03
8.358876647966349992e+03
8.358876647966349992e+03
8.358876647966349992e+03
8.358876647966349992e+03
8.358876647966349992e+03
8.358876647966349992e+03
8.358876647966349992e+03
8.358876647966349992e+03
8.358876647966349992e+03
8.358876647966349992e+03
8.358876647966349992e+03
8.358876647966349992e+03
8.358876647966349992e+03
8.358876647966349992e+03
8.358876647966349992e+03
8.358876647966349992e+03
8.358876647966349992e+03
8.358876647966349992e+03
8.358876647966349992e+03
8.358876647966349992e+03
8.358876647966349992e+03
8.358876647966349992e+03
8.358876647966349992e+03
8.358876647966349992e+03
8.358876647966349992e+03
8.358876647966349992e+03
8.358876647966349992e+03
8.358876647966349992e+03
8.358876647966349992e+03
8.358876647966349992e+03
8.358876647966349992e+03
8.358876647966349992e+03
8.358876647966349992e+03
8.358876647966349992e+03
8.358876647966349992e+03
8.358876647966349992e+03
8.358876647966349992e+03
8.358876647966349992e+03
8.358876647966349992e+03
8.358876647966349992e+03
8.358876647966349992e+03
8.358876647966349992e+03
8.358876647966349992e+03
8.358876647966349992e+03
8.358876647966349992e+03
8.358876647966349992e+03
8.358876647966349992e+03
8.358876647966349992e+03
8.358876647966349992e+03
8.358876647966349992e+03
8.358876647966349992e+03
8.358876647966349992e+03
8.358876647966349992e+03
8.358876647966349992e+03
8.358876647966349992e+03
8.358876647966349992e+03
8.358876647966349992e+03
8.358876647966349992e+03
8.358876647966349992e+03
8.358876647966349992e+03
8.358876647966349992e+03
8.358876647966349992e+03
8.358876647966349992e+03
8.358876647966349992e+03
8.358876647966349992e+03
8.358876647966349992e+03
8.358876647966349992e+03
8.358876647966349992e+03
8.358876647966349992e+03
8.358876647966349992e+03
8.358876647966349992e+03
8.358876647966349992e+03
8.358876647966349992e+03
8.358876647966349992e+03
8.358876647966349992e+03
8.358876647966349992e+03
8.358876647966349992e+03
8.358876647966349992e+03
8.358876647966349992e+03
8.358876647966349992e+03
8.358876647966349992e+03
8.358876647966349992e+03
8.358876647966349992e+03
8.358876647966349992e+03
8.358876647966349992e+03
8.358876647966349992e+03
8.358876647966349992e+03
8.358876647966349992e+03
8.358876647966349992e+03
8.358876647966349992e+03
8.358876647966349992e+03
8.358876647966349992e+03
8.358876647966349992e+03
8.358876647966349992e+03
8.358876647966349992e+03
8.358876647966349992e+03
8.358876647966349992e+03
8.358876647966349992e+03
8.358876647966349992e+03
8.358876647966349992e+03
8.358876647966349992e+03
8.358876647966349992e+03
8.358876647966349992e+03
8.358876647966349992e+03
8.358876647966349992e+03
8.358876647966349992e+03
8.358876647966349992e+03
8.358876647966349992e+03
8.358876647966349992e+03
8.358876647966349992e+03
8.358876647966349992e+03
8.358876647966349992e+03
8.358876647966349992e+03
8.358876647966349992e+03
8.358876647966349992e+03
8.358876647966349992e+03
8.358876647966349992e+03
8.358876647966349992e+03
8.358876647966349992e+03
8.358876647966349992e+03
8.358876647966349992e+03
8.358876647966349992e+03
8.358876647966349992e+03
8.358876647966349992e+03
8.358876647966349992e+03
8.358876647966349992e+03
8.358876647966349992e+03
8.358876647966349992e+03
8.358876647966349992e+03
8.358876647966349992e+03
8.358876647966349992e+03
8.358876647966349992e+03
8.358876647966349992e+03
8.358876647966349992e+03
8.358876647966349992e+03
8.358876647966349992e+03
8.358876647966349992e+03
8.358876647966349992e+03
8.358876647966349992e+03
8.358876647966349992e+03
8.358876647966349992e+03
8.358876647966349992e+03
8.358876647966349992e+03
8.358876647966349992e+03
8.358876647966349992e+03
8.358876647966349992e+03
8.358876647966349992e+03
8.358876647966349992e+03
8.358876647966349992e+03
8.358876647966349992e+03
8.358876647966349992e+03
8.358876647966349992e+03
8.358876647966349992e+03
8.358876647966349992e+03
8.358876647966349992e+03
8.358876647966349992e+03
8.358876647966349992e+03
8.358876647966349992e+03
8.358876647966349992e+03
8.358876647966349992e+03
8.358876647966349992e+03
8.358876647966349992e+03
8.358876647966349992e+03
8.358876647966349992e+03
8.358876647966349992e+03
2.897876647966349992e+03
