4.602789387564282606e+02
5.867789387564282606e+02
2.901122720897616318e+02
3.984456054230950031e+02
8.121122720897616318e+02
1.134612272089761518e+03
1.272945605423095003e+03
1.088778938756428261e+03
1.132445605423095003e+03
1.196945605423095003e+03
1.204445605423095003e+03
1.067612272089761518e+03
1.168112272089761518e+03
1.281445605423094776e+03
1.293778938756428033e+03
1.123612272089761518e+03
1.182278938756428261e+03
1.278445605423095003e+03
1.333445605423095003e+03
1.182445605423095003e+03
1.342278938756428261e+03
1.438778938756428261e+03
1.456112272089761518e+03
1.228612272089761518e+03
1.309945605423095003e+03
1.367778938756428261e+03
1.360945605423094776e+03
1.172612272089761518e+03
1.265445605423095003e+03
1.350112272089761518e+03
1.359278938756428261e+03
1.206278938756428261e+03
1.342612272089761518e+03
1.403612272089761518e+03
1.406112272089761518e+03
1.194945605423095003e+03
1.284445605423095003e+03
1.352778938756428261e+03
1.332112272089761518e+03
1.164945605423095003e+03
1.270778938756428261e+03
1.372612272089761518e+03
1.374778938756428261e+03
1.194445605423095003e+03
1.279945605423095003e+03
1.367112272089761518e+03
1.387112272089761518e+03
1.279945605423095003e+03
1.414278938756428261e+03
1.477445605423095003e+03
1.401278938756428261e+03
1.173445605423095003e+03
1.288278938756428261e+03
1.392778938756428261e+03
1.427945605423095003e+03
1.252278938756428261e+03
1.336445605423095003e+03
1.367612272089761518e+03
1.356278938756428261e+03
1.178112272089761518e+03
1.293278938756428261e+03
1.385612272089761518e+03
1.394945605423094776e+03
1.201778938756428261e+03
1.291278938756428261e+03
1.375945605423095003e+03
1.371278938756428033e+03
1.208612272089761518e+03
1.342112272089761518e+03
1.454278938756428261e+03
1.459445605423095003e+03
1.273778938756428261e+03
1.389278938756428261e+03
1.446778938756428033e+03
1.425612272089761518e+03
1.252112272089761518e+03
1.356112272089761518e+03
1.422445605423095003e+03
1.367612272089761518e+03
1.198778938756428261e+03
1.287278938756428261e+03
1.352278938756428261e+03
1.320278938756428261e+03
1.144612272089761518e+03
1.238612272089761518e+03
1.330612272089761518e+03
1.342612272089761518e+03
1.220278938756428261e+03
1.320112272089761518e+03
1.369945605423095003e+03
1.368778938756428261e+03
1.199112272089761518e+03
1.320445605423095003e+03
1.396778938756428261e+03
1.385278938756428261e+03
1.264112272089761518e+03
1.381778938756428261e+03
1.455445605423095003e+03
1.392945605423094776e+03
1.185778938756428261e+03
1.292445605423095003e+03
1.367278938756428033e+03
1.358612272089761518e+03
1.175445605423095003e+03
1.281278938756428261e+03
1.337112272089761518e+03
1.329112272089761518e+03
1.162445605423095003e+03
1.298945605423095003e+03
1.387445605423095003e+03
1.396778938756428033e+03
1.210278938756428261e+03
1.343612272089761518e+03
1.448945605423095003e+03
1.463945605423095003e+03
1.253612272089761518e+03
1.303445605423095003e+03
1.346945605423095003e+03
1.339612272089761518e+03
1.169445605423095003e+03
1.294445605423095003e+03
1.375112272089761518e+03
1.384778938756428261e+03
1.189112272089761518e+03
1.275278938756428261e+03
1.315112272089761518e+03
1.296612272089761518e+03
1.143112272089761518e+03
1.290445605423095003e+03
1.400112272089761518e+03
1.364112272089761518e+03
1.144278938756428261e+03
1.243445605423095003e+03
1.369445605423095003e+03
1.392112272089761518e+03
1.221945605423095003e+03
1.289612272089761518e+03
1.359778938756428261e+03
1.333945605423095003e+03
1.165278938756428261e+03
1.274445605423095003e+03
1.407278938756428261e+03
1.446778938756428033e+03
1.258112272089761518e+03
1.280112272089761518e+03
1.330112272089761518e+03
1.359112272089761518e+03
1.221612272089761518e+03
1.279112272089761518e+03
1.329278938756428261e+03
1.342778938756428261e+03
1.216945605423095003e+03
1.325612272089761518e+03
1.379612272089761518e+03
1.361445605423095003e+03
1.186445605423095003e+03
1.283112272089761518e+03
1.367612272089761518e+03
1.378112272089761518e+03
1.210445605423095003e+03
1.263945605423095003e+03
1.315778938756428261e+03
1.309778938756428261e+03
1.181945605423095003e+03
1.275445605423095003e+03
1.346778938756428261e+03
1.359612272089761518e+03
1.222278938756428261e+03
1.330112272089761518e+03
1.393112272089761518e+03
1.363278938756428261e+03
1.183445605423095003e+03
1.240612272089761518e+03
1.330778938756428033e+03
1.380945605423095003e+03
1.238945605423095003e+03
1.308278938756428261e+03
1.359278938756428261e+03
1.382278938756428261e+03
1.233445605423095003e+03
1.327278938756428261e+03
1.370278938756428261e+03
1.356445605423094776e+03
1.185278938756428261e+03
1.300278938756428261e+03
1.362945605423095003e+03
1.356778938756428261e+03
1.161445605423095003e+03
1.283612272089761518e+03
1.350945605423095003e+03
1.330612272089761518e+03
1.162445605423095003e+03
1.255445605423095003e+03
1.361612272089761518e+03
1.394112272089761518e+03
1.239112272089761518e+03
1.317945605423095003e+03
1.349612272089761518e+03
1.347778938756428261e+03
1.209945605423095003e+03
1.331278938756428261e+03
1.392612272089761518e+03
1.404612272089761518e+03
1.222612272089761518e+03
1.290112272089761518e+03
1.325612272089761518e+03
1.331945605423094776e+03
1.215945605423095003e+03
1.338278938756428261e+03
1.390112272089761518e+03
1.359112272089761518e+03
1.186945605423095003e+03
1.288612272089761518e+03
1.359278938756428261e+03
1.292112272089761518e+03
1.094778938756428261e+03
1.218445605423095003e+03
1.387445605423095003e+03
1.449278938756428261e+03
1.257278938756428033e+03
1.292778938756428261e+03
1.326112272089761518e+03
1.334612272089761518e+03
1.184112272089761518e+03
1.285778938756428261e+03
1.370778938756428033e+03
1.400445605423095003e+03
1.238945605423095003e+03
1.311112272089761518e+03
1.354445605423094776e+03
1.367445605423094776e+03
1.228945605423095003e+03
1.293778938756428261e+03
1.302778938756428261e+03
1.292945605423095003e+03
1.166778938756428261e+03
1.312278938756428261e+03
1.349778938756428261e+03
1.346778938756428261e+03
1.181612272089761518e+03
1.296278938756428261e+03
1.341612272089761518e+03
1.308112272089761518e+03
1.139778938756428261e+03
1.234778938756428261e+03
1.313445605423094776e+03
1.296278938756428033e+03
1.139778938756428261e+03
1.254445605423095003e+03
1.349112272089761518e+03
1.360112272089761518e+03
1.193112272089761518e+03
1.302445605423095003e+03
1.362445605423095003e+03
1.375278938756428261e+03
1.217945605423095003e+03
1.310278938756428261e+03
1.348612272089761518e+03
1.333445605423095003e+03
1.164112272089761518e+03
1.237945605423095003e+03
1.311612272089761518e+03
1.352778938756428261e+03
1.244278938756428261e+03
1.349445605423095003e+03
1.393612272089761518e+03
1.382112272089761518e+03
1.179112272089761518e+03
1.236945605423095003e+03
1.286445605423095003e+03
1.312278938756428261e+03
1.184112272089761518e+03
1.299778938756428261e+03
1.327778938756428261e+03
1.316112272089761518e+03
1.133945605423095003e+03
1.235445605423095003e+03
1.299778938756428261e+03
1.304612272089761518e+03
1.157612272089761518e+03
1.292945605423095003e+03
1.381112272089761518e+03
1.395445605423095003e+03
1.190612272089761518e+03
1.256278938756428261e+03
1.341112272089761518e+03
1.404612272089761518e+03
1.257278938756428261e+03
1.317945605423095003e+03
1.322445605423095003e+03
1.343445605423095003e+03
1.201945605423095003e+03
1.285612272089761518e+03
1.314945605423095003e+03
1.326112272089761518e+03
1.225945605423095003e+03
1.350612272089761518e+03
1.407278938756428261e+03
1.394445605423095003e+03
1.206445605423095003e+03
1.271945605423095003e+03
1.318445605423095003e+03
1.306278938756428261e+03
1.186278938756428261e+03
1.283278938756428261e+03
1.369778938756428261e+03
1.345612272089761518e+03
1.213945605423095003e+03
1.306445605423095003e+03
1.377112272089761518e+03
1.374778938756428033e+03
1.259778938756428261e+03
1.332112272089761518e+03
1.329612272089761518e+03
1.269778938756428261e+03
1.144945605423095003e+03
1.293112272089761518e+03
1.361612272089761518e+03
1.356778938756428033e+03
1.150945605423095003e+03
1.203445605423095003e+03
1.219612272089761518e+03
1.221445605423095003e+03
1.111278938756428261e+03
1.199945605423095003e+03
1.279112272089761518e+03
1.293612272089761518e+03
1.167945605423095003e+03
1.231612272089761518e+03
1.274112272089761518e+03
1.286445605423095003e+03
1.162945605423095003e+03
1.246445605423095003e+03
1.326612272089761518e+03
1.349278938756428261e+03
1.238612272089761518e+03
1.286945605423095003e+03
1.335278938756428261e+03
1.358445605423095003e+03
1.242278938756428261e+03
1.300445605423095003e+03
1.308945605423095003e+03
1.313278938756428261e+03
1.210445605423095003e+03
1.306945605423095003e+03
1.331612272089761518e+03
1.297112272089761518e+03
1.154945605423095003e+03
1.274445605423095003e+03
1.370945605423095003e+03
1.359278938756428261e+03
1.192112272089761518e+03
1.258445605423095003e+03
1.313778938756428033e+03
1.325278938756428261e+03
1.145778938756428261e+03
1.218278938756428261e+03
1.270778938756428261e+03
1.324445605423095003e+03
1.203445605423095003e+03
1.248278938756428261e+03
1.281278938756428261e+03
1.280778938756428261e+03
1.169612272089761518e+03
1.247612272089761518e+03
1.301278938756428261e+03
1.347445605423095003e+03
1.231945605423095003e+03
1.337445605423095003e+03
1.336445605423095003e+03
1.316612272089761518e+03
1.146445605423095003e+03
1.214778938756428261e+03
1.283445605423095003e+03
1.361612272089761518e+03
1.280778938756428261e+03
1.345278938756428261e+03
1.306112272089761518e+03
1.292945605423095003e+03
1.186778938756428261e+03
1.287445605423095003e+03
1.316778938756428261e+03
1.293612272089761518e+03
1.146445605423095003e+03
1.223778938756428261e+03
1.272112272089761518e+03
1.304945605423095003e+03
1.191445605423095003e+03
1.262612272089761518e+03
1.291112272089761518e+03
1.271612272089761518e+03
1.120778938756428261e+03
1.191612272089761518e+03
1.242945605423095003e+03
1.266445605423095003e+03
1.142278938756428261e+03
1.206112272089761518e+03
1.245278938756428261e+03
1.267112272089761518e+03
1.174612272089761518e+03
1.298278938756428261e+03
1.322112272089761518e+03
1.289112272089761518e+03
1.131945605423095003e+03
1.218945605423095003e+03
1.273945605423094776e+03
1.283945605423094776e+03
1.186445605423095003e+03
1.277278938756428261e+03
1.294778938756428261e+03
1.288445605423095003e+03
1.190945605423095003e+03
1.307778938756428261e+03
1.351278938756428261e+03
1.364445605423095003e+03
1.250945605423095003e+03
1.311445605423095003e+03
1.312945605423095003e+03
1.287945605423095003e+03
1.157778938756428261e+03
1.219612272089761518e+03
1.246445605423095003e+03
1.273778938756428261e+03
1.196778938756428261e+03
1.294112272089761518e+03
1.303278938756428261e+03
1.283445605423094776e+03
1.168278938756428261e+03
1.276445605423095003e+03
1.334945605423095003e+03
1.366112272089761518e+03
1.211612272089761518e+03
1.277945605423095003e+03
1.293778938756428261e+03
1.331778938756428261e+03
1.202612272089761518e+03
1.240778938756428261e+03
1.221612272089761518e+03
1.227445605423095003e+03
1.151112272089761518e+03
1.247778938756428261e+03
1.271945605423095003e+03
1.258278938756428261e+03
1.146612272089761518e+03
1.215945605423095003e+03
1.244112272089761518e+03
1.293112272089761518e+03
1.230612272089761518e+03
1.307612272089761518e+03
1.304445605423095003e+03
1.298112272089761518e+03
1.196445605423095003e+03
1.275945605423095003e+03
1.307778938756428261e+03
1.301778938756428261e+03
1.206612272089761518e+03
1.251278938756428261e+03
1.315945605423095003e+03
1.372445605423095003e+03
1.269445605423095003e+03
1.306778938756428261e+03
1.284445605423095003e+03
1.311612272089761518e+03
1.210612272089761518e+03
1.281112272089761518e+03
1.296278938756428261e+03
1.309778938756428261e+03
1.198278938756428261e+03
1.264278938756428261e+03
1.297945605423095003e+03
1.316278938756428261e+03
1.195278938756428261e+03
1.234778938756428261e+03
1.249945605423095003e+03
1.260445605423095003e+03
1.148112272089761518e+03
1.215612272089761518e+03
1.264612272089761518e+03
1.304612272089761518e+03
1.211445605423095003e+03
1.282278938756428261e+03
1.311112272089761518e+03
1.324612272089761518e+03
1.189612272089761518e+03
1.222945605423095003e+03
1.225778938756428261e+03
1.268112272089761518e+03
1.179278938756428261e+03
1.227278938756428261e+03
1.196945605423095003e+03
1.206778938756428261e+03
1.128445605423095003e+03
1.225945605423095003e+03
1.279778938756428261e+03
1.316945605423095003e+03
1.230445605423095003e+03
1.280945605423095003e+03
1.270445605423095003e+03
1.282612272089761518e+03
1.161945605423095003e+03
1.231612272089761518e+03
1.274278938756428261e+03
1.305945605423095003e+03
1.191945605423095003e+03
1.228612272089761518e+03
1.243445605423095003e+03
1.267612272089761518e+03
1.190612272089761518e+03
1.285945605423095003e+03
1.322945605423095003e+03
1.307445605423095003e+03
1.187278938756428261e+03
1.280278938756428261e+03
1.330778938756428261e+03
1.390278938756428261e+03
1.253612272089761518e+03
1.258612272089761518e+03
1.218278938756428261e+03
1.245778938756428261e+03
1.179112272089761518e+03
1.249445605423095003e+03
1.266612272089761518e+03
1.318778938756428261e+03
1.226945605423095003e+03
1.276278938756428261e+03
1.254945605423095003e+03
1.263112272089761518e+03
1.161445605423095003e+03
1.219612272089761518e+03
1.217612272089761518e+03
1.229278938756428261e+03
1.142278938756428261e+03
1.244278938756428261e+03
1.308945605423095003e+03
1.360112272089761518e+03
1.265612272089761518e+03
1.275112272089761518e+03
1.246445605423095003e+03
1.251612272089761518e+03
1.186445605423095003e+03
1.260945605423095003e+03
1.270945605423095003e+03
1.279612272089761518e+03
1.187278938756428261e+03
1.267112272089761518e+03
1.284445605423095003e+03
1.327278938756428261e+03
1.234112272089761518e+03
1.290278938756428261e+03
1.288112272089761518e+03
1.333612272089761518e+03
1.252778938756428261e+03
1.319278938756428261e+03
1.280612272089761518e+03
1.274112272089761518e+03
1.127112272089761518e+03
1.201945605423095003e+03
1.239278938756428261e+03
1.317278938756428261e+03
1.230112272089761518e+03
1.294612272089761518e+03
1.294945605423095003e+03
1.292278938756428261e+03
1.191945605423095003e+03
1.259445605423095003e+03
1.294112272089761518e+03
1.321112272089761518e+03
1.231278938756428261e+03
1.301278938756428261e+03
1.287612272089761518e+03
1.287278938756428261e+03
1.152778938756428261e+03
1.242612272089761518e+03
1.287778938756428033e+03
1.378445605423095003e+03
1.306445605423095003e+03
1.351112272089761518e+03
1.316112272089761518e+03
1.297278938756428261e+03
1.175778938756428261e+03
1.231612272089761518e+03
1.248112272089761518e+03
1.285445605423095003e+03
1.190945605423095003e+03
1.218778938756428261e+03
1.218112272089761518e+03
1.252278938756428261e+03
1.180445605423095003e+03
1.224778938756428261e+03
1.190445605423095003e+03
1.206945605423095003e+03
1.154612272089761518e+03
1.235778938756428261e+03
1.243945605423095003e+03
1.281612272089761518e+03
1.220945605423095003e+03
1.325112272089761518e+03
1.333278938756428261e+03
1.365945605423094776e+03
1.268278938756428261e+03
1.293612272089761518e+03
1.285112272089761518e+03
1.300612272089761518e+03
1.228112272089761518e+03
1.282112272089761518e+03
1.265778938756428261e+03
1.302945605423095003e+03
1.260945605423095003e+03
1.362778938756428261e+03
1.343945605423095003e+03
1.327612272089761518e+03
1.223445605423095003e+03
1.286278938756428261e+03
1.285945605423095003e+03
1.257445605423095003e+03
1.148278938756428261e+03
1.199112272089761518e+03
1.229445605423095003e+03
1.261445605423095003e+03
1.179445605423095003e+03
1.214612272089761518e+03
1.204778938756428261e+03
1.222612272089761518e+03
1.153612272089761518e+03
1.214612272089761518e+03
1.227612272089761518e+03
1.273445605423095003e+03
1.187612272089761518e+03
1.226778938756428261e+03
1.241612272089761518e+03
1.304612272089761518e+03
1.230112272089761518e+03
1.255278938756428261e+03
1.239945605423095003e+03
1.278278938756428261e+03
1.214445605423095003e+03
1.270612272089761518e+03
1.266278938756428261e+03
1.292778938756428261e+03
1.223445605423095003e+03
1.292112272089761518e+03
1.276778938756428261e+03
1.272945605423095003e+03
1.165945605423095003e+03
1.236612272089761518e+03
1.295778938756428261e+03
1.383945605423095003e+03
1.318612272089761518e+03
1.344445605423095003e+03
1.285778938756428261e+03
1.309278938756428261e+03
1.206112272089761518e+03
1.238945605423095003e+03
1.211112272089761518e+03
1.268612272089761518e+03
1.230278938756428261e+03
1.300612272089761518e+03
1.287945605423095003e+03
1.317112272089761518e+03
1.192945605423095003e+03
1.199112272089761518e+03
1.197778938756428261e+03
1.289612272089761518e+03
1.269445605423095003e+03
1.321445605423095003e+03
1.286278938756428261e+03
1.334778938756428261e+03
1.255612272089761518e+03
1.322945605423095003e+03
1.265612272089761518e+03
1.283445605423095003e+03
1.183112272089761518e+03
1.247945605423095003e+03
1.231278938756428261e+03
1.297112272089761518e+03
1.251445605423095003e+03
1.314778938756428261e+03
1.279445605423095003e+03
1.280778938756428261e+03
1.195945605423095003e+03
1.275945605423095003e+03
1.281278938756428261e+03
1.343445605423095003e+03
1.243278938756428261e+03
1.292278938756428261e+03
1.298612272089761518e+03
1.393112272089761518e+03
1.338112272089761518e+03
1.369278938756428261e+03
1.305778938756428261e+03
1.315445605423095003e+03
1.209945605423095003e+03
1.218445605423095003e+03
1.183778938756428261e+03
1.184612272089761518e+03
1.169945605423095003e+03
1.260112272089761518e+03
1.283445605423095003e+03
1.286612272089761518e+03
1.160778938756428261e+03
1.189278938756428261e+03
1.181612272089761518e+03
1.263445605423095003e+03
1.217445605423095003e+03
1.297445605423095003e+03
1.257112272089761518e+03
1.266612272089761518e+03
1.174945605423095003e+03
1.262612272089761518e+03
1.306278938756428261e+03
1.313278938756428261e+03
1.198945605423095003e+03
1.215778938756428261e+03
1.253112272089761518e+03
1.283778938756428261e+03
1.203778938756428261e+03
1.238445605423095003e+03
1.250112272089761518e+03
1.303278938756428261e+03
1.197445605423095003e+03
1.246612272089761518e+03
1.246612272089761518e+03
1.301278938756428261e+03
1.245112272089761518e+03
1.273612272089761518e+03
1.279445605423095003e+03
1.308778938756428261e+03
1.220112272089761518e+03
1.218112272089761518e+03
1.179778938756428261e+03
1.214112272089761518e+03
1.170445605423095003e+03
1.194278938756428261e+03
1.209612272089761518e+03
1.265112272089761518e+03
1.216112272089761518e+03
1.290778938756428261e+03
1.301612272089761518e+03
1.356445605423095003e+03
1.237278938756428261e+03
1.236112272089761518e+03
1.194612272089761518e+03
1.214278938756428261e+03
1.120445605423095003e+03
1.194945605423095003e+03
1.252778938756428261e+03
1.298112272089761518e+03
1.170112272089761518e+03
1.131112272089761518e+03
1.124445605423095003e+03
1.199112272089761518e+03
1.171778938756428261e+03
1.221278938756428261e+03
1.209278938756428261e+03
1.255112272089761518e+03
1.235112272089761518e+03
1.301778938756428261e+03
1.285612272089761518e+03
1.313612272089761518e+03
1.249112272089761518e+03
1.312612272089761518e+03
1.281445605423095003e+03
1.281278938756428261e+03
1.195612272089761518e+03
1.243445605423095003e+03
1.284112272089761518e+03
1.291445605423095003e+03
1.194945605423095003e+03
1.201112272089761518e+03
1.222445605423095003e+03
1.281612272089761518e+03
1.218612272089761518e+03
1.277778938756428261e+03
1.290112272089761518e+03
1.369445605423095003e+03
1.282612272089761518e+03
1.305612272089761518e+03
1.264945605423095003e+03
1.274445605423095003e+03
1.203445605423095003e+03
1.274778938756428261e+03
1.281112272089761518e+03
1.295612272089761518e+03
1.177112272089761518e+03
1.217278938756428261e+03
1.203445605423095003e+03
1.240612272089761518e+03
1.156778938756428261e+03
1.218445605423095003e+03
1.225278938756428261e+03
1.293945605423095003e+03
1.228112272089761518e+03
1.262112272089761518e+03
1.245445605423095003e+03
1.284945605423095003e+03
1.233278938756428261e+03
1.336278938756428261e+03
1.362445605423094776e+03
1.403112272089761518e+03
1.287945605423095003e+03
1.297278938756428261e+03
1.279112272089761518e+03
1.293112272089761518e+03
1.237945605423095003e+03
1.276945605423095003e+03
1.258945605423095003e+03
1.264778938756428261e+03
1.181112272089761518e+03
1.277945605423095003e+03
1.273278938756428261e+03
1.307112272089761518e+03
1.205778938756428261e+03
1.274945605423095003e+03
1.264278938756428261e+03
1.266278938756428261e+03
1.167612272089761518e+03
1.237778938756428261e+03
1.260778938756428261e+03
1.287112272089761518e+03
1.190945605423095003e+03
1.258278938756428261e+03
1.281278938756428261e+03
1.350945605423095003e+03
1.255112272089761518e+03
1.319278938756428261e+03
1.287278938756428261e+03
1.265778938756428261e+03
1.131612272089761518e+03
1.192612272089761518e+03
1.230778938756428261e+03
1.239445605423095003e+03
1.156278938756428261e+03
1.234945605423095003e+03
1.299945605423095003e+03
1.342778938756428261e+03
1.274778938756428261e+03
1.336612272089761518e+03
1.330278938756428261e+03
1.333945605423095003e+03
1.206612272089761518e+03
1.219445605423095003e+03
1.216112272089761518e+03
1.256445605423095003e+03
1.182445605423095003e+03
1.239612272089761518e+03
1.244278938756428261e+03
1.284445605423095003e+03
1.203612272089761518e+03
1.253278938756428261e+03
1.292445605423095003e+03
1.318778938756428261e+03
1.239278938756428261e+03
1.260612272089761518e+03
1.269945605423095003e+03
1.322945605423095003e+03
1.244778938756428261e+03
1.294778938756428261e+03
1.280612272089761518e+03
1.320112272089761518e+03
1.249278938756428261e+03
1.306445605423095003e+03
1.299278938756428261e+03
1.321278938756428261e+03
1.247612272089761518e+03
1.346612272089761518e+03
1.353945605423095003e+03
1.360778938756428261e+03
1.245612272089761518e+03
1.317778938756428261e+03
1.328112272089761518e+03
1.357945605423095003e+03
1.247945605423095003e+03
1.305945605423095003e+03
1.308778938756428261e+03
1.356612272089761518e+03
1.269945605423095003e+03
1.339278938756428261e+03
1.333612272089761518e+03
1.382778938756428261e+03
1.297112272089761518e+03
1.355778938756428261e+03
1.362445605423095003e+03
1.387612272089761518e+03
1.325778938756428261e+03
1.390278938756428261e+03
1.386945605423095003e+03
1.418278938756428261e+03
1.361112272089761518e+03
1.432278938756428261e+03
1.403778938756428261e+03
1.383612272089761518e+03
1.290278938756428261e+03
1.368778938756428261e+03
1.374112272089761518e+03
1.369612272089761518e+03
1.272278938756428261e+03
1.361278938756428261e+03
1.417278938756428261e+03
1.472612272089761518e+03
1.397945605423095003e+03
1.477945605423095003e+03
1.486112272089761518e+03
1.502945605423095003e+03
1.409778938756428261e+03
1.479945605423095003e+03
1.470945605423095003e+03
1.501778938756428261e+03
1.402945605423095003e+03
1.480778938756428261e+03
1.501278938756428261e+03
1.513112272089761518e+03
1.405612272089761518e+03
1.416278938756428261e+03
1.483445605423095003e+03
1.605278938756428261e+03
1.573612272089761518e+03
1.626945605423095003e+03
1.591945605423094776e+03
1.585112272089761518e+03
1.446278938756428261e+03
1.495278938756428261e+03
1.536278938756428033e+03
1.577945605423095003e+03
1.456945605423094776e+03
1.469278938756428261e+03
1.462778938756428261e+03
1.487778938756428261e+03
1.429612272089761518e+03
1.526945605423095003e+03
1.581112272089761518e+03
1.621612272089761518e+03
1.505612272089761518e+03
1.521945605423094776e+03
1.520612272089761518e+03
1.571112272089761518e+03
1.533112272089761518e+03
1.610112272089761518e+03
1.623778938756428261e+03
1.634445605423095003e+03
1.522112272089761518e+03
1.556445605423094776e+03
1.554445605423095003e+03
1.569278938756428261e+03
1.485945605423095003e+03
1.526278938756428261e+03
1.539112272089761518e+03
1.558445605423094776e+03
1.504278938756428033e+03
1.575112272089761518e+03
1.618112272089761518e+03
1.676445605423095003e+03
1.606112272089761518e+03
1.595778938756428261e+03
1.507445605423095003e+03
1.474445605423094776e+03
1.405445605423095003e+03
1.504112272089761518e+03
1.557945605423095003e+03
1.592445605423095003e+03
1.505612272089761518e+03
1.543112272089761518e+03
1.545445605423094776e+03
1.533778938756428261e+03
1.411112272089761518e+03
1.427778938756428261e+03
1.458945605423095003e+03
1.478778938756428261e+03
1.413278938756428261e+03
1.461612272089761518e+03
1.483612272089761518e+03
1.469445605423094776e+03
1.346945605423095003e+03
1.397778938756428261e+03
1.447778938756428261e+03
1.493445605423095003e+03
1.424112272089761518e+03
1.465445605423095003e+03
1.420778938756428261e+03
1.374612272089761518e+03
1.278445605423095003e+03
1.380112272089761518e+03
1.396112272089761518e+03
1.389278938756428261e+03
1.265945605423095003e+03
1.323778938756428261e+03
1.322112272089761518e+03
1.337778938756428261e+03
1.241278938756428261e+03
1.322278938756428261e+03
1.354278938756428261e+03
1.392278938756428261e+03
1.302778938756428261e+03
1.378778938756428261e+03
1.398778938756428261e+03
1.431112272089761518e+03
1.292112272089761518e+03
1.312445605423095003e+03
1.289278938756428261e+03
1.358945605423095003e+03
1.308278938756428261e+03
1.390945605423095003e+03
1.354445605423095003e+03
1.337612272089761518e+03
1.203778938756428261e+03
1.245612272089761518e+03
1.274945605423095003e+03
1.324945605423095003e+03
1.271445605423095003e+03
1.325112272089761518e+03
1.343278938756428033e+03
1.349612272089761518e+03
1.263112272089761518e+03
1.293278938756428261e+03
1.273112272089761518e+03
1.280612272089761518e+03
1.214278938756428261e+03
1.318445605423095003e+03
1.381445605423095003e+03
1.416778938756428261e+03
1.308445605423095003e+03
1.307612272089761518e+03
1.294945605423095003e+03
1.320945605423095003e+03
1.272778938756428261e+03
1.350112272089761518e+03
1.360445605423095003e+03
1.315612272089761518e+03
1.187112272089761518e+03
1.245445605423095003e+03
1.303445605423095003e+03
1.346778938756428261e+03
1.263112272089761518e+03
1.274278938756428261e+03
1.264278938756428261e+03
1.295445605423095003e+03
1.242112272089761518e+03
1.287278938756428261e+03
1.289112272089761518e+03
1.345945605423095003e+03
1.334612272089761518e+03
1.367112272089761518e+03
1.321945605423095003e+03
1.302612272089761518e+03
1.208112272089761518e+03
1.249278938756428261e+03
1.217112272089761518e+03
1.247445605423095003e+03
1.171778938756428261e+03
1.258278938756428261e+03
1.283278938756428261e+03
1.319278938756428261e+03
1.224612272089761518e+03
1.257278938756428261e+03
1.241445605423095003e+03
1.232278938756428261e+03
1.155778938756428261e+03
1.263778938756428261e+03
1.336778938756428261e+03
1.377112272089761518e+03
1.279445605423095003e+03
1.311778938756428261e+03
1.316612272089761518e+03
1.308612272089761518e+03
1.230945605423095003e+03
1.281945605423095003e+03
1.296278938756428261e+03
1.271945605423095003e+03
1.168445605423095003e+03
1.220445605423095003e+03
1.257778938756428261e+03
1.287778938756428261e+03
1.246445605423095003e+03
1.334112272089761518e+03
1.346945605423095003e+03
1.328278938756428261e+03
1.200112272089761518e+03
1.261945605423095003e+03
1.297278938756428261e+03
1.327445605423095003e+03
1.252278938756428261e+03
1.288445605423095003e+03
1.339112272089761518e+03
1.364112272089761518e+03
1.267778938756428261e+03
1.237945605423095003e+03
1.188945605423095003e+03
1.198445605423095003e+03
1.180778938756428261e+03
1.311778938756428261e+03
1.374445605423095003e+03
1.383445605423095003e+03
1.255278938756428261e+03
1.288278938756428261e+03
1.351445605423095003e+03
1.457278938756428261e+03
1.408445605423094776e+03
1.444945605423095003e+03
1.383945605423095003e+03
1.392945605423095003e+03
1.295612272089761518e+03
1.364778938756428261e+03
1.384945605423095003e+03
1.426945605423095003e+03
1.344445605423095003e+03
1.388278938756428261e+03
1.382778938756428033e+03
1.415778938756428261e+03
1.309112272089761518e+03
1.346445605423095003e+03
1.371612272089761518e+03
1.456778938756428261e+03
1.403945605423095003e+03
1.423612272089761518e+03
1.397778938756428261e+03
1.386945605423095003e+03
1.317612272089761518e+03
1.391945605423095003e+03
1.437778938756428033e+03
1.455278938756428261e+03
1.357778938756428261e+03
1.398112272089761518e+03
1.414778938756428261e+03
1.438445605423095003e+03
1.366612272089761518e+03
1.426445605423095003e+03
1.477445605423095003e+03
1.533445605423095003e+03
1.443945605423094776e+03
1.482112272089761518e+03
1.464612272089761518e+03
1.484778938756428261e+03
1.381945605423095003e+03
1.449278938756428261e+03
1.484278938756428261e+03
1.497445605423095003e+03
1.382445605423095003e+03
1.430445605423095003e+03
1.446445605423095003e+03
1.449945605423095003e+03
1.371945605423095003e+03
1.426778938756428261e+03
1.459278938756428261e+03
1.451278938756428261e+03
1.384612272089761518e+03
1.463945605423095003e+03
1.495278938756428261e+03
1.492612272089761518e+03
1.394612272089761518e+03
1.446112272089761518e+03
1.482278938756428033e+03
1.468112272089761518e+03
1.372278938756428261e+03
1.393778938756428261e+03
1.459445605423095003e+03
1.509778938756428261e+03
1.461612272089761518e+03
1.491612272089761518e+03
1.483278938756428261e+03
1.479445605423095003e+03
1.398612272089761518e+03
1.478612272089761518e+03
1.516112272089761518e+03
1.530278938756428033e+03
1.444112272089761518e+03
1.484612272089761518e+03
1.496278938756428261e+03
1.469612272089761518e+03
1.378778938756428261e+03
1.454112272089761518e+03
1.502612272089761518e+03
1.530778938756428261e+03
1.444612272089761518e+03
1.494112272089761518e+03
1.499112272089761518e+03
1.504112272089761518e+03
1.420278938756428261e+03
1.485945605423095003e+03
1.511278938756428261e+03
1.535778938756428261e+03
1.429278938756428033e+03
1.464278938756428033e+03
1.494278938756428261e+03
1.548278938756428033e+03
1.505112272089761518e+03
1.595778938756428261e+03
1.604445605423094776e+03
1.587112272089761518e+03
1.438945605423094776e+03
1.489112272089761518e+03
1.531612272089761518e+03
1.540112272089761518e+03
1.469445605423094776e+03
1.519945605423094776e+03
1.543112272089761518e+03
1.521945605423095003e+03
1.414445605423095003e+03
1.493112272089761518e+03
1.553945605423095003e+03
1.607945605423094776e+03
1.508278938756428261e+03
1.557112272089761518e+03
1.554945605423095003e+03
1.606778938756428261e+03
1.536278938756428261e+03
1.589112272089761518e+03
1.584278938756428261e+03
1.584445605423095003e+03
1.510112272089761518e+03
1.561112272089761518e+03
1.551945605423094776e+03
1.584945605423095003e+03
1.508112272089761518e+03
1.581778938756428261e+03
1.626445605423094776e+03
1.672445605423095003e+03
1.604778938756428261e+03
1.624445605423095003e+03
1.616612272089761518e+03
1.673445605423095003e+03
1.597278938756428261e+03
1.645445605423095003e+03
1.640945605423095003e+03
1.675445605423094776e+03
1.614778938756428261e+03
1.664945605423094776e+03
1.671612272089761518e+03
1.649945605423095003e+03
1.540612272089761518e+03
1.581445605423094776e+03
1.640278938756428261e+03
1.679278938756428261e+03
1.612612272089761518e+03
1.665945605423094776e+03
1.671945605423095003e+03
1.665445605423095003e+03
1.582278938756428033e+03
1.649778938756428261e+03
1.677778938756428033e+03
1.690945605423094776e+03
1.618612272089761518e+03
1.691112272089761518e+03
1.708112272089761518e+03
1.725278938756428261e+03
1.612278938756428033e+03
1.652445605423095003e+03
1.644445605423094776e+03
1.649612272089761518e+03
1.577278938756428033e+03
1.640112272089761518e+03
1.691945605423095003e+03
1.721278938756428261e+03
1.655445605423094776e+03
1.697778938756428261e+03
1.709445605423095003e+03
1.717445605423094776e+03
1.662945605423095003e+03
1.719112272089761518e+03
1.752278938756428261e+03
1.730112272089761518e+03
1.642445605423095003e+03
1.685445605423095003e+03
1.719945605423094776e+03
1.748112272089761518e+03
1.643445605423094776e+03
1.707445605423094776e+03
1.696278938756428033e+03
1.681445605423095003e+03
1.599445605423094776e+03
1.692778938756428261e+03
1.757112272089761518e+03
1.756612272089761518e+03
1.647778938756428033e+03
1.683445605423095003e+03
1.693778938756428033e+03
1.683945605423094776e+03
1.596445605423095003e+03
1.654778938756428261e+03
1.703445605423095003e+03
1.756945605423095003e+03
1.711278938756428261e+03
1.766778938756428261e+03
1.759612272089761518e+03
1.753112272089761518e+03
1.699612272089761518e+03
1.744778938756428261e+03
1.759778938756428261e+03
1.766612272089761518e+03
1.710445605423094776e+03
1.775445605423094776e+03
1.771778938756428033e+03
1.777112272089761518e+03
1.667612272089761518e+03
1.711945605423095003e+03
1.723112272089761518e+03
1.739778938756428261e+03
1.638445605423095003e+03
1.681778938756428033e+03
1.686112272089761518e+03
1.698445605423095003e+03
1.632278938756428261e+03
1.709612272089761518e+03
1.735778938756428033e+03
1.735778938756428261e+03
1.650778938756428033e+03
1.759112272089761518e+03
1.801112272089761518e+03
1.821445605423095003e+03
1.687945605423095003e+03
1.708278938756428261e+03
1.721112272089761518e+03
1.751778938756428033e+03
1.722112272089761518e+03
1.774945605423095003e+03
1.800278938756428261e+03
1.790612272089761518e+03
1.711945605423095003e+03
1.768612272089761518e+03
1.817612272089761518e+03
1.863112272089761518e+03
1.807778938756428261e+03
1.888612272089761518e+03
1.958612272089761518e+03
2.011612272089761518e+03
1.937112272089761518e+03
1.998778938756428033e+03
2.053445605423095003e+03
2.127778938756428033e+03
2.106945605423095003e+03
2.205612272089761518e+03
2.219445605423095003e+03
2.207945605423095003e+03
2.077445605423095003e+03
2.125612272089761518e+03
2.133612272089761518e+03
2.140778938756428033e+03
2.035778938756428033e+03
2.090445605423095003e+03
2.149945605423095003e+03
2.190112272089761518e+03
2.132612272089761518e+03
2.205278938756428033e+03
2.217945605423095003e+03
2.147612272089761518e+03
1.953445605423094776e+03
1.924778938756428261e+03
1.885945605423094776e+03
1.862112272089761518e+03
1.737445605423095003e+03
1.791112272089761518e+03
1.811445605423094776e+03
1.857278938756428261e+03
1.784278938756428261e+03
1.823112272089761518e+03
1.839945605423094776e+03
1.892278938756428261e+03
1.816278938756428033e+03
1.832278938756428261e+03
1.792278938756428261e+03
1.795778938756428033e+03
1.718278938756428261e+03
1.778778938756428261e+03
1.806778938756428033e+03
1.838945605423095003e+03
1.753612272089761518e+03
1.799278938756428261e+03
1.805778938756428261e+03
1.793778938756428261e+03
1.698612272089761518e+03
1.780778938756428033e+03
1.811778938756428261e+03
1.829778938756428033e+03
1.735112272089761518e+03
1.789278938756428033e+03
1.826278938756428033e+03
1.821778938756428261e+03
1.700445605423094776e+03
1.691945605423095003e+03
1.700445605423095003e+03
1.740778938756428033e+03
1.688778938756428033e+03
1.730278938756428261e+03
1.747945605423094776e+03
1.792445605423095003e+03
1.693945605423095003e+03
1.716445605423094776e+03
1.701445605423095003e+03
1.722278938756428261e+03
1.672112272089761518e+03
1.715945605423095003e+03
1.750945605423094776e+03
1.779278938756428261e+03
1.713445605423095003e+03
1.767612272089761518e+03
1.779945605423094776e+03
1.787612272089761518e+03
1.683278938756428033e+03
1.720778938756428261e+03
1.709778938756428261e+03
1.712945605423094776e+03
1.637778938756428033e+03
1.712445605423095003e+03
1.729778938756428033e+03
1.727778938756428033e+03
1.615278938756428261e+03
1.657445605423094776e+03
1.650445605423095003e+03
1.702778938756428261e+03
1.659278938756428261e+03
1.774112272089761518e+03
1.760945605423095003e+03
1.726945605423094776e+03
1.603778938756428261e+03
1.679112272089761518e+03
1.733112272089761518e+03
1.785445605423095003e+03
1.741278938756428261e+03
1.789445605423095003e+03
1.755945605423095003e+03
1.706612272089761518e+03
1.593778938756428033e+03
1.651278938756428033e+03
1.691445605423095003e+03
1.714112272089761518e+03
1.646778938756428261e+03
1.706612272089761518e+03
1.758112272089761518e+03
1.805778938756428261e+03
1.689278938756428261e+03
1.686278938756428261e+03
1.674445605423095003e+03
1.733445605423095003e+03
1.696112272089761518e+03
1.744778938756428261e+03
1.712112272089761518e+03
1.714278938756428033e+03
1.594778938756428261e+03
1.606112272089761518e+03
1.597945605423095003e+03
1.657778938756428033e+03
1.648112272089761518e+03
1.756445605423094776e+03
1.748278938756428261e+03
1.748612272089761518e+03
1.625778938756428261e+03
1.681945605423095003e+03
1.696778938756428033e+03
1.718445605423095003e+03
1.677612272089761518e+03
1.761945605423095003e+03
1.762278938756428261e+03
1.761945605423095003e+03
1.663612272089761518e+03
1.710612272089761518e+03
1.696945605423094776e+03
1.695445605423095003e+03
1.642112272089761518e+03
1.749945605423095003e+03
1.786778938756428261e+03
1.823778938756428033e+03
1.686945605423094776e+03
1.692945605423095003e+03
1.667278938756428261e+03
1.685612272089761518e+03
1.633612272089761518e+03
1.683112272089761518e+03
1.686778938756428261e+03
1.728112272089761518e+03
1.670778938756428033e+03
1.762945605423095003e+03
1.781445605423094776e+03
1.854112272089761518e+03
1.779612272089761518e+03
1.797278938756428261e+03
1.749778938756428261e+03
1.765278938756428261e+03
1.683278938756428261e+03
1.714445605423095003e+03
1.721612272089761518e+03
1.771278938756428033e+03
1.684612272089761518e+03
1.690112272089761518e+03
1.693945605423095003e+03
1.746945605423094776e+03
1.695112272089761518e+03
1.736778938756428033e+03
1.736445605423095003e+03
1.769778938756428033e+03
1.712778938756428033e+03
1.760945605423095003e+03
1.756945605423095003e+03
1.753112272089761518e+03
1.692945605423095003e+03
1.727445605423095003e+03
1.729445605423094776e+03
1.732778938756428261e+03
1.664445605423094776e+03
1.716612272089761518e+03
1.698112272089761518e+03
1.728612272089761518e+03
1.672945605423094776e+03
1.761945605423094776e+03
1.780112272089761518e+03
1.796778938756428261e+03
1.719778938756428261e+03
1.779445605423095003e+03
1.760612272089761518e+03
1.756278938756428261e+03
1.631778938756428033e+03
1.682778938756428033e+03
1.705445605423095003e+03
1.737112272089761518e+03
1.693945605423095003e+03
1.766445605423095003e+03
1.777278938756428033e+03
1.737778938756428261e+03
1.630112272089761518e+03
1.668112272089761518e+03
1.683612272089761518e+03
1.695778938756428033e+03
1.617112272089761518e+03
1.664945605423094776e+03
1.665778938756428261e+03
1.719445605423095003e+03
1.677945605423094776e+03
1.723278938756428261e+03
1.677612272089761518e+03
1.656445605423095003e+03
1.556112272089761518e+03
1.607445605423094776e+03
1.618278938756428261e+03
1.653612272089761518e+03
1.577278938756428261e+03
1.624112272089761518e+03
1.640778938756428261e+03
1.688778938756428261e+03
1.640778938756428261e+03
1.685945605423095003e+03
1.669445605423095003e+03
1.653945605423094776e+03
1.562445605423095003e+03
1.625945605423095003e+03
1.643612272089761518e+03
1.675112272089761518e+03
1.579278938756428033e+03
1.631945605423095003e+03
1.661945605423095003e+03
1.719612272089761518e+03
1.649612272089761518e+03
1.679945605423095003e+03
1.692445605423094776e+03
1.733612272089761518e+03
1.692612272089761518e+03
1.714612272089761518e+03
1.699778938756428261e+03
1.698612272089761518e+03
1.597778938756428261e+03
1.621278938756428261e+03
1.596278938756428261e+03
1.601112272089761518e+03
1.503945605423094776e+03
1.542278938756428033e+03
1.555278938756428261e+03
1.583612272089761518e+03
1.503612272089761518e+03
1.580278938756428261e+03
1.627112272089761518e+03
1.680445605423095003e+03
1.601112272089761518e+03
1.613445605423094776e+03
1.601445605423095003e+03
1.611445605423095003e+03
1.545945605423094776e+03
1.588945605423095003e+03
1.596612272089761518e+03
1.657278938756428261e+03
1.599278938756428261e+03
1.654112272089761518e+03
1.637945605423094776e+03
1.656445605423095003e+03
1.555778938756428261e+03
1.574278938756428261e+03
1.555112272089761518e+03
1.584778938756428033e+03
1.535945605423095003e+03
1.640778938756428033e+03
1.682278938756428033e+03
1.757612272089761518e+03
1.726278938756428261e+03
1.832778938756428033e+03
1.920945605423095003e+03
2.043445605423095003e+03
2.117278938756428033e+03
2.285112272089761518e+03
2.408278938756428033e+03
2.516112272089761518e+03
2.521612272089761518e+03
2.572945605423095003e+03
2.508612272089761518e+03
2.377445605423095003e+03
2.149278938756428033e+03
2.059112272089761518e+03
1.969778938756428033e+03
1.938278938756428033e+03
1.840112272089761518e+03
1.860945605423095003e+03
1.836612272089761518e+03
1.818612272089761518e+03
1.720445605423095003e+03
1.750445605423094776e+03
1.734778938756428261e+03
1.727278938756428261e+03
1.622778938756428261e+03
1.651778938756428261e+03
1.639278938756428261e+03
1.641612272089761518e+03
1.555278938756428033e+03
1.615945605423095003e+03
1.642945605423095003e+03
1.683612272089761518e+03
1.608445605423095003e+03
1.644445605423095003e+03
1.629778938756428033e+03
1.633112272089761518e+03
1.546945605423095003e+03
1.594945605423095003e+03
1.639612272089761518e+03
1.693612272089761518e+03
1.589778938756428261e+03
1.564112272089761518e+03
1.532612272089761518e+03
1.614612272089761518e+03
1.611112272089761518e+03
1.682278938756428033e+03
1.655278938756428261e+03
1.644112272089761518e+03
1.531945605423095003e+03
1.549778938756428033e+03
1.565445605423094776e+03
1.636445605423095003e+03
1.574278938756428261e+03
1.575445605423095003e+03
1.531778938756428261e+03
1.549445605423095003e+03
1.486945605423095003e+03
1.531278938756428033e+03
1.530778938756428033e+03
1.540278938756428261e+03
1.477112272089761518e+03
1.547612272089761518e+03
1.560112272089761518e+03
1.534945605423094776e+03
1.406445605423095003e+03
1.468445605423095003e+03
1.537778938756428033e+03
1.643612272089761518e+03
1.555945605423094776e+03
1.565112272089761518e+03
1.520112272089761518e+03
1.552445605423095003e+03
1.479612272089761518e+03
1.509612272089761518e+03
1.502612272089761518e+03
1.504778938756428033e+03
1.421945605423095003e+03
1.461278938756428261e+03
1.504445605423094776e+03
1.543778938756428261e+03
1.442945605423095003e+03
1.486945605423095003e+03
1.515778938756428261e+03
1.604445605423094776e+03
1.537278938756428033e+03
1.557945605423095003e+03
1.525778938756428033e+03
1.544445605423094776e+03
1.481278938756428261e+03
1.497445605423094776e+03
1.471278938756428033e+03
1.461445605423095003e+03
1.405278938756428261e+03
1.473612272089761518e+03
1.511445605423094776e+03
1.544778938756428261e+03
1.434445605423095003e+03
1.451112272089761518e+03
1.442445605423095003e+03
1.483612272089761518e+03
1.438612272089761518e+03
1.484945605423095003e+03
1.500612272089761518e+03
1.502112272089761518e+03
1.417612272089761518e+03
1.435445605423095003e+03
1.454445605423095003e+03
1.491445605423095003e+03
1.468112272089761518e+03
1.542112272089761518e+03
1.562612272089761518e+03
1.528612272089761518e+03
1.376112272089761518e+03
1.410445605423095003e+03
1.465612272089761518e+03
1.548112272089761518e+03
1.494945605423094776e+03
1.508778938756428261e+03
1.459945605423095003e+03
1.432945605423094776e+03
1.315778938756428261e+03
1.356278938756428261e+03
1.386112272089761518e+03
1.463945605423095003e+03
1.433278938756428261e+03
1.467612272089761518e+03
1.441612272089761518e+03
1.447612272089761518e+03
1.349778938756428261e+03
1.378612272089761518e+03
1.357112272089761518e+03
1.362945605423095003e+03
1.304778938756428261e+03
1.408278938756428261e+03
1.486278938756428261e+03
1.544112272089761518e+03
1.466112272089761518e+03
1.494278938756428261e+03
1.476945605423094776e+03
1.456445605423095003e+03
1.365612272089761518e+03
1.422778938756428261e+03
1.461278938756428261e+03
1.483278938756428261e+03
1.382778938756428261e+03
1.402778938756428261e+03
1.406112272089761518e+03
1.397278938756428033e+03
1.307945605423095003e+03
1.373278938756428261e+03
1.432112272089761518e+03
1.483445605423095003e+03
1.390112272089761518e+03
1.425945605423095003e+03
1.416112272089761518e+03
1.402945605423095003e+03
1.343112272089761518e+03
1.432945605423095003e+03
1.501945605423095003e+03
1.522445605423095003e+03
1.435278938756428261e+03
1.461778938756428261e+03
1.471945605423095003e+03
1.463112272089761518e+03
1.419612272089761518e+03
1.467278938756428261e+03
1.479112272089761518e+03
1.456278938756428033e+03
1.355778938756428261e+03
1.392945605423095003e+03
1.393945605423095003e+03
1.417445605423095003e+03
1.352112272089761518e+03
1.370445605423095003e+03
1.359112272089761518e+03
1.397778938756428261e+03
1.354445605423095003e+03
1.408612272089761518e+03
1.363945605423095003e+03
1.353778938756428261e+03
1.289778938756428261e+03
1.371445605423095003e+03
1.410612272089761518e+03
1.442945605423095003e+03
1.357612272089761518e+03
1.388778938756428261e+03
1.361945605423095003e+03
1.365445605423095003e+03
1.291112272089761518e+03
1.337612272089761518e+03
1.324612272089761518e+03
1.306612272089761518e+03
1.223945605423095003e+03
1.290112272089761518e+03
1.332445605423095003e+03
1.363778938756428261e+03
1.284778938756428261e+03
1.316445605423095003e+03
1.353112272089761518e+03
1.421612272089761518e+03
1.358778938756428261e+03
1.365612272089761518e+03
1.337945605423095003e+03
1.352278938756428261e+03
1.282445605423095003e+03
1.314445605423095003e+03
1.327445605423095003e+03
1.345112272089761518e+03
1.293445605423095003e+03
1.366778938756428261e+03
1.404778938756428033e+03
1.431278938756428261e+03
1.366445605423095003e+03
1.409945605423095003e+03
1.400445605423095003e+03
1.360945605423095003e+03
1.243112272089761518e+03
1.297278938756428261e+03
1.350778938756428261e+03
1.388445605423095003e+03
1.307612272089761518e+03
1.324278938756428261e+03
1.307278938756428261e+03
1.330945605423095003e+03
1.242278938756428261e+03
1.275612272089761518e+03
1.262112272089761518e+03
1.282778938756428261e+03
1.233278938756428261e+03
1.287445605423095003e+03
1.289612272089761518e+03
1.288778938756428261e+03
1.214278938756428261e+03
1.306445605423095003e+03
1.364445605423095003e+03
1.388278938756428261e+03
1.317945605423095003e+03
1.379445605423095003e+03
1.428445605423095003e+03
1.451112272089761518e+03
1.327945605423095003e+03
1.349278938756428261e+03
1.356945605423095003e+03
1.378778938756428261e+03
1.280445605423095003e+03
1.279112272089761518e+03
1.265778938756428261e+03
1.263278938756428261e+03
1.185445605423095003e+03
1.229778938756428261e+03
1.226612272089761518e+03
1.245778938756428261e+03
1.195612272089761518e+03
1.285778938756428261e+03
1.325778938756428261e+03
1.359612272089761518e+03
1.249278938756428261e+03
1.288278938756428261e+03
1.337612272089761518e+03
1.410778938756428261e+03
1.307112272089761518e+03
1.296612272089761518e+03
1.293445605423095003e+03
1.361278938756428261e+03
1.303112272089761518e+03
1.332112272089761518e+03
1.346612272089761518e+03
1.367612272089761518e+03
1.262945605423095003e+03
1.281612272089761518e+03
1.299778938756428261e+03
1.364945605423095003e+03
1.286612272089761518e+03
1.331612272089761518e+03
1.314945605423095003e+03
1.454612272089761518e+03
1.689278938756428261e+03
1.801278938756428261e+03
1.690445605423094776e+03
1.387278938756428033e+03
1.245278938756428261e+03
1.274945605423095003e+03
1.277112272089761518e+03
1.321445605423095003e+03
1.248612272089761518e+03
1.277112272089761518e+03
1.253945605423095003e+03
1.253778938756428261e+03
1.183778938756428261e+03
1.236612272089761518e+03
1.282778938756428261e+03
1.336945605423095003e+03
1.261612272089761518e+03
1.288945605423095003e+03
1.276112272089761518e+03
1.310778938756428261e+03
1.257945605423095003e+03
1.310445605423095003e+03
1.349778938756428261e+03
1.384278938756428261e+03
1.319612272089761518e+03
1.337445605423095003e+03
1.346945605423095003e+03
1.346945605423095003e+03
1.259945605423095003e+03
1.281945605423095003e+03
1.305278938756428261e+03
1.345112272089761518e+03
1.266945605423095003e+03
1.287112272089761518e+03
1.294778938756428261e+03
1.333445605423095003e+03
1.268278938756428261e+03
1.292612272089761518e+03
1.306112272089761518e+03
1.340778938756428261e+03
1.257112272089761518e+03
1.287112272089761518e+03
1.274445605423095003e+03
1.307778938756428261e+03
1.236278938756428261e+03
1.330778938756428261e+03
1.356445605423095003e+03
1.375278938756428261e+03
1.245945605423095003e+03
1.259612272089761518e+03
1.262278938756428261e+03
1.299278938756428261e+03
1.215112272089761518e+03
1.240945605423095003e+03
1.254945605423095003e+03
1.294612272089761518e+03
1.242945605423095003e+03
1.285778938756428261e+03
1.288778938756428261e+03
1.294778938756428261e+03
1.203278938756428261e+03
1.233112272089761518e+03
1.264278938756428261e+03
1.317612272089761518e+03
1.256112272089761518e+03
1.266112272089761518e+03
1.260278938756428261e+03
1.284445605423095003e+03
1.232278938756428261e+03
1.279612272089761518e+03
1.261112272089761518e+03
1.246945605423095003e+03
1.174778938756428261e+03
1.262278938756428261e+03
1.322612272089761518e+03
1.356445605423095003e+03
1.284112272089761518e+03
1.303612272089761518e+03
1.294945605423095003e+03
1.311112272089761518e+03
1.232112272089761518e+03
1.242278938756428261e+03
1.222278938756428261e+03
1.252445605423095003e+03
1.206445605423095003e+03
1.245278938756428261e+03
1.234778938756428261e+03
1.267778938756428261e+03
1.222278938756428261e+03
1.308612272089761518e+03
1.312778938756428261e+03
1.316112272089761518e+03
1.183445605423095003e+03
1.211945605423095003e+03
1.222778938756428261e+03
1.263778938756428261e+03
1.208778938756428261e+03
1.284612272089761518e+03
1.305112272089761518e+03
1.307445605423095003e+03
1.216112272089761518e+03
1.267612272089761518e+03
1.292278938756428261e+03
1.331612272089761518e+03
1.277278938756428261e+03
1.282112272089761518e+03
1.251612272089761518e+03
1.269112272089761518e+03
1.233945605423095003e+03
1.302945605423095003e+03
1.291612272089761518e+03
1.326112272089761518e+03
1.263945605423095003e+03
1.293945605423095003e+03
1.294445605423095003e+03
1.315778938756428261e+03
1.246612272089761518e+03
1.297278938756428261e+03
1.332945605423095003e+03
1.364778938756428261e+03
1.286778938756428261e+03
1.287278938756428261e+03
1.301112272089761518e+03
1.332778938756428261e+03
1.257612272089761518e+03
1.305112272089761518e+03
1.293445605423095003e+03
1.314778938756428261e+03
1.241445605423095003e+03
1.339112272089761518e+03
1.389445605423095003e+03
1.381112272089761518e+03
1.259278938756428261e+03
1.286612272089761518e+03
1.305278938756428261e+03
1.325612272089761518e+03
1.212612272089761518e+03
1.263612272089761518e+03
1.237612272089761518e+03
1.276278938756428261e+03
1.208112272089761518e+03
1.286445605423095003e+03
1.306778938756428261e+03
1.352945605423095003e+03
1.267445605423095003e+03
1.291778938756428261e+03
1.251612272089761518e+03
1.235612272089761518e+03
1.151778938756428261e+03
1.207945605423095003e+03
1.245945605423095003e+03
1.269612272089761518e+03
1.193945605423095003e+03
1.252112272089761518e+03
1.264112272089761518e+03
1.270445605423095003e+03
1.170945605423095003e+03
1.251112272089761518e+03
1.307778938756428261e+03
1.342445605423095003e+03
1.227612272089761518e+03
1.232278938756428261e+03
1.220278938756428261e+03
1.252278938756428261e+03
1.188612272089761518e+03
1.257278938756428261e+03
1.263612272089761518e+03
1.290445605423095003e+03
1.222612272089761518e+03
1.262612272089761518e+03
1.251278938756428261e+03
1.231112272089761518e+03
1.126778938756428261e+03
1.168112272089761518e+03
1.207445605423095003e+03
1.254778938756428261e+03
1.190945605423095003e+03
1.259445605423095003e+03
1.285612272089761518e+03
1.297778938756428261e+03
1.195112272089761518e+03
1.217445605423095003e+03
1.237945605423095003e+03
1.247278938756428261e+03
1.184778938756428261e+03
1.230278938756428261e+03
1.257445605423095003e+03
1.292112272089761518e+03
1.221445605423095003e+03
1.304278938756428261e+03
1.309778938756428261e+03
1.316945605423095003e+03
1.188778938756428261e+03
1.236445605423095003e+03
1.238778938756428261e+03
1.236612272089761518e+03
1.131612272089761518e+03
1.198278938756428261e+03
1.274445605423095003e+03
1.336945605423095003e+03
1.253778938756428261e+03
1.265612272089761518e+03
1.238278938756428261e+03
1.247945605423095003e+03
1.131445605423095003e+03
1.175612272089761518e+03
1.200445605423095003e+03
1.264612272089761518e+03
1.202778938756428261e+03
1.297612272089761518e+03
1.325278938756428261e+03
1.320778938756428033e+03
1.168778938756428261e+03
1.184612272089761518e+03
1.198112272089761518e+03
1.235778938756428261e+03
1.163612272089761518e+03
1.234278938756428261e+03
1.238945605423095003e+03
1.277278938756428261e+03
1.189278938756428261e+03
1.224445605423095003e+03
1.216612272089761518e+03
1.235278938756428261e+03
1.160278938756428261e+03
1.197112272089761518e+03
1.190278938756428261e+03
1.224278938756428261e+03
1.180112272089761518e+03
1.264945605423095003e+03
1.283445605423095003e+03
1.268612272089761518e+03
1.151778938756428261e+03
1.181278938756428261e+03
1.172445605423095003e+03
1.210278938756428261e+03
1.153945605423095003e+03
1.216445605423095003e+03
1.254612272089761518e+03
1.301112272089761518e+03
1.240778938756428261e+03
1.292445605423095003e+03
1.275778938756428261e+03
1.295445605423095003e+03
1.175112272089761518e+03
1.224612272089761518e+03
1.233278938756428261e+03
1.268278938756428261e+03
1.175945605423095003e+03
1.203278938756428261e+03
1.198778938756428261e+03
1.214945605423095003e+03
1.155278938756428261e+03
1.220112272089761518e+03
1.228445605423095003e+03
1.222612272089761518e+03
1.157778938756428261e+03
1.226278938756428261e+03
1.283112272089761518e+03
1.297612272089761518e+03
1.202778938756428261e+03
1.254445605423095003e+03
1.259445605423095003e+03
1.307278938756428261e+03
1.232778938756428261e+03
1.286445605423095003e+03
1.283612272089761518e+03
1.283945605423095003e+03
1.184945605423095003e+03
1.201445605423095003e+03
1.205112272089761518e+03
1.233945605423095003e+03
1.164112272089761518e+03
1.235112272089761518e+03
1.253945605423095003e+03
1.276112272089761518e+03
1.156778938756428261e+03
1.189945605423095003e+03
1.230945605423095003e+03
1.275278938756428261e+03
1.208445605423095003e+03
1.233612272089761518e+03
1.243112272089761518e+03
1.240112272089761518e+03
1.170445605423095003e+03
1.230278938756428261e+03
1.271945605423095003e+03
1.310612272089761518e+03
1.249778938756428261e+03
1.320112272089761518e+03
1.314278938756428261e+03
1.303612272089761518e+03
1.184778938756428261e+03
1.217778938756428261e+03
1.243612272089761518e+03
1.271278938756428261e+03
1.191945605423095003e+03
1.238945605423095003e+03
1.242778938756428261e+03
1.254278938756428261e+03
1.132112272089761518e+03
1.174445605423095003e+03
1.225278938756428261e+03
1.275945605423095003e+03
1.195112272089761518e+03
1.246112272089761518e+03
1.260445605423095003e+03
1.285278938756428261e+03
1.155778938756428261e+03
1.221112272089761518e+03
1.236945605423095003e+03
1.259278938756428261e+03
1.150612272089761518e+03
1.219778938756428261e+03
1.239778938756428261e+03
1.254612272089761518e+03
1.109612272089761518e+03
1.140278938756428261e+03
1.184778938756428261e+03
1.273778938756428261e+03
1.233278938756428261e+03
1.275112272089761518e+03
1.276612272089761518e+03
1.272445605423095003e+03
1.157778938756428261e+03
1.214945605423095003e+03
1.251612272089761518e+03
1.326778938756428261e+03
1.233445605423095003e+03
1.285778938756428261e+03
1.223278938756428261e+03
1.215278938756428261e+03
1.156778938756428261e+03
1.270445605423095003e+03
1.302778938756428261e+03
1.298778938756428033e+03
1.164612272089761518e+03
1.235278938756428261e+03
1.269278938756428261e+03
1.290278938756428261e+03
1.192112272089761518e+03
1.228445605423095003e+03
1.272445605423095003e+03
1.269278938756428261e+03
1.174112272089761518e+03
1.244778938756428261e+03
1.275778938756428033e+03
1.296278938756428261e+03
1.197445605423095003e+03
1.246778938756428261e+03
1.253112272089761518e+03
1.273778938756428261e+03
1.188778938756428261e+03
1.238778938756428261e+03
1.225278938756428261e+03
1.226778938756428261e+03
1.121612272089761518e+03
1.184945605423095003e+03
1.223278938756428261e+03
1.269778938756428261e+03
1.208278938756428261e+03
1.280278938756428261e+03
1.287112272089761518e+03
1.308445605423095003e+03
1.219945605423095003e+03
1.266778938756428261e+03
1.237778938756428261e+03
1.215778938756428261e+03
1.148612272089761518e+03
1.248612272089761518e+03
1.296945605423095003e+03
1.302778938756428261e+03
1.177612272089761518e+03
1.219778938756428261e+03
1.251778938756428261e+03
1.289612272089761518e+03
1.195112272089761518e+03
1.233278938756428261e+03
1.224112272089761518e+03
1.213278938756428261e+03
1.110778938756428261e+03
1.170612272089761518e+03
1.219445605423095003e+03
1.248612272089761518e+03
1.178612272089761518e+03
1.229945605423095003e+03
1.240612272089761518e+03
1.244612272089761518e+03
1.131445605423095003e+03
1.146612272089761518e+03
1.116778938756428261e+03
1.138612272089761518e+03
1.095278938756428261e+03
1.210945605423095003e+03
1.260445605423095003e+03
1.303778938756428261e+03
1.216612272089761518e+03
1.268278938756428261e+03
1.266778938756428261e+03
1.296778938756428261e+03
1.206778938756428261e+03
1.262278938756428261e+03
1.248278938756428261e+03
1.261112272089761518e+03
1.156945605423095003e+03
1.215612272089761518e+03
1.203612272089761518e+03
1.230445605423095003e+03
1.165778938756428261e+03
1.273612272089761518e+03
1.274945605423095003e+03
1.243112272089761518e+03
1.107612272089761518e+03
1.158278938756428261e+03
1.188278938756428261e+03
1.213278938756428261e+03
1.160112272089761518e+03
1.235445605423095003e+03
1.270112272089761518e+03
1.273112272089761518e+03
1.160612272089761518e+03
1.213278938756428261e+03
1.231445605423095003e+03
1.294445605423095003e+03
1.235612272089761518e+03
1.290445605423095003e+03
1.276112272089761518e+03
1.246445605423095003e+03
1.154945605423095003e+03
1.226945605423095003e+03
1.283778938756428261e+03
1.313278938756428261e+03
1.221778938756428261e+03
1.277112272089761518e+03
1.262112272089761518e+03
1.265612272089761518e+03
1.147278938756428261e+03
1.237778938756428261e+03
1.245112272089761518e+03
1.240445605423095003e+03
1.124945605423095003e+03
1.197612272089761518e+03
1.251112272089761518e+03
1.300112272089761518e+03
1.182278938756428261e+03
1.218112272089761518e+03
1.216945605423095003e+03
1.274278938756428261e+03
1.181112272089761518e+03
1.234945605423095003e+03
1.222612272089761518e+03
1.237612272089761518e+03
1.145778938756428261e+03
1.197112272089761518e+03
1.225278938756428261e+03
1.233945605423095003e+03
1.137445605423095003e+03
1.193445605423095003e+03
1.193445605423095003e+03
1.212445605423095003e+03
1.126612272089761518e+03
1.220945605423095003e+03
1.257778938756428261e+03
1.256112272089761518e+03
1.145945605423095003e+03
1.189612272089761518e+03
1.226612272089761518e+03
1.234778938756428261e+03
1.142278938756428261e+03
1.192445605423095003e+03
1.250112272089761518e+03
1.318112272089761518e+03
1.258445605423095003e+03
1.298112272089761518e+03
1.276945605423095003e+03
1.266278938756428261e+03
1.151778938756428261e+03
1.194945605423095003e+03
1.221778938756428261e+03
1.242778938756428261e+03
1.170945605423095003e+03
1.239278938756428261e+03
1.278445605423095003e+03
1.317112272089761518e+03
1.176612272089761518e+03
1.211778938756428261e+03
1.183778938756428261e+03
1.207112272089761518e+03
1.116278938756428261e+03
1.175778938756428261e+03
1.206278938756428261e+03
1.222945605423095003e+03
1.119778938756428261e+03
1.158278938756428261e+03
1.163278938756428261e+03
1.165778938756428261e+03
1.095445605423095003e+03
1.205112272089761518e+03
1.271945605423095003e+03
1.281778938756428261e+03
1.170112272089761518e+03
1.236778938756428261e+03
1.248445605423095003e+03
1.277612272089761518e+03
1.140445605423095003e+03
1.184945605423095003e+03
1.169945605423095003e+03
1.212278938756428261e+03
1.140612272089761518e+03
1.174945605423095003e+03
1.191112272089761518e+03
1.231945605423095003e+03
1.169445605423095003e+03
1.219778938756428261e+03
1.224778938756428261e+03
1.238278938756428261e+03
1.115612272089761518e+03
1.164778938756428261e+03
1.178278938756428261e+03
1.205612272089761518e+03
1.097112272089761518e+03
1.165612272089761518e+03
1.225945605423095003e+03
1.262445605423095003e+03
1.161945605423095003e+03
1.197778938756428261e+03
1.234112272089761518e+03
1.244278938756428261e+03
1.184778938756428261e+03
1.225112272089761518e+03
1.254445605423095003e+03
1.253445605423095003e+03
1.159445605423095003e+03
1.223778938756428261e+03
1.268278938756428261e+03
1.280278938756428261e+03
1.188278938756428261e+03
1.239112272089761518e+03
1.234278938756428261e+03
1.221612272089761518e+03
1.080445605423095003e+03
1.183112272089761518e+03
1.224278938756428261e+03
1.271612272089761518e+03
1.169445605423095003e+03
1.221112272089761518e+03
1.216278938756428261e+03
1.236278938756428261e+03
1.162612272089761518e+03
1.205612272089761518e+03
1.196778938756428261e+03
1.219778938756428261e+03
1.145945605423095003e+03
1.224278938756428261e+03
1.251612272089761518e+03
1.335778938756428261e+03
1.246112272089761518e+03
1.277778938756428261e+03
1.240445605423095003e+03
1.279112272089761518e+03
1.179445605423095003e+03
1.210612272089761518e+03
1.180778938756428261e+03
1.213612272089761518e+03
1.150445605423095003e+03
1.238112272089761518e+03
1.256945605423095003e+03
1.291278938756428261e+03
1.226612272089761518e+03
1.274945605423095003e+03
1.263278938756428261e+03
1.238778938756428261e+03
1.139445605423095003e+03
1.215278938756428261e+03
1.265612272089761518e+03
1.317945605423095003e+03
1.225778938756428261e+03
1.256778938756428261e+03
1.274278938756428261e+03
1.319612272089761518e+03
1.215778938756428261e+03
1.236612272089761518e+03
1.203112272089761518e+03
1.205945605423095003e+03
1.119612272089761518e+03
1.199278938756428261e+03
1.228445605423095003e+03
1.240945605423095003e+03
1.118778938756428261e+03
1.183445605423095003e+03
1.169112272089761518e+03
1.168945605423095003e+03
1.093778938756428261e+03
1.191612272089761518e+03
1.243278938756428261e+03
1.264278938756428261e+03
1.173778938756428261e+03
1.197778938756428261e+03
1.185112272089761518e+03
1.215112272089761518e+03
1.167945605423095003e+03
1.208278938756428261e+03
1.176112272089761518e+03
1.201612272089761518e+03
1.157778938756428261e+03
1.270945605423095003e+03
1.271778938756428261e+03
1.280778938756428261e+03
1.150778938756428261e+03
1.201778938756428261e+03
1.208778938756428261e+03
1.223945605423095003e+03
1.141112272089761518e+03
1.212612272089761518e+03
1.216945605423095003e+03
1.201612272089761518e+03
1.087445605423095003e+03
1.156445605423095003e+03
1.177278938756428261e+03
1.199445605423095003e+03
1.110112272089761518e+03
1.161612272089761518e+03
1.177278938756428261e+03
1.187278938756428261e+03
1.131445605423095003e+03
1.171612272089761518e+03
1.185112272089761518e+03
1.192778938756428261e+03
1.133445605423095003e+03
1.189612272089761518e+03
1.189945605423095003e+03
1.222945605423095003e+03
1.153112272089761518e+03
1.232612272089761518e+03
1.215778938756428261e+03
1.259945605423095003e+03
1.185778938756428261e+03
1.241945605423095003e+03
1.222112272089761518e+03
1.240778938756428261e+03
1.151778938756428261e+03
1.207778938756428261e+03
1.207945605423095003e+03
1.249778938756428261e+03
1.182112272089761518e+03
1.207278938756428261e+03
1.186945605423095003e+03
1.239112272089761518e+03
1.219278938756428261e+03
1.298445605423095003e+03
1.278112272089761518e+03
1.266278938756428261e+03
1.213278938756428261e+03
1.274112272089761518e+03
1.414112272089761518e+03
1.764112272089761518e+03
1.714278938756428261e+03
1.629612272089761518e+03
1.220278938756428261e+03
1.179278938756428261e+03
1.117945605423095003e+03
1.230612272089761518e+03
1.254945605423095003e+03
1.254945605423095003e+03
1.170778938756428261e+03
1.220278938756428261e+03
1.216278938756428261e+03
1.225445605423095003e+03
1.133612272089761518e+03
1.185445605423095003e+03
1.181278938756428261e+03
1.185278938756428261e+03
1.139112272089761518e+03
1.204612272089761518e+03
1.238945605423095003e+03
1.231945605423095003e+03
1.123278938756428261e+03
1.113445605423095003e+03
1.079612272089761518e+03
1.139612272089761518e+03
1.137445605423095003e+03
1.272445605423095003e+03
1.275445605423095003e+03
1.283945605423095003e+03
1.159945605423095003e+03
1.185278938756428261e+03
1.197778938756428261e+03
1.226445605423095003e+03
1.171445605423095003e+03
1.186612272089761518e+03
1.185278938756428261e+03
1.210612272089761518e+03
1.175278938756428261e+03
1.229278938756428261e+03
1.213945605423095003e+03
1.198278938756428261e+03
1.108778938756428261e+03
1.165278938756428261e+03
1.179278938756428261e+03
1.202445605423095003e+03
1.149278938756428261e+03
1.203612272089761518e+03
1.231778938756428261e+03
1.251278938756428261e+03
1.186945605423095003e+03
1.227278938756428261e+03
1.201612272089761518e+03
1.217278938756428261e+03
1.136778938756428261e+03
1.177778938756428261e+03
1.150945605423095003e+03
1.172278938756428261e+03
1.117445605423095003e+03
1.202945605423095003e+03
1.235612272089761518e+03
1.284112272089761518e+03
1.185945605423095003e+03
1.229445605423095003e+03
1.239112272089761518e+03
1.273445605423095003e+03
1.183445605423095003e+03
1.203612272089761518e+03
1.198612272089761518e+03
1.206112272089761518e+03
1.121778938756428261e+03
1.170112272089761518e+03
1.189112272089761518e+03
1.225112272089761518e+03
1.154278938756428261e+03
1.185445605423095003e+03
1.193278938756428261e+03
1.263945605423095003e+03
1.189612272089761518e+03
1.208112272089761518e+03
1.179778938756428261e+03
1.221945605423095003e+03
1.184612272089761518e+03
1.257612272089761518e+03
1.262778938756428261e+03
1.297612272089761518e+03
1.203612272089761518e+03
1.232445605423095003e+03
1.198778938756428261e+03
1.228278938756428261e+03
1.162945605423095003e+03
1.225612272089761518e+03
1.207112272089761518e+03
1.250945605423095003e+03
1.178112272089761518e+03
1.205445605423095003e+03
1.170112272089761518e+03
1.189612272089761518e+03
1.119278938756428261e+03
1.175112272089761518e+03
1.165278938756428261e+03
1.212112272089761518e+03
1.120112272089761518e+03
1.130278938756428261e+03
1.139445605423095003e+03
1.191778938756428261e+03
1.174945605423095003e+03
1.214778938756428261e+03
1.222778938756428261e+03
1.234112272089761518e+03
1.163445605423095003e+03
1.220445605423095003e+03
1.252778938756428261e+03
1.298112272089761518e+03
1.224778938756428261e+03
1.243778938756428261e+03
1.203278938756428261e+03
1.203945605423095003e+03
1.114445605423095003e+03
1.170278938756428261e+03
1.176112272089761518e+03
1.246945605423095003e+03
1.208778938756428261e+03
1.268445605423095003e+03
1.253612272089761518e+03
1.252612272089761518e+03
1.167112272089761518e+03
1.201612272089761518e+03
1.184612272089761518e+03
1.230945605423095003e+03
1.187112272089761518e+03
1.248445605423095003e+03
1.219445605423095003e+03
1.204278938756428261e+03
1.133445605423095003e+03
1.187612272089761518e+03
1.189778938756428261e+03
1.216778938756428261e+03
1.149278938756428261e+03
1.191278938756428261e+03
1.185112272089761518e+03
1.189278938756428261e+03
1.117445605423095003e+03
1.174278938756428261e+03
1.209612272089761518e+03
1.277112272089761518e+03
1.224612272089761518e+03
1.244945605423095003e+03
1.229112272089761518e+03
1.260278938756428261e+03
1.202278938756428261e+03
1.240612272089761518e+03
1.195112272089761518e+03
1.217112272089761518e+03
1.149778938756428261e+03
1.230278938756428261e+03
1.228778938756428261e+03
1.248445605423095003e+03
1.120612272089761518e+03
1.142945605423095003e+03
1.130278938756428261e+03
1.194112272089761518e+03
1.141945605423095003e+03
1.204778938756428261e+03
1.175945605423095003e+03
1.200778938756428261e+03
1.111445605423095003e+03
1.168945605423095003e+03
1.159945605423095003e+03
1.170112272089761518e+03
1.112278938756428261e+03
1.171945605423095003e+03
1.177945605423095003e+03
1.198278938756428261e+03
1.104112272089761518e+03
1.142612272089761518e+03
1.157945605423095003e+03
1.211778938756428261e+03
1.152612272089761518e+03
1.195445605423095003e+03
1.201612272089761518e+03
1.254278938756428261e+03
1.170778938756428261e+03
1.181445605423095003e+03
1.154945605423095003e+03
1.173612272089761518e+03
1.110612272089761518e+03
1.169945605423095003e+03
1.202278938756428261e+03
1.299112272089761518e+03
1.265945605423095003e+03
1.316945605423095003e+03
1.268112272089761518e+03
1.270778938756428261e+03
1.202612272089761518e+03
1.217945605423095003e+03
1.196778938756428261e+03
1.207445605423095003e+03
1.171445605423095003e+03
1.217945605423095003e+03
1.180112272089761518e+03
1.170612272089761518e+03
1.097945605423095003e+03
1.172278938756428261e+03
1.190778938756428261e+03
1.213612272089761518e+03
1.136778938756428261e+03
1.182112272089761518e+03
1.192612272089761518e+03
1.212778938756428261e+03
1.149278938756428261e+03
1.201612272089761518e+03
1.215778938756428261e+03
1.225945605423095003e+03
1.121278938756428261e+03
1.142112272089761518e+03
1.162445605423095003e+03
1.206612272089761518e+03
1.139278938756428261e+03
1.176112272089761518e+03
1.204112272089761518e+03
1.258945605423095003e+03
1.205278938756428261e+03
1.197278938756428261e+03
1.176945605423095003e+03
1.203945605423095003e+03
1.180612272089761518e+03
1.215278938756428261e+03
1.172612272089761518e+03
1.168445605423095003e+03
1.093112272089761518e+03
1.142612272089761518e+03
1.153445605423095003e+03
1.220945605423095003e+03
1.207945605423095003e+03
1.253778938756428261e+03
1.212945605423095003e+03
1.201945605423095003e+03
1.152945605423095003e+03
1.198112272089761518e+03
1.201278938756428261e+03
1.229445605423095003e+03
1.178778938756428261e+03
1.199278938756428261e+03
1.176112272089761518e+03
1.221112272089761518e+03
1.163112272089761518e+03
1.168112272089761518e+03
1.157612272089761518e+03
1.234112272089761518e+03
1.209612272089761518e+03
1.237945605423095003e+03
1.200612272089761518e+03
1.207612272089761518e+03
1.139945605423095003e+03
1.192112272089761518e+03
1.177278938756428261e+03
1.169945605423095003e+03
1.063945605423095003e+03
1.124112272089761518e+03
1.133112272089761518e+03
1.172112272089761518e+03
1.107278938756428261e+03
1.158112272089761518e+03
1.170112272089761518e+03
1.217278938756428261e+03
1.191612272089761518e+03
1.259278938756428261e+03
1.246945605423095003e+03
1.243612272089761518e+03
1.133445605423095003e+03
1.150112272089761518e+03
1.132778938756428261e+03
1.158112272089761518e+03
1.101112272089761518e+03
1.154278938756428261e+03
1.191112272089761518e+03
1.281612272089761518e+03
1.236112272089761518e+03
1.245278938756428261e+03
1.193278938756428261e+03
1.242612272089761518e+03
1.211612272089761518e+03
1.288112272089761518e+03
1.244612272089761518e+03
1.232612272089761518e+03
1.130612272089761518e+03
1.190112272089761518e+03
1.196445605423095003e+03
1.230445605423095003e+03
1.153612272089761518e+03
1.199445605423095003e+03
1.175945605423095003e+03
1.191945605423095003e+03
1.116612272089761518e+03
1.181612272089761518e+03
1.181112272089761518e+03
1.203945605423095003e+03
1.132112272089761518e+03
1.162278938756428261e+03
1.183278938756428261e+03
1.191612272089761518e+03
1.136112272089761518e+03
1.137445605423095003e+03
1.133778938756428261e+03
1.164778938756428261e+03
1.131445605423095003e+03
1.201278938756428261e+03
1.193445605423095003e+03
1.214112272089761518e+03
1.112778938756428261e+03
1.152778938756428261e+03
1.149112272089761518e+03
1.207278938756428261e+03
1.183112272089761518e+03
1.239445605423095003e+03
1.244112272089761518e+03
1.269612272089761518e+03
1.185445605423095003e+03
1.186945605423095003e+03
1.152612272089761518e+03
1.182445605423095003e+03
1.120778938756428261e+03
1.150112272089761518e+03
1.140112272089761518e+03
1.184612272089761518e+03
1.122612272089761518e+03
1.190278938756428261e+03
1.207445605423095003e+03
1.260778938756428261e+03
1.176112272089761518e+03
1.205445605423095003e+03
1.194278938756428261e+03
1.225278938756428261e+03
1.129612272089761518e+03
1.144612272089761518e+03
1.149278938756428261e+03
1.207278938756428261e+03
1.153278938756428261e+03
1.181278938756428261e+03
1.175112272089761518e+03
1.251445605423095003e+03
1.188778938756428261e+03
1.207112272089761518e+03
1.138778938756428261e+03
1.148612272089761518e+03
1.108778938756428261e+03
1.156112272089761518e+03
1.175778938756428261e+03
1.201278938756428261e+03
1.156945605423095003e+03
1.188445605423095003e+03
1.177778938756428261e+03
1.217612272089761518e+03
1.151278938756428261e+03
1.165945605423095003e+03
1.122945605423095003e+03
1.145945605423095003e+03
1.111112272089761518e+03
1.185945605423095003e+03
1.193945605423095003e+03
1.228112272089761518e+03
1.156445605423095003e+03
1.208112272089761518e+03
1.210612272089761518e+03
1.244445605423095003e+03
1.172278938756428261e+03
1.209445605423095003e+03
1.224112272089761518e+03
1.280445605423095003e+03
1.210112272089761518e+03
1.206278938756428261e+03
1.158945605423095003e+03
1.179278938756428261e+03
1.122778938756428261e+03
1.162945605423095003e+03
1.182445605423095003e+03
1.261945605423095003e+03
1.201278938756428261e+03
1.188278938756428261e+03
1.127445605423095003e+03
1.173278938756428261e+03
1.138778938756428261e+03
1.201778938756428261e+03
1.175445605423095003e+03
1.203445605423095003e+03
1.154445605423095003e+03
1.245612272089761518e+03
1.244612272089761518e+03
1.258278938756428261e+03
1.154112272089761518e+03
1.169612272089761518e+03
1.162445605423095003e+03
1.188778938756428261e+03
1.131945605423095003e+03
1.155778938756428261e+03
1.146112272089761518e+03
1.174445605423095003e+03
1.096778938756428261e+03
1.123945605423095003e+03
1.145778938756428261e+03
1.201278938756428261e+03
1.164278938756428261e+03
1.198278938756428261e+03
1.192778938756428261e+03
1.225445605423095003e+03
1.172945605423095003e+03
1.211778938756428261e+03
1.196778938756428261e+03
1.211945605423095003e+03
1.153945605423095003e+03
1.209612272089761518e+03
1.185112272089761518e+03
1.194278938756428261e+03
1.091278938756428261e+03
1.131445605423095003e+03
1.138278938756428261e+03
1.213445605423095003e+03
1.163112272089761518e+03
1.216445605423095003e+03
1.178112272089761518e+03
1.211112272089761518e+03
1.146278938756428261e+03
1.168112272089761518e+03
1.172112272089761518e+03
1.263778938756428261e+03
1.233278938756428261e+03
1.243612272089761518e+03
1.171945605423095003e+03
1.214112272089761518e+03
1.178278938756428261e+03
1.200278938756428261e+03
1.203445605423095003e+03
1.262612272089761518e+03
1.212778938756428261e+03
1.190612272089761518e+03
1.108778938756428261e+03
1.131445605423095003e+03
1.122278938756428261e+03
1.222278938756428261e+03
1.220778938756428261e+03
1.271112272089761518e+03
1.192945605423095003e+03
1.220778938756428261e+03
1.175112272089761518e+03
1.212945605423095003e+03
1.163278938756428261e+03
1.179278938756428261e+03
1.145445605423095003e+03
1.159445605423095003e+03
1.106445605423095003e+03
1.159112272089761518e+03
1.144945605423095003e+03
1.197445605423095003e+03
1.125945605423095003e+03
1.168945605423095003e+03
1.124612272089761518e+03
1.177778938756428261e+03
1.145612272089761518e+03
1.190278938756428261e+03
1.171112272089761518e+03
1.193278938756428261e+03
1.146112272089761518e+03
1.184445605423095003e+03
1.158112272089761518e+03
1.182778938756428261e+03
1.126278938756428261e+03
1.186278938756428261e+03
1.188612272089761518e+03
1.230945605423095003e+03
1.182945605423095003e+03
1.226112272089761518e+03
1.191445605423095003e+03
1.181778938756428261e+03
1.109445605423095003e+03
1.139278938756428261e+03
1.160278938756428261e+03
1.230278938756428261e+03
1.186445605423095003e+03
1.218445605423095003e+03
1.159612272089761518e+03
1.159112272089761518e+03
1.075278938756428261e+03
1.136112272089761518e+03
1.153278938756428261e+03
1.205612272089761518e+03
1.143278938756428261e+03
1.163778938756428261e+03
1.135278938756428261e+03
1.183278938756428261e+03
1.167445605423095003e+03
1.259278938756428261e+03
1.240945605423095003e+03
1.271445605423095003e+03
1.174612272089761518e+03
1.199445605423095003e+03
1.171112272089761518e+03
1.215278938756428261e+03
1.176612272089761518e+03
1.188778938756428261e+03
1.177278938756428261e+03
1.219112272089761518e+03
1.186445605423095003e+03
1.191612272089761518e+03
1.137445605423095003e+03
1.165778938756428261e+03
1.125112272089761518e+03
1.183445605423095003e+03
1.179778938756428261e+03
1.201612272089761518e+03
1.131112272089761518e+03
1.171112272089761518e+03
1.170278938756428261e+03
1.212112272089761518e+03
1.139445605423095003e+03
1.162612272089761518e+03
1.141945605423095003e+03
1.194278938756428261e+03
1.129612272089761518e+03
1.153945605423095003e+03
1.108612272089761518e+03
1.170945605423095003e+03
1.125112272089761518e+03
1.172778938756428261e+03
1.139445605423095003e+03
1.179112272089761518e+03
1.122445605423095003e+03
1.172112272089761518e+03
1.180445605423095003e+03
1.230612272089761518e+03
1.197445605423095003e+03
1.218278938756428261e+03
1.212278938756428261e+03
1.208112272089761518e+03
1.139945605423095003e+03
1.154612272089761518e+03
1.170945605423095003e+03
1.196112272089761518e+03
1.120612272089761518e+03
1.107278938756428261e+03
1.078445605423095003e+03
1.112778938756428261e+03
1.098612272089761518e+03
1.171112272089761518e+03
1.192112272089761518e+03
1.258945605423095003e+03
1.253278938756428261e+03
1.291445605423095003e+03
1.222612272089761518e+03
1.165612272089761518e+03
1.086278938756428261e+03
1.147278938756428261e+03
1.192612272089761518e+03
1.282112272089761518e+03
1.217612272089761518e+03
1.231278938756428261e+03
1.168945605423095003e+03
1.200112272089761518e+03
1.135945605423095003e+03
1.140612272089761518e+03
1.123612272089761518e+03
1.157612272089761518e+03
1.129445605423095003e+03
1.170278938756428261e+03
1.167612272089761518e+03
1.186945605423095003e+03
1.099945605423095003e+03
1.101445605423095003e+03
1.089445605423095003e+03
1.117612272089761518e+03
1.098278938756428261e+03
1.173278938756428261e+03
1.198112272089761518e+03
1.250445605423095003e+03
1.170445605423095003e+03
1.207112272089761518e+03
1.220112272089761518e+03
1.256945605423095003e+03
1.222945605423095003e+03
1.200112272089761518e+03
1.180945605423095003e+03
1.207278938756428261e+03
1.164778938756428261e+03
1.192445605423095003e+03
1.162945605423095003e+03
1.228612272089761518e+03
1.168445605423095003e+03
1.186445605423095003e+03
1.127445605423095003e+03
1.164112272089761518e+03
1.128778938756428261e+03
1.171278938756428261e+03
1.174945605423095003e+03
1.191945605423095003e+03
1.161612272089761518e+03
1.232112272089761518e+03
1.240778938756428261e+03
1.244612272089761518e+03
1.154445605423095003e+03
1.170945605423095003e+03
1.174945605423095003e+03
1.222112272089761518e+03
1.152112272089761518e+03
1.162445605423095003e+03
1.122778938756428261e+03
1.201778938756428261e+03
1.150112272089761518e+03
1.179445605423095003e+03
1.142778938756428261e+03
1.213112272089761518e+03
1.172945605423095003e+03
1.187612272089761518e+03
1.114945605423095003e+03
1.149612272089761518e+03
1.117612272089761518e+03
1.193778938756428261e+03
1.163778938756428261e+03
1.202612272089761518e+03
1.136778938756428261e+03
1.188278938756428261e+03
1.182778938756428261e+03
1.226945605423095003e+03
1.173445605423095003e+03
1.173945605423095003e+03
1.152278938756428261e+03
1.188778938756428261e+03
1.125112272089761518e+03
1.124612272089761518e+03
1.096445605423095003e+03
1.142778938756428261e+03
1.110112272089761518e+03
1.159112272089761518e+03
1.155778938756428261e+03
1.198112272089761518e+03
1.150278938756428261e+03
1.195612272089761518e+03
1.208445605423095003e+03
1.240778938756428261e+03
1.175445605423095003e+03
1.166445605423095003e+03
1.124112272089761518e+03
1.186112272089761518e+03
1.184112272089761518e+03
1.286612272089761518e+03
1.253945605423095003e+03
1.244445605423095003e+03
1.127278938756428261e+03
1.152445605423095003e+03
1.130112272089761518e+03
1.198778938756428261e+03
1.181278938756428261e+03
1.241278938756428261e+03
1.198445605423095003e+03
1.195445605423095003e+03
1.137945605423095003e+03
1.189778938756428261e+03
1.199278938756428261e+03
1.232612272089761518e+03
1.182445605423095003e+03
1.209945605423095003e+03
1.168778938756428261e+03
1.181278938756428261e+03
1.147278938756428261e+03
1.234278938756428261e+03
1.240445605423095003e+03
1.260278938756428261e+03
1.203278938756428261e+03
1.252612272089761518e+03
1.242778938756428261e+03
1.287778938756428261e+03
1.196945605423095003e+03
1.189778938756428261e+03
1.108278938756428261e+03
1.152778938756428261e+03
1.109778938756428261e+03
1.174112272089761518e+03
1.161445605423095003e+03
1.218612272089761518e+03
1.161278938756428261e+03
1.175612272089761518e+03
1.161612272089761518e+03
1.222445605423095003e+03
1.196945605423095003e+03
1.233778938756428261e+03
1.204778938756428261e+03
1.227612272089761518e+03
1.179778938756428261e+03
1.203278938756428261e+03
1.179278938756428261e+03
1.198278938756428261e+03
1.185445605423095003e+03
1.244112272089761518e+03
1.222445605423095003e+03
1.222278938756428261e+03
1.145112272089761518e+03
1.160778938756428261e+03
1.130278938756428261e+03
1.191778938756428261e+03
1.169278938756428261e+03
1.205945605423095003e+03
1.166945605423095003e+03
1.189778938756428261e+03
1.132278938756428261e+03
1.182778938756428261e+03
1.152112272089761518e+03
1.201445605423095003e+03
1.146945605423095003e+03
1.206278938756428261e+03
1.176612272089761518e+03
1.187112272089761518e+03
1.121445605423095003e+03
1.151612272089761518e+03
1.131778938756428261e+03
1.157112272089761518e+03
1.154112272089761518e+03
1.199278938756428261e+03
1.150445605423095003e+03
1.154112272089761518e+03
1.114778938756428261e+03
1.186445605423095003e+03
1.175445605423095003e+03
1.193278938756428261e+03
1.148112272089761518e+03
1.196445605423095003e+03
1.195278938756428261e+03
1.250778938756428261e+03
1.195945605423095003e+03
1.210778938756428261e+03
1.184778938756428261e+03
1.210278938756428261e+03
1.175112272089761518e+03
1.225112272089761518e+03
1.230612272089761518e+03
1.267445605423095003e+03
1.171278938756428261e+03
1.190612272089761518e+03
1.192112272089761518e+03
1.275778938756428261e+03
1.214612272089761518e+03
1.220445605423095003e+03
1.199112272089761518e+03
1.256278938756428261e+03
1.226278938756428261e+03
1.234778938756428261e+03
1.180945605423095003e+03
1.180445605423095003e+03
1.135778938756428261e+03
1.183278938756428261e+03
1.168945605423095003e+03
1.206112272089761518e+03
1.142778938756428261e+03
1.169278938756428261e+03
1.145612272089761518e+03
1.183278938756428261e+03
1.164778938756428261e+03
1.189612272089761518e+03
1.144278938756428261e+03
1.177112272089761518e+03
1.155612272089761518e+03
1.240778938756428261e+03
1.245112272089761518e+03
1.258612272089761518e+03
1.204778938756428261e+03
1.230112272089761518e+03
1.211778938756428261e+03
1.211612272089761518e+03
1.135945605423095003e+03
1.169612272089761518e+03
1.176445605423095003e+03
1.238612272089761518e+03
1.168612272089761518e+03
1.205778938756428261e+03
1.162445605423095003e+03
1.229612272089761518e+03
1.211778938756428261e+03
1.235278938756428261e+03
1.230945605423095003e+03
1.232112272089761518e+03
1.181112272089761518e+03
1.183778938756428261e+03
1.155778938756428261e+03
1.197778938756428261e+03
1.144112272089761518e+03
1.150778938756428261e+03
1.131612272089761518e+03
1.174445605423095003e+03
1.176112272089761518e+03
1.228778938756428261e+03
1.211278938756428261e+03
1.231445605423095003e+03
1.153778938756428261e+03
1.150778938756428261e+03
1.101778938756428261e+03
1.143445605423095003e+03
1.121278938756428261e+03
1.153445605423095003e+03
1.140612272089761518e+03
1.216445605423095003e+03
1.220112272089761518e+03
1.276445605423095003e+03
1.192445605423095003e+03
1.186778938756428261e+03
1.121112272089761518e+03
1.190612272089761518e+03
1.180278938756428261e+03
1.198278938756428261e+03
1.142945605423095003e+03
1.185612272089761518e+03
1.187612272089761518e+03
1.224945605423095003e+03
1.175445605423095003e+03
1.205945605423095003e+03
1.200945605423095003e+03
1.248945605423095003e+03
1.187445605423095003e+03
1.167945605423095003e+03
1.111945605423095003e+03
1.132445605423095003e+03
1.117278938756428261e+03
1.167278938756428261e+03
1.136612272089761518e+03
1.134278938756428261e+03
1.049112272089761518e+03
1.072112272089761518e+03
1.070278938756428261e+03
1.127612272089761518e+03
1.102112272089761518e+03
1.128278938756428261e+03
1.080112272089761518e+03
1.106945605423095003e+03
1.084112272089761518e+03
1.159445605423095003e+03
1.168778938756428261e+03
1.235445605423095003e+03
1.187445605423095003e+03
1.225778938756428261e+03
1.149945605423095003e+03
1.157278938756428261e+03
1.108945605423095003e+03
1.164612272089761518e+03
1.177278938756428261e+03
1.214778938756428261e+03
1.179112272089761518e+03
1.223612272089761518e+03
1.210612272089761518e+03
1.236112272089761518e+03
1.164612272089761518e+03
1.184778938756428261e+03
1.188945605423095003e+03
1.234112272089761518e+03
1.213445605423095003e+03
1.240945605423095003e+03
1.228612272089761518e+03
1.215778938756428261e+03
1.160278938756428261e+03
1.169445605423095003e+03
1.168778938756428261e+03
1.188112272089761518e+03
1.161612272089761518e+03
1.211612272089761518e+03
1.194112272089761518e+03
1.247612272089761518e+03
1.186612272089761518e+03
1.195778938756428261e+03
1.122112272089761518e+03
1.142112272089761518e+03
1.113612272089761518e+03
1.171945605423095003e+03
1.158445605423095003e+03
1.188278938756428261e+03
1.126612272089761518e+03
1.146445605423095003e+03
1.128612272089761518e+03
1.159278938756428261e+03
1.118112272089761518e+03
1.157612272089761518e+03
1.149945605423095003e+03
1.199778938756428261e+03
1.125445605423095003e+03
1.132612272089761518e+03
1.136278938756428261e+03
1.213278938756428261e+03
1.174612272089761518e+03
1.149445605423095003e+03
1.105778938756428261e+03
1.166112272089761518e+03
1.151112272089761518e+03
1.170112272089761518e+03
1.141945605423095003e+03
1.168112272089761518e+03
1.165612272089761518e+03
1.203945605423095003e+03
1.198612272089761518e+03
1.226445605423095003e+03
1.173612272089761518e+03
1.174778938756428261e+03
1.146945605423095003e+03
1.196945605423095003e+03
1.176945605423095003e+03
1.201112272089761518e+03
1.183612272089761518e+03
1.210445605423095003e+03
1.163612272089761518e+03
1.146445605423095003e+03
1.115612272089761518e+03
1.178945605423095003e+03
1.209945605423095003e+03
1.286445605423095003e+03
1.234945605423095003e+03
1.221945605423095003e+03
1.142778938756428261e+03
1.165278938756428261e+03
1.153612272089761518e+03
1.192112272089761518e+03
1.196945605423095003e+03
1.224278938756428261e+03
1.190945605423095003e+03
1.164278938756428261e+03
1.146278938756428261e+03
1.169445605423095003e+03
1.153112272089761518e+03
1.147445605423095003e+03
1.113778938756428261e+03
1.117612272089761518e+03
1.101778938756428261e+03
1.137278938756428261e+03
1.132945605423095003e+03
1.155612272089761518e+03
1.121945605423095003e+03
1.163945605423095003e+03
1.142278938756428261e+03
1.193945605423095003e+03
1.157112272089761518e+03
1.183278938756428261e+03
1.123778938756428261e+03
1.136278938756428261e+03
1.100278938756428261e+03
1.129945605423095003e+03
1.118278938756428261e+03
1.147112272089761518e+03
1.107445605423095003e+03
1.128112272089761518e+03
1.100445605423095003e+03
1.159612272089761518e+03
1.142612272089761518e+03
1.188612272089761518e+03
1.178278938756428261e+03
1.236945605423095003e+03
1.191778938756428261e+03
1.205612272089761518e+03
1.104945605423095003e+03
1.116445605423095003e+03
1.071778938756428261e+03
1.128445605423095003e+03
1.104445605423095003e+03
1.114612272089761518e+03
1.085445605423095003e+03
1.139112272089761518e+03
1.137112272089761518e+03
1.135612272089761518e+03
1.101112272089761518e+03
1.126445605423095003e+03
1.121445605423095003e+03
1.156445605423095003e+03
1.124612272089761518e+03
1.176278938756428261e+03
1.149278938756428261e+03
1.181112272089761518e+03
1.129612272089761518e+03
1.119612272089761518e+03
1.083112272089761518e+03
1.124445605423095003e+03
1.104778938756428261e+03
1.128612272089761518e+03
1.088112272089761518e+03
1.116112272089761518e+03
1.119445605423095003e+03
1.183945605423095003e+03
1.159112272089761518e+03
1.125112272089761518e+03
1.057945605423095003e+03
1.109612272089761518e+03
1.118445605423095003e+03
1.171945605423095003e+03
1.131445605423095003e+03
1.131445605423095003e+03
1.090778938756428261e+03
1.104778938756428261e+03
1.112278938756428261e+03
1.152112272089761518e+03
1.117778938756428261e+03
1.136945605423095003e+03
1.129945605423095003e+03
1.211612272089761518e+03
1.216612272089761518e+03
1.243278938756428261e+03
1.188112272089761518e+03
1.217278938756428261e+03
1.183778938756428261e+03
1.174778938756428261e+03
1.098445605423095003e+03
1.124278938756428261e+03
1.145445605423095003e+03
1.194112272089761518e+03
1.148945605423095003e+03
1.187278938756428261e+03
1.177612272089761518e+03
1.194445605423095003e+03
1.150612272089761518e+03
1.203445605423095003e+03
1.201445605423095003e+03
1.229612272089761518e+03
1.183112272089761518e+03
1.221112272089761518e+03
1.183778938756428261e+03
1.207945605423095003e+03
1.162112272089761518e+03
1.210945605423095003e+03
1.186445605423095003e+03
1.235445605423095003e+03
1.222445605423095003e+03
1.244445605423095003e+03
1.187278938756428261e+03
1.190945605423095003e+03
1.150945605423095003e+03
1.214945605423095003e+03
1.200445605423095003e+03
1.214112272089761518e+03
1.145278938756428261e+03
1.160945605423095003e+03
1.121945605423095003e+03
1.132612272089761518e+03
1.106445605423095003e+03
1.164945605423095003e+03
1.131612272089761518e+03
1.139445605423095003e+03
1.108778938756428261e+03
1.165278938756428261e+03
1.140278938756428261e+03
1.164278938756428261e+03
1.162112272089761518e+03
1.196778938756428261e+03
1.170112272089761518e+03
1.182278938756428261e+03
1.160612272089761518e+03
1.218445605423095003e+03
1.190278938756428261e+03
1.216945605423095003e+03
1.199445605423095003e+03
1.245278938756428261e+03
1.238445605423095003e+03
1.229612272089761518e+03
1.200778938756428261e+03
1.226612272089761518e+03
1.207112272089761518e+03
1.231612272089761518e+03
1.179612272089761518e+03
1.213445605423095003e+03
1.205778938756428261e+03
1.276278938756428261e+03
1.243945605423095003e+03
1.268612272089761518e+03
1.206945605423095003e+03
1.207278938756428261e+03
1.157778938756428261e+03
1.173278938756428261e+03
1.144612272089761518e+03
1.148445605423095003e+03
1.122445605423095003e+03
1.173945605423095003e+03
1.144445605423095003e+03
1.164612272089761518e+03
1.147945605423095003e+03
1.188778938756428261e+03
1.165445605423095003e+03
1.178612272089761518e+03
1.172278938756428261e+03
1.241445605423095003e+03
1.235278938756428261e+03
1.234778938756428261e+03
1.193112272089761518e+03
1.233945605423095003e+03
1.230612272089761518e+03
1.230778938756428261e+03
1.156778938756428261e+03
1.206945605423095003e+03
1.194945605423095003e+03
1.229945605423095003e+03
1.161945605423095003e+03
1.184945605423095003e+03
1.154278938756428261e+03
1.194278938756428261e+03
1.167278938756428261e+03
1.247445605423095003e+03
1.227612272089761518e+03
1.276112272089761518e+03
1.231278938756428261e+03
1.251612272089761518e+03
1.178945605423095003e+03
1.171612272089761518e+03
1.167445605423095003e+03
1.263445605423095003e+03
1.274278938756428261e+03
1.250778938756428261e+03
1.188278938756428261e+03
1.211778938756428261e+03
1.228945605423095003e+03
1.266778938756428261e+03
1.185612272089761518e+03
1.181778938756428261e+03
1.136612272089761518e+03
1.192612272089761518e+03
1.181278938756428261e+03
1.246612272089761518e+03
1.230612272089761518e+03
1.255778938756428261e+03
1.190778938756428261e+03
1.222945605423095003e+03
1.135778938756428261e+03
1.124445605423095003e+03
1.074278938756428261e+03
1.149945605423095003e+03
1.159778938756428261e+03
1.182445605423095003e+03
1.137778938756428261e+03
1.158612272089761518e+03
1.135778938756428261e+03
1.173278938756428261e+03
1.121945605423095003e+03
1.148778938756428261e+03
7.247789387564282606e+02
