-3.091343826294739188e+02
-9.239491974442888704e+02
3.990137655186744041e+02
3.653386406412410452e+03
-5.847154539187590672e+02
7.561719521063553111e+04
8.384580439235025551e+03
-1.388838465501026349e+03
-8.311316462823523352e+02
4.690752146133720089e+03
-2.750955912561692912e+03
3.733968324270061203e+03
4.205816220831566170e+02
-3.607438067501308069e+03
-3.818413768284149228e+03
3.038042964515536823e+03
2.610170139582727279e+04
1.083830005719574729e+03
6.358755444886925261e+02
-1.277687976886537854e+03
8.184686394995469527e+01
1.635585248850250991e+03
1.918697351602477738e+03
-2.405587346111891293e+03
1.616417328969647861e+04
-4.247168033773757998e+03
-4.111046670794164129e+03
6.553840353496856551e+03
1.023872398637698097e+03
-9.256659069658913722e+03
4.928829671186043015e+03
-1.261114305750350104e+04
5.454679112057602651e+03
5.031068861012938214e+03
4.061507869721049701e+03
-1.584458967722668149e+03
-2.123492286115000240e+02
1.289309679303290295e+03
5.928686256840343276e+02
-9.033673612502492460e+02
-1.873268838365596025e+02
9.579612959123502378e+02
6.064908481558595668e+02
-6.098101595504556371e+02
-2.345787246439925298e+02
5.862775395712275213e+02
5.371243480984247753e+02
-7.703845625830266499e+02
5.694285491662766390e+02
2.434491432404445277e+03
3.262249730674384409e+03
-5.749784960800610861e+03
-1.120554081564784155e+03
1.699197473254430406e+03
9.939153290738128135e+02
-5.842183958335886018e+02
-4.413098134104949821e+01
5.153372212816158253e+02
2.557331048818835768e+02
-8.700789667720479201e+02
-1.633560485316947108e+02
1.102988995576653679e+03
8.673788645649121918e+02
-1.609352712619201611e+03
-3.842857410004671692e+02
1.175715116681227755e+03
5.380617130539390018e+02
-1.249480863800443785e+03
-3.342147920432881847e+02
1.284786679458106619e+03
8.028782920367776796e+02
-1.006423356914232954e+03
9.434241823369848134e+01
1.617825256589186665e+03
5.233652076119767571e+02
-6.814517984223507483e+02
4.912951444276152557e+01
1.064107042508154564e+03
4.168618130120522665e+02
-1.188129764009983319e+03
-3.687869043991975104e+02
3.850326998854237445e+03
3.366031675729603649e+03
-3.109730371812058820e+03
-5.150238429172494534e+02
2.125284255440924426e+03
1.019468376410878136e+03
-7.387028724798587973e+02
8.298807854137446327e+01
9.584359229993675626e+02
5.258296066591601630e+02
-9.217897316977822584e+02
-5.355060776063567118e+01
8.415864579788441233e+02
4.325380186530292690e+02
-6.859802168531012967e+02
3.059890482607212903e+02
1.413645474078196457e+03
8.545270706076304350e+02
-1.729089281483936929e+03
-1.985769639213735616e+02
9.282492293073731844e+02
5.115673033594840149e+02
-8.012095371668996222e+02
-6.239458657964213728e+01
6.110621044436683178e+02
3.175146159925610050e+02
-9.212906677808281302e+02
-1.511958944152930258e+02
1.362176851666334187e+03
1.109389399897336489e+03
-8.532059917154196228e+03
-9.930953291681349583e+03
-2.439456813931360011e+04
1.524930854031777926e+04
-3.742404862085084005e+03
-6.267525023302722502e+02
2.615394252864897226e+03
6.712550600028552026e+02
-1.070551805033017672e+03
-6.625604357886577134e+01
1.133424893012550001e+03
8.566387303878656212e+02
-8.120102183931066975e+02
-6.734823817802555368e+01
6.162952009268822167e+02
2.348868922393634762e+02
-1.023923208010979351e+03
-7.495440714466053578e+01
1.247298933413934947e+03
8.191357154059899131e+02
-1.159741774676612977e+03
-5.433898826106120623e+02
9.647166483071076755e+02
8.085659992297944427e+02
-6.714622624354158233e+02
-1.817554277641687861e+02
6.124143949412699612e+02
3.942432644191641202e+02
-8.623158747004708857e+02
-2.982697242621866280e+02
1.275022519272700947e+03
1.207312056173468591e+03
-3.455457418687835798e+02
-3.064387898216783128e+02
5.350065134076309050e+02
6.017774101088580210e+02
-3.802206255456332542e+02
-8.852634707787927937e+01
4.001868673690146352e+02
2.990117103912410812e+02
-2.979139715456996100e+02
1.249537843798440520e+02
5.955076286162025099e+02
4.591070770654260400e+02
-5.617966045520408898e+02
-1.133824075254654957e+02
1.032574653969818655e+03
1.243211584312415425e+03
-3.958285997706216790e+02
-1.983567120486821977e+01
5.878313453132695940e+02
3.335064813634248253e+02
-5.039636937886076566e+02
-5.397309610198693264e+01
4.344380863331773526e+02
3.385741954565850733e+02
-4.380531654652787665e+02
8.604208088556644896e+01
6.951550554113950966e+02
4.177965177781624675e+02
-6.707743907083788599e+02
-4.179767331196130726e+02
5.606631575915705525e+02
8.069179332788094143e+02
-3.852720765480181058e+02
-4.429342055676211487e+01
6.132225010334581157e+02
6.520082976546149212e+02
-7.044240707098222174e+02
1.892277665504630875e+02
1.116971159029539194e+03
4.182986652970643604e+02
-1.172271522165914803e+03
-1.380414252901612997e+02
8.952086668380155743e+02
5.165061109997999438e+02
-6.983783180094544605e+02
7.040835482723832683e+01
1.055640152274080720e+03
7.983001639237444351e+02
-8.574036257483622876e+02
-1.938783231352669247e+02
2.711936713211078768e+03
4.226197359328625680e+03
-1.262869097709210564e+03
3.879086335503466785e+02
1.137911302278695757e+03
7.174826763372898313e+02
-7.219609498976012674e+02
1.508427731603739232e+02
6.928347321064221660e+02
6.286015903895856809e+02
-5.968006077606361259e+02
-1.623644410622601129e+02
4.388137469399385964e+02
2.742337540906963795e+02
-6.280552565807709016e+02
3.098616435758855800e+02
1.284152360916314137e+03
6.658294448484436998e+02
-1.460300115700584684e+03
-1.248707673812857308e+02
1.033531886375279100e+03
1.772827633977700543e+02
-1.335269303629003389e+03
-4.945122414494011878e+02
8.825686828109631961e+02
9.783522420460142257e+02
-2.153544690178387100e+02
-1.967723659628121311e+02
4.712245187585905342e+02
4.748078815706933824e+02
-5.401999436305915196e+02
-8.953956239688828589e+01
7.687960861414951523e+02
8.916806165075702211e+02
-4.646243688296858068e+02
2.798773894819118979e+01
6.268068965497726595e+02
6.801826096747282691e+02
-3.496115063001658427e+02
3.238177310708621803e+01
5.104610352634224455e+02
1.571087464197674706e+02
-1.035928086047831130e+03
2.476087260098466629e+02
7.865609673705262139e+02
5.011677462306155348e+02
-7.593006077606361259e+02
-4.362542460342268669e+01
8.481747012609437206e+02
4.225485553997204988e+02
-1.573743409433256147e+03
-3.918630706299047688e+02
1.174431341525643575e+03
5.853506311360454220e+02
-1.092607688530603355e+03
-1.824076962926882857e+02
8.419944885531886030e+02
6.177420737998994582e+02
-7.314902456605785801e+02
-4.184894649449453397e+01
8.031340765013997043e+02
5.138832436019231409e+02
-6.656289086498820780e+02
-3.458058147596677401e+01
6.165805073848902111e+02
3.826644207691863926e+02
-5.665779450949331704e+02
-2.354392849897792530e+02
5.137871947147428955e+02
4.936251790857949686e+02
-4.114259705447408919e+02
1.401802577973674886e+02
1.114932612444317783e+03
8.948675943115214295e+02
-1.119014305750349649e+03
-4.174185674565107433e+02
7.540407423862837959e+02
4.101864254534589236e+02
-7.280993750986215218e+02
1.562475463194406018e+02
7.336620398456728935e+02
3.860832102469938718e+02
-6.351159700221667208e+02
-1.255921604983573729e+02
6.005087398057297605e+02
3.540477590984693279e+02
-1.037958988721604783e+03
-6.306073384453224406e+01
1.382806051886452678e+03
1.348548443455389815e+03
-1.026769973598361048e+03
-4.138561656282960826e+02
4.709063677543895210e+02
6.493145065590728109e+02
-2.178197310496139494e+02
7.625118120417840650e+00
2.343441328251099094e+02
2.998465169608468841e+02
-4.771679467885593908e+02
-5.267767109001292170e+01
4.888682079601166492e+02
1.969308770557038031e+02
-1.607671593269269124e+03
4.648918606998105361e+02
2.808794371078633048e+03
8.724765388510218145e+02
-7.503679642529540388e+02
-1.220522402690441481e+02
5.865569966237678727e+02
2.496463119518948872e+02
-7.481563987680982564e+02
-4.507341794792252188e+01
1.420368750602719047e+03
1.364579617797599212e+03
-2.731999008471586421e+03
-5.013655815900216339e+01
1.573214260416210664e+03
1.074641027747289399e+03
-2.444904725446188536e+02
5.406516079820879668e+02
8.400651728667196494e+02
-2.251540851964925878e+02
-1.780853803187590074e+03
8.565221959788237882e+01
1.635434150097626116e+03
2.191671259889029443e+03
-1.545288073310543950e+03
-6.196413527211051360e+02
3.204415402269536344e+02
1.285714116776140656e+02
-9.154689172502280599e+02
-2.079492939798998066e+02
6.369610268179698096e+02
5.290418348987769832e+02
-4.342407564645039884e+02
-1.158292218182075999e+02
3.683106480553880147e+02
3.275853288869413973e+02
-4.665547465936004983e+02
-1.339051515115527309e+02
4.070109966054816368e+02
4.024205832030768306e+02
-4.714907879175178209e+02
-3.271722681072884598e+02
4.904517741955432371e+02
6.177748334098088208e+02
-5.204618549796272191e+02
-5.282045884078965514e+01
4.478620254455310601e+02
1.974365751149381083e+02
-4.186821507471589712e+02
1.480290182242093806e+02
5.003971597160710303e+02
1.954817182556516286e+02
-6.165594053625588913e+02
-6.853328553939353185e+01
7.396297028964487481e+02
5.236254062606974458e+02
-4.982301698613052281e+02
-1.668148648017264577e+02
6.713015739442107588e+02
6.589183530354636105e+02
-7.061685671890522826e+02
-3.438113310827148439e+02
3.089222952191137779e+02
4.920161119097376172e+02
-2.497506279402874156e+02
-1.018627947201207604e+02
3.823976061864490816e+02
2.607292817405332244e+02
-7.925176194957995222e+02
-4.199192945335935860e+02
4.980112802715450471e+02
5.903736109612684686e+02
-3.483686817501261999e+02
3.064759363643710230e+02
6.115997269380095531e+02
2.948185776523253594e+02
-6.955727567686393513e+02
-5.738313200213572145e+02
3.112842983366701901e+02
5.770428628867124417e+02
-5.033190247495991798e+01
2.812088922082464251e+02
3.011343837480834509e+02
-1.851502823834682232e+01
-1.007709974924560811e+03
-6.258340123875299810e+01
1.203771189435475208e+03
5.806498820569664758e+02
-1.385363493257272694e+03
-3.477228276953548516e+02
6.808190275829815619e+02
6.126233584087726740e+02
-4.008641063447386728e+02
6.610937601335628244e+01
6.515604975970333044e+02
3.014461932713452939e+02
-7.974017198011916889e+02
-2.685511927871654052e+02
5.741108386063508533e+02
1.105413005353636663e+03
-2.074769639113826997e+03
-1.062150878673825900e+03
8.899730407444428693e+02
1.688448181084922908e+02
-1.345491558007007825e+03
4.310757378717233905e+02
7.878794111395129676e+02
2.478828149171914390e+02
-7.079961723404275062e+02
-2.633759503949214036e+02
3.792231653381705883e+02
2.389723337238098395e+02
-5.667227806077711421e+02
4.011285993801047312e+01
5.531369658261714903e+02
1.802350501529801647e+02
-7.173730077184367246e+02
-1.564960720145976225e+01
5.613112445940092812e+02
4.409815421222813825e+02
-4.194406576396618220e+02
8.077343659235614837e+01
8.421902325420220450e+02
9.859497094770332524e+02
-3.024505321700347849e+03
-6.577533972722012550e+02
5.907980440939788878e+02
4.272375780089747082e+02
-1.361763916667375270e+03
2.224177240570908793e+02
5.220319342314132882e+02
5.223780125829557619e+01
-9.193439301854444921e+02
-1.396756077606355007e+02
5.762528968511946914e+02
7.018369744691434562e+02
-8.570255885882063467e+02
-3.457110284160146421e+02
3.641706248446744780e+02
7.934377502399865989e+02
-1.077678609375667747e+03
-7.868980164295733175e+02
-1.007264612946271853e+01
2.159536422460617189e+01
-1.111467598965651632e+03
1.831363823303039453e+02
1.035773784478729340e+03
4.817414679756893747e+02
-9.828359551965462515e+02
-4.197899239326553698e+02
2.412366616207014829e+02
5.035497471205748070e+02
-5.148240992602414963e+02
3.731663798961757834e+02
7.697878343422762555e+02
4.003123278667297882e+02
-6.377138396038485553e+02
9.526585631915243368e+01
6.650448423910188467e+02
3.216596645971784483e+02
-3.508616618182160778e+02
-2.634118499873158044e+02
6.829012492757295831e+02
1.922756648241406765e+03
-2.793959867060306692e+02
1.751046635136144971e+02
4.175985266630611363e+02
2.841837928265587720e+02
-3.414846620611329513e+02
-2.525734919346126262e+01
2.078253705106892824e+02
1.286735939440674201e+02
-3.292609863953835543e+02
-9.623739004297546273e+01
3.788687274972150476e+02
4.925087790598851711e+02
-4.323041393330894380e+02
-1.369597223720645047e+02
4.171631395579088917e+02
2.442254559777822180e+02
-5.487639500420762033e+02
-1.582652622930782798e+02
2.921451865719972716e+02
3.693096257474021513e+02
-3.891246545492647897e+02
5.955206244748627142e+00
7.306608171765468569e+02
7.461714806144437944e+02
-7.361115975305607435e+02
-3.874185674565093223e+02
2.172804010181279182e+02
3.607687268939579326e+02
-2.468530335785169996e+02
4.632890286107056887e+00
-3.946435240320094096e+01
-1.554017378123474202e+02
-1.070515473713977372e+03
-3.220162018932680894e+02
5.009063388392389697e+02
4.565552740174826454e+02
-5.851447038481152276e+02
-1.586823149381010865e+02
2.481993480443993292e+02
3.136591239030929614e+02
-1.481774451659421402e+03
-3.752185657210363274e+02
4.965666611533941364e+02
4.826986651807927728e+02
-4.788877669811598139e+02
-1.658484871852939762e+02
2.349653319637294828e+02
2.326183388602906632e+02
-5.156230325697379158e+02
1.914870613657203933e+02
8.370875318878184999e+02
4.248342225735759143e+02
-5.408700336881777275e+02
-5.906725079257738997e+01
3.711054167057758946e+02
5.661155829443056291e+02
-1.000762598572760851e+02
-1.178639551192147650e+02
-6.391701913838610949e+01
-6.180779483114869066e+01
-3.651510952087166402e+02
-1.155574514838857141e+02
2.072640124573700575e+02
4.725038244817571922e+02
-2.458315283514426710e+02
4.012875575516985549e+01
3.239344425407956578e+02
2.337547700347586783e+02
-6.684858417606611738e+02
-2.876412996187074356e+01
3.279682077754811189e+02
1.514276264168922239e+02
-9.582431822470553016e+02
-1.787741503730297552e+02
5.300766748436766420e+02
8.885612880864958925e+02
4.803788293451265901e+01
7.904691028885901005e+01
1.149212419160037371e+02
4.356385455799240702e+01
-3.993081124810539677e+02
6.563450186465144043e+01
3.316614487133277294e+02
1.815651858295711065e+02
-5.624637364562476023e+02
-1.558203297275242392e+02
2.339878147610689894e+02
4.182011170782330964e+02
-2.199565014126847586e+02
-1.709488718044437405e+01
1.576791980033669631e+02
2.599694740020516974e+02
-1.411032479327919873e+02
3.788058266202738196e+02
4.086858155442362204e+02
1.221777818328160805e+02
-1.116096659684188808e+03
-4.536483947404497599e+02
1.271013692972908586e+02
4.151219530822514798e+02
-1.213545267438046409e+02
1.073590595822290936e+02
3.354716466496738576e+02
1.936341570652243433e+02
-4.529117410283001277e+02
-2.345516002282250554e+02
3.039157296796132641e+02
4.099253676698501181e+02
-2.125246867125072640e+03
2.054295262336403880e+02
8.477571574226248003e+02
2.551061962815101083e+02
-1.594827516704417121e+03
-7.364187149772715202e+02
5.449418782550281293e+01
4.001393630486102211e+02
3.526466399208445068e+01
1.960080224075281876e+02
2.558313156592969619e+02
7.284268431523631193e+01
-6.230057863922842216e+02
-2.562138724288995490e+02
1.734827953474168680e+02
4.282987213676004785e+02
-4.558520870561862353e+02
-2.966926432490733987e+02
1.343223943449094406e+02
2.840073776633544753e+02
-1.533605214003656272e+02
9.936579069416617926e+01
3.475734937238360800e+01
-5.949675824753225761e+00
-2.480893124402461751e+02
3.827951628427231157e+01
1.535843205821343247e+02
1.222048857378499065e+02
-3.400005236494404244e+02
8.069594018110632305e+01
2.099610441125506384e+02
2.632083269921874944e+02
-1.509496512066247931e+02
-7.193168177740317049e+01
9.839570244705244306e+01
9.907833366922616847e+01
-1.507684345126809831e+02
-4.162549172044097645e+01
-7.668889624234064684e+01
-5.772452158852298254e+01
-2.802372598090732936e+02
2.019024008937441579e+02
3.643238782188882965e+02
1.730495499866208604e+02
-6.585369708965963582e+02
-6.178312528276244997e+00
4.182204057131086188e+02
1.383175219079848262e+02
-8.876358635031205040e+02
-4.485907824968186901e+02
1.576738168244181679e+02
9.524614192825443979e+02
-3.106722836399868356e+03
-1.719214259326671481e+03
8.148218074585597037e+01
-2.478201254428213574e+01
-7.511143057503500131e+02
-1.563274777399944071e+02
1.780493531943374990e+02
2.884417531297423238e+02
-9.618149902528973882e+01
-8.359082539868562378e+01
9.858402626424775406e+01
3.516654351763795034e+02
2.821448335484506131e+01
1.274696003862529281e+01
-1.992567760179798242e+01
1.191092319115582256e+02
-1.704725142424511262e+02
7.784475600427985853e+01
1.642372811832160835e+02
1.993945435116529552e+02
-3.997778624919091612e+02
2.811968427650550097e+02
3.603061950838360872e+02
2.249946722417321610e+02
-5.293137202225965439e+02
-2.756896869493323265e+02
1.857624827050884448e+02
4.343269012296797769e+02
1.241428911094464951e+02
1.317653793087717986e+02
1.950475299984443822e+01
1.190264032243021859e+02
-2.883723010929406882e+02
-1.415476975816016818e+02
-1.062134041891176821e+02
2.522335319887983651e+00
-1.434070667302657398e+02
6.867551670526302132e+01
2.235337893923359047e+02
3.446835230588620789e+02
-2.852459491684540467e+02
-3.635846067515411164e+02
-2.621550290194931563e+02
8.506348371513088580e+01
5.066185911454576996e+01
1.133443989016581952e+02
6.002295899765955056e+01
1.490348868082993192e+02
-1.057286299499668729e+02
1.022598131527534235e+02
5.913679074631156851e+01
8.329712026668843805e+01
-2.683590383995297088e+02
-7.793324309424465923e+01
-3.242528994632736783e+01
1.558456416952814152e+02
2.504643882602688265e+01
1.613145075645831810e+02
1.260634484486000133e+02
3.795247433960729921e+01
-2.671155754777210518e+02
2.158386411147311534e+01
1.309940443846386700e+02
2.986317392080051718e+02
-1.370760363482675928e+02
-9.701408920763122978e+01
-9.565657336645557507e+00
2.011901426241341824e+02
8.985272719119366513e+01
1.408951622507744617e+02
7.191797120554493006e+01
1.220295497412586201e+02
-1.263643298678361475e+02
-4.641209284076440866e+01
-5.402890878495205129e+01
-1.405221743966727672e+02
-1.640056100981766178e+02
8.665672097264551610e+01
2.538241887417898397e+02
2.439013505521163836e+02
-2.709017865782512331e+02
-2.464849789800917961e+02
-1.282087875134314743e+02
5.570445062525911339e+01
-5.857537690428846844e+01
1.614294042032851166e+02
1.030540021530975281e+02
-5.020712645080533498e+00
-3.677411955155626515e+02
-5.926491594188138379e+01
2.455642942105926352e+02
2.183208804208247784e+02
-2.560723871245155010e+02
-2.014548464463737503e+02
8.472780939171667569e+01
1.236863136688436811e+02
-1.448686814546354924e+02
-8.744987319603130516e+01
5.164660762642798630e+01
1.890457204948851029e+02
-1.251402751364054353e+02
-4.968478096253983978e+01
2.793129423559545899e+01
1.201694443938481811e+02
-4.044375431926694375e+01
-5.961779975886453542e+01
5.695583602715743154e+01
1.567307132257388105e+02
-3.807801440310301189e+01
-6.157341163964204611e+01
-1.184675550500373618e+02
-3.353968861121729361e+01
-1.326051209452581361e+02
-1.154132169087152988e+02
1.231526503084277735e+01
3.901098346697563812e+01
-1.867804105292507586e+02
-2.253114806945331949e+01
8.072194241782933943e+01
1.944860426186488951e+02
-2.989719070083755170e+01
-6.065865059164097062e+01
-3.748788261886780759e+01
-1.167883035019555926e+00
-2.046936745165640446e+02
-5.790221678808963190e+01
1.800922538470353516e+02
2.301245369870894706e+02
-8.034012411929460029e+01
-1.912128783809673109e+02
-1.158193638359635997e+02
3.888601970510436701e+01
-2.390448104028277854e+01
1.621947230520050187e+00
-2.139908140960017136e+01
2.594198046791641943e+01
-2.323909147576775425e+01
5.349907230511962553e+01
5.362440444008327489e+01
4.142525775067768024e+01
-8.349851019887154280e+01
3.227968688394658869e+01
2.353195731661172729e+01
-2.200778876787557348e+00
-1.504246882483710408e+02
-3.794472996257849928e+01
1.179461468217677975e+02
1.199975185168519118e+02
-5.147100289659771732e+01
-6.747442663190157930e+01
1.188595098249189874e+01
6.823796009298783360e+01
-4.407812930124296003e+01
-4.472692022110389409e+00
5.500521083936490641e+01
1.338428881161750610e+02
-1.046995043187422247e+01
-9.869852243906892753e+00
-2.916961894683573675e+01
-3.807820689707617134e+01
-9.444759353369552457e+01
1.154672093979693592e+01
6.657299598635381699e+01
6.432670442887132367e+01
-8.511807081966763633e+01
-3.266670867111108123e+01
2.245477465498514391e+01
3.898004877247497291e+01
-8.527427949026137810e+01
-4.747291364969833438e+01
-6.560578425145830117e+00
5.637879407848298285e+01
-2.697852010561592451e+01
-1.192164207810360033e+01
2.157375941358647520e+00
4.611532865222103261e+00
-7.304657121299413802e+01
3.773366912353934310e+01
1.037513471730218413e+02
1.382956832622416812e+02
-1.236450485657685938e+01
-1.573349885346214272e+01
8.715250770163924798e-01
1.092778194248032619e+01
-5.170654499192581000e+01
-9.469130924792462878e+00
1.143180681353985584e+01
-9.310099620978496304e+00
-9.654251557208726808e+01
9.081730626046494947e+00
3.865301695550700600e+01
3.881672081321023882e+01
-7.120355652710060212e+01
-3.379706148602895421e+00
3.794817563400111737e+01
1.901531297260344999e+01
-9.424863879776124520e+01
-2.928936163194468278e+01
4.018729045470485772e+01
3.883039310383660592e+01
-7.103240265467522363e+01
-3.385374834740922978e+01
1.938014345311847464e+01
5.767421543865274458e+01
-3.700257219790009344e+01
2.674292131945836104e+01
4.014308184746371921e+01
-8.116917911613072079e+00
-1.147829819448799782e+02
-3.788022236077772931e+01
3.691465095601159163e+01
1.838805299459065168e+01
-7.793178976885083387e+01
-3.413974418788941989e+01
4.201964374929017509e+01
4.831098273892948214e+01
-2.997056022473208259e+01
3.916695329017066296e+00
4.479776878944992546e+01
5.082530587488777485e+01
-3.957565779971639586e+01
-3.461749565903887316e+01
4.706608673801857101e+00
2.575913307796636076e+01
-2.082506752895956836e+01
2.018536825383732136e+00
1.493506358583499072e+01
3.354744007771451209e+01
-2.339159374861396401e+01
-1.078856500172864052e+01
4.205533434853213492e+01
4.372764939968164555e+01
-1.598590978132564544e+01
-2.002562509415698955e+01
-2.221529499204088154e+00
2.348531175093791035e+01
-2.207921111517383039e+01
3.269408523896776941e+00
1.503302258322982077e+01
2.417116723817495227e+01
-1.893915467594749202e+01
3.865492994101394242e+00
1.598059841047222207e+01
7.465453419250870581e+00
-3.749986030080979305e+01
1.863673803084045488e+01
4.425909056562225175e+01
3.300182129507986417e+01
-3.085656886458488657e+01
4.787607768857681911e+00
3.150576521807875707e+01
3.622406853083904821e+01
-3.430419252044181633e+01
-1.291199833591972457e+01
1.185111176730768712e+01
1.515172132533594507e+01
-3.323175896590632306e+01
-6.376443504080256730e+00
4.533963964767757204e+00
1.440359688559995099e+01
-3.044837567075753526e+01
-1.092408126186131412e+01
4.941248186128945008e+00
3.955902785658024889e+00
-2.846198004367631995e+01
-1.330760315332583543e+00
7.545269090044766536e+00
1.079516603063703784e+01
-1.436740120494156692e+01
1.831198249453884941e+01
2.026876178752020508e+01
-2.838127782149094003e+00
-4.076120050049588883e+01
5.243476987383052013e+00
2.321386990612189294e+01
9.305549237590428291e+00
-3.986419574658227560e+01
-1.123516584752789882e+01
2.654398733940615429e+01
3.107261157387962314e+01
-1.644542456864646951e+01
6.107128850635793249e+00
2.256668657361247554e+01
2.177487548222763181e+01
-9.370350485039757871e+00
9.814791427096396959e+00
2.029277609481578892e+01
2.477415795804227372e+01
-1.918712982657267219e+01
6.545957141459301631e+00
3.418536396379347053e+01
3.701168684097783057e+01
-3.015891853004017964e+00
-9.214355576300835793e+00
2.448368196538923058e+01
6.396000294316060319e+01
5.189031793544187110e+01
6.766807761594043313e+01
6.152504353155846673e+01
5.277967538228249822e+01
6.344677216156788369e+00
9.346392084903714093e+00
2.868896960397655249e+01
3.052379068672073714e+01
-1.459980159408883793e+01
-1.257856805509432441e+01
-3.697742871993218161e-01
3.800504222384380792e+00
-1.856617350548743062e+01
1.653357939918828290e+00
2.500746102005632210e+01
3.296337882542158582e+01
-6.107860614970404889e+00
-7.479888178582592140e+00
5.899661490732770464e-01
9.472263632512758491e+00
-4.533560012374405090e+00
1.068587714773079078e+01
2.258911537994164931e+01
2.342610456324385737e+01
-7.162110332090575682e+00
3.535491898859255411e+00
1.389817914930352671e+01
1.770223927476514802e+01
-3.189120799103152937e+00
1.631238851899530884e+00
8.368172403494108735e+00
6.714207555017623008e+00
-1.205985181980858734e+01
-7.278484256827261190e-01
1.463281742573272126e+01
2.700756737954064590e+01
1.452142413886941341e+01
1.611358237636451207e+01
4.604950934900054804e+00
-6.012088450499040171e+00
-1.788985018775818858e+01
6.686261241755738993e+00
2.634038751233702413e+01
2.641726091556503775e+01
1.404955791795186704e+00
9.008050519675657952e+00
2.165937784694450485e+01
2.068103798272427341e+01
-8.661157615183862291e+00
-3.980061732951677644e+00
1.332291100309621790e+01
1.428284878935026647e+01
-2.009288653915265732e-01
9.519581466676925174e+00
2.281111940733185506e+01
1.686094587257638722e+01
-1.391503192798848509e+01
-6.335599758361373901e+00
1.208633995809127448e+01
1.953580553303145706e+01
5.737999126418078077e+00
1.256935762188567196e+01
1.177259236195323133e+01
4.707567099267034871e-01
-1.536156261416952340e+01
7.546929232891539385e+00
2.025387076281987575e+01
1.577617820683498273e+01
-1.001876976010044551e+01
1.070134693151923999e+00
9.190762075811294451e+00
5.808607603132986519e+00
-1.525950942345131622e+01
-2.675061846868901139e+00
7.955748882114887621e+00
9.848032931243061228e+00
-1.006272153173136452e+01
1.249306491515601580e+00
1.348581578971658423e+01
1.726385436827043662e+01
-6.624289227037028382e+00
-7.205371411460053110e+00
-3.193714612994144275e+00
7.403251854498885010e+00
1.092270782059176604e+00
1.378980992802726213e+01
1.389669998290938580e+01
8.193000537381459836e+00
-1.317568895398146012e+01
-5.929595054418164146e+00
5.499325785586670179e+00
9.923191190915950699e+00
-2.087455484895901492e+00
3.725171203386064445e+00
1.184686245219769063e+01
1.015262581254465601e+01
-3.779413192028792334e+00
4.468510982263036724e-03
1.678525788953797671e+00
1.031201074683923524e+00
-1.103556186933545469e+01
2.626284141480795142e+00
1.621675974954371213e+01
1.547892754872345300e+01
-7.851137575152827841e-01
-7.703435393456521396e-01
1.677304903422029092e+00
2.801370247788711687e+00
-4.985775516532816809e+00
6.122736520355714696e+00
1.371719418127749357e+01
4.676594833436732657e+00
-1.333665078314680308e+01
-6.892732650540657424e+00
5.219801155206489796e+00
1.022852286091291241e+01
-1.014488588504459443e+00
-2.577574975701049542e+00
7.680697666002020974e-01
3.217564498825053132e+00
-4.137226267439054084e+00
-7.715913619202263707e-01
6.016618517989301695e-01
5.735833422831298378e+00
5.495088547577866578e+00
7.385554316481524495e+00
5.377285968945733963e+00
2.058646401506909474e+00
-5.992943899767842808e+00
2.039971905970522636e-01
1.882166781681598566e+00
2.898909887776737637e+00
-4.943341623493417103e+00
2.687118776581376434e+00
7.394156911180502334e+00
8.344207975960493684e+00
-1.703107629494237996e+00
1.239638989673904845e+00
2.833388502686315924e+00
-5.251513560861252872e-01
-9.087687109598839186e+00
-2.044636889483358866e-01
9.708883883698655737e+00
1.025412135482980602e+01
-5.989292526640351833e-01
1.632893151147583044e+00
5.319454708868015302e+00
3.673846630123625445e+00
-3.187717693785523387e+00
1.728825283121465217e+00
6.903857699857065988e+00
3.724489477623237565e+00
-5.989511996295393992e+00
-2.916343692748210259e+00
2.173848207515182818e+00
1.782249451228662629e+00
-3.089886710941428749e+00
3.123771440303408475e+00
6.614057069099764874e+00
2.902822530046835325e+00
-7.224920743976650073e+00
-1.795456786864769949e+00
3.479198699489178814e+00
4.197151278095928362e+00
-3.511627354176275695e+00
-2.714551725354968692e+00
4.078507243418005856e+00
6.429186963093311391e+00
3.514251205881083195e-01
-8.467143546467915671e-01
-2.514914107040006286e+00
-3.318370796549770407e+00
-5.095450111353086342e+00
2.417192867342742968e+00
7.771939677454576589e+00
6.111971722640155313e+00
-4.169088994622611288e+00
-4.491043515303270617e+00
1.796246027945065160e+00
7.115110721990798304e+00
3.731482991092481605e+00
4.861418127448805748e+00
2.969288672864753398e+00
3.456513612947454739e+00
-1.337347744467867416e+00
1.718299166235829789e+00
5.007420415722972251e+00
5.561745389105913873e+00
6.012900688518443282e-01
2.179668340441698327e+00
4.382116722394436614e+00
5.606635269115903597e+00
-5.191521754155327129e-01
2.202439083375301310e-01
3.403607831958508356e+00
7.335532820242057994e+00
4.057447106522767299e+00
3.972425609591036633e+00
4.507664242956885836e+00
3.936641146709090933e+00
1.125208551165378879e+00
4.290906234865349944e+00
7.511494536819125045e+00
7.283638400213121145e+00
1.870340942348605040e+00
3.137919785383616045e+00
5.149539612467041394e+00
5.218390220303414040e+00
3.964746392459107538e-01
1.396007619272594980e+00
5.422199378406270753e+00
6.363799369666566008e+00
1.791110992297526572e+00
3.056218665075119745e+00
3.490389560418887260e+00
3.910927542934507173e+00
1.048602069009183790e-01
2.775614088486530129e+00
6.282228306701847842e+00
5.742953505349345455e+00
4.783859607313708517e-01
2.244855752455481745e+00
4.357080820297288604e+00
3.474625069271395361e+00
6.704962980083789548e-02
1.783789538326395085e+00
4.240112418857174603e+00
3.055569491829019491e+00
-2.639182112706948136e-01
2.409392094365401693e+00
4.925280836130447426e+00
4.054217325964096119e+00
-1.972657044789166703e-01
1.765920192498714014e+00
4.339663800175665109e+00
2.962808620313801988e+00
-9.920078363276138012e-01
-9.432752273497920781e-01
2.281547367439918261e+00
3.301460004968440387e+00
9.696890056494726906e-01
1.506333836004726034e+00
2.329550759779754454e+00
1.640698773138595135e+00
-1.456977236863973735e+00
1.114702128918343194e+00
3.390791702791127182e+00
3.414867523537585825e+00
1.126325115617012318e-01
1.292021366674186655e+00
2.614734154527637688e+00
1.063913628026130986e+00
-2.051690889669638196e+00
3.056181837799928358e-01
2.828395166416215023e+00
2.906552261470732201e+00
-1.119165063811314031e-01
1.313016167968206416e+00
2.342127835479998588e+00
1.232367276642220455e+00
-1.680050152857045953e+00
5.479207807332929780e-01
2.661946651504121686e+00
2.378198253671125251e+00
-1.674565941549237769e+00
-1.090646044722936026e+00
8.359035500234776039e-01
1.250106526613142810e+00
-3.456809621521859111e-01
1.927493688023564022e+00
3.048629118990064946e+00
2.048999880696930731e+00
-2.272134436940255853e+00
-4.523295791360605334e-01
2.223884708050112735e+00
1.853944761562783539e+00
-4.364005760312687499e-01
1.076535628794823563e+00
3.036932372641563571e+00
1.880058018116513852e+00
-2.102647521671936026e+00
-3.566344713246262232e-01
2.603601795178374978e+00
3.383733954436824565e+00
-1.013443490853432188e-01
5.095770722068589942e-01
1.074991191740695351e+00
2.159424082055624083e+00
-4.569489791677304458e-02
9.650130123220436174e-01
2.075938807147227561e+00
1.998255570473266962e+00
1.594986594386024470e-01
1.140226983119754012e+00
1.504830027430547501e+00
1.833529764829844533e+00
-7.847430279175406920e-01
6.361186514701789863e-01
2.374944399798118777e+00
2.423989747969144570e+00
5.571254662772301414e-01
4.900740535676899601e-01
7.914497013077242960e-01
2.152737870994944291e+00
5.527132820535535923e-02
1.182603105414056222e+00
2.022570101260015463e+00
2.219498251645823039e+00
4.893525076999662438e-01
1.827801034173877293e+00
2.765449306454716538e+00
1.883990212756946780e+00
-7.507668213960378978e-01
-2.379242552919232437e-02
2.108982731125560228e+00
2.293969117869961494e+00
1.114402513331522321e-01
1.100377062860418587e+00
1.962589857940444382e+00
1.395706544908592805e+00
-7.128691516305400988e-01
1.000998837796648111e+00
2.428751005498669624e+00
1.835135248766228910e+00
-3.569631950291519140e-01
9.453973410180429582e-01
2.416395651661610078e+00
2.600213031762075744e+00
-3.368202782685303376e-01
5.623255132609823459e-01
1.210356103119079707e+00
9.662893859540334640e-01
-5.995352653397271192e-01
5.992892779847381890e-01
1.935356304586417053e+00
1.976961208324780062e+00
-5.989346828311230275e-02
9.276687661656087824e-01
1.641342045139763339e+00
1.170571421379643429e+00
-5.265654198522603524e-01
7.826199533579331069e-01
2.552529380209267007e+00
1.736555795810365899e+00
-2.125737772884323251e-01
3.171939983800495244e-01
1.635478155143052614e+00
1.767848015493417968e+00
-5.329070578526475810e-01
1.030396522379753987e+00
1.531762485340512070e+00
6.482114315889586642e-01
-1.210275183489596174e+00
3.500303748928247360e-01
2.383019605639600691e+00
2.041097435675950145e+00
-4.128020296873026185e-01
4.389252839574996901e-01
1.462986194021690611e+00
8.448009691640228080e-01
-1.012592667024987403e+00
-1.394657782364833176e-01
9.045331166652291754e-01
1.452423464716707580e+00
2.504336816276109823e-01
1.129931139873762813e+00
1.471685572960170996e+00
9.743790196094268552e-01
-3.030113362925854203e-01
5.787224837398122768e-01
1.585408651292312232e+00
1.294404444077770444e+00
3.407519725694476559e-02
1.090717666551387799e+00
1.643850473452096450e+00
1.587428127340661632e+00
-2.729285278744615351e-01
4.547869961220665780e-01
1.715420257969817008e+00
1.722324590484284323e+00
-1.548803469919532994e-01
5.205352805848306730e-01
9.727244325013509885e-01
7.919355132876961800e-01
-5.319703482316545662e-01
5.773516080184870614e-01
1.417219828878872434e+00
7.370603159009511129e-01
-1.003151805705083222e+00
8.810236775274448151e-01
2.559795183134063290e+00
2.666024596104255018e+00
3.241819744821368143e-01
6.850008523617022727e-01
1.539029968575575724e+00
1.769818682929546139e+00
1.188128652814927966e+00
1.936094065085130378e+00
2.723992732033553299e+00
2.387734457424843360e+00
9.295650665693425685e-01
2.034456120291276537e+00
3.392076104847686402e+00
3.662853025682861752e+00
2.774669898550818470e+00
4.145284333484909212e+00
6.042735376595576469e+00
6.718289445196036880e+00
5.358733472090501770e+00
6.245745463414889009e+00
7.682492528864815817e+00
8.439972111126378351e+00
8.000693065800499326e+00
9.249131615016315422e+00
1.002291395020177234e+01
9.479307895210453694e+00
7.323883720831408262e+00
8.208014907505607027e+00
9.036082195257280958e+00
8.892740897663049537e+00
7.094839757648503387e+00
7.717899039352945856e+00
9.141440179611821648e+00
9.133097110799441865e+00
7.984496921825973814e+00
8.950238607581626482e+00
9.606618589417468712e+00
8.030223712262765545e+00
4.618871313842707771e+00
3.570548868873849813e+00
3.539335873766922269e+00
2.993032245364206201e+00
8.961993933418952452e-01
1.574155337899586948e+00
2.450364300539775719e+00
2.953578082230408963e+00
1.820188834364326658e+00
1.913826915730196809e+00
2.656569831626232059e+00
3.187132570687907673e+00
2.010470297344563839e+00
2.156493565700793980e+00
1.982624948897736550e+00
2.025845440882868775e+00
1.059799886286347359e+00
1.791040492168660903e+00
2.491918993408986704e+00
2.339235690366648246e+00
8.789514478530535690e-01
1.439135432035032691e+00
2.073102411568560122e+00
1.447427942964223835e+00
1.831609049075735851e-02
1.127232331067399063e+00
1.907373831935302189e+00
1.890918244345464405e+00
1.348994312937286943e-01
5.597430080008574116e-01
2.044842992357938538e+00
1.919160008433412834e+00
9.215811078210389695e-02
-3.845674753514742583e-02
4.988525137521161446e-01
9.081888406209633890e-01
1.637308768561979433e-01
2.855271362238647193e-01
6.118692927803804915e-01
1.093388137238992863e+00
-3.164471506052644600e-01
6.798794522539258756e-02
3.535545482252370753e-01
3.171087609639168248e-01
-4.579973500110579021e-01
-1.738992513845757093e-01
6.606707112702716600e-01
8.645342831245709236e-01
-9.675974537848472390e-02
5.093849089344409942e-01
1.100355319691327827e+00
9.832930431339016453e-01
-2.911111720703695172e-01
2.744933127444455501e-01
7.188876204223425548e-01
5.597276854032116056e-01
-5.129758033644736814e-01
3.736505289267436636e-01
1.245500981117839689e+00
9.024158768077058523e-01
-7.071227823384477196e-01
-3.004867902078307562e-01
9.866655470262825425e-03
2.419312676247702687e-01
-4.070342895291189089e-01
8.484115572300838792e-01
1.177504006587002827e+00
3.710856147256335613e-01
-1.217266627628448283e+00
-5.320719500818352765e-01
4.971349224249371201e-01
8.948730982517466570e-01
1.876694483637000033e-01
6.462399758463248656e-01
7.227529636489113951e-01
3.865201948200869264e-02
-1.157216822883857521e+00
-2.482457439437789626e-01
6.009100283497463835e-01
4.524666311792832074e-01
-5.381375882126152588e-01
-2.412343078510234828e-01
7.430491922975389629e-01
1.270260304549774011e+00
-2.507482257956076821e-01
-5.288708196573685960e-01
-3.257071064044563258e-01
1.037875475667490444e-01
-7.607570748097798596e-02
4.904084706770677760e-01
5.396829679102574939e-01
6.372198834718899585e-01
-5.698574424343654243e-01
-5.841700634934512415e-01
-1.928833677168614313e-01
6.931660065307826413e-02
-9.841284802068123172e-02
8.306594044243927888e-01
8.146150402362959397e-01
5.355895725835276844e-01
-8.009780630333667162e-01
-1.411200417265081886e-01
2.927128940085274578e-01
1.510497617813060800e-01
-2.887763623311637717e-01
4.462856381162609853e-01
8.205943614029032052e-01
6.738885674179182494e-01
-5.876205152937571397e-01
-1.020864585484560112e-02
3.227143091155433852e-01
-5.059656250368395336e-02
-6.878574213955951366e-01
4.081036844622446536e-01
1.280163109106098984e+00
1.689965504449538525e+00
3.059172818803614358e-01
3.214233224907732667e-01
6.552945125394872283e-01
6.378743463341275399e-01
5.043999658544473519e-02
3.197625945692381122e-01
6.544259002432434302e-01
7.985233685101055245e-01
-2.427718354965396896e-02
6.720052045967058740e-01
1.198688091217034568e+00
1.901302246285174302e+00
1.174064497362240500e+00
1.107221072224535474e+00
9.810070190574390336e-01
9.616077940925857881e-01
1.818289416166561090e-01
5.311278024294671107e-01
1.145185139771771166e+00
1.613971029307646354e+00
6.526551346382954977e-01
5.070075471569144288e-01
9.107901561187818906e-01
1.416247854913122550e+00
9.395225242565300450e-01
1.139712272789274117e+00
1.318129122625552707e+00
1.631634682556658111e+00
9.666289226244683119e-01
1.258923931791958051e+00
1.377647160036072016e+00
1.192182029398175747e+00
7.103926891258491860e-01
1.099261009911620679e+00
1.415716847560497316e+00
1.264832582496169477e+00
6.486828707343555989e-01
1.189327010678584706e+00
1.282786366030853831e+00
1.370552022605741715e+00
7.383857112216639651e-01
1.618384294110745580e+00
2.168536349406765762e+00
1.951780084156100825e+00
1.149916039106760879e+00
1.773192868339568129e+00
1.982918251582246327e+00
1.791248136073272157e+00
2.963753239359573355e-01
6.311064214073937029e-01
1.136517680705143585e+00
1.171366487612829355e+00
7.083587792870457145e-01
1.392482430214526890e+00
1.744480730063969531e+00
1.209034245035054411e+00
1.250698377003071349e-01
6.231922658278344906e-01
1.201179259584885806e+00
1.179423924908899579e+00
3.053647629886106496e-01
6.405603621691700056e-01
9.838547908277734955e-01
1.337280809978264928e+00
9.193326276154546450e-01
1.311742229750622490e+00
1.371877825065280554e+00
1.110680248975621565e+00
1.111088369533594494e-01
3.959405975279813861e-01
6.718949807819097897e-01
8.326171851830270754e-01
1.204362549846070135e-01
2.000566040051053596e-01
4.719684942375711456e-01
8.015595320995055895e-01
3.776541324385506160e-01
7.753201149671931081e-01
9.304062888234316819e-01
5.431252662340623205e-01
-1.852263312698455011e-01
4.424223109530076026e-01
8.412884898534785938e-01
8.649501337626943620e-01
-1.911143608556650497e-01
1.244486552848478728e-01
8.283880509449116358e-01
1.277258324660986322e+00
4.654148400765938387e-01
5.191619361759054474e-01
7.310034000288737621e-01
9.661247088342090894e-01
5.788601244656231826e-01
6.939408542955244341e-01
8.692351873550709929e-01
7.927143064236084058e-01
-4.265095035460799572e-02
3.063485263758972121e-01
4.957284779773845629e-01
4.816646812138349332e-01
-3.616738534954523354e-01
-8.084399199583115758e-02
4.415868719476124804e-01
4.643644840824613929e-01
-3.514989514135389848e-01
1.195468535661712711e-01
7.025687762774809331e-01
8.702349078388725845e-01
5.422637455611847845e-02
1.533396793821329221e-02
3.582625169259337494e-01
4.252172172563361552e-01
-2.139644327950864511e-01
7.833800833979449874e-02
5.195409461385808170e-01
9.329346817240884437e-01
3.611490408305389477e-01
7.205531943901830605e-01
7.421475801749166656e-01
8.105703347323662822e-01
1.874191796624601891e-01
4.529880874803520197e-01
6.873290403352915190e-01
7.829233557309307479e-01
3.268191036191953613e-01
9.983859943094590683e-01
1.545787528421507906e+00
2.080311605637745309e+00
1.781493850886783470e+00
2.677759495922005240e+00
3.721263432211595390e+00
4.713413517681916076e+00
5.450155155249897021e+00
6.954026139642338400e+00
8.299118417584752549e+00
9.171274197347729640e+00
9.172459239683384169e+00
9.511436561617713892e+00
9.141007528798693826e+00
7.722447381398209743e+00
5.504737334818710970e+00
4.533112436243392551e+00
3.983244741669308642e+00
3.647634611357934098e+00
2.847805183030405640e+00
2.993932330331136260e+00
3.092514083407776226e+00
2.801546645347432030e+00
1.952637281519788104e+00
2.185630371364446933e+00
2.319730214747865560e+00
2.115807194408344749e+00
1.214321845126782096e+00
1.374725925457918496e+00
1.557086986834814946e+00
1.288557770245547962e+00
3.822096853077003309e-01
6.981932844485445600e-01
1.156349092060464656e+00
1.329109629469797493e+00
6.411111893393419692e-01
7.052719339472215410e-01
8.322657249110666511e-01
8.430765789734174787e-01
8.117615658600975392e-02
3.485122765275072143e-01
1.118090355897362942e+00
1.535141406846205037e+00
7.107932171447872705e-01
3.138220642999185461e-01
1.506418872757782079e-01
8.019556489881282113e-01
9.168265524670019539e-01
1.272591074056954152e+00
1.261166046425026499e+00
1.068273616268640813e+00
2.184560524442700213e-01
2.638625120432867566e-01
5.731848647141477571e-01
9.999518904000331831e-01
6.029291248344609278e-01
5.738053384594705708e-01
5.116377935333509264e-01
6.682491302440756176e-01
3.126819876445275925e-01
5.965049028308717638e-01
8.191656103233858621e-01
7.833055622075350000e-01
3.034741702988032475e-01
8.307323292806324533e-01
1.181291931283122265e+00
7.996500106202232283e-01
-3.776578789860028373e-01
-1.331580317280701142e-01
7.459849797556510342e-01
1.439430819342205403e+00
6.217454533447318576e-01
3.830017006515689104e-01
3.122487056120488158e-01
5.726623174379615877e-01
1.920790385554051738e-01
5.054908995716900222e-01
8.435628832491252060e-01
7.761218623684622564e-01
1.094546499576772858e-01
2.832038300638032302e-01
8.898818593735681182e-01
1.095977402475809548e+00
2.500182653460243376e-01
4.312360418510173821e-01
8.730631696368462702e-01
1.574357008791745782e+00
1.098486464957453057e+00
9.950429454663889395e-01
9.363264424504871286e-01
1.016665850652012537e+00
5.449898071230280250e-01
5.828189738594155012e-01
5.131361284809704548e-01
2.574869089221098473e-01
-1.926888357623927073e-01
1.574374057557653694e-01
5.857051422626323722e-01
7.069287116692860584e-01
-1.597830124585589151e-01
-1.348581517597015611e-01
-4.779710269257628728e-03
2.063759649084415670e-01
-1.101434965339537081e-01
2.070318968305925322e-01
6.054237805136243322e-01
5.406939370448220483e-01
-2.204562056383536361e-01
-1.049131407139063943e-01
2.256708362160708137e-01
3.186384382379793268e-01
4.532817274092575816e-02
5.128998240014032151e-01
9.708065268660901470e-01
5.903104418939189024e-01
-7.129282200588384910e-01
-5.351782049429860688e-01
2.061096339086519180e-01
6.563772000993537414e-01
2.182189730986040799e-01
1.496638663994677987e-01
2.602701790694790795e-01
2.356987254181220626e-01
-6.089729686020521893e-01
-3.887722088098951034e-01
5.614945665303026218e-02
5.196368790835250717e-01
3.090681748211675517e-01
3.656093232396365744e-01
2.582175658779884420e-01
3.069992583167283628e-01
-2.190470688658711640e-01
8.303306486656356067e-02
7.481421209211445988e-02
-1.595108087429711052e-01
-6.372549331352101998e-01
4.756094131156632376e-02
7.279375291578519258e-01
8.753159027538364167e-01
1.240377112474333049e-01
2.723692738788767165e-01
4.649519000172758765e-01
2.356732340970316142e-01
-4.365469071206515284e-01
-6.457171198621268482e-02
4.589663881877241725e-01
5.198365421858125446e-01
-2.329954098645642124e-01
-2.133645909054710313e-02
2.831761361166192370e-01
9.934437691350828104e-02
-6.191246589581598236e-01
-2.111500016111541034e-01
4.127376167387799555e-01
6.841164424263919130e-01
-7.186041099409054556e-02
1.934551126081940076e-01
3.884491522250219098e-01
1.384178387150221956e-01
-3.628051237373643434e-01
1.689926202692220991e-01
7.930962320049923520e-01
7.565412119018716242e-01
-1.176382665901040160e-02
2.032546896101298517e-01
4.383044274762189496e-01
2.125590916450782186e-01
-9.739448508515574643e-02
2.586354016738883210e-01
7.161931384766435649e-01
4.972663166591207440e-01
-3.106286682584618042e-01
-4.022007063651288072e-02
2.091248046116373771e-01
5.268640376389068791e-01
9.721221493741999398e-02
4.162148947624153689e-02
1.648785295449166077e-01
3.472116975924589566e-01
1.247602203863694970e-01
4.427547175068466401e-01
1.086521430754972262e-01
-1.342821529528747393e-01
-4.892812221340092083e-01
-1.163062037774386867e-02
4.541704558446471029e-01
5.394618706611022940e-01
-9.733994160501002746e-02
1.596981382639144909e-01
2.449657436680689193e-01
2.006441295881415954e-01
-1.618575685061753311e-01
2.190416229909475931e-01
3.555836245774912086e-01
1.188285324260303505e-01
-4.782275323241891307e-01
-1.344146196324992881e-01
3.658525948055434962e-01
4.105960675025375761e-01
-3.398166794129976465e-01
-3.080165251834613982e-01
1.024503562678192731e-01
5.308794161303059811e-01
6.104055395785186466e-02
1.018427653944617983e-01
1.173414418615546101e-01
1.151703335256122340e-01
-3.256934656016238772e-01
-1.615198991892826397e-01
1.975650061457263629e-01
2.460793460350022277e-01
-2.282496854451969703e-01
1.558892727666402189e-01
5.699151703504915512e-01
5.297396166553283159e-01
3.114886648232682853e-02
3.597847716368569593e-01
5.630994547429278851e-01
1.354141723196690683e-01
-7.889502347418692052e-01
-2.958601605265539503e-01
3.632011957658295986e-01
6.433088305544069074e-01
4.706944207596277380e-02
3.823289817133413565e-02
2.248348166552396887e-01
3.209328701429308150e-01
-3.121303425000211962e-01
-6.495814687130223308e-02
7.535676374566041558e-02
4.470626536654567773e-02
-2.100524267348143903e-01
9.874638502831692422e-02
1.733632483260619528e-01
-3.827513222386864922e-02
-6.055636817345075862e-01
-2.564225795842106463e-03
5.989908601703879398e-01
4.545061121703397045e-01
-2.813157947713798568e-01
-9.485958374074159732e-03
6.225457094314333917e-01
6.570013642751434402e-01
-3.182209461006278439e-01
-8.961579541212441602e-02
3.347851639091434794e-01
6.656698108693310800e-01
8.510860076319672063e-02
-5.729383328726961322e-02
8.751957349377077755e-02
2.334247467792499309e-01
-2.527789897582586320e-01
-2.136973062066554671e-02
9.978626000402021634e-02
1.985376909103968301e-02
-4.314052414551527437e-01
6.865110516686476205e-02
5.624446694809462910e-01
6.362180530312220306e-01
-3.810830523076123022e-01
-2.974148884390394598e-01
4.001423661007588728e-01
9.269392848794764106e-01
8.836022032700940887e-02
-3.135314526793820389e-01
-1.381702875424335175e-01
4.169240298427744906e-01
3.636277408375729325e-02
-6.479465061239913972e-04
3.132313467503784477e-01
3.724138687004208137e-01
-3.947624658039933232e-01
-3.811491288035999125e-01
-6.845514917657323506e-02
4.284181190249611304e-01
-7.854412557170012410e-02
-2.001122676243189680e-01
-9.434733053478097098e-01
-1.191073852482575635e-01
1.691594361078485598e+00
2.418778034345465677e+00
1.928122655577590994e+00
-4.423688041823090611e-01
-1.237645168613495716e+00
-3.459471706856963591e-01
8.873191073693310893e-02
4.160964147887467046e-01
-1.239705567183265467e-01
6.397315384129660665e-02
1.145593692961207194e-01
1.720568966336604236e-02
-5.266886981659428812e-01
-3.174443481753891905e-01
2.556094249030648191e-01
5.656136174169050790e-01
-1.555861533252932138e-01
-1.113889174153777778e-01
1.128790894057677685e-01
3.519888081949266723e-01
-1.680034872399194523e-01
-4.222865712759422269e-02
3.738610558286310503e-01
5.934977909716280253e-01
3.751342577419122803e-02
1.219952967503029062e-01
4.011525166155754940e-01
3.732236580678512938e-01
-2.799688151019262827e-01
-1.758689477555403224e-01
2.234772933265124217e-01
5.980348003002934343e-01
-7.810450122977996568e-02
-8.509714417768787786e-02
2.067014352761404883e-01
5.241984689543687237e-01
5.343653573841700144e-03
4.267285079991830349e-02
2.138274904001222498e-01
3.733885560832067574e-01
-2.159548662924083429e-01
5.618091840525126467e-03
5.678639174233619108e-02
9.922349216233046498e-02
-4.566705541908298027e-01
1.843929193955946011e-01
7.778306319142879177e-01
7.936408152831141427e-01
-3.382838619812352787e-01
-2.863536681432177211e-01
2.194284571409426676e-01
5.177878869474178414e-01
-1.815098088655328068e-01
-1.248172514721933024e-01
1.454664042358506659e-01
3.426430802789333097e-01
-1.520775053016775458e-01
7.285716646664572305e-02
3.348654605316610522e-01
4.202943042989319977e-01
-4.694432461063551276e-01
-4.170184032688402098e-01
1.863570616852146533e-01
5.671884865163944189e-01
-6.009531906642522070e-02
-1.054030374143923587e-01
6.309395696082633134e-03
5.481055937585286447e-02
-1.661496352781233476e-01
1.874040167060568307e-01
1.948577211858178726e-01
-1.189589864532123592e-01
-8.554120731272052414e-01
-2.586143907919321583e-01
6.048936170790272238e-01
6.562046427018282113e-01
-1.752319957899521052e-01
-1.218594681055055196e-01
9.201449094722133348e-02
2.801075212626456534e-01
-2.038425220030654350e-01
-1.414024661637378333e-01
-1.000124564768378188e-01
2.049196045820102230e-01
-1.209835324236008675e-01
1.133705507765582349e-01
1.872610839439290409e-01
1.295413890551129488e-01
-4.026134741110186654e-01
3.292003660695447809e-01
7.215600833631691247e-01
5.364265292312565547e-01
-5.929058237436473089e-01
-4.134798989692682336e-01
-2.143348335252267742e-02
1.741020565862214098e-01
-3.936239203977340284e-01
-1.693094046323700974e-02
3.973324611465295364e-01
2.476450399984737594e-01
-6.240792923617020094e-01
-2.335411489057509227e-01
2.201222006871050296e-01
5.853107488009670067e-01
1.648808643045770184e-01
5.933612272429972939e-02
1.009318038670838913e-01
2.070405099606500154e-01
-4.093282511905134424e-02
4.548535456420262912e-01
5.122262606466819745e-01
7.591084095027109679e-01
2.502545481885965484e-01
3.417473764239887246e-01
5.282193606990539525e-01
4.327725370416735107e-01
-2.379174557427390369e-01
2.105747484447182682e-01
7.824277270072143020e-01
9.956101974842376245e-01
3.258864695359248720e-01
7.967000742115655509e-02
5.768659794727646339e-01
7.332043277205714249e-01
-8.049770136896890194e-02
3.736524796989463271e-01
5.220227352558777234e-01
3.864017773828800628e-01
-4.399098144453206793e-01
4.899163799395687691e-01
1.203239826996008066e+00
8.622950979492406409e-01
-3.176519004344600661e-01
-1.318989908090673069e-01
6.618770514659718662e-01
8.379875087324294425e-01
-3.141421876190851337e-01
1.651402011971997430e-02
-2.414358902007198923e-02
1.015013214475580378e-01
-5.529282734776140851e-01
1.240488218689745625e-01
7.831003703763089741e-01
1.050723906993181966e+00
1.223289615014409304e-01
2.516249677092440851e-01
1.882974539548569193e-01
2.618383365005353888e-02
-5.718532315629230034e-01
-6.530700492086811970e-02
5.080592431298036615e-01
3.573881389454356405e-01
-5.489486928965415791e-01
1.210218394586327073e-01
6.269386793411132475e-01
2.948018601225633195e-01
-1.038644126329238970e+00
-2.151773765979186903e-01
9.547718640806848178e-01
1.123226033956930658e+00
-1.933227882994450753e-01
-2.876999172106066704e-01
9.646625081855730865e-02
3.790798428453603930e-01
-3.808529465841720696e-01
1.771154820474062641e-01
5.278225491058481378e-01
5.545095881241204339e-01
-2.783994525430481537e-01
1.716224902155605858e-01
5.284606650310224030e-01
1.168632275037031626e-01
-1.105273454518640674e+00
-6.817526520813416147e-01
1.166375060949777359e-01
3.437855692795957485e-01
-5.879757899293153178e-01
6.246098460339345737e-02
7.081682468623357041e-01
6.325413778496798978e-01
-8.008855084563715199e-01
-6.484213295258167697e-01
2.017851636745229549e-01
3.363192698518594481e-01
-4.520941650069758566e-01
-1.086069951706648967e-01
4.287259808410026629e-01
5.634322678785196326e-01
-4.873528426775743938e-01
4.357604108256489805e-01
8.314340160885889119e-01
7.292744060408336004e-01
-6.320875897271065469e-01
1.345126129901541290e-01
6.769662081654025387e-01
4.440231305728618572e-01
-1.362558459374050068e+00
-7.276327827491314570e-01
8.063494709551167761e-01
1.421511494232874151e+00
1.583432032065131279e-01
1.496461677846708527e-01
4.622990401974862995e-01
7.185266341516965971e-01
-9.522612200159074058e-01
-6.688571605945398124e-01
7.760969720973066865e-02
5.289748390705292236e-01
-6.777840686672479409e-01
3.715571946735132247e-01
1.120802629919041227e+00
9.660684365430707299e-01
-1.030623868349710870e+00
-8.919350347198747864e-01
2.757414467997595237e-02
4.763781362708336964e-01
-5.996756894835265639e-01
5.528000782884427700e-02
5.258385681010151469e-01
7.951472535084821436e-01
-5.573446078661643543e-01
-8.189688960181475130e-02
4.626682257091163097e-01
4.464292370355777417e-01
-5.239053875267534188e-01
-5.333251011205430991e-02
8.948433877637411438e-02
2.964945877153287723e-01
-6.281372419130304419e-01
2.730882514397772187e-01
1.157109893653048838e+00
6.413303240065054700e-01
-8.995186929428949929e-01
-4.435545074117781539e-01
-4.069180939361661392e-02
4.429433391681730225e-01
-5.998973657441956098e-01
-1.906048222482910337e-01
8.786132423130336155e-01
9.022216336480800569e-01
-4.190000088184018812e-01
2.801540447966189284e-01
6.806263224654424127e-01
9.236660399594519566e-01
-8.313542254201395920e-01
-1.351318919119412765e-01
8.260937089735054251e-01
1.159736123470240798e+00
-4.865392255464279225e-01
-2.392705715078567441e-01
3.860806464150753348e-01
2.740031675787257259e-01
-9.992225748625452875e-01
2.493257119171170544e-01
7.519297746638237134e-01
1.985248954083402573e-01
-1.408949151397760780e+00
-4.990631361049207015e-01
1.147257149521111463e+00
9.404671610162690376e-01
-1.103999825656674982e+00
-6.090269055252121866e-02
5.219568903380030767e-01
9.906343088895201987e-01
-6.717312366139929214e-01
2.040015437539361709e-01
1.296425857487206068e+00
1.571394331759477847e+00
-5.076238269236401646e-01
-3.971718426132699875e-01
2.957516233555752549e-01
5.868889813085383933e-01
-8.107904418802035496e-01
5.485690265482434658e-01
1.433395430237165202e+00
1.583616340504895970e+00
-1.252948171851487658e+00
-1.000767110224110690e+00
7.111977928006113503e-01
1.399608364181599507e+00
-3.172318213541928666e-01
8.289057263912162632e-02
9.324211152446015838e-01
4.983092338611777028e-01
-1.085120659402315058e+00
-1.128719910786577657e-01
9.893151054097201191e-01
1.151141821469077842e+00
-5.497708271503726207e-01
1.062215380824664601e+00
2.014181856345262034e+00
1.646163535739476380e+00
-1.248109396388741965e+00
-6.887186830171893037e-01
1.077876266271490913e+00
1.259537561117250570e+00
-4.768284342440983758e-01
3.682285022848422185e-01
1.039923505212490440e+00
1.057895427075519201e+00
-2.133671876415045521e+00
-1.662472086498677726e+00
5.264442148907724217e-01
1.076634008808231568e+00
-1.421608781043531611e+00
-8.214576747103465859e-01
6.256810810836713754e-01
1.045109947011948481e+00
-2.002413345484443052e+00
-3.909436907565860819e-01
9.663776555411154323e-01
1.230584837575513513e+00
-1.559648926444121120e+00
-9.173221615520402161e-02
2.095134941586777266e+00
2.365867341193937712e+00
-2.116089225196039703e+00
-1.861699527781504937e+00
2.244212449752627514e-01
1.696076208145442576e+00
2.438430556482282519e-01
8.776167067564196733e-01
1.740662278141443586e+00
1.143002560834025294e+00
-2.326803940641003265e+00
-1.400688244754252576e+00
6.236669008711845930e-01
2.092045085786228054e+00
-5.283173776268662580e-01
7.957382915774139365e-01
-9.342880986683614608e-02
-1.094803914471694117e+00
-2.531710937780867088e+00
8.739021505059275663e-01
3.537323890258900150e+00
2.159915114107185286e+00
-2.694218104206796305e+00
-3.855543511128311507e-01
2.067344661331385058e+00
2.152250912685018669e+00
-1.166528729041163670e+00
-5.267964206968989149e-01
1.881357053678836655e+00
1.319393951924596520e+00
-2.097922417463966571e+00
-4.680585504430264665e-01
1.781636015290653408e+00
2.341421600734332475e+00
-9.342007887522981724e-01
6.399968058363729451e-02
1.468515937095182355e+00
1.985608609454868612e+00
-5.210803187564623240e-01
1.175621398773216475e+00
1.468621925527389793e+00
8.791425642735460899e-01
-2.520026751326197800e+00
-9.575912092434698542e-01
1.120845447775467907e+00
1.751326296198492560e+00
-7.274611079345089104e-01
8.280698214250837852e-01
1.915472602988528950e+00
2.208037599732360245e+00
-7.356783435438499774e-01
8.033615654863816014e-01
1.107634755522769465e+00
-4.857962274849159101e-01
-2.918359710058899381e+00
3.733680300035179811e-01
3.202010266501269964e+00
2.829197957805764219e+00
-1.988045231852879846e+00
-7.633468581025805166e-01
2.164066878719629994e+00
3.311729011151879565e+00
-2.845491991037314983e-01
1.017031851965686240e+00
1.984189436314575117e+00
1.060232422377520134e+00
-3.133810138259698785e+00
-1.587972466752517908e+00
1.066848925389982439e+00
1.514509983218022660e+00
-1.092500701843351241e+00
3.950174350605539786e-01
2.824153281670250148e+00
3.492549354451906396e+00
-3.115724046544194326e-01
1.182508345879217243e-01
-9.970578144692340827e-02
-4.797333455042536166e-01
-2.231915832908593966e+00
1.015211863611220400e+00
2.680821852506699798e+00
2.487258914321341052e+00
-1.245040469035945119e+00
4.243443932657037232e-01
1.558079818376686632e+00
1.731813887048953227e+00
-1.673400836058888785e+00
7.209923339620416538e-01
1.919946692348397654e+00
1.599776197196169925e+00
-1.972906120371973993e+00
4.735629990305502690e-01
1.145303280740096019e+00
1.121177651545362197e+00
-1.638771242592852007e+00
2.888453652114364445e+00
4.744796665986518391e+00
2.381013367803193059e+00
-3.396927421496966915e+00
-1.270061495151077358e+00
1.080149226370757276e+00
6.424992125883205452e-01
-2.290430148158101087e+00
2.737598871835661973e-01
3.186486963083259738e+00
2.626852939433342193e+00
-2.256702114904968415e+00
-3.922790320005901665e-01
1.182573822759629190e+00
2.747104065994055766e+00
2.115272996921661874e-01
2.479244602556581079e+00
3.131317872893755183e+00
2.880819807512770558e-01
-4.276618370024470650e+00
-1.118612120763847972e+00
3.397800419132232630e+00
3.400403031827573752e+00
-8.999337107360155796e-01
9.910836356902528177e-01
2.338624983908230703e+00
1.592421917087168293e+00
-3.360851634903616159e+00
9.689264169117487446e-01
3.398007272382011390e+00
1.333443055368585428e+00
-4.770782213593134813e+00
-1.825063990301397876e+00
3.417168556268828539e+00
4.820600230377820594e+00
-1.673981214532843875e+00
-1.235921230337664545e+00
7.667857632658745537e-01
2.412508278706386733e+00
-1.399313585881674094e+00
6.737800518445100639e-01
1.456837687405443393e+00
1.625028951581690473e+00
-2.599962033863158162e+00
-5.184986256311933106e-01
3.259761910639142002e+00
2.627561897675934954e+00
-2.136155081752130425e+00
2.550462536135337799e-01
1.307246814909752253e+00
1.036526310954173580e+00
-3.664349379099192117e+00
2.561151934054520241e-01
3.832691625749018449e+00
2.665569243685850243e+00
-3.185435463979293225e+00
-9.853400956356510587e-01
3.056531339206459030e+00
2.872022755142439099e+00
-2.987506027903738648e+00
-1.801052966977724878e+00
1.485117689788940210e+00
3.625859446850795198e+00
-2.238475630358086610e-01
1.453739344342421802e+00
2.565191467778612289e+00
2.552865023955960044e+00
-2.781483471983129618e+00
2.638251416851611908e-01
3.852799339707877468e+00
3.213088931542620319e+00
-1.789086625572589240e+00
1.933240143754178311e-02
3.755548221321557634e+00
5.137052450618797117e+00
-3.083693306318553429e+00
-1.103834151193359592e+00
9.844676075275753113e-02
8.462901523028059092e-01
-3.473094291578028958e+00
-1.383814016903124111e+00
2.532527107888449702e+00
2.570050867119155313e+00
-3.286752483771051558e+00
-7.252166318443223902e-01
1.033743567323553103e+00
-1.208873371988988588e+00
-5.896766810743850229e+00
2.322188173986569626e-02
5.322386187101416866e+00
3.720435396412645535e+00
-3.717960037150596087e+00
-1.073564238879204824e+00
2.754379504015090241e+00
4.978288622498866722e+00
-2.784958012641691294e+00
-4.053933662319282316e-01
8.275838906758602453e-01
1.793778915991196543e+00
-2.096885331275159192e+00
-1.257319356499216223e+00
6.870577924575000939e-01
1.456387388802260929e+00
-2.720190545658928372e+00
-3.890354563913953623e-01
2.850580293758672834e+00
2.518977139721719993e+00
-4.524208338744130309e+00
-1.806310407393781681e+00
1.006498958038575697e+00
5.027577883024810790e-01
-6.482479356307421448e+00
-2.227225858533180780e+00
4.357639800582285616e+00
4.388558164832994990e+00
-4.172170815893132101e+00
-2.562208039900639278e+00
1.924495477320537162e+00
2.418243544676955903e+00
-1.479807428342401643e+00
4.929920259093701351e-01
4.381841992918077189e+00
2.397407815654791108e+00
-5.296857246305575195e+00
-6.120584654610446984e-01
4.510596461931611678e+00
3.246101926812361871e+00
-2.931580859443297271e+00
1.432290140725689664e-01
3.305846846702790831e+00
2.527061564060369303e+00
-7.937210393463432823e+00
-2.185256654569935453e+00
3.303453234723265908e+00
5.264266553690314154e+00
-1.801460389737971957e+00
8.955775382597989942e-02
1.869680450598725452e+00
2.630977665779518304e+00
-2.355167646546019178e+00
-3.585396630050964317e-01
1.828700158088771177e+00
1.467439003163913736e+00
-5.308870071325666906e+00
-1.888247262897386980e+00
1.711991300702664365e+00
6.949326434233052296e+00
1.165705630767923440e+00
1.324794631150715718e+00
1.610306150674850389e+00
4.732410156576179361e+00
-7.638332903108885352e-01
1.028337696565779558e+00
8.042049402919635437e-01
3.550284866936570527e-01
-4.463577523355211518e+00
4.664017751429399561e-01
2.919767206703789864e+00
4.028193403312198662e+00
-5.824282370903972605e-01
2.812071017518092297e+00
4.954827622526874364e+00
6.738542891315933980e-01
-7.365896101440577937e+00
-1.781034055434399743e+00
4.806519929023086668e+00
7.475250915567705157e+00
-8.601277062879679747e-01
-1.163217279781556535e+00
3.259718220274553158e+00
6.649007807175856044e+00
-3.015072774626910701e-01
2.202911698805256613e+00
1.918395954351486576e+00
7.568483402675056926e-01
-5.090642475429330460e+00
-3.815793699466591971e-01
4.461936846989265959e+00
3.004185628150923382e+00
-6.264007879434172033e+00
-1.946318677172881872e-01
1.385255357293053491e+00
-9.504512688199451276e-01
-6.980244854539692234e+00
4.872088468285577789e-02
7.119751393215753232e+00
6.520772837683143308e+00
-2.716649335517128616e+00
-2.353716874612792331e+00
-8.185957545906517030e-01
8.493447051505202960e-01
-1.263010700897744920e+00
1.814721937892670667e+00
9.510342266465325878e-01
-5.477966081213146987e-01
-4.949799011698978290e+00
3.354223443920394843e+00
5.280921425477811404e+00
3.309005374280224565e+00
-7.248557025212343241e+00
-2.515236203184536112e+00
2.427411834054906237e+00
1.421659193910816743e+00
-4.349181248344326178e+00
1.813446788201260818e+00
5.439669644712646246e+00
2.234496213284955957e+00
-8.286322091671884493e+00
-3.267073909844508073e+00
2.494568814987407901e+00
2.888501378599916070e+00
-5.653818071827605429e+00
-1.665510360472513440e+00
2.158794935935125725e+00
1.317783062462749122e+00
-3.192378241283682083e+00
-8.266510533414686002e-01
2.102160416303640034e+00
1.521808646879789562e+00
-4.233271499410116157e+00
-1.136508119485706514e+00
1.278942486660409106e+00
1.911244949353115175e+00
-3.985741015445846802e+00
1.872589702786120247e+00
1.772658825472744226e+00
4.474339295847429732e+00
-1.005384359749923906e+00
2.019769842186072584e+00
3.641800325401910676e+00
3.881514244297904259e+00
-3.500367859151610972e+00
3.419384605148239054e-01
1.668882879639389083e+00
3.176136696692536621e+00
-1.925047748391291114e+00
-1.944395340821946983e+00
-2.920268717365605227e+00
-1.173776499822301256e+00
-2.806721745709916060e+00
4.658456863338054532e+00
4.810395256098101591e+00
6.993537172480676078e-01
-9.038251152503653074e+00
-1.533830247101788835e+01
-1.894968592334215496e-01
3.122495291445526888e+01
2.839358692257691530e+01
2.204964749394639156e+01
-1.451724531986124234e+01
-1.562451462955435133e+01
-1.043397066354516234e+01
4.156828226016709982e-01
5.638467322594367559e+00
2.277375251060048900e+00
-5.820759603035314811e+00
-1.442807501371959233e+00
1.586547236901165947e+00
1.055166196958723823e+00
-6.703569853456024852e+00
-5.667236466776350845e-01
1.188614111500552184e+00
-8.213353788126208643e-01
-5.651762860576828196e+00
-3.602064711935256125e-01
7.091523177358924457e+00
5.160833604471189773e+00
-5.712469676654234441e+00
-6.499377813945153015e+00
-6.945122610657652018e+00
-5.095831400450006043e+00
-6.495818472584420356e+00
4.339849875058015449e+00
6.744846241075527438e+00
4.910715631604800180e+00
-7.019290577613587878e+00
-4.606506905878760882e+00
1.737079563085451417e+00
4.017734513355149417e+00
-2.415164178679214402e+00
-2.165546284650554654e+00
3.482490240589615205e-01
1.684192228139549830e+00
-1.613138754359915161e+00
3.834506563324320272e+00
5.666666960349469484e+00
3.083552443797898945e+00
-6.468001346579747235e+00
-6.519858217599152628e-01
3.283894432903767147e+00
3.547672195029239361e+00
-3.841667812837996632e+00
-1.501477362810375249e+00
2.848134079928052564e+00
3.228584047539529767e+00
-2.502290175845252040e+00
2.384668391438767188e+00
2.634852210833627417e+00
3.397668637099771516e+00
-4.550593911541017000e+00
-1.202671534556726929e+00
-1.077762256624802184e+00
-8.342126450666704773e-01
-8.145601211437801581e+00
-1.151171566901384447e+00
5.157608597104912818e+00
6.919230952268310197e+00
-4.563893813719984927e+00
-1.191225086808585409e+00
2.218706628227617994e+00
5.613678329396873501e+00
-1.534373612544522203e+00
-1.162790290256844772e+00
1.674007412784955351e+00
1.851642541816588494e+00
-7.590806721276612379e+00
-2.383863589967759378e+00
3.792978617541133968e+00
4.876777744039705098e+00
-3.875854577455116079e+00
-3.737209828094740782e+00
5.701727399424333376e-01
7.845891339494619920e+00
-1.229231616918428083e+00
-2.202467648781216703e+00
-4.051240236852508225e+00
-2.765043763094308993e+00
-5.352312647936798840e+00
1.469682028275292485e+00
4.459382000925295131e+00
7.255189188935435851e+00
-4.093179911710969954e+00
-1.690122511580617770e+00
-5.022033084032900829e-01
6.241669404434543322e-01
-6.360136619719773066e+00
-5.885926593033266041e-01
8.506314188974614110e-01
7.038130154580422904e+00
5.654997177891424309e-01
2.621081118086477257e+00
2.370261276555896579e+00
3.026264979139667410e+00
-3.906018711533428611e+00
1.169263410018817506e+00
2.338096456798665290e+00
6.675826530762218880e+00
-5.665040862053371207e+00
-6.744825285904479273e+00
-3.250413431471951498e+00
1.783419433951019650e+00
-2.746724516954658912e-01
2.070218927458841840e+00
4.292613875394585499e+00
2.373171327353002180e+00
-7.295992992314312531e+00
-9.286437006497809676e-01
6.338653845539031551e+00
9.654487135963961464e+00
-1.171744900733196343e-01
5.860253957078767062e-01
3.740058963742802778e-01
-1.065799558085655629e+00
-1.155409978401162974e+01
-5.891261253496499428e+00
-2.090826069798652487e+00
4.273627341410241698e+00
-2.207375206942143286e+00
4.001662396410379685e+00
6.079225936280050924e+00
3.350579074897346299e+00
-5.399416038554591069e+00
-1.488941897257834546e+00
-1.083990538447782148e+00
3.130196023040476394e+00
-3.533368302556623153e+00
3.600720793059735136e+00
4.048823231756077945e+00
-2.249543509010034192e+00
-9.384853010285342023e+00
-1.018124268546122084e-02
4.536859147150597238e+00
5.630215101565346991e+00
-5.600659051328036320e+00
2.455558715788007107e-01
5.145522353751621480e+00
3.646011533647881997e+00
-8.443645987455585811e+00
-4.210080578262464179e+00
6.852998652097992416e-01
7.812528744559592120e+00
-8.813348383458968760e-01
-9.818756185337113029e-01
3.841440719479243260e-01
2.272923940627020190e-01
-7.094265037236849203e+00
-9.337799060015103958e-01
-3.109711460556300544e+00
-3.399411127130221644e+00
-1.147397505986967303e+01
-3.152898352458813891e-01
7.548447639176150581e+00
8.720745136496994121e+00
-1.252211900496036989e+01
-9.332399881035076561e+00
-4.042848427138849843e+00
3.264624215332167179e+00
-4.634295926844950841e+00
6.964434027128352245e-01
2.259488021942632485e-01
4.614820770376339532e+00
-7.963716500334706794e+00
3.612928337720641703e-01
2.304372295990058106e+00
-1.585249489254673405e-01
-8.103791972817552036e+00
6.735681099325639964e-01
6.228255669487903212e+00
7.629949238624837982e+00
-9.576703972006118448e+00
-4.183855717475027269e+00
4.127958460511495176e+00
1.028232537366512567e+01
-5.711305196100847636e-01
2.641503339891596802e+00
5.918040750437843833e+00
1.277602325695687924e+01
-1.043101587611126257e+00
-1.602826112643791490e+00
-2.309097834043370767e+00
-2.642640601427952429e+00
-1.383941512567423970e+01
-8.740877985394497784e+00
-2.554295683231192271e+00
7.025670652773468028e+00
-1.632952422035332418e+00
4.390002524564003750e+00
5.656986104611971822e-01
3.731294378677577628e-01
-8.641989468674712072e+00
-6.640576702734660053e+00
-2.501422698468688477e+00
-2.595696960096841810e+00
-5.827146646619199899e+00
4.660473449910998767e+00
1.858503006561240012e+00
-3.951853644957027623e+00
-1.691261740929535762e+01
-2.582700884326690094e+00
5.231239803969626401e+00
5.136664879094015923e+00
-1.045605993135360912e+01
-1.937137757102727731e+00
7.557915370540389866e+00
6.564173021737768288e+00
-8.069358058876659356e+00
8.849197006541943689e-02
1.051445792884573116e+01
1.098373939012755152e+01
-9.837580047625515078e+00
-6.922304255867823386e+00
4.439805791839441795e+00
8.229470053047547751e+00
-1.025952219023407075e+01
-7.514542320101339712e+00
3.934575528743748052e+00
1.410166698668213137e+01
1.235852636389735304e+00
-5.705521266375273903e+00
-4.622557023983976165e+00
1.888137963312313428e+00
-4.152355123754788990e-01
6.384118123769678022e+00
2.762466254467241367e+00
-1.580532019842597613e-01
-1.581142111405432971e+01
-7.315806525980699249e+00
-2.277201105748238419e+00
8.611472635203492487e+00
5.816721571697260451e+00
1.211155464451397101e+01
4.899605787789528932e+00
-4.953045215923441991e-02
-1.034906585534585943e+01
-1.794808920686772780e+00
3.960810705840322132e+00
6.505758598720214891e+00
-4.960472324215854378e+00
-2.247527514098643930e+00
-1.482130980272768239e+00
7.659705113801672738e+00
-5.889634314087822453e+00
-1.167599620709395047e+01
-8.664653486341215682e+00
6.416049362971382841e+00
8.577541358225384549e-01
3.958242832722341120e+00
-1.678619391689181173e+00
-4.560349451560419709e+00
-1.312861980072934642e+01
2.530494820750214480e+00
6.729088988890425505e+00
2.055564686205082481e+00
-2.332375322052919842e+01
-1.130694046532000208e+01
1.066342424581473880e+00
6.893741795361889579e+00
-1.157357247729749616e+01
-7.172476455249968019e+00
-1.837919840249957248e+00
9.985509564885964862e-01
-5.842304506775902517e+00
1.003939996199497919e+01
1.528071380508877652e+01
1.430600121113938705e+01
-1.242062039925385442e+01
-8.566152193900235190e+00
-5.437579239451415525e+00
-1.901580983096981425e+00
-2.008429221732702885e+01
-1.520153128068485771e+01
-6.443362381458755950e-02
2.109107463858250142e+01
8.461186338177773436e+00
-9.085887196712060243e-01
-1.403418330507655476e+01
-6.378106134520353798e+00
-5.030774759646742922e+00
1.755265349661852881e+01
1.087608612850992174e+01
1.389558875222128620e+00
-2.408983787230113194e+01
-1.187481508263508267e+01
2.381432014184905466e+00
6.027771241675695002e+00
-1.800918270831294876e+01
-8.857720932037553396e+00
-5.552490215025626341e+00
-2.064324590635426837e+00
-1.851373569785592110e+01
-1.911916342735449748e+00
5.449465976951224810e+00
9.225948797872060680e+00
-1.247897486324889016e+01
-7.746676327705338316e+00
6.489997986309369971e+00
6.884890998037546339e+00
-7.292934084072426160e+00
-9.550808955805447198e+00
-7.272631397768309469e+00
-3.354480010024015524e+00
-9.868078195072113701e+00
4.063641353384243260e+00
6.584910469366974439e+00
6.198448328249119399e+00
-2.243772717880826661e+01
-1.181470233910965462e+01
-3.666265850473619192e+00
5.969852836361329906e+00
-5.793160280911113347e+00
8.204885936550897485e-01
9.992474774892022182e+00
1.597603720885624234e+01
-5.845715949376915077e+00
-4.008544245490875291e+00
-4.625533887268303168e+00
3.262065974356795461e+00
-1.321426316346226315e+01
-4.451309544244685945e+00
-5.507187010693491702e-01
4.773260018536794824e+00
-1.711878347235769482e+01
-4.084336472550361918e+00
9.616477066126410733e+00
2.008530033377851254e+01
-5.496305102008627763e+00
-2.140591392551642436e+00
6.126983472210751458e+00
1.292413278808752253e+01
-1.726287860792539064e+01
-1.519235310613718326e+01
-4.830704175681416745e-01
1.418687329835367805e+01
-4.831453432953876970e+00
-9.540415437659174103e+00
-4.870105722544791682e+00
1.725036638377191522e+01
4.939614687635244805e-01
4.290964559427470210e-02
-1.594351957730550495e+01
-1.285040477052474905e+01
-1.828248121032071793e+01
-4.111794804946122817e+00
9.929389233783165736e+00
5.901183559124465461e+00
-1.467868690309910917e+01
-8.738055085775267017e+00
4.097335042416471937e-03
1.264163858803791030e+01
-7.094095219542880137e+00
-5.922424422970048674e+00
-1.062542123641119929e+01
-7.411541852071792391e+00
-1.655405813161514672e+01
3.697122059359291502e+00
1.082302423823101734e+01
1.261500380939536470e+01
-1.522558861660982288e+01
-6.412106174802858494e-01
9.881208984044999255e+00
1.302446321547875563e+01
-1.082197342580348831e+01
-6.962347535897971618e+00
6.131811367903016396e+00
2.227829911735870994e+01
-7.103899241412781063e-01
-6.908948367995065176e+00
-1.253416871888688000e+01
-5.966106588742232653e+00
-2.044495996697962070e+01
-1.374051570225625163e+01
1.273285142346769261e+00
2.475057539401846185e+01
4.696052417237600807e+00
-6.211522063059395471e+00
-1.474076054169230865e+01
-2.566100265655236523e+00
-4.776223265194050605e+00
1.141512181354520727e+01
2.138814815844828576e+00
-4.559329159856378766e+00
-2.433436932947664744e+01
2.748585403065715305e+00
1.368450677034528695e+01
1.405372978367946324e+01
-2.580121699262438995e+01
-2.066381542462893250e+01
-7.199499851169901987e+00
1.285195778413107615e+00
-1.173088520572591698e+01
-3.862858202155968979e+00
-1.548251215037661777e-01
6.452428795687060514e+00
-2.264220441878793721e+01
-1.562629298915543608e+01
8.644282398646865317e-01
1.250227745777300647e+01
-1.613316872633106636e+00
2.995291001982490542e+00
2.112037064700956090e+00
7.920350672884174159e+00
-1.313677025222379591e+01
-2.442026800214417204e+00
4.564387836467408199e+00
1.883436413689608013e+00
-1.414631010604903949e+01
5.558379818602304567e+00
1.180648645295553223e+01
1.369140715393362662e+01
-2.160230519535033622e+01
-1.506758971302167360e+01
-2.846754651759151322e+00
1.248703535209231674e+01
-4.520079507281440812e+00
6.098446765790253465e+00
-2.163330540523246803e+00
7.999453978994250036e+00
-1.233365139071066174e+01
-2.213331949717018077e+01
-9.602596509930297231e+00
2.042921467499373378e+01
9.276271449466982233e+00
6.721142727174614251e+00
-1.707814529039261942e+01
-4.068945239959158577e+00
-4.967864262335836223e+00
-7.012006083934953615e+00
8.001256004899478524e-01
1.838711295463867401e+01
1.193927548381335235e+01
3.823550947660004917e-01
-2.530895163533158509e+01
-2.511600103940150674e+01
-2.171576309950055617e+01
5.257434007010826527e+00
9.858578111783085518e+00
1.755746164981075452e+01
-9.480408910710876214e+00
-3.922995615537060221e+00
-6.787810647587958712e+00
5.818607213841929138e+00
-2.935369627384823321e+00
-3.230824377518917018e-02
-3.753664008959042064e+00
-5.827801200524632463e+00
-2.071287060874805519e+01
-7.486605151516988244e+00
-6.890014226715708290e+00
6.952706101548875139e+00
-1.487232784949255660e+01
-8.034019166485286689e+00
-1.534599376969592832e+01
-4.039997575587963019e-01
-1.031323194696145862e+01
6.664973822023246841e-01
3.665553231439328652e+00
4.038257379854899298e+00
-6.441466988725829346e+00
4.270937939363546931e+00
-4.192184646165999951e+00
-1.463921517064648015e-01
-1.821972899114597766e+01
-5.032929655444863926e+00
5.683679082857083786e-01
9.056498290912582405e+00
-9.856370178662118064e+00
2.135020007841300416e+00
3.529388400093233624e+00
-6.050897579399746595e-01
-2.447444558385685909e+01
-2.013403499256269313e+01
-3.031656284292808756e+00
1.819033186642200306e+01
1.689075734035319520e+00
1.408223943927604793e+01
7.573845160816710109e-01
-4.238096098012253066e+00
-3.640507745200180523e+01
-1.758837899335223298e+01
1.103364893721452411e+00
1.723552211562337888e+01
-8.396863529270184756e+00
-9.356490451257549523e+00
-1.228350752750486841e+01
-2.421497096973847629e+00
-7.866363586608621894e+00
1.704058325055451562e+01
1.339129014243400917e+01
1.977001303909847252e+01
-1.374298278385803584e+01
-7.353677509499694231e+00
-9.613593600045328813e+00
5.423720743443009695e+00
-4.945367830793270691e+00
-7.445858693498847991e+00
-1.477241731886267118e-01
1.375627854663730254e+01
7.714675522475425318e+00
1.838835950549452258e+00
-1.376610766915460005e+01
-5.177006572446767763e+00
-1.853873490291807258e+01
1.566303899576125591e+00
7.108498143899950605e+00
6.639384461427025208e+00
-2.020124133313565906e+01
-8.612635759248171041e+00
4.921517128009027076e+00
1.964608635063074615e+01
-1.152494804674405771e+01
-1.490387725262662322e+01
-6.978938019050670682e+00
1.518598164848825327e+01
-7.109712563821362963e+00
-3.836191779815989467e+00
-1.670947049498596115e+01
4.947778254406455467e+00
-7.500286446859301570e+00
5.625754213089090960e+00
-4.370831416129352220e+00
3.174374055690407204e+00
-2.174290741055995113e+01
-7.479067301334879403e+00
2.038877074563315350e+00
1.216601371984404523e+01
-9.394444733203686226e+00
-2.820587832509386939e+00
1.031196242868451307e+01
9.581810080342133773e+00
-2.051212180584546019e+01
-1.247442683985551426e+01
1.034319842231206721e+01
2.510952697055938287e+01
-6.274559892363722469e+00
-1.760431709649613197e+01
-2.588819978262660015e+01
-2.006220285359470523e+01
-3.414393516382522620e+01
-1.241332648141429651e+01
-5.123258991106284244e-01
1.934615200572745408e+01
1.479915078502772907e+01
3.007852623328460950e+01
1.050054702044250554e+01
-2.388072067281872890e+01
-5.872416519948669134e+01
-3.580039141443079842e+01
5.874457803011538637e+00
4.703843888827247355e+01
8.105308903245134644e+00
3.520773027538746103e+00
-1.163732886699889413e+01
7.061555243883522515e+00
-1.221242001115219722e+01
-1.548073030670274619e+01
-1.507822165659164959e+01
-1.873744375425489217e+00
-1.679302139047439013e+01
-2.513422972623079232e+00
6.867419364540863214e+00
1.644707353591266497e+01
-2.405326367138831145e+01
-2.063766655240295478e+01
-1.743689093883736163e+01
-1.862501623032903808e+01
-3.532473574951945494e+01
-9.935459176520820890e+00
1.320577906240374055e+01
3.067385866563839869e+01
-4.115129318133855207e+01
-2.312543857347277410e+01
1.379411162837641847e+01
3.167750262630956115e+01
1.551832142706344797e+01
-2.836138575006978257e+01
-2.957951518584549078e+01
-1.143604684972316710e+00
-2.205259624129322660e+01
-1.494837847089339888e+01
-1.482424022113917772e+01
2.495513645810141767e+01
-4.201215371738774351e+00
-1.014242940091180323e+00
-3.000961743873775589e+01
-1.027695921164542625e+01
-8.992868041762735132e+00
1.133561464404010444e+01
1.151394973418942236e+01
-7.498191012419691326e+00
-3.146390445013033954e+01
1.179146208631802573e+01
3.252162429567436419e+01
3.260759910383859506e+01
-3.274559425826583237e+01
-3.359881998439858108e+01
7.404996517295751701e+00
3.833926277383331893e+01
-9.145098029072503465e+00
-2.259224982551925720e+01
-3.655487275266714420e+01
1.372876494865889363e+01
-1.295875392608096099e+01
-1.310917051482152829e+01
-2.414958913127943774e+01
2.212437185532066763e+01
1.116302637012193344e+01
1.470287084276656664e+00
-4.399028262468875283e+01
-3.385035871833687793e+01
-3.737367238489442656e+01
1.067504168235521078e+01
2.539807927841368773e-01
9.077213317180202523e+00
-3.833004401073465317e+01
-1.289560764174269103e+01
2.769333204022533579e+00
2.505702414229439157e+01
-1.002015658108778950e+01
-2.611935503407766035e+01
-8.726241733157456437e+00
2.588638123118191814e+01
-7.125126438753401459e+00
-1.494774716466497644e+01
-2.917227586231794945e+01
-1.432661610189869350e+01
-3.223785268281051941e+01
-1.159261910565533604e+01
-1.172050736932711956e+01
8.981926512446216648e+00
-3.713395957154222771e+01
-2.168204341874003305e+01
5.827402404915765999e+00
2.212554636646579098e+01
-2.080614966061849458e+01
-3.087994308623240869e+01
-5.131559830637129238e+01
-2.801306268584276182e+01
-2.749469006006436800e+01
4.146330968265246497e+01
2.705646989433267535e+01
7.603226215774641972e+00
-5.515110053376378829e+01
-3.948862119518538805e+01
-2.634415588903385697e+01
9.822727658560463482e+00
-4.157214031423480449e+00
2.718880508393735340e+01
6.986665682906877173e+00
-1.168157905677307618e+01
-4.503655501692534102e+01
-5.022581819574210016e+00
1.431030280734830740e+01
2.009461264917194967e+01
-1.397861538519755165e+01
3.549905623726775428e+00
-2.048730325697382071e+01
-2.458031881489982240e+01
-5.245485248274008683e+01
1.106307829705956181e+01
3.276409887085309691e+01
2.105945591488693935e+01
-3.423231747412710035e+01
-9.078668565099913934e+00
8.310332846585408717e+00
4.610865799731672610e+01
-1.277062647920610239e+01
-2.564994515874898084e+01
-7.004004118404391477e+01
-3.033130759278108712e+01
-4.322283211089395394e+01
-1.279515225609034301e+00
4.326371062429020142e+00
3.811716990528571358e+01
-6.056301857737670602e+00
-1.733052362736723140e+01
-1.285231340247171516e+01
1.346769552981448115e+01
-6.122202465731323429e+00
7.760155435747646990e+00
-7.253180007573233112e+00
9.740237624269550309e+00
-1.547782290651050019e+01
-1.690042789198800222e+01
-3.436799013092674215e+01
-3.694184299300909657e+01
-3.687304531052327405e+01
2.283643899526336085e+01
2.176443555847333400e+01
-9.634770088171310531e-01
-5.930156989552865809e+01
-4.266137768522065699e+01
-4.433667359512766382e+01
-3.742812703370204108e+00
-2.622547426083711741e+01
-1.139928794907693721e+00
3.445855059364935968e+00
1.295988598016857196e+01
-3.031194208126248668e+01
6.829865643142792875e-01
-1.297744810601491494e+01
2.161212224601155540e+01
-2.375519746153459266e+01
1.927834531033070320e+01
5.989524473099747226e+00
4.284079342817027403e+00
-5.190566290111594583e+01
-3.163054838198963736e+01
-3.343043942609113373e+01
-1.435519902179770213e+01
2.171532931462161642e+00
2.413668679616392865e+01
-1.960624950772085029e+01
-3.418363936540445280e+01
-6.639098213113868496e+01
6.359243951863523314e+00
1.827068549297597144e+01
-2.195624131984713845e+00
-4.265735269861880141e+01
-1.219793712279510700e+01
-4.159483915228902262e+00
5.115547281992363793e+01
-1.088928086916386562e+01
-1.538316083883199070e+01
-2.316480582601332117e+01
-1.888110025648736112e+01
-6.785509758065606434e+01
-2.017441123168696038e+01
2.581275234674120256e+01
6.004828235381689439e+01
-5.867879772316654652e+01
-7.119584704788509555e+01
-1.966221388854418350e+01
1.056185479932773035e+02
8.893612070879838072e+00
-3.556737305160738316e+01
-2.917824738992411682e+01
5.328513469573960037e+01
4.565414525351755515e+01
3.605633332155828441e+01
-3.397502569301338582e+01
-4.042087001582748940e+01
-6.588284297333019879e+01
-1.346737729039847586e+01
4.585867691727885109e+00
4.191167312441849191e+01
-4.947733693228624929e+01
-1.800695111240578328e+01
-2.781286385347380374e+01
-8.569848559216183048e+00
-4.350146941977503623e+00
-4.337813938333836994e+00
-6.013630419691766349e+01
-5.483876527642167531e+01
-9.402803959624510810e+01
1.527167406339795441e+01
4.455540651490727555e+01
2.379639990522649029e+01
-5.004791480508463763e+01
-9.067337642504277540e+00
1.546456410993127228e+01
3.838094904160849552e+01
-5.639668167655404574e+01
-4.182850387963743799e+01
1.836493409506662999e+01
9.478696390344754263e+01
-2.355943442459504666e+01
-1.739565422825429053e+01
-9.479944748884533112e+01
2.142694611426804840e+01
7.056010511592300638e+00
5.215302111189965006e-02
2.757709195543499092e+01
1.803822378857288466e+00
-5.255678540067226834e+01
-2.715064714624605102e+01
-3.550194980767398079e+01
5.263966145923412654e+01
-2.848424371191970295e+01
-7.216810281305275510e+01
-9.145403176715085181e+01
-4.824044434025545769e+01
-3.609722544429587998e+01
1.732778945817303295e+01
1.343842835431474292e+01
5.071685353216676617e+01
-7.838083791309496462e+01
-6.664622921146778367e+01
-9.517578460567396803e+01
-7.904170348399937041e+00
-2.501856962413187802e+01
-3.802794530814937701e+01
-5.715365685818098740e+01
3.375835298148140140e+01
7.787273179043862115e+01
1.654854144056049279e+02
-3.145579375563524138e+01
-1.251150849306529551e+02
-2.330150895011556713e+02
-1.242885327698218845e+01
3.317939012352022132e+01
6.250147662458697961e-02
-1.058874137455255635e+02
-4.122186658627540368e+01
2.233507462106610220e+01
6.470031887529871995e+01
-7.915084916369194445e+01
-5.274424132163178314e+01
2.874559573085273989e+00
1.113687661045697581e+02
-9.842462194661885988e+00
-7.895865062060696005e+01
-1.200344620888496365e+02
-7.554496883805282437e+01
-4.331998267687526294e+01
6.386662735590123674e+01
4.305115031364498890e+01
2.554482299676347523e+01
-1.878538477168661984e+02
-1.670890671549086051e+02
-1.041278968810528198e+02
3.545898914342097186e+01
1.897478416025141668e+00
1.154203832123407736e+01
-1.273242111767065410e+02
-1.152323140746099597e+02
-1.448129299405596271e+02
-3.644783103274347269e+01
7.055604645686623932e+00
7.752912813127824165e+01
-2.891041696016035445e+00
8.553902342953226423e+01
-3.462180047706143426e+01
-7.216686527409856922e+01
-1.553147728341333504e+02
-6.006433061687368991e+01
1.883610106033974319e+01
4.318261351261993752e+01
-6.429755886339096094e+01
2.001169548237785989e+01
2.987667373922646163e+01
2.621587760407781786e+01
-1.392035764375873441e+02
-1.003939015229537404e+02
-2.822737224042932525e+01
6.156958303463412818e+01
2.305817048960913596e+01
7.278448996420640071e+01
7.930075401425787618e+01
5.224002000088292164e+01
-8.051125701579618976e+01
-6.072806459517911293e+01
-1.047791301202097891e+01
-2.404623318724812009e+01
-1.117008275714988628e+02
-2.124921302789516631e+01
-7.485368693952213448e+01
1.041142776998603949e+02
-5.462839257948186855e+01
-2.420013576996583282e+01
-1.723888793313765575e+02
-1.544918541817488062e+02
-1.963770040877248562e+02
3.930825223837115523e-01
1.873370454076680858e+01
7.550577230959085284e+01
-1.172459222160488252e+02
-9.244684366913114104e+01
-7.487177230012119367e+01
-1.117469222378228322e+00
-2.144942193245131818e+02
-1.516602436939057554e+02
-2.555290481030568728e+01
2.489182227355627504e+02
-2.167443714475523109e+02
-3.002432855961901623e+02
-1.691849484110165065e+02
1.718845351925534999e+02
6.946573389851862146e+01
-1.094725325423556228e+02
-1.983889801009922280e+02
4.688991162339893037e+01
4.576494061678990732e+01
9.085139801348668387e-01
-9.654522786514776556e+01
-7.522473741519671364e+01
-7.501607256534539658e+01
-7.465539271166788282e+00
1.142188379559364719e+01
6.731148799970848984e+01
-6.092733950534633180e+01
-1.072065836870155806e+02
-1.457495901682730164e+02
-1.484937649674140303e+01
-6.054859632420368598e+01
-2.655460398064376193e+01
-1.629492345481150721e+02
4.465606981455628954e+01
-1.002974197777088108e+02
-3.419302199429757252e+02
-4.657986509049624146e+02
-2.482095244192989583e+02
3.685668287868399773e+01
3.299158267827827444e+02
9.227993308064766609e+01
-4.703429905960229007e+01
-3.152034063999780074e+02
-1.743112258195867241e+02
-1.487695696777155092e+02
-8.685250687008968384e+01
1.398405529373404066e-01
1.122904311405966098e+02
-2.264986402511526009e+01
-1.427385522009802230e+02
-1.770046714006442414e+02
-1.635611828403288825e+01
2.057451086571033017e+01
3.348685960040877774e+01
-9.086561737052660703e+01
-9.225801966144118182e+01
-1.758572231396500740e+02
-7.739650430827751393e+01
-7.080978878736996762e+01
-4.827921972208716994e+01
-3.058363317667280512e+02
-2.053079217174581004e+02
-3.500136245241438360e+02
-5.749277544262471729e+00
-8.905494823700733775e+01
2.638657280595384336e+01
-1.495717318859429383e+02
-1.178757851088478361e+02
-1.371928232053986676e+02
-3.492568104068753598e+01
6.397117326911749835e+00
6.414284972209281932e+01
-5.345929285199414238e+01
-5.123627144244245102e+01
-1.636506627422310487e+02
1.081175893282867051e+01
-3.914567004922660232e+01
7.973666547543120942e+01
8.382396520622411629e+01
3.298049558049286247e+02
2.295323815878284961e+02
2.879682406108774444e+02
-3.871033577119420670e+02
-2.960837199266354673e+02
-7.047185882635807275e+02
-2.896264293949894295e+02
-3.137621803014998250e+02
-3.287766625044229727e+02
-5.394229613304023587e+02
2.553829906370925329e+00
2.507755655482781343e+00
-9.830974665963377390e+01
-2.421031356222182183e+02
-2.205307360201923359e+02
-2.055584597730454561e+02
-3.648361187834066754e+01
-4.809137651288268103e+02
-3.129305570539774806e+01
-1.311350005587112264e+02
4.541824864359782765e+01
-1.852674146797583603e+02
-2.283126422103714788e+02
-3.149428640181075139e+02
-8.076759465258815851e+01
-1.471164963201247815e+02
-3.602216711325042553e+01
-3.788542899678063236e+02
-3.316326721431908595e+02
-1.849845340871208634e+02
4.107846894362953662e+02
2.850518165459051261e+02
-2.987563446709908135e+02
-1.312346683864788474e+03
-4.986084878707616781e+02
-6.032570544077844232e+01
4.137925978793438162e+02
6.927886863021159414e+00
-9.718374292632498168e+01
-3.182990706228368367e+02
-2.696865002729180674e+02
-1.058673612502502692e+02
1.166574371503106846e+02
-1.303613206338281714e+02
-1.245923442684637337e+02
-2.184718914534545320e+02
1.466066870985051196e+02
2.905375380151612603e+02
2.498463731604275040e+02
-2.568571639477364670e+02
3.034843670988610143e+01
-1.600028350350343658e+02
-4.480408735724267899e+02
-2.160505277480377572e+03
-3.669643013674028225e+03
4.647014997365802174e+02
-4.283199614378284537e+02
8.495282962323728952e+02
5.401430575034964932e+02
2.613394277565331549e+02
-3.050290916964182486e+01
-4.766811612730368779e+02
3.655875158123625113e+01
1.201296385076543203e+02
2.085086066693612281e+02
-1.991314659777477800e+02
-8.027915159568848935e+00
-1.738814060711537479e+02
6.371709126178129878e+01
-2.449288074021639545e+02
1.059190305147268560e+02
-2.161411006236661194e+02
4.233611088194158611e+01
5.125236091631450108e+01
2.468133344025427789e+02
-1.869308599761770893e+02
-5.918208897742746331e+02
-1.310982775531929747e+03
1.516236143296872001e+02
1.018828220298426146e+02
1.222400923618874486e+02
-9.098570624403294005e+02
-1.681799387044823959e+02
-4.214324754748360533e+02
-4.474490082147862609e+02
-5.594504749071138576e+02
1.611139117235874210e+02
4.179583148539303039e+01
-6.262724706651182771e+01
-3.317714775860139866e+02
4.635063113604577012e+01
-7.630166465656250807e+01
-1.027102072093997265e+02
-1.703308481582625120e+02
1.773501180867280027e+02
-2.365509268034042520e+02
-9.031192390845094451e+02
-1.805632468191956605e+03
-1.597870912740703034e+03
-2.684274873066427062e+03
-1.477796351261906921e+03
-7.972568744090847304e+02
6.989065402029797269e+01
1.637951708136360764e+02
-1.740361766521315872e+02
-3.066931662675128223e+02
-2.155248100001662692e+01
5.816555968543827504e+01
2.563584447682420091e+02
-4.328769072759418464e+02
-2.212579629735595290e+02
-5.588113769103529194e+01
3.545806598859568908e+02
2.205138618883368622e+02
3.842067990627753602e+02
-7.648783262411197370e+01
-1.538362831687948606e+01
-2.356809724170170739e+02
-1.250899070752183349e+02
-1.645174288696493079e+02
-4.286826544189824517e+02
-7.987203676715973870e+02
5.900993012023383244e+01
-3.947796624734205011e+02
-4.870476858345000437e+02
1.958683620713500204e+03
5.092064827805726964e+03
-7.362201357954036212e+02
-8.370116099570160486e+02
-8.777334244375020944e+02
1.182288985671228147e+03
6.320952016660281743e+02
4.056486972128526958e+01
-4.966798830744280622e+02
1.486337304662350789e+02
4.106210254763726084e+02
1.665688738924907852e+02
-6.152987930417384632e+02
-1.386761632786443386e+02
3.136884487315277070e+01
4.070585460909313724e+02
-4.471451100316614884e+02
-4.262748800860006213e+02
-3.294092862064836709e+02
1.141213074676938710e+01
-2.171764279587642648e+02
2.868917150798465059e+02
4.248994968325297350e+01
4.134140387997285870e+02
1.865255086538071509e+02
4.223436931318871075e+02
-1.555084304586705912e+03
9.106304775826085461e+03
-7.203021208784644841e+03
-5.589807501456476530e+03
-3.591628625794094660e+03
1.637138849930124707e+02
-1.701034640130066236e+03
-6.221915819919712476e+02
1.291613054305643686e+02
4.535815174728218722e+02
-1.400917371112354317e+02
-1.801459846266336911e+02
-5.694075838936317950e+02
-3.192585320243097158e+02
-3.987399575646437597e+02
4.468541301804493742e+02
2.143942266546675057e+02
1.567569568747351809e+02
-2.988867561154955865e+02
3.581542605238976194e+02
-2.610788669831538300e+02
-4.459442744972407695e+02
-6.601248243363223764e+02
-1.438357382014715711e+02
1.915878997240392039e+02
1.461991315912285643e+02
-4.097968521115793123e+02
-3.786145680626283934e+02
-6.370821521291077261e+02
8.789794964267493924e+03
3.157790556334739449e+03
3.162952314165499502e+03
-2.010445722300139823e+04
