-1.412397278063478154e+02
-7.034619500285699587e+02
6.150565684899482903e+02
4.196689048923686642e+03
3.765421827083369699e+00
6.780896446937564178e+04
7.617428732830177069e+03
-2.903252308507444923e+03
-1.497161144540540135e+03
3.509932629135133993e+03
-1.837712326632314443e+03
4.615007996850255040e+03
1.217303302807820501e+03
-2.927324681348175545e+03
-2.939170458864348802e+03
3.654607909621838189e+03
3.548609330125030101e+04
7.548533704319598883e+02
4.611016526122534742e+02
-1.473510153774632272e+03
-1.493652048211039585e+02
1.301171810408177180e+03
1.457457879628842875e+03
-3.111727286894190456e+03
3.121637836994935424e+04
-2.967762831682773594e+03
-2.529531775815050423e+03
8.772996124206840250e+03
2.200907508625479750e+03
-6.331427507012758724e+03
2.840227810575906460e+03
-1.472210612435717485e+04
-2.226802727668699390e+03
4.392037485656151148e+03
3.463409069658715907e+03
-1.792259124843972813e+03
-3.283821619656110897e+02
1.205078883949418241e+03
4.613746095629081196e+02
-1.088674246977892153e+03
-4.592712593761222593e+02
7.330317397402260440e+02
4.387465694158233305e+02
-7.358483808838059304e+02
-3.711158300163394870e+02
4.189844119414946135e+02
3.002611010498529254e+02
-9.996467715962872944e+02
3.848770972936462158e+02
2.224668551944255341e+03
2.145842452001200400e+03
-6.630666497722821077e+03
-1.873058625128897347e+03
1.231089699584002346e+03
7.239674475784812557e+02
-7.939581723292388915e+02
-1.923672032820656455e+02
3.968785855975832533e+02
1.441672151739244896e+02
-1.016051221515994825e+03
-3.410444251271691201e+02
8.547097853058578494e+02
6.374400471573450204e+02
-1.891586880341672895e+03
-7.590808165809570482e+02
8.895330251612894017e+02
3.683950651402381027e+02
-1.385223006675160605e+03
-4.106967032758340110e+02
1.206004836233660171e+03
6.699674475784814831e+02
-1.263837557175556640e+03
-2.568553943946835716e+02
1.231252296306907283e+03
3.018229653104712611e+02
-8.549757818040794746e+02
-1.674148326372699671e+02
8.288283219559452846e+02
2.168871044382609341e+02
-1.450058562739803392e+03
-9.003781192741898849e+02
2.725520295506197726e+03
1.894348728295639148e+03
-4.149942038526413853e+03
-9.696287985039740533e+02
1.706572240480655410e+03
7.012116655340466878e+02
-9.398020911490781373e+02
-1.234810659186545507e+02
7.210899483141349720e+02
3.340749728529974050e+02
-1.086120301374307473e+03
-2.052774661056560035e+02
6.479328891852743482e+02
2.088630544451039555e+02
-9.274718892632087091e+02
1.114771621598609102e+02
1.217864800501934042e+03
5.493701529490516577e+02
-1.995639700040025446e+03
-4.119569087492163248e+02
7.470834827904374151e+02
3.236717791629669136e+02
-9.741626305126994794e+02
-2.273953818841887369e+02
4.792031510897379007e+02
1.605612861055545579e+02
-1.084305503353943777e+03
-3.197004128358921662e+02
1.138910527839001134e+03
8.237906595880865552e+02
-9.904712862999513163e+03
-1.907169450465146292e+04
-2.133056334735524797e+04
1.278232316377278948e+04
-5.247886395511921364e+03
-1.789577471332436289e+03
1.774751466219353233e+03
4.400984859996279965e+02
-1.229659530089236569e+03
-2.293069191210866506e+02
9.454020929981652444e+02
6.793073188634120925e+02
-9.532694850731315910e+02
-2.256687341965409246e+02
4.418943228245593104e+02
6.545170056100886313e+01
-1.114953083291861503e+03
-1.560395942992389564e+02
1.129884075466118247e+03
5.996964769892292679e+02
-1.355832602243902329e+03
-7.674611459429543174e+02
7.781785865937317794e+02
6.206273780366876736e+02
-8.348967084646687908e+02
-3.317842433742299590e+02
5.194233740748035189e+02
2.691875313836516739e+02
-1.041798961697659024e+03
-4.908735395677879296e+02
1.116369866308063138e+03
1.109611907799190931e+03
-4.775082631913715545e+02
-4.548409136445603167e+02
3.610553541829806932e+02
4.350436775053053680e+02
-4.994179163929287029e+02
-1.948893231542058402e+02
2.833766412617636092e+02
1.844408091699668830e+02
-3.974582765355281708e+02
3.943424374078306727e+01
5.062988347579074002e+02
3.568855507241941609e+02
-6.821151324717617399e+02
-2.352589570317487642e+02
8.538458784977643745e+02
9.287196091063782433e+02
-7.156953921457967454e+02
-3.141046292567509113e+02
3.908102517823209041e+02
1.873875076147173502e+02
-6.438041162264152035e+02
-1.568462434140276116e+02
3.539508389174584977e+02
2.400499129726028116e+02
-5.734467964817287111e+02
-5.060912303918586730e+01
5.532623566906754604e+02
2.840068164787575142e+02
-7.636549231996983735e+02
-5.143846423562392829e+02
4.230798926971272067e+02
6.194501981960538615e+02
-5.598546068432414131e+02
-1.885760696802611278e+02
4.353747120875844416e+02
3.928437829678590560e+02
-1.039447694888822980e+03
-1.312915714356685442e+02
8.070386581714952854e+02
2.192144399303190312e+02
-1.431242458235146387e+03
-3.534874890745373932e+02
7.114317462120486653e+02
3.787367928938757586e+02
-8.638021920939170286e+02
-9.980686960046924128e+01
8.783625118912129892e+02
5.512428024452387945e+02
-1.168082536596981754e+03
-6.581520901533133383e+02
1.990062804026117874e+03
3.168579361217686710e+03
-2.098943197755960682e+03
-1.956043764347995477e+02
7.975184978054495559e+02
3.493377305469439307e+02
-1.044228825500911853e+03
-6.299502855701145876e+01
5.631005649682384728e+02
5.137227654940205639e+02
-7.068607994389907390e+02
-3.071150025882525370e+02
3.014473441753378893e+02
8.367033589754349521e+01
-8.525800041414536281e+02
2.117870332146031487e+01
9.747227208976142947e+02
2.148070782728085817e+02
-1.891842391432199065e+03
-4.370259800975093754e+02
8.687564024895990542e+02
1.366785924990603185e+01
-1.544708164698604378e+03
-7.116512133861552911e+02
6.800814904600307500e+02
8.211673389361795898e+02
-3.566390206794554842e+02
-2.783799573995717651e+02
3.921078581156407381e+02
3.722632768322851575e+02
-6.853931095109948046e+02
-1.865623209012236714e+02
6.633113334830138683e+02
7.479149957704976259e+02
-6.377155027632395559e+02
-1.714516269942291160e+02
4.290018432292949342e+02
4.427722868003594954e+02
-5.462903785696527166e+02
-1.490410320736965275e+02
3.329972653779574330e+02
-1.089450642554110260e+02
-1.371400187003256406e+03
-4.539005226242148439e+01
5.210525772788694212e+02
2.271303092327100330e+02
-9.381107994389907390e+02
-1.675981609351198642e+02
7.024205946942068977e+02
2.403381767180926545e+02
-1.858577097726502188e+03
-6.339142348529234141e+02
8.754280578261706296e+02
2.479903523311639333e+02
-1.414845442108724001e+03
-4.072376616556117597e+02
6.278186601842197661e+02
3.726645107808107582e+02
-1.016099422309909301e+03
-3.058234108752066049e+02
5.896025168066094011e+02
4.013479919769569051e+02
-7.557879226237256489e+02
-1.694183358735112677e+02
4.953973366007433015e+02
2.775320931485759957e+02
-6.403618151468687074e+02
-3.392008042502902185e+02
3.711032993899088410e+02
3.230254113317949987e+02
-5.814760552063975183e+02
3.582575302210670998e+01
9.861314820200401527e+02
7.035505403502162380e+02
-1.456777279102384455e+03
-8.922567850200530302e+02
3.689732415401715571e+02
2.104489088714635443e+02
-8.640261834007727657e+02
3.147595429923188703e+01
5.514182315163294561e+02
2.452809744867831228e+02
-7.283564100749872523e+02
-2.400490079061989945e+02
4.467892027587022312e+02
1.617358515720074479e+02
-1.216687764193662133e+03
-2.572857877125530877e+02
1.166556823135671948e+03
1.062176870529214057e+03
-1.261124918106216683e+03
-6.024395326027946567e+02
3.128055983799577575e+02
5.254742318529439444e+02
-3.084040336128255717e+02
-6.163572160385132293e+01
1.774768740048745030e+02
2.088547700798904430e+02
-6.154661554572395517e+02
-2.573671377710647334e+02
2.954076926207893621e+02
-3.915133847168637260e+01
-1.929722720967278292e+03
-4.678128380161725204e+02
2.317701066880187227e+03
6.461931025395332426e+02
-9.393928938108413149e+02
-3.173831908187425483e+02
4.021720357007422990e+02
8.421420580261727196e+01
-9.189187645414037888e+02
-2.367298142064188937e+02
1.238105413225918028e+03
1.050252512134984499e+03
-3.215780070794005042e+03
-3.873341898867919895e+02
1.209877172850513489e+03
7.010730884645264496e+02
-6.046479347204909800e+02
2.342344430501223087e+02
6.537923818428765799e+02
-4.421301322773134075e+02
-2.076545609950113430e+03
-2.050784789385277520e+02
1.316497318703076189e+03
1.579940442732033489e+03
-1.961739784292415607e+03
-9.059690819653638982e+02
1.997479280887401671e+02
-4.801344499920021036e+01
-1.159939293469561790e+03
-4.997940030322173470e+02
3.928622550894639858e+02
3.192864975137057968e+02
-5.660168329224582067e+02
-1.958240236339132139e+02
2.781060575702927622e+02
2.204733514162431334e+02
-5.642023228252629679e+02
-2.216462111455167019e+02
3.103994145984490842e+02
2.839174753196053302e+02
-6.186337293921418450e+02
-4.913118895218581770e+02
2.902556682871750127e+02
3.602359946828996726e+02
-7.637505429394682324e+02
-3.091723587921437115e+02
2.329679458690964680e+02
3.133755500269016281e+01
-5.509489892263541151e+02
5.007184817262915999e+01
3.789207955478044596e+02
4.535940506865868826e+01
-7.656434602199040000e+02
-1.730445972459679922e+02
6.483655859645776900e+02
4.115932014442416289e+02
-6.414318217235468182e+02
-3.230663948348590111e+02
4.927929250428542218e+02
4.902781339744868774e+02
-8.645847905599160867e+02
-4.743157113289657900e+02
1.548365197706755794e+02
3.241215703911815353e+02
-4.432987573147985358e+02
-2.751022658048052563e+02
1.991333261986700904e+02
4.544750336050581296e+01
-1.067609168068594272e+03
-7.857214730987424218e+02
2.623471067251114732e+02
3.138892724853454297e+02
-6.195866475513488467e+02
9.876809520338976256e+01
4.398980436759657096e+02
1.788792453579529820e+02
-8.277326876549881263e+02
-6.977555330300601781e+02
1.370108070573942314e+02
4.204055995273340613e+02
-2.065518863246766159e+02
1.061234597921257290e+02
6.037868162692785035e+01
-2.804009492701337081e+02
-1.202646011305197135e+03
-3.217344041035905207e+02
8.439519938478209724e+02
9.026501774855849192e+01
-1.787251142233158816e+03
-7.790259316923344386e+02
3.347227208976141810e+02
3.676873220281364070e+02
-5.549927322610433293e+02
-1.011684938214230414e+02
4.855293395904461704e+02
1.463131265908268119e+02
-9.594444834836657492e+02
-4.602038951319537432e+02
2.968414030578921370e+02
5.626953117478648210e+02
-2.951372614074485682e+03
-1.941876228274747291e+03
3.999739252193738253e+02
-1.073863723933870205e+02
-1.641144648602756433e+03
9.910627074342183107e+01
5.414316292539555207e+02
2.275377311814293080e+01
-8.756230641443677314e+02
-3.946547082995003279e+02
2.525682981503438214e+02
1.221406927199910371e+02
-6.933776477955963173e+02
-1.508226758783099228e+02
3.090213600935164777e+02
-6.452895740385338286e+01
-8.991949483071293798e+02
-1.716460871398581958e+02
3.867998451634702519e+02
2.152852328453308530e+02
-6.904524287170637535e+02
-2.475183140640902764e+02
4.011065442487805512e+02
-1.494356508378995807e+00
-4.023735754661516694e+03
-1.143150451878432932e+03
1.919721543844996745e+02
6.827859352403694970e+01
-1.659784245435362209e+03
1.962230783607621021e+01
3.481813254740791308e+02
-1.391817784230605923e+02
-1.127563416619050031e+03
-3.382774661056558330e+02
3.759571240947220190e+02
3.876574688371617299e+02
-1.198007171529459583e+03
-6.952284107566561033e+02
1.087848668702395258e+02
4.575604438157003528e+02
-1.480638786178766168e+03
-1.518601749816337133e+03
-4.198178707489011572e+02
-3.110113958841334352e+02
-1.390326656674189053e+03
-2.320460337379261944e+02
6.760700677886887888e+02
-1.744373205102484903e+01
-1.309201780596368963e+03
-8.395560710291351825e+02
-4.360694762053996101e+02
-1.135950529134251212e+02
-9.896060284016177775e+02
-3.747985136131532613e+02
2.434132627603626986e+02
-1.559124741366167370e+02
-9.891941308811167346e+02
-2.445366214742080047e+02
3.582040157522386039e+02
6.876552864129560305e+01
-5.902668024951360621e+02
-5.299460438846992929e+02
3.456139519603788699e+02
1.430336823997916554e+03
-6.029104354981172946e+02
-1.498063521837611916e+02
1.698244053908964801e+01
1.282634916278063919e+01
-4.668787598669367185e+02
-1.189742852924745193e+02
1.244221655248084488e+02
6.731951725792568197e+01
-4.286444494327017196e+02
-2.294692130345667067e+02
1.554401947091312479e+02
1.886998491223605185e+02
-7.806777872417873141e+02
-4.775466249505510632e+02
6.705843765611669482e+01
3.038765426039683604e+01
-7.063887502212161280e+02
-2.987051197767951294e+02
1.324596419303732091e+02
1.852408617808719384e+02
-6.336267074409463476e+02
-2.654022374190295182e+02
4.065145833929653350e+02
4.485845420737872473e+02
-1.056332881099641099e+03
-6.885725744937357149e+02
-1.691229027063526473e+02
9.023414560001070583e+01
-5.054993135620469502e+02
-2.284137867149499641e+02
-2.722916561350000393e+02
-4.192163986217715319e+02
-1.320847503134268436e+03
-5.037096035602465918e+02
2.992991987813469450e+02
2.790571401758303978e+02
-7.977798394366733419e+02
-3.107888368746097285e+02
9.698867224481737992e+01
8.507502499714836119e+01
-1.874873943653247352e+03
-7.086682114763120808e+02
2.813896333310513569e+02
2.851070069872201316e+02
-7.327144935090143463e+02
-4.746368377168204802e+02
-4.236615474886394139e+01
1.073084613528746090e+01
-7.109810659186545081e+02
-3.766676336742335707e+00
6.041814273913714715e+02
1.671303456671250558e+02
-7.864177161535370715e+02
-2.366141639913973904e+02
2.127188442810018216e+02
4.209469843977043979e+02
-2.934799995363576386e+02
-3.048939424297075220e+02
-2.371874945038144347e+02
-1.867249098157480773e+02
-5.129976559594796299e+02
-3.110646562427565414e+02
-2.880234039592009765e+01
2.146257966674129136e+02
-4.492690716888789098e+02
-1.571114906962241946e+02
5.751611403928659882e+01
-5.611265403220991033e+01
-9.198610273432618669e+02
-3.941933862455381927e+02
3.855728893632061016e+01
-1.541405368665878939e+02
-1.190997710868369950e+03
-3.190552759276483243e+02
3.831880556037042425e+02
6.868226048694582460e+02
-2.033964808730868583e+02
-1.938609905994057101e+02
-1.147421521933905382e+02
-1.645348535984340685e+02
-5.643944416627531382e+02
-9.810993975003108858e+01
1.567322774801560570e+02
-1.376742552910277340e+01
-7.927845089809791261e+02
-3.441992754542742432e+02
5.559155698840767457e+01
2.195534574909295600e+02
-5.081630649243742823e+02
-2.159406048246747218e+02
-1.679218063312604414e+01
1.094562793128805964e+02
-3.390016618547810481e+02
1.161833910205720315e+02
1.795889218803483800e+02
-6.775891006231769609e+01
-1.351912780020625178e+03
-6.217824682654439812e+02
-3.445615274939198969e+01
3.046029098974797193e+02
-2.216198299257258384e+02
-3.182564502318684063e+01
1.724837929624584376e+02
-3.589091750671486558e+00
-6.720987623616540532e+02
-4.566725227425964704e+02
3.660534487369054801e+01
-1.107886243431004658e+02
-2.992410403767457865e+03
-7.807159059146009668e+02
2.116428684259674640e+02
-1.901701729780282903e+02
-1.745364627587622635e+03
-8.357394277441226222e+02
-8.035041879055735592e+01
2.370029532833907524e+02
-1.497413701251399800e+02
-6.337274698440882048e+01
1.599228407763865434e+01
-1.446386303592271361e+02
-8.458878850875495345e+02
-4.239398003333693055e+02
-4.527939765261844940e+01
2.327211603721617621e+02
-7.192324322528322682e+02
-5.781114778531120919e+02
-2.191515781037483634e+02
-9.825428033269908212e+00
-4.184100502780707416e+02
-1.203816803845866872e+02
-1.673085608531556829e+02
-1.728882561646365161e+02
-4.052144195121715029e+02
-1.310609710634099088e+02
-1.492824347225667481e+00
-6.657678172870728872e+01
-5.165018555568337888e+02
-6.170020414775615336e+01
1.082234759479586330e+02
1.418982684515743244e+02
-3.040798717333273089e+02
-2.395465744974843005e+02
-3.834643797191083081e+01
-2.106938383518452795e+01
-2.609070295506555226e+02
-1.164832176598482363e+02
-1.520325392218582010e+02
-1.559033314402896906e+02
-3.873383793856154966e+02
6.867409837502033554e+01
1.849533922966109003e+02
-7.545383577231523020e+01
-8.596212774614601813e+02
-1.504782048692596845e+02
2.501691243269142433e+02
-1.110106025954541877e+02
-1.229367855223760216e+03
-7.756167511777701975e+02
-1.777508253488179264e+02
2.694590681906949499e+02
-5.455470189478717657e+03
-3.778162790926207435e+03
-2.542728192798320492e+02
-1.728449464068922907e+02
-9.588772791023848185e+02
-3.562992991646803489e+02
2.720883541202107736e+00
1.229432583145330966e+02
-2.418782185292019449e+02
-2.348602380162499799e+02
-6.490696491974702553e+01
1.924977699008935872e+02
-1.217405888658518478e+02
-1.449851841601540343e+02
-1.765580223263663129e+02
-1.021238896680696371e+02
-4.135198815094321390e+02
-1.766223773043686833e+02
-9.012818851581447177e+01
-9.543615173979885924e+01
-7.271236772505661747e+02
-6.625120081958561968e+01
1.290428587814727166e+02
-7.631038873242613363e+01
-8.019444820138975274e+02
-4.766690379221103058e+02
3.610201775269003832e+01
3.370768723821649928e+02
-1.110084873639750214e+01
-8.606802814170894322e+00
-1.143158277492077275e+02
-1.841198042341282815e+01
-5.233179439470654870e+02
-3.746154408633812523e+02
-3.012043165300822807e+02
-1.149879840062360472e+02
-2.390484824178149950e+02
-4.268710655924858344e+01
7.667586816846268505e+01
1.837452939834528536e+02
-4.093236171361705260e+02
-4.845427399613233774e+02
-3.445533459900400430e+02
2.280113370733924327e+01
-1.174884170551406903e+01
2.315075548275219930e+01
-6.033084886647873191e+01
5.829483912844687410e+01
-1.916099589513370915e+02
5.093856501056154684e+01
-2.158890419716634312e+01
-1.781929596111394787e+01
-3.587593925389477931e+02
-1.576700815896311951e+02
-1.166706503137069149e+02
5.086990375779868145e+01
-8.940586781966088381e+01
4.972270782511207443e+01
2.790618775291354225e+01
-9.242424515448185218e+01
-3.956162565486101244e+02
-1.242808249975267643e+02
5.922588529945469915e+00
1.457531583289959087e+02
-2.491222187714106155e+02
-1.977605294571344814e+02
-7.459673443945172266e+01
1.209762251026771196e+02
1.053547985050043323e+01
5.179636938630852683e+01
-1.787453871171651798e+01
2.567450145894828495e+01
-2.060774431012853825e+02
-1.194894478534176301e+02
-1.404981561026372390e+02
-2.483714755525468263e+02
-3.049584101055099268e+02
-1.809186005843320899e+01
1.608024294142501560e+02
1.373874612425972543e+02
-4.002024632972706968e+02
-3.728598431223749685e+02
-2.196879103279054277e+02
-1.037296276512212856e+01
-1.459316105682081570e+02
8.344128897035247405e+01
-1.495286965825225245e+00
-1.178162083053848619e+02
-4.709999779906839308e+02
-1.565746457502513920e+02
1.632499581400906834e+02
1.155243752629844209e+02
-3.794765864469576968e+02
-3.203007823322878380e+02
-1.592565065010640524e+01
3.762138016342971270e+01
-2.252123296487204129e+02
-1.742716327903469278e+02
-3.715221800189399914e+01
9.267160351058588219e+01
-2.215536306540186615e+02
-1.443597969302489616e+02
-6.188866872251522722e+01
4.542581495176180795e+01
-1.061921664713820803e+02
-1.081519155532592578e+02
-1.668166115161453966e+00
7.557590616435558672e+01
-1.390418255225113455e+02
-1.512001344282781474e+02
-1.822488413429615548e+02
-9.902341790981347458e+01
-2.234865650724370880e+02
-2.361969717534572339e+02
-1.034415794584098194e+02
-5.998264502002873400e+01
-2.717069480934234775e+02
-1.033518013823002235e+02
-4.293116949738099208e+00
9.716757487252456826e+01
-1.259796846444813099e+02
-1.421025747580208076e+02
-1.020315710830410723e+02
-6.072273779890393541e+01
-2.910838491353169388e+02
-1.403579017776071680e+02
1.016118535732294674e+02
1.819801848455420838e+02
-1.373979803786081391e+02
-2.494153542359311757e+02
-1.775702915323618356e+02
-2.183659829570498090e+01
-7.264418991739157150e+01
-4.625717208048850893e+01
-6.571145128297995086e+01
-3.725813179995810742e+01
-9.707859981299691299e+01
-2.313018303997468195e+01
-2.517319225815580808e+01
-3.613599327522162241e+01
-1.596556800791852879e+02
-1.362390426911767349e+01
-1.379627145024190504e+01
-5.246715610381793482e+01
-2.088116896127316977e+02
-1.034407496158716810e+02
5.873880677527233729e+01
5.678335719530797121e+01
-1.011494689570905479e+02
-1.074021326944782828e+02
-1.899414069178624942e+01
4.201705697758525559e+01
-7.439949024212904760e+01
-5.095744300525264947e+01
-3.792303518596376932e+00
7.971668250964437163e+01
-5.200207259284935191e+01
-3.573029669138463760e+01
-4.665877349673186103e+01
-6.210470662911397710e+01
-1.313530911319249128e+02
-2.771588156928086732e+01
3.652339035256230915e+01
4.018102185966900919e+01
-1.161241468873263329e+02
-7.174208166447556323e+01
-2.346373725230647267e+01
-4.861794473295295127e+00
-1.304217384408181033e+02
-8.463356608245641155e+01
-4.655151692071667924e+01
1.680778387218205694e+01
-7.062352577169811241e+01
-5.003509862055516777e+01
-3.673030505015655223e+01
-3.069657965184753934e+01
-1.090576892871735879e+02
3.256514211669836012e+00
6.734251595634403031e+01
9.263656865560334097e+01
-6.377530484047868953e+01
-6.241124932349960375e+01
-2.966571784001868295e+01
-1.916265918089525044e+01
-6.912001320957287476e+01
-2.772342362192172516e+01
-5.699847713580746600e+00
-3.336300321524174706e+01
-1.231596680030835103e+02
-1.390205687701771708e+01
1.387606398369202232e+01
1.678601236827515208e+01
-9.233753014315504970e+01
-2.681691405255008576e+01
1.022541008380875382e+01
-1.558169622283328692e+01
-1.288905929269336923e+02
-5.659092660702423672e+01
1.836220833126583685e+01
1.439385861241570019e+01
-9.983958203804634479e+01
-6.329146096979620495e+01
-7.527216815347286705e+00
3.495526473368394704e+01
-6.512968776515137392e+01
3.792758724233894707e+00
2.162793917174368374e+01
-1.832145073541113689e+01
-1.285485757499165800e+02
-5.475358410575618962e+01
1.855129817609004661e+01
2.010994699603057878e+00
-8.876852977274971579e+01
-4.500671478855560537e+01
3.089702960370622264e+01
3.668405953665127583e+01
-3.750383824776358210e+01
1.447166526176583146e+00
3.591503858353586054e+01
3.979008714460739782e+01
-5.015576477972295777e+01
-3.915760910820028329e+01
-1.420805508555351482e+00
1.579751865510805686e+01
-3.247527401173960726e+01
-5.333784478568976972e+00
8.800632159210925565e+00
2.944122953363459416e+01
-2.989425355950632834e+01
-1.120426951488018474e+01
4.254788363376778904e+01
4.625819827144294294e+01
-1.390530269078593051e+01
-1.439565133856273782e+01
7.382895205722130427e+00
3.336168863904949689e+01
-1.785501139844771856e+01
1.318487740423132326e+00
1.000470228888550395e+01
2.515086647565686562e+01
-1.036485261948868875e+01
1.503594520451278882e+01
2.980181404717793825e+01
2.385502453612980744e+01
-1.853119994688671213e+01
3.818176378046204889e+01
6.340676467751463008e+01
4.800360340245850210e+01
-1.640307061740803363e+01
1.836376966534805533e+01
4.963365813979866914e+01
5.655518206646465984e+01
-1.129702437990973074e+01
1.077434559527730329e+01
3.670627898763068231e+01
4.470333621795828094e+01
-1.032409644089828937e+00
2.697425607071068043e+01
3.637098346530480342e+01
4.806476948014783801e+01
2.790767180410861137e+00
2.140513630823171098e+01
3.960291190810128370e+01
3.802009620522233035e+01
6.476882456644746711e+00
3.088399938890820451e+01
4.186488665580759516e+01
4.718777860019117298e+01
2.452325692362460074e+01
5.921264025964785560e+01
6.556325310641604176e+01
4.330087249366481927e+01
8.094034808002342984e+00
5.221390658594842193e+01
7.466301384218272119e+01
6.066242940390728933e+01
1.244478450104039702e+01
4.124523439849610185e+01
8.024073178206251100e+01
8.756393821936437405e+01
4.365332999074369269e+01
6.663341622835022804e+01
7.884335109141350983e+01
7.310408679278329203e+01
4.104255420172977153e+01
6.454650199016975876e+01
7.689282609924798351e+01
8.364055248388920916e+01
4.343058070139149862e+01
7.317013130094117912e+01
1.039232824193894515e+02
1.046341384167480868e+02
6.267785449256405883e+01
5.664704238999897257e+01
9.639630262593891530e+01
1.349685151698352854e+02
1.208228071359632168e+02
1.331438219351726673e+02
1.291098554114260253e+02
1.195072691915068361e+02
7.333342685746684708e+01
8.303703128961933544e+01
1.104748508568984420e+02
1.184633734276938526e+02
7.305073359689714607e+01
7.227902512995849804e+01
8.260270112001474274e+01
8.447035007856690925e+01
6.267425827448892761e+01
8.467385428909143741e+01
1.101239098938335985e+02
1.162988259597914009e+02
7.804586508727757632e+01
7.598484377367510945e+01
8.411360240408961886e+01
9.328232356933395408e+01
8.030037747470669274e+01
9.661228167678423517e+01
1.080633624596753322e+02
1.051893915918067393e+02
7.399984969243250532e+01
8.335946237274019666e+01
9.270756568637298756e+01
9.341465777086374089e+01
7.122105583638513338e+01
7.750059224407506520e+01
8.695373881747882194e+01
8.525042233587950591e+01
6.498399671179031145e+01
7.363494799267198232e+01
8.849879766873868903e+01
9.754523565258628537e+01
8.122791228344399883e+01
7.901391619717030323e+01
6.523273766743655244e+01
5.276513736872946936e+01
3.926890951695773424e+01
6.261275003427376618e+01
8.141619886989998633e+01
8.005737717323154357e+01
5.442238871445387360e+01
6.111152731124349202e+01
7.229007139112613345e+01
6.767420233407031560e+01
3.574548647695571901e+01
3.911320204828732727e+01
5.400363339303725496e+01
5.189960169306895921e+01
3.373046186062757812e+01
4.257831320762175409e+01
5.422970632869378704e+01
4.694741617422820212e+01
1.613616653221147246e+01
2.381887219131129996e+01
4.135038244818306907e+01
4.624791600142812342e+01
3.115998045668876415e+01
3.822083898525099954e+01
3.674208857224201097e+01
2.323296809164900267e+01
5.800256566086076759e+00
2.826989452318271390e+01
4.116254272981885265e+01
3.459094179911856060e+01
8.371900251526660952e+00
1.945853898519684577e+01
2.830706855506244679e+01
2.494531072078292055e+01
3.023011393284243287e+00
1.488491708113790501e+01
2.630991280675783983e+01
2.688884701313998349e+01
6.437212001536284589e+00
1.596671280448785879e+01
2.807020708188924374e+01
3.167757504419956760e+01
6.431283554047310780e+00
5.846051432884202370e+00
8.033213872045916304e+00
1.811440899287127237e+01
1.102909140062559246e+01
2.411860466426101013e+01
2.464958309555658644e+01
1.829821549203048647e+01
-2.802537752006525995e+00
3.051147939646882801e+00
1.319955445253043891e+01
1.702671548437286120e+01
5.615952169579757403e+00
1.116681673905270067e+01
1.816605542356497693e+01
1.654421111661489263e+01
4.602578778092167866e+00
8.902625910131906295e+00
1.064400443584350242e+01
8.909612548548746958e+00
-4.058425435135419868e+00
8.661302838378608371e+00
2.231401109542601446e+01
2.210887719481158697e+01
5.183216355168710265e+00
3.465948902805098708e+00
5.494660678493630712e+00
7.366236841655958933e+00
8.969808349822090410e-01
1.177167939427080334e+01
1.857806597108130475e+01
9.050433597925545470e+00
-8.828642904136406955e+00
-1.576357305159650002e+00
1.036997678303569614e+01
1.505503345040308538e+01
2.757114437875525237e+00
1.147731536520804285e+00
4.663663480492829194e+00
7.821327231652129619e+00
4.381166876605843696e-01
3.433891658602321595e+00
4.158064573184524271e+00
8.693183531193350078e+00
8.467956032849947690e+00
1.034892943076674143e+01
8.714963443596161596e+00
6.169902172510735916e+00
-1.903809004792281323e+00
3.990198283839154758e+00
4.569116883274455532e+00
5.137267668473358029e+00
-2.853501440317419924e+00
4.575423910624341062e+00
9.747893645998679801e+00
1.101960678258464732e+01
1.703193906840706706e+00
4.496466491118867204e+00
6.482050185451579516e+00
3.209351055935648400e+00
-5.644307268439908931e+00
2.861112426621946092e+00
1.185406628557129949e+01
1.229859365185358122e+01
1.349894069698759802e+00
3.620677740646397691e+00
7.202555715886769683e+00
5.244946048300806574e+00
-1.372351971305890483e+00
3.595925594965784455e+00
8.154183030803627830e+00
4.875072429140564267e+00
-4.831355201047779602e+00
-1.163929254418731407e+00
3.913885800613732702e+00
3.664124005757195324e+00
-1.178127877147927549e+00
5.326978091496031631e+00
8.912615267044513345e+00
5.087012326294875209e+00
-5.403439493375993941e+00
-1.970223352799843342e-01
5.367426739508481148e+00
6.085995976352347903e+00
-1.231846998438594687e+00
-3.376852382576682188e-01
6.802428062433316214e+00
8.745588942541802524e+00
2.536100897613222660e+00
1.264988982650589566e+00
1.654114290593436051e-02
-5.453176626280821226e-01
-1.932974075336579167e+00
5.912751029298225269e+00
1.118063030792201218e+01
9.104383010214124994e+00
-1.963058294288652750e+00
-2.166371313158654388e+00
4.273408636241242675e+00
9.742236671306143236e+00
6.370885788713323450e+00
7.475888880686994753e+00
5.634387091081782373e+00
5.952756424619565223e+00
1.146531351931566300e+00
4.511064252005007269e+00
7.988975048503873744e+00
9.058440330912759464e+00
4.265169855492636941e+00
5.927698450308777289e+00
8.025587203347614107e+00
9.228194240164985018e+00
3.110146891622023624e+00
3.667603651065260095e+00
6.656210746671225031e+00
1.046642856217181716e+01
7.655691367408520520e+00
7.963964440827796309e+00
8.235404825421230868e+00
6.799678846104935559e+00
3.578503569635453907e+00
7.020914849351610698e+00
1.059825346780214517e+01
1.038816432534355272e+01
5.166244826628638265e+00
6.466359897437774507e+00
8.741298754242833979e+00
9.009567274724142649e+00
4.413703148416591837e+00
5.490476849929548209e+00
9.299585339209880175e+00
1.035393066999424505e+01
5.946394133830490425e+00
7.499062611395448386e+00
8.158588904430139621e+00
8.662586861847140440e+00
4.754225677294970254e+00
7.292371157308167540e+00
1.072907654707164049e+01
1.039239842374897904e+01
5.045940553330474643e+00
7.046702408185817390e+00
9.137536851571717023e+00
8.539649299066848442e+00
5.260696695989360627e+00
7.250224652566210182e+00
9.764501583886685765e+00
8.603691909496347989e+00
5.456891157786491142e+00
8.366252160935980342e+00
1.089587825923415743e+01
9.822707404662573083e+00
5.214394903006457582e+00
7.272834979902428110e+00
1.007543860255747781e+01
8.929356601639451441e+00
4.889947709170953338e+00
5.142949393749167264e+00
8.532336692623415431e+00
9.793503650605826394e+00
7.503546193574973877e+00
8.134130068219416643e+00
8.806399718515313779e+00
7.954697435438728981e+00
5.051946086238691791e+00
7.787085842313990369e+00
1.019085848990861365e+01
9.877010547731018164e+00
6.707958203249456020e+00
8.099188611661396919e+00
9.889135662217661604e+00
8.414248497727985665e+00
5.233274824224575461e+00
7.553792407913498153e+00
1.009687817550740085e+01
1.023377569711875701e+01
7.003388309122132505e+00
8.393471577884486834e+00
9.563791229848121134e+00
8.803610741506554760e+00
5.834327398977609214e+00
7.852398556185341327e+00
9.944052081763111062e+00
1.002197866521928482e+01
5.984148274372947718e+00
6.531196300389874310e+00
8.331724416015312329e+00
8.843587248344794816e+00
7.221103799504771104e+00
9.641059117651208155e+00
1.079829429439491584e+01
9.758311113851082297e+00
5.167476812395435992e+00
6.956577249414976016e+00
9.740023238217052182e+00
9.469514263325599757e+00
7.396091126056704823e+00
8.948386778821694421e+00
1.095859072032629911e+01
9.762133021743851558e+00
5.896155673608441283e+00
7.673722725034953562e+00
1.056420993635059702e+01
1.111597638565284107e+01
7.661424820117651358e+00
8.296648638810262710e+00
8.982110591727829885e+00
1.010932863620111810e+01
8.160468985011434029e+00
9.136511135593668342e+00
1.003144853165903250e+01
9.662988326732259381e+00
7.905722817999556895e+00
9.067263861862977947e+00
9.661345176803395773e+00
1.008295289997102806e+01
7.440170574416432814e+00
8.847181640007631742e+00
1.063851899877478147e+01
1.097394231365656303e+01
9.215711987154689311e+00
9.022258223176370606e+00
9.421334860198133043e+00
1.080489711703255296e+01
8.756967980205388358e+00
9.509783805509243848e+00
1.021005782221356029e+01
1.044164340673673586e+01
8.954895242782773934e+00
1.038346294284275473e+01
1.132224051111540852e+01
1.023287834942408026e+01
7.377403449928515933e+00
8.044746110995976807e+00
1.016099339726434359e+01
1.059814600598267731e+01
8.523234059162382081e+00
9.572836740864858029e+00
1.045867884486411548e+01
9.852804831695916477e+00
7.741744422248916457e+00
9.256786884984453678e+00
1.065328798959779455e+01
1.022249296255416873e+01
8.231237271171190528e+00
9.572576356123455810e+00
1.085309437577043212e+01
1.093963365809470289e+01
8.156213162870779243e+00
9.135768049045720929e+00
9.771497875017207235e+00
9.310499933174773091e+00
7.621123638982782111e+00
8.630467873418169233e+00
1.016521012606301078e+01
1.031144411193421462e+01
8.485048144362179912e+00
9.233550611593734914e+00
1.006500514900787913e+01
9.796856448634082781e+00
8.264809028676456393e+00
9.449756065540750427e+00
1.072380510461033332e+01
9.647018579303964003e+00
7.647385728742722044e+00
8.474902099126335742e+00
9.967243191007565173e+00
1.021188442863805079e+01
7.902240594022473807e+00
9.459373245071777347e+00
9.910371403234073284e+00
8.907501688978626930e+00
7.071525843023412250e+00
8.632579228542221372e+00
1.068035275186433353e+01
1.016961653342304217e+01
7.529913226011528238e+00
8.353824208720221023e+00
9.527567748029348138e+00
8.922585724103020866e+00
7.081265225542572317e+00
7.867016647009471342e+00
9.130715922127025763e+00
9.650392207254022026e+00
8.360612819516724414e+00
8.965620699477122812e+00
9.259641351004177068e+00
8.845947591055082881e+00
7.753049667680119938e+00
8.461771147950306826e+00
9.284672334278186057e+00
8.881360415807275643e+00
7.811149957430485458e+00
8.981599045804440351e+00
9.432842630236191184e+00
9.361944707800068599e+00
7.463326686349628147e+00
8.295647762629300814e+00
9.485077889314887045e+00
9.500742512642254667e+00
7.646473858293649783e+00
8.315778624332953228e+00
8.722580151726635478e+00
8.388186940367189592e+00
7.101279057633839820e+00
8.189149522339608467e+00
9.116187498661041388e+00
8.378891708969334218e+00
6.518054478327430346e+00
8.332121500795587110e+00
9.884543621122681145e+00
9.923727586569404124e+00
7.406832376607042967e+00
7.677949709429005232e+00
8.604154963187086835e+00
8.913751358917808787e+00
8.433249493021632404e+00
9.107461139955029594e+00
1.003513925236176796e+01
9.575467317460256922e+00
8.074005384024834697e+00
9.050778986449191876e+00
1.044791103729041382e+01
1.075314869642203064e+01
9.639538441076611619e+00
1.077200054729460987e+01
1.253793999434540751e+01
1.319321449940272473e+01
1.185969767583832457e+01
1.268849229907963760e+01
1.400358298049159345e+01
1.479422162505935212e+01
1.435569972582029408e+01
1.566508319607288513e+01
1.637559166339105943e+01
1.575414815629225274e+01
1.352010684501517623e+01
1.436360106232668166e+01
1.523706309256158242e+01
1.502215711215105998e+01
1.308764361955627642e+01
1.368807271233352552e+01
1.514854638572747803e+01
1.530467635343618404e+01
1.419196885808962705e+01
1.518100151833133360e+01
1.569671700048398755e+01
1.413881274976965940e+01
1.086301341662541020e+01
1.008889044482616804e+01
1.007617934341751109e+01
9.300308622998137764e+00
7.058028334442224327e+00
7.773285344986052614e+00
8.829503881539439547e+00
9.420128974747234096e+00
8.260770866509922428e+00
8.433310834506141163e+00
9.241586529473792666e+00
9.820694893511749513e+00
8.666613953788145253e+00
8.726707569807091502e+00
8.526018667837147902e+00
8.390316350163702808e+00
7.310499718628362231e+00
7.974247175765799334e+00
8.792759048277783762e+00
8.848350774343817449e+00
7.452180493748863377e+00
8.052453947083851205e+00
8.606255653766259783e+00
7.952856897412909909e+00
6.498253167396405239e+00
7.539446634849867657e+00
8.299236411619743237e+00
8.189872711846986064e+00
6.391946948152181562e+00
6.801790591247502071e+00
8.147232166278962850e+00
8.003180813012400918e+00
6.121675728839530706e+00
6.028398541636951435e+00
6.634733225818751912e+00
7.020672469439417362e+00
6.363881332473659391e+00
6.470688916657474365e+00
6.999523333437184469e+00
7.487512898100999514e+00
6.009652472394297895e+00
6.214831662506826504e+00
6.476192388639887554e+00
6.445225471522026517e+00
5.721486562724149572e+00
6.010533907542806809e+00
6.777351653652642582e+00
6.843509245707143585e+00
5.771095881497451785e+00
6.378223470976105425e+00
6.986719906605396879e+00
6.919487629032304632e+00
5.665622555904583635e+00
6.153548201020902830e+00
6.433202185273294127e+00
6.258302186868664130e+00
5.213153160743421388e+00
6.092353899015998664e+00
6.857934315866151209e+00
6.484130937230420777e+00
4.958684302110632380e+00
5.360466180139764170e+00
5.630066936183014903e+00
5.931946065298521198e+00
5.386879829690987442e+00
6.765697551268836207e+00
6.943834344831861571e+00
6.030422298441576068e+00
4.343568896476145191e+00
4.981636602676004166e+00
5.914711135476300896e+00
6.153020168535519474e+00
5.406080653801552671e+00
5.922820083365324173e+00
6.111162036961721000e+00
5.419312084240956118e+00
4.154075338367443138e+00
5.065487751849155451e+00
5.938927106117999344e+00
5.807727070828642368e+00
4.780926573122060041e+00
5.057572505756453118e+00
6.017062715706090081e+00
6.474199992710555129e+00
4.842033916803893057e+00
4.575527184860960439e+00
4.863488278793186126e+00
5.372436340994646287e+00
5.169547969327065395e+00
5.639880701511270189e+00
5.660113288219721817e+00
5.796046427582721705e+00
4.546836231766695491e+00
4.517779331341063020e+00
4.767492277580934967e+00
5.011207850760552418e+00
4.845441380730586722e+00
5.852172464634466387e+00
5.837832152293138677e+00
5.470180585144091445e+00
4.077802897179896746e+00
4.722254266316816107e+00
5.184349694579741374e+00
4.994551572563397990e+00
4.515633272042614443e+00
5.222082588777111845e+00
5.537004176537459799e+00
5.372102992277076439e+00
4.183106116774292893e+00
4.805423649979688960e+00
5.146438020204936237e+00
4.652974686744336452e+00
4.047516402600832564e+00
5.122003869145413724e+00
5.867703531611205392e+00
6.180829873860594681e+00
4.695626423963161322e+00
4.732841466145190523e+00
5.012306549097430342e+00
5.071485487014665061e+00
4.563307187352026340e+00
4.826780792612856530e+00
5.069998242371841712e+00
5.137521223549757821e+00
4.324720942947040569e+00
4.997988384309977050e+00
5.453835200362836311e+00
6.072264336771484139e+00
5.336197993868927902e+00
5.330768113546502818e+00
5.270160695192514844e+00
5.293293000234671197e+00
4.459652828981355732e+00
4.664061130405897870e+00
5.122267115794129744e+00
5.523018799934256151e+00
4.581795482677966547e+00
4.445315242423828472e+00
4.874463621393168467e+00
5.417492246496484753e+00
4.976108371441378964e+00
5.155656368196284589e+00
5.330528162480118404e+00
5.559518904305199349e+00
4.927235027706813320e+00
5.253127225003055401e+00
5.371553117512241293e+00
5.085523165824920255e+00
4.511907939254743205e+00
4.837880226783429549e+00
5.132504138428507723e+00
4.966604686992567963e+00
4.358674790847869573e+00
4.876954112859357870e+00
4.974596147310374583e+00
5.082700359764821485e+00
4.482907796752853891e+00
5.317393773641177823e+00
5.843381404200128415e+00
5.620832396953215238e+00
4.811839646415117855e+00
5.343029680558232464e+00
5.487668578110826090e+00
5.290005944567494289e+00
3.932221559183131543e+00
4.281041377974790230e+00
4.707911120742036992e+00
4.660951143317131340e+00
4.144382342602867197e+00
4.784929584063126740e+00
5.123686563220042345e+00
4.569394851540464764e+00
3.548687495849470075e+00
4.026594244393525202e+00
4.646907127594039011e+00
4.627580054764169226e+00
3.746709699773836277e+00
4.028880877328401944e+00
4.282930537493090384e+00
4.635961093783139475e+00
4.270752971750365390e+00
4.654742504407328951e+00
4.573897423692169006e+00
4.161137101348222345e+00
3.213579672092901518e+00
3.646631419807067065e+00
3.968983226562109223e+00
4.051555521600485932e+00
3.257718922287384355e+00
3.394060307213103034e+00
3.720348588745808094e+00
4.029904222576033312e+00
3.542661423582566194e+00
3.916330114787983874e+00
4.051326523079114672e+00
3.608358456584285445e+00
2.800245251407061264e+00
3.430674423418513808e+00
3.899230073002012631e+00
4.019787749723192860e+00
2.985446873421424563e+00
3.231796260271413868e+00
3.838539505150748710e+00
4.205294036618107967e+00
3.401853889419526489e+00
3.486821127629558870e+00
3.788434723519195302e+00
4.050280600833532141e+00
3.690340254932474195e+00
3.761322779095709556e+00
3.916374750887845035e+00
3.838730840635452779e+00
2.978175159369535141e+00
3.243979301614136723e+00
3.366405901042228255e+00
3.350608030913761581e+00
2.518845542131848525e+00
2.806934738461145162e+00
3.245337160745416671e+00
3.241190672810547291e+00
2.346543456825441520e+00
2.829179360458784487e+00
3.392490533300462463e+00
3.661211701614848657e+00
2.872410166158655187e+00
2.800303610290100664e+00
3.033282750189713273e+00
3.101615845169314323e+00
2.508098232906280867e+00
2.756208119679709689e+00
3.100112416525269143e+00
3.487917088509218555e+00
2.953244128954573000e+00
3.325442778553133749e+00
3.387745287056110666e+00
3.466117338402302295e+00
2.758498889567379209e+00
2.889386864063113514e+00
2.988811194260131199e+00
3.084117496823711946e+00
2.666809699130362699e+00
3.430643842773130281e+00
3.978929046642929457e+00
4.434985888655251784e+00
4.062870780454584718e+00
4.812311305893524072e+00
5.733742948056230304e+00
6.535085723761831389e+00
7.238151132700129331e+00
8.685772157519048520e+00
9.971990594386840101e+00
1.078166293946480714e+01
1.076309571732484471e+01
1.112064682175938657e+01
1.082773414824035640e+01
9.494745590705594651e+00
7.454707748294576497e+00
6.564382646865807303e+00
6.018410353996514139e+00
5.673072764243772603e+00
4.910701477535041271e+00
5.084787184567775675e+00
5.167180080496609484e+00
4.865734032924571295e+00
4.071741213815134763e+00
4.276691729403100162e+00
4.395717299078042650e+00
4.159332519077119095e+00
3.227709475940306660e+00
3.337768621699471971e+00
3.475378242470518853e+00
3.215324175300033005e+00
2.354151688604708692e+00
2.682838499511251751e+00
3.105678996040059037e+00
3.212654540223685018e+00
2.550236425410970398e+00
2.691799800381216912e+00
2.844942807581090527e+00
2.798759722619086787e+00
1.999637150985656309e+00
2.223070076532325245e+00
2.948300637907544264e+00
3.335842584866952620e+00
2.516758596421762917e+00
2.116854134602526916e+00
1.949488024789008733e+00
2.563307202725465306e+00
2.639826879451557584e+00
3.003769671492717119e+00
2.976343658109162238e+00
2.749052026937979676e+00
1.857555760102140852e+00
1.944663088727122346e+00
2.368391702185272951e+00
2.834763022825629086e+00
2.388838097483499734e+00
2.297315686781737920e+00
2.188495289578966663e+00
2.334152755298562809e+00
1.978614212761371505e+00
2.260541853504340004e+00
2.435541872238339511e+00
2.345711636930488897e+00
1.847008436216684535e+00
2.401161584972925311e+00
2.786330638029524742e+00
2.393844989752436092e+00
1.223781886226917193e+00
1.482483105677792068e+00
2.282095917121071960e+00
2.995680253855867559e+00
2.192185415639564372e+00
2.042789910688512123e+00
1.936985294656266454e+00
2.181169127145599074e+00
1.732642179095475798e+00
1.954388806870083872e+00
2.154223679952385506e+00
2.040358863039639203e+00
1.377433875127338725e+00
1.622207014935945768e+00
2.288104197996318145e+00
2.486481955613589090e+00
1.612833054479622774e+00
1.763099986172395273e+00
2.190830664010753992e+00
2.861276525986152564e+00
2.353118588394277566e+00
2.278283258013225065e+00
2.231027197813625129e+00
2.308967470598310534e+00
1.854454585128581856e+00
1.936040859463539210e+00
1.888038389288248853e+00
1.581485890830842456e+00
1.106209434879233511e+00
1.518261078701288236e+00
2.003564569284472796e+00
2.112116666286197209e+00
1.183843353321217595e+00
1.180150361580992513e+00
1.297239534240721692e+00
1.499833760741661193e+00
1.148250699662355823e+00
1.395108971820328669e+00
1.762485224647794890e+00
1.682121937133898681e+00
9.803663922479686210e-01
1.081952493064627818e+00
1.352197883810446921e+00
1.398526268644400661e+00
1.150252565234846092e+00
1.636597182607982370e+00
2.064944584959170992e+00
1.674132924422002233e+00
4.183717922750907481e-01
6.234813682171554960e-01
1.297669734805678710e+00
1.795764586475140367e+00
1.421096098363849647e+00
1.392704224132024216e+00
1.418023361099426616e+00
1.315088474816053177e+00
4.658623638385600008e-01
7.196056601898229710e-01
1.180302930454589339e+00
1.592693583254696232e+00
1.343332483529492194e+00
1.394168796764780227e+00
1.321153755037755229e+00
1.342399419172958019e+00
7.670879333196445327e-01
1.068583691865837126e+00
1.139111370497853715e+00
9.403980867842924862e-01
4.138587958018474788e-01
9.905734863355943887e-01
1.653342553412831872e+00
1.824088131907122934e+00
1.079368147830146007e+00
1.206869747328094933e+00
1.372657516073072292e+00
1.143159990676373416e+00
4.923624150046485015e-01
9.262097563238630427e-01
1.509808955510980599e+00
1.569968356925478092e+00
7.761160110454859984e-01
9.417458048202294041e-01
1.258259157820596164e+00
1.029665273871269271e+00
3.115593731525296839e-01
6.758924999582541782e-01
1.349073615526815484e+00
1.638251918436537835e+00
8.868114433924544349e-01
1.109275713227449112e+00
1.260267624003918785e+00
9.632061188356727532e-01
4.277050855953953290e-01
9.404306676813432020e-01
1.569059729600052799e+00
1.522284586115134397e+00
7.507622666846910375e-01
9.631090074688553049e-01
1.237462437252413006e+00
1.053765140322427296e+00
7.394770336620190010e-01
1.071416212818333769e+00
1.420588616264834014e+00
1.141260756770479334e+00
3.564241959498519741e-01
6.570346470718223530e-01
9.756046856484176244e-01
1.235092571135404604e+00
8.233036391841953572e-01
7.870485527821783345e-01
9.082182573722796803e-01
1.073514333907382046e+00
8.314293196764415139e-01
1.206562385784078595e+00
8.962509580071612580e-01
6.044717288013647938e-01
2.187353645285582682e-01
7.031196387372393719e-01
1.207158642923774838e+00
1.301349672407431601e+00
6.420107188487390593e-01
8.777559511051050700e-01
9.523015917229464833e-01
8.970004410927844285e-01
5.329883714498275804e-01
9.245869492953322499e-01
1.026839977495938916e+00
7.635228952685033654e-01
1.052908948009469853e-01
4.635689239169374365e-01
9.466175974338474353e-01
9.733366083458845353e-01
2.171008261238048243e-01
2.381560870567796806e-01
7.042188143202237072e-01
1.117175291303340590e+00
6.709935648727919366e-01
6.798648189826460575e-01
6.771551673237998781e-01
7.281982263165556191e-01
3.380427048828770209e-01
5.193450877749893335e-01
7.812293524417338597e-01
7.821593327281534114e-01
3.250831229072040363e-01
7.381653160443912842e-01
1.097634850727518874e+00
1.044700726540428004e+00
5.232983211441629701e-01
8.474979802037946319e-01
1.054629061992749195e+00
6.088666715171920929e-01
-2.784369980182315185e-01
1.417860953809506608e-01
8.470873140582927396e-01
1.092883200879187333e+00
4.999906480983610790e-01
4.742881443331834479e-01
6.696205324096464739e-01
8.267155339150772386e-01
1.604566409823200979e-01
3.673052527818304047e-01
4.150245767714275114e-01
3.591190562011015164e-01
1.141273883090125202e-01
4.770236570648584418e-01
6.157873856615608821e-01
4.214664419521437222e-01
-1.992510077568853122e-01
3.600375791564217054e-01
9.361915296851572865e-01
8.132898379273522105e-01
9.431182980019554851e-02
4.189357788848464548e-01
1.130273232357166258e+00
1.174994566212014702e+00
1.749652729918628746e-01
3.547110462292218380e-01
7.261726159274675130e-01
9.585599997923524018e-01
3.769743935100360321e-01
2.868351675718247562e-01
4.960058847351657696e-01
5.590876783114309134e-01
1.905308451697807978e-02
2.959111254579719907e-01
4.291773894185474392e-01
3.467399545667744776e-01
-1.525331665477694942e-01
3.714466606982060326e-01
8.538009100778644056e-01
8.933549476716482474e-01
-1.036552358357368392e-01
2.104220464489653386e-02
7.214451000036493644e-01
1.240958016065933478e+00
4.042238146651535580e-01
7.366748374074107153e-02
2.329914676084290093e-01
7.301366361347134681e-01
2.428307996877577257e-01
2.329340708118864400e-01
5.864289621383792506e-01
6.558205270574178902e-01
-1.404294287399896202e-01
-1.289540879079513480e-01
2.159939724848929654e-01
6.223506790341007955e-01
7.834541919881950200e-02
-3.272913526704217257e-02
-7.333003518637000173e-01
1.300955020239534798e-01
2.028680073801938377e+00
2.820557413674402714e+00
2.275848007726694711e+00
-2.093788200333158156e-01
-9.992657156191235845e-01
-8.805763427006425836e-02
3.534610721746013207e-01
5.955615616805494117e-01
4.928962755860438055e-02
2.439595867567413146e-01
3.156862264595045042e-01
1.913892923651662747e-01
-3.402371560955633201e-01
-1.019467526723498579e-01
4.806794000697371394e-01
7.937564787566486757e-01
1.070547191017258842e-01
1.714655793608486634e-01
2.612107881237803464e-01
4.343814999411476641e-01
-4.577873782669941716e-02
1.877535856001839032e-01
6.480690333011069892e-01
7.992651894109705779e-01
2.317424708842202863e-01
3.153498325669326641e-01
6.270753146673290201e-01
5.875376194703280097e-01
-9.908155850426747513e-02
-2.786702082817174835e-03
4.143438441149083218e-01
7.512741745983042563e-01
6.050455167777792770e-02
8.646189191042737143e-02
4.139890467882588188e-01
6.596020044545192196e-01
1.123723111259521817e-01
1.745628148654253808e-01
4.693898429348005163e-01
6.200421406562287574e-01
2.084290409894808994e-03
1.275203036999565387e-01
1.720174727077585786e-01
1.911717544741436403e-01
-4.187282324077628570e-01
1.876502044843614547e-01
7.629871614031992211e-01
8.457191764165815639e-01
-2.693352352202799671e-01
-1.906138322366205673e-01
3.082453714020788604e-01
5.969918745845180785e-01
-9.508322866631203907e-02
-2.833015455990485834e-02
2.337250219415096530e-01
4.254226543205330557e-01
2.334403214615135905e-02
2.659328833041874618e-01
4.969449914751468134e-01
4.982000023777474751e-01
-3.754675863448392881e-01
-3.198753647957805479e-01
2.620240726826043032e-01
5.821721760327526196e-01
-4.073206970864554077e-02
-7.437864990975877333e-02
4.176769693016394586e-02
8.884492234598760640e-02
-1.714887114659269240e-01
2.346927285626323745e-01
2.495382776889462639e-01
1.210828601967691397e-02
-7.432228718564790615e-01
-1.344481319334602243e-01
7.027545783041041494e-01
7.705344826576187023e-01
-6.061894528996133319e-02
9.283438729815410989e-03
2.039902142852244304e-01
3.655111741886726273e-01
-1.600783213556613571e-01
-1.364103392506534340e-01
-8.603134357967155699e-02
1.949313454261054068e-01
-1.159548019187832263e-01
5.046024303845063341e-02
1.180821202011314575e-01
7.226581648436596061e-02
-4.219297829379813902e-01
3.190143247781422886e-01
6.593171838016494979e-01
4.725928671949679027e-01
-6.568255807117009404e-01
-4.206370218679291173e-01
-4.552788276805143364e-02
1.684619916719631294e-01
-4.131759129512611040e-01
5.486402760514483973e-02
4.880289977536116375e-01
2.856177975536938751e-01
-6.626536463571979230e-01
-2.737761945735251445e-01
2.316604915188817670e-01
5.842734705112334614e-01
1.337369390507879841e-01
1.537567819674798275e-02
3.454144795182842453e-02
1.340394482901133832e-01
-1.366638030735030929e-01
4.054619408059726982e-01
4.271150958560295252e-01
6.284890663433138069e-01
6.900909481726183459e-02
2.396592301287171212e-01
5.189763645025500249e-01
5.200204396604077850e-01
-1.668445325044930760e-01
2.752106669521562909e-01
7.550078855511628273e-01
9.235666509875211094e-01
1.727409546594640133e-01
-7.886612296667755428e-02
4.079009931664072108e-01
6.255805119623143451e-01
-1.483309499665508013e-01
3.039054908811252842e-01
4.755372521055783452e-01
3.127911779787084789e-01
-4.782328405001180505e-01
4.565450811824912081e-01
1.207233085096580671e+00
8.183754569313588245e-01
-4.457807484234501683e-01
-2.827035671730960265e-01
4.279006536795557647e-01
5.688137797236102466e-01
-5.616168074782532660e-01
-7.336483832321845366e-02
5.502025534865780804e-02
2.177793024019872015e-01
-5.382424576705443497e-01
1.151478026560552592e-02
5.653275733084651700e-01
8.283119955027432590e-01
-3.280841540899415154e-02
2.432577020651278121e-01
2.051324777593762638e-01
-5.992669145925186291e-02
-8.358551600627680545e-01
-2.918961362493254774e-01
3.647778575724877625e-01
3.305695234796598436e-01
-6.199393614980627243e-01
-5.732013628073115430e-02
3.994751750209347141e-01
1.557943650925732726e-01
-1.133332599608425584e+00
-3.365087118385816090e-01
7.409411454343804992e-01
9.691189207351043056e-01
-3.403815369941714519e-01
-4.276611920541374401e-01
-1.030921867793458263e-01
1.960047764801258474e-01
-5.972784475870200893e-01
-2.491424743477196543e-02
3.269169155045814623e-01
4.093391584815232465e-01
-4.026194580287844604e-01
8.020342890384266066e-02
4.267847632707287842e-01
2.851503682986547897e-02
-1.197956442610753847e+00
-7.728991615580050878e-01
-4.985329860217616905e-03
2.156189750716138720e-01
-7.571089303317762864e-01
-1.277727692024259454e-01
5.435932378718371094e-01
6.066092793723604215e-01
-7.301676844545959000e-01
-5.897532354175032410e-01
1.526070431880255929e-01
1.656471889937764508e-01
-6.801424133508753300e-01
-3.208461741526187350e-01
3.085176681700078638e-01
4.447237721597013249e-01
-5.573408072123563484e-01
4.106008589941991249e-01
8.343472170787886721e-01
6.383358995217284226e-01
-8.858492940379776304e-01
-2.413690310149998186e-01
4.011049529296338290e-01
2.245430603910092693e-01
-1.455620446536844304e+00
-8.366824431943962193e-01
7.192950950820010680e-01
1.352088485043694055e+00
9.760075298318750259e-02
1.046186419820417379e-01
3.640648511478272731e-01
6.106434235945952249e-01
-1.023653194035405445e+00
-7.571579618934326517e-01
-1.078762964139062114e-01
2.240221186699644096e-01
-8.988488121993389868e-01
1.610913970436292642e-01
9.235187179303954164e-01
6.512790450462154768e-01
-1.403001524222537766e+00
-1.320607894252065151e+00
-4.183392139068380922e-01
6.231101406714816514e-03
-1.084182505439578392e+00
-3.821673868922172979e-01
1.937829767031803430e-01
5.652006452119892055e-01
-7.986092864898568511e-01
-3.734293656375625714e-01
1.433509561060508364e-01
1.481241815407620677e-01
-7.586623899864998188e-01
-3.131861080859092428e-01
-2.251102598607093996e-01
-2.530017783962515768e-02
-8.980509459560891417e-01
1.850754965096236271e-01
1.025307059705585111e+00
4.842000698162849393e-01
-1.276750328326235362e+00
-7.761138502276655471e-01
-4.336616940230525463e-01
1.113249070008092562e-01
-1.040927994555955305e+00
-5.609323803782313433e-01
5.143467244508784786e-01
6.646525711909164746e-01
-5.538913563134538753e-01
1.997188104943237730e-01
4.595350592708214443e-01
6.721678045114954925e-01
-1.181900214129018245e+00
-5.082565378477029716e-01
2.982802750740488618e-01
7.786910440461912719e-01
-8.095220671011248426e-01
-6.044166448827037463e-01
-1.569831498139253600e-01
-2.661934781590577503e-01
-1.433835381832454514e+00
-2.310524186241319222e-01
3.034287082194319085e-01
-2.907615953683567178e-01
-1.732204260794367512e+00
-7.345696918992709046e-01
1.064648446553635441e+00
8.280379641117379119e-01
-1.344708234270738156e+00
-5.270291343832385067e-01
4.283734970091909733e-02
6.616434325015650986e-01
-8.921555291282440292e-01
-2.039844710266787708e-01
6.409935107116040420e-01
7.552191530336493930e-01
-1.156151659053886283e+00
-9.074497246802168959e-01
-6.461569081530800507e-02
8.429310313684575118e-02
-1.389555679263682508e+00
-1.431292417161434405e-01
6.689331982122576070e-01
7.815443160787854948e-01
-1.952553619672084961e+00
-1.606140731664849053e+00
1.208521038467930131e-01
8.429757507036721442e-01
-8.697396074184302606e-01
-5.320040780518754397e-01
2.874078942419122651e-01
-8.293051654422600727e-02
-1.552254785930535341e+00
-6.213634136578604084e-01
6.499982874466074811e-01
9.564307528512948631e-01
-6.875831619709812381e-01
6.597652823988546800e-01
1.430555519958354616e+00
1.026628032739133278e+00
-1.808204447228345835e+00
-1.049779349586760002e+00
6.781806608903581113e-01
8.326591556897272595e-01
-1.097659577642557505e+00
-1.904536308444887693e-01
5.194601178133799735e-01
5.346402652369617314e-01
-2.767459587294796908e+00
-2.245701993693322684e+00
-1.817254750852448017e-02
5.836132462165649626e-01
-1.875457400326247193e+00
-1.089997863351800600e+00
3.295657087614758396e-01
4.427915793042159764e-01
-2.901902600181902159e+00
-1.340075678986365704e+00
1.806053102816423672e-01
4.134716851641399571e-01
-2.327148756592331225e+00
-8.767815869355907177e-01
1.384003755248394141e+00
1.587251106018407132e+00
-3.022722996066147694e+00
-2.798036491431135087e+00
-6.764668985391574241e-01
9.854066812032004075e-01
-4.054716736789219511e-01
1.104317657312264139e-01
9.120693194624062139e-01
3.150979974740610312e-01
-2.885887344717606773e+00
-2.011033081699887592e+00
-9.642567697476815691e-02
1.387583603310765357e+00
-1.211951238605171843e+00
9.462490656543438849e-02
-8.419901749832461313e-01
-1.752184951151157799e+00
-3.131933918849669762e+00
1.547073083416665440e-02
2.479349200300980716e+00
1.228189417871667910e+00
-3.422995589836073105e+00
-9.607962220041801338e-01
1.314841320982825135e+00
1.373416214529412649e+00
-1.773376069709343028e+00
-1.069235260332408899e+00
1.362299522486703385e+00
7.708651897379090734e-01
-2.685277958924794373e+00
-9.040257180702800932e-01
1.215202317133226906e+00
1.740071179731025541e+00
-1.630932515942524530e+00
-4.624106697286458623e-01
1.065012903822322166e+00
1.231676224972801270e+00
-1.562134855276014589e+00
-1.100663611076555110e-01
3.788603813960794153e-01
-1.255541616275458461e-01
-3.489749411421874559e+00
-1.824283446774978890e+00
3.879130295056192335e-01
1.181275375944358164e+00
-1.179194893423375134e+00
3.683753772044362496e-01
1.262724564219070311e+00
1.495152997694796593e+00
-1.363023998017756755e+00
4.188285375689040357e-01
5.445636571071281740e-01
-1.288612367461152042e+00
-3.605224018865260671e+00
-1.316294885554203931e-01
2.718138852825918050e+00
2.070356422297803700e+00
-2.896499113515509816e+00
-1.720567567084185123e+00
1.178012843175411328e+00
2.129562597925353185e+00
-1.406251505440504923e+00
-8.581653669941699536e-02
9.421223819081417927e-01
-1.397917713017115537e-01
-4.078210811819353410e+00
-2.265009241128607353e+00
6.016244348013698451e-01
9.974267511307606249e-01
-1.967231491968252755e+00
-6.326938193275221112e-01
1.474628935061540691e+00
2.002800701017688478e+00
-1.929138789940169296e+00
-1.259116171323644062e+00
-1.261355205657738621e+00
-1.543138472568765129e+00
-3.432065566140049206e+00
-1.788242889690219439e-01
1.625065508831151639e+00
1.498897680480543615e+00
-2.481478703987917811e+00
-1.094391009055945219e+00
2.006558929452752216e-01
6.446592945215906534e-01
-2.577972483688868888e+00
-3.633712070423174567e-01
9.360566573424392578e-01
5.374931831758327228e-01
-3.003453807570159118e+00
-8.308536780849857806e-01
-6.651241222398759922e-02
-2.610345221174470084e-02
-2.461889103392090661e+00
1.899716241660125871e+00
3.609038349787922595e+00
8.871752904811860407e-01
-5.080350888432372258e+00
-3.058966400570855448e+00
-5.031503205691263414e-01
-8.216537243986861139e-01
-3.802712082664658766e+00
-1.300959236666159757e+00
1.756240003936911487e+00
1.101483077459208815e+00
-4.107382036699179118e+00
-2.459867626883953662e+00
-5.601580754000022866e-01
1.338023136795003065e+00
-1.092498192897808140e+00
1.017566709907554490e+00
1.708417674599354896e+00
-8.973292491943554161e-01
-5.221975255123720849e+00
-2.067669852541170528e+00
2.001519924249900662e+00
1.885233659877762369e+00
-2.447744631121969938e+00
-3.020991355124089672e-01
8.291935743253334712e-01
1.124732936504022618e-01
-5.005226411462204261e+00
-6.050014304836618395e-01
1.835144273801934789e+00
8.936901650029858979e-02
-5.708145056257404093e+00
-3.004901019260179051e+00
1.977159899669201915e+00
3.278370819602045572e+00
-3.205878621691639285e+00
-2.494044187556485603e+00
-7.051337365999252871e-01
9.394186437988620852e-01
-3.120457911342883861e+00
-9.305543824617864557e-01
-4.907423823007499124e-03
2.903413615801261338e-01
-3.872024906839238501e+00
-1.641510372425489139e+00
2.134137325256889817e+00
1.244015117819726512e+00
-3.563425831008689926e+00
-9.528299112319881248e-01
4.396448996643420037e-01
-5.404574110321729019e-02
-4.885926956484849093e+00
-6.706572890910483808e-01
3.065777007371503604e+00
1.772750009902180235e+00
-4.596534680568621134e+00
-2.428681090290501388e+00
1.693888482468206336e+00
1.140819835872475485e+00
-4.912470080047114607e+00
-3.673455536992353387e+00
1.869607310798622746e-01
2.626511627730231613e+00
-1.391313521291058342e+00
9.185214795312338087e-02
1.160438459471936801e+00
9.533117248814853006e-01
-4.899378081347093961e+00
-2.178284616789019967e+00
1.425502564814434159e+00
1.214747740316472147e+00
-3.468037347599204789e+00
-1.340082610137349750e+00
2.532401237009301642e+00
3.823491652921084061e+00
-4.496436160007163174e+00
-2.589327805669631388e+00
-1.613489525494790744e+00
-8.493131257947847956e-01
-5.268443449210328922e+00
-2.889185152467951045e+00
1.129809443700087401e+00
1.114071554169250744e+00
-5.052640726983161912e+00
-2.615130149709933960e+00
-3.881166546891816060e-01
-2.222693302100667623e+00
-6.873682950236468692e+00
-1.188540415005078676e+00
4.124351536854518052e+00
2.226339264564992870e+00
-5.328780754041549272e+00
-2.549775691308712400e+00
1.589761734655519954e+00
3.512990947965819011e+00
-4.847809742763985241e+00
-2.382234365593896452e+00
-4.669576754031732890e-01
9.582932726182944450e-01
-3.061076259497304886e+00
-2.552008001765540879e+00
-6.482088334232622984e-01
3.054222573037823629e-01
-3.875082558090469753e+00
-1.379108671964744959e+00
1.351639807864783993e+00
8.438541993664591123e-01
-6.932704728140198114e+00
-3.766113491862053575e+00
-6.438531208871837164e-01
-6.611532786987748267e-01
-8.455678039637373189e+00
-5.195618372380047312e+00
1.085638766242568165e+00
1.949048140672953622e+00
-5.647695902346464791e+00
-3.685746766815094944e+00
9.194314091702900926e-01
9.199083196312245470e-01
-3.461431876615183700e+00
-1.751607653395697906e+00
2.526168997082709922e+00
8.054647065273387030e-01
-7.144219070565871021e+00
-2.768564262274805010e+00
2.196818635312491885e+00
9.093495498618534567e-01
-4.960331878811952144e+00
-1.734421045642539072e+00
1.411869743211234374e+00
1.229052254498893826e-01
-1.026255352189856751e+01
-3.911369346871163000e+00
1.971130055306449469e+00
3.869486538430895628e+00
-3.759266799139992177e+00
-1.974516939370841273e+00
-2.572342755449623652e-01
6.932343775974454392e-01
-4.451225385607407325e+00
-2.529672688069266595e+00
-9.741435904526812850e-01
-1.633983284148472270e+00
-8.324364369528275631e+00
-4.845399543157548727e+00
-1.467132168838637396e+00
3.540184229944816074e+00
-2.305328811333642314e+00
-1.645651026340396506e+00
-1.116024892092621457e+00
2.533403051597587829e+00
-2.879641625592440857e+00
-1.390339335043607516e+00
-1.638729743460298316e+00
-1.675791459160828056e+00
-6.097074439685595593e+00
-1.063596394024183045e+00
1.053495157420509143e+00
1.779799255889570553e+00
-3.142757265358504082e+00
2.492736842055611191e-01
2.693196739638594739e+00
-1.270587311049875101e+00
-9.405967121242973406e+00
-3.978282567086847354e+00
2.228235115179039383e+00
4.983929998115918636e+00
-3.077990030421778211e+00
-2.716898382395904754e+00
2.431102266655148281e+00
5.898201659346070436e+00
-1.214701592374866301e+00
7.209539646252647316e-01
2.756460872049098509e-01
-1.220515803968776236e+00
-7.239400087519305416e+00
-2.063435725509801255e+00
2.957974788151430889e+00
1.757670702726140011e+00
-8.131908598066125649e+00
-2.289763564973096965e+00
-4.769067556889156623e-01
-2.578968772477037597e+00
-8.973465413793615397e+00
-2.890897879218877531e+00
4.009866817212071055e+00
3.809458662536074680e+00
-4.674055304133376332e+00
-3.797056000706222179e+00
-2.000773925560527022e+00
-6.768847530058876849e-01
-3.601567496966768811e+00
-1.387091253309025829e+00
-2.757303162831057808e+00
-4.152041995878573921e+00
-7.720796130081112096e+00
1.025937461188550115e+00
3.222692623996655126e+00
1.088690856160850373e+00
-1.009881217553117416e+01
-5.677315509203625155e+00
-1.031396629875812376e+00
-1.766896885802725858e+00
-7.639814153993554235e+00
-1.248475557543167191e+00
2.791342072343501624e+00
2.299110278699816046e-01
-9.649084863079654184e+00
-4.232249164467980052e+00
1.397441123355863901e+00
1.161987445885511727e+00
-7.852657491466166206e+00
-3.900823392740897955e+00
-6.471037553704506173e-02
-1.195389819183321434e+00
-5.898646509666679805e+00
-3.618886410959661237e+00
-7.561089667238035661e-01
-1.577460883321537111e+00
-7.383066334504766459e+00
-3.688376978103971027e+00
-1.108769508633281387e+00
-5.997085428074073743e-01
-6.574126297358964699e+00
-4.489137400452320459e-01
-3.768814926879658911e-01
1.687700640730677160e+00
-4.243842561962156701e+00
-9.253978086534863090e-01
4.690180257807939901e-01
1.954909350090515766e-02
-7.956112423357202701e+00
-3.538488880484238486e+00
-1.287672268632355399e+00
7.501552381899473376e-01
-4.717628287061545578e+00
-5.092313544536231973e+00
-6.088866677854491094e+00
-3.299559444098815408e+00
-5.088484816380610454e+00
1.719152417940650324e+00
1.379794999013637335e+00
-2.118791090491572771e+00
-1.094821100833198102e+01
-1.695920076427426082e+01
-1.369512943743776523e+00
3.064053414797512076e+01
2.812738522781281247e+01
2.087068531900752077e+01
-1.592414137145227038e+01
-1.721188782688507146e+01
-1.126950831952727583e+01
-1.983942303598170420e-01
4.904505110355689368e+00
1.081196948031826865e+00
-7.906856396115473196e+00
-3.547579411943478256e+00
-1.070061016323830411e-01
-4.085581552159417984e-01
-8.271011218106147922e+00
-2.480554658601986429e+00
-8.976501711980579001e-01
-2.416652782137748812e+00
-6.935438707335410236e+00
-1.784601583960592652e+00
5.310721985224899910e+00
3.527940787079974605e+00
-7.576313903502216007e+00
-9.005063513778058137e+00
-1.025980199546184934e+01
-7.844980341238685817e+00
-8.675923819214791166e+00
3.129429011728729559e+00
4.888313882307563141e+00
2.756676535404327222e+00
-1.032670599934134437e+01
-8.174198672018974321e+00
-1.919602275016588422e+00
8.128383533198205724e-01
-4.655972179459835658e+00
-4.675843520087076044e+00
-2.549091879106720970e+00
-1.247021148888426634e+00
-4.309485385566469873e+00
9.612017759860332911e-01
2.123657693497194909e+00
-4.505541109207073514e-01
-9.370997616702009481e+00
-3.493146226383266661e+00
9.939093377768699888e-02
-3.728949369348944637e-02
-7.123153260596954972e+00
-4.042946292035746403e+00
9.545506988938933235e-01
8.054249374119873961e-01
-5.828295881192257610e+00
-1.877493596646622187e+00
-1.545499687130345912e+00
-6.568683334889500181e-01
-7.717372817326384471e+00
-4.300561113478011954e+00
-4.077123710261154166e+00
-4.899102589959071885e+00
-1.237100171269832138e+01
-5.357073930609885792e+00
1.290081592653201437e+00
2.457564380455820263e+00
-9.683232673287042402e+00
-5.853664609683055353e+00
-1.545902374694433812e+00
2.031383770455739146e+00
-5.339553410738148820e+00
-4.384661175643509878e+00
-2.104558139003306627e-01
9.556636174909398374e-02
-1.039043301648369244e+01
-5.982287208482847340e+00
-2.722382905279254195e-01
6.192694708139714344e-01
-8.378948381596675432e+00
-7.786053672691555683e+00
-3.409095492018585638e+00
3.855084179366934372e+00
-5.308647823359543771e+00
-5.396632685157119802e+00
-6.481198092538814848e+00
-5.045185798515238851e+00
-8.223568726480355195e+00
-2.633316882719894725e+00
1.649936710530226225e-01
2.791183314845620433e+00
-8.354393585252644527e+00
-6.238613419316417996e+00
-5.102518199663719223e+00
-3.543554654730033171e+00
-1.015758511149220666e+01
-4.269478966787167984e+00
-2.965580305313928910e+00
2.513608536915098224e+00
-4.606335110312716807e+00
-2.670343148951736634e+00
-2.526221733154031757e+00
-1.591516510385744931e+00
-8.570940440765882684e+00
-3.029113182387293879e+00
-1.275093261039081494e+00
3.481512952644213676e+00
-8.618896845972273013e+00
-1.007291244230951222e+01
-6.531517167168233939e+00
-2.134153596849203360e+00
-4.109933409341910426e+00
-1.624916032649574404e+00
6.491249117723295603e-01
-1.109459378991682899e+00
-1.188462965990515130e+01
-6.729370187937150583e+00
1.154123681537035234e-01
4.152861994558175063e+00
-5.083112676822238107e+00
-3.500834396620315037e+00
-3.272238738284252157e+00
-3.832888580434139936e+00
-1.474093239299722313e+01
-9.537857715582635620e+00
-6.299667980017507496e+00
7.234435087131363407e-02
-5.976729003423626452e+00
1.222912602088082057e-01
1.857934063728355456e+00
-1.132596101840965819e+00
-1.024658878160454911e+01
-7.144768500488904550e+00
-7.232572179534367152e+00
-2.220915673011050195e+00
-7.774969843644647050e+00
3.728811548522085739e-01
8.182541016652483679e-01
-5.273284108082950894e+00
-1.346245415468060713e+01
-5.109924184830446414e+00
-9.614958651394577283e-01
5.690572916150798966e-01
-9.342454314516627889e+00
-4.026691633211224364e+00
6.085810737692613770e-02
-3.178210884565547012e+00
-1.481742738144675720e+01
-9.634176527301804072e+00
-2.501542872421710584e+00
4.593028522965162175e+00
-5.251468534970788582e+00
-6.704801256823254008e+00
-4.806723799070181435e+00
-3.109461373736745138e+00
-9.845938539309372572e+00
-4.144582649041057998e+00
-7.839677609190058405e+00
-7.868439739807929101e+00
-1.603609163160355067e+01
-4.826264258592255274e+00
3.271946913561288639e+00
4.793115736602177712e+00
-1.529277091828877211e+01
-1.277338057551548367e+01
-7.978705238484287143e+00
-9.144067135070899077e-01
-7.776699916736460771e+00
-1.956000211312099113e+00
-3.534176632949762364e+00
-1.340651347966354878e+00
-1.469962199067787800e+01
-5.826701313059301057e+00
-2.313424950746726605e+00
-4.235125254293117258e+00
-1.238716201503584280e+01
-4.345407617843357606e+00
1.565169277707348927e+00
2.361766203079951776e+00
-1.512637789631072671e+01
-1.091759855797475609e+01
-2.853286192125285226e+00
2.560344513396534794e+00
-8.334857472759706454e+00
-4.888651369119472179e+00
-5.253513162057581454e-01
6.556862310229703006e+00
-7.095758529515753033e+00
-7.819486186246354720e+00
-8.031832978840272474e+00
-7.735085547147259710e+00
-1.979787519514393423e+01
-1.588348299891362991e+01
-9.514651640080156625e+00
2.452690187094727303e+00
-4.609737186650389340e+00
1.090615620474582048e+00
-5.147358167445868382e+00
-5.720170126745473205e+00
-1.412829415064378402e+01
-1.089482048448110696e+01
-7.718579719143320972e+00
-8.177301554305730136e+00
-1.143379998763521321e+01
-8.126885865822528476e-01
-3.384773972460777269e+00
-9.330308772772520243e+00
-2.136496807524850183e+01
-7.853773569422628498e+00
6.583289008429058509e-01
6.466782176413252148e-02
-1.656125887284847309e+01
-1.000984820029478861e+01
-1.795103501605941343e+00
-1.758666456985968907e+00
-1.427777327288093900e+01
-4.441520255340104306e+00
5.953174955085156483e+00
5.474564898422762838e+00
-1.770263806254322958e+01
-1.543537824755814825e+01
-4.278007484178578679e+00
1.106975211802762260e+00
-1.769608441964190959e+01
-1.546951298146688636e+01
-4.511207277374004398e+00
7.414571825165051422e+00
-3.908309695868111167e+00
-1.051875673256382449e+01
-1.066386773541469957e+01
-4.567808651725020930e+00
-6.405500492474302199e+00
3.770709206092628940e-01
-4.139060505748032526e+00
-7.798950358794109583e+00
-2.390194209879805953e+01
-1.629621507912308687e+01
-1.172163714373572496e+01
-1.068028651104518056e+00
-2.038231296954658767e+00
4.743342367465779752e+00
-1.667981599060127218e+00
-7.017754695317053759e+00
-1.578675322945731629e+01
-7.025974803074461761e+00
-1.195757568800368320e+00
9.055315294367433099e-02
-1.264614404871904974e+01
-1.113069112163566210e+01
-1.092570819293919193e+01
-6.972830227069303222e-01
-1.269500070041838313e+01
-1.758423241165028017e+01
-1.483384120804966599e+01
1.242984777106547423e+00
-3.199015194352762492e+00
1.144699029553007952e+00
-5.172918574070305198e+00
-9.626637327029783364e+00
-2.016839104550046358e+01
-6.469790954186408705e+00
-2.977014478140649789e+00
-8.091579279727044494e+00
-3.312465740999518715e+01
-1.988112809642286294e+01
-7.170348570979054870e+00
-2.056124762502518966e+00
-2.202461879290001789e+01
-1.578186491486474630e+01
-7.777411716042578860e+00
-2.920163694691093159e+00
-1.012268251414563913e+01
3.617792344489282996e+00
6.834888238495529400e+00
3.265995817764526077e+00
-2.329692352538229727e+01
-1.962337015794895478e+01
-1.547100558145561955e+01
-1.270165874708755993e+01
-3.057899975604261655e+01
-2.628624225776019685e+01
-1.130169559770507171e+01
1.022115489021437895e+01
-2.095462493860257069e+00
-7.683433920998847810e+00
-1.698199010957453226e+01
-8.627099975608256699e+00
-9.686456574214563631e+00
9.938119439048630710e+00
3.262199479499023891e+00
-6.180564676288684112e+00
-3.126631477461647890e+01
-1.827980960629988161e+01
-4.709250173424658570e+00
-1.693965316907647622e+00
-2.379971295149521637e+01
-1.277349818599869735e+01
-9.128977503340543365e+00
-8.413844593558051699e+00
-2.644539861032753691e+01
-1.046873440996041360e+01
-2.665232440899794497e+00
1.141536113613876191e+00
-2.027066591275216823e+01
-1.538335888269349816e+01
-1.489670456675614707e-01
-3.214430191035192452e-01
-1.441916265604618630e+01
-1.588241635707990618e+01
-1.336413675889747488e+01
-1.092206098675581849e+01
-1.908574654130515569e+01
-3.141005630997997677e+00
9.293992238238262260e-01
8.378301643109948849e-01
-3.030457647751273598e+01
-2.262644355826713038e+01
-1.733059515337010836e+01
-7.354679853730162087e+00
-1.593133616766810157e+01
-7.055159160400668483e+00
2.093882671953361196e+00
6.699446182615859335e+00
-1.577249327987593475e+01
-1.521190876751324872e+01
-1.423846750215136758e+01
-7.128255074945481162e+00
-2.266973989591750893e+01
-1.700311653456725125e+01
-1.100880251118680775e+01
-5.118514438867573624e+00
-2.594200687403759176e+01
-1.249040316736232192e+01
6.398747374904569796e-01
1.086985027427903638e+01
-1.552371971497224123e+01
-1.248280598876675818e+01
-3.222569033847006548e+00
5.647614939022908231e+00
-2.290825759312615162e+01
-2.247075317490767432e+01
-8.862793393364052363e+00
5.062057282868133612e+00
-1.340755276522063433e+01
-1.661368649420045784e+01
-1.287290963894789897e+01
9.737071213918214951e+00
-7.501714048893187936e+00
-5.590943572342407464e+00
-2.085909211981256206e+01
-1.862676993087439570e+01
-2.684936940063337829e+01
-1.493553456462598383e+01
-2.080061995406750963e+00
-2.176284253163584204e+00
-1.906268900830558977e+01
-1.317817995777183349e+01
-9.959057226702848098e+00
1.566678884476108369e+00
-1.718164093411359872e+01
-1.455950394023271777e+01
-2.048118739767360452e+01
-1.953697739442420911e+01
-2.836973620311989919e+01
-8.278385359829890433e+00
1.353734123823768565e+00
3.104108263803299739e+00
-2.437886040927476827e+01
-1.126144192291944179e+01
-7.312723663942407581e-01
8.134655551970166876e-01
-2.613242221954455147e+01
-2.287787455025328853e+01
-8.207395935306168511e+00
1.066476919516186683e+01
-1.075456582228204461e+01
-1.592235539834248392e+01
-1.942397404278538886e+01
-1.264988012914259663e+01
-2.811209414182764021e+01
-2.367977064348107064e+01
-8.448193254751179992e+00
1.742222093792890902e+01
-2.240592382425713236e+00
-1.474197050321042646e+01
-2.903330129646897362e+01
-1.768799168757920981e+01
-2.054010645453144690e+01
-2.949595382589412118e+00
-1.067087072889622767e+01
-1.443972829222869159e+01
-3.107880053758198713e+01
-3.423224598149017250e+00
8.262029812276512786e+00
9.329032030843041667e+00
-2.924713569005847091e+01
-2.482242453075875233e+01
-1.142144659759253145e+01
-4.967943925456904886e+00
-2.212887180765002526e+01
-1.660897891123907399e+01
-1.183189135692627580e+01
-3.349537533961975289e+00
-3.344778244159747516e+01
-2.767600567930873012e+01
-1.110694998269020672e+01
8.288700774590335163e-01
-1.341411978032247809e+01
-9.936065609478946570e+00
-9.028363253839284397e+00
-2.400633637394037123e+00
-2.141232597739033849e+01
-1.214210818340871079e+01
-7.836504554733584982e+00
-1.061997155687025973e+01
-2.718675115329249792e+01
-5.338430744561693864e+00
-4.156800629500600475e-01
9.235058055313862813e-01
-3.632554300324069629e+01
-2.856932293186018157e+01
-1.486216334157294838e+01
4.078664335143211694e+00
-1.406370697007300841e+01
-2.926757351164776200e+00
-1.411559764922838944e+01
-4.701422866503262021e+00
-2.667192358258858675e+01
-3.495408392188552682e+01
-2.186477079087847031e+01
9.992960500615101438e+00
-6.777699537556566289e-01
-2.253782117433488441e+00
-2.519610619189040079e+01
-1.039352162822551762e+01
-1.390070278373248946e+01
-1.727450393134007456e+01
-1.118819375358584800e+01
1.042188874976665858e+01
1.257675663372463948e+00
-1.005015224267467744e+01
-3.658279821945309607e+01
-3.417676423874775082e+01
-3.160803670551938538e+01
-3.341402775314842533e+00
1.240659410658088158e+00
9.883150558177780098e+00
-1.866137000866233464e+01
-1.263900627727679371e+01
-1.690039706873798409e+01
-4.225415987961009812e+00
-1.358013452628918394e+01
-1.119113479325043770e+01
-1.367863860451783609e+01
-1.542542321419536577e+01
-2.945113929672168496e+01
-1.747432110595107346e+01
-1.753243440500523675e+01
-3.343097849388664056e+00
-2.695791745311064602e+01
-2.017578431695618590e+01
-2.808900428064164245e+01
-1.150246770252610951e+01
-2.080468925250313816e+01
-8.681368682355662614e+00
-6.867173279143425901e+00
-7.318159477192109463e+00
-1.834210485993485307e+01
-6.140937737960284970e+00
-1.363102529469465907e+01
-1.236369579827023557e+01
-3.224023297065526350e+01
-1.928523099288437592e+01
-1.286254132941308548e+01
-3.662632812954571104e+00
-2.075602869769416614e+01
-4.432708064482554278e+00
-3.762590930905961528e+00
-9.324222845351021860e+00
-3.429506907409576399e+01
-2.865624563910408540e+01
-1.175534687531625977e+01
9.033328494266530839e+00
-6.523090700185833590e+00
4.730570052003325365e+00
-1.166075767376258376e+01
-1.859129953229122023e+01
-4.735919468051318404e+01
-2.710247198694729320e+01
-8.049031750334895818e+00
6.647081480611519488e+00
-1.879134974138766978e+01
-2.062407896127406204e+01
-2.518382916694119089e+01
-1.682781225373259204e+01
-2.144464625490880749e+01
5.408209706777666881e+00
4.008489824772958343e+00
8.023054607459460641e+00
-2.827411699137047307e+01
-2.190288464072811792e+01
-2.036003026977419950e+01
-2.926867353156164420e+00
-1.358394614521404264e+01
-1.682599976213904469e+01
-1.306699254947023547e+01
8.604112275706019553e-01
-5.166748106857926182e+00
-8.114214371332733933e+00
-2.466764192914048337e+01
-1.760511283910323144e+01
-3.026517182718069066e+01
-8.395949297276668943e+00
-2.725222391131862043e+00
-6.045818009006059590e+00
-3.566941193910904673e+01
-2.435592867455384436e+01
-1.192587615996525230e+01
5.231552779315709500e+00
-2.472138588095782197e+01
-2.518425313064996374e+01
-1.693041426521071102e+01
5.165285766950228563e+00
-1.814279717412460258e+01
-1.740095907273728670e+01
-2.995456960099114596e+01
-8.635229718503319774e+00
-2.098212369795605881e+01
-8.101048728276797561e+00
-1.717816739699854978e+01
-9.016208092682928665e+00
-3.558337505534564826e+01
-2.232729949562872207e+01
-1.113362369097648319e+01
2.788434630366795286e+00
-1.480586249719045888e+01
-9.020738001803959349e+00
2.107831919142474586e+00
-2.940325437298366928e+00
-3.413984546167238676e+01
-2.767593674470569098e+01
-4.603591498091764045e+00
9.139262150257648543e+00
-2.264228284240156341e+01
-3.473373489810498427e+01
-4.043703047412020624e+01
-3.251508995106668465e+01
-4.443392344557825169e+01
-2.531400393520058145e+01
-1.840648655032987691e+01
-2.547192751552182166e+00
-5.512663898114769978e+00
1.413631517018299100e+01
-5.241804557666691622e+00
-4.179921998548718420e+01
-7.713354321466580643e+01
-5.246775314415850744e+01
-1.067258177018097243e+01
3.129256821909401864e+01
-5.732084985096868479e+00
-7.324090623724119453e+00
-2.247215698242223780e+01
-3.928307810427307256e+00
-2.322294928652259927e+01
-2.965223587701195029e+01
-3.071688947807230363e+01
-2.058880258568727584e+01
-3.395457727655207947e+01
-1.687389768143571800e+01
-5.649408781641618305e+00
1.563716615116480746e+00
-4.332096884302739426e+01
-4.177114935120444983e+01
-3.825582760987919784e+01
-3.672037853250468231e+01
-4.989191651250335013e+01
-2.253534342701708937e+01
4.103151850862729044e-01
1.671033560307857257e+01
-5.453607797687015335e+01
-3.951940501105966774e+01
-1.650559146039804048e+01
-2.105831119344328872e+00
-1.523899542906490900e+01
-4.469721015922339546e+01
-4.240617079787286059e+01
-1.525371285900872387e+01
-4.024315538514400004e+01
-3.794238651674134388e+01
-3.890668232395054815e+01
3.316395711172829497e+00
-2.293222801153119050e+01
-1.585632127651651402e+01
-4.316031830870859665e+01
-2.676308966179344750e+01
-3.690382407871785375e+01
-1.897434768845596409e+01
-1.358695106451037482e+01
-2.722432844131913043e+01
-4.912293908599193060e+01
-4.572813985440034479e+00
1.782250820656749823e+01
1.659901662636725206e+01
-5.164644170906682064e+01
-5.098766287551760712e+01
-1.446521819824099708e+01
1.749870354874066436e+01
-3.087269702646258906e+01
-4.000029509902404357e+01
-5.207058157717960256e+01
1.204071553884537016e+00
-2.442093514805524279e+01
-3.012009990673747595e+01
-4.838511012060506289e+01
-7.120645189571142453e+00
-1.580697754246480891e+01
-2.013191795678893214e+01
-6.366014269571308404e+01
-5.295687321991584895e+01
-5.782059928556810036e+01
-9.648533788618586016e+00
-2.018028488455216873e+01
-1.321006915536908366e+01
-6.207027362239189472e+01
-3.765533519180562649e+01
-2.206047668703595122e+01
4.831384712364632961e+00
-2.704804532075978685e+01
-4.193963363016961665e+01
-3.109081750366260266e+01
-9.785956519151634003e-01
-4.005696826167032043e+01
-4.707655694024214910e+01
-5.988756337984941780e+01
-4.200129713716842872e+01
-5.680340288442992858e+01
-3.720142927545713718e+01
-3.723268810072451629e+01
-1.781096697908014193e+01
-6.248090011244360653e+01
-4.304832964311577115e+01
-8.304612684318991356e+00
1.009935031288711471e+01
-3.936127690602005202e+01
-6.315144983024484304e+01
-8.689694567630650113e+01
-6.192433345081288110e+01
-5.241729669278645076e+01
2.412024594772042363e+01
1.389823198815238214e+01
-6.533339805993828797e+00
-7.887146450747364668e+01
-6.598191471917147055e+01
-5.160976485195774899e+01
-7.613080050513809205e+00
-1.708311725188348973e+01
1.657370400855044323e+01
-4.059891124152220421e+00
-3.114777850766173373e+01
-7.154360683690435962e+01
-3.811558893999805520e+01
-1.651726331440311668e+01
-8.775816883761631715e+00
-3.818184482254599743e+01
-2.106650515169005544e+01
-4.071755103630986383e+01
-4.442863447998310278e+01
-6.900503007765294683e+01
-1.108484595715763454e+01
7.890406334554339374e+00
-5.464636090319385353e+00
-5.916918882321662920e+01
-3.419545073774850863e+01
-1.425200938410624829e+01
2.581740221604247765e+01
-3.587550640230809762e+01
-5.085164376571344746e+01
-9.744463874932249325e+01
-5.495891919725546160e+01
-7.139023456096460052e+01
-2.700999232179041698e+01
-2.427048587416184589e+01
1.258254686667451594e+01
-3.699085362421828904e+01
-4.504910613985180845e+01
-4.073906299976920309e+01
-8.088948029985653321e+00
-2.462753908634213573e+01
-8.854184627130093688e+00
-3.148512329734993287e+01
-2.106773394766540264e+01
-5.080322954761471266e+01
-4.905998702164183101e+01
-6.013723690426363788e+01
-6.239009016758176074e+01
-6.743059150935225432e+01
-1.010193469303612979e+01
-6.366377209473468746e+00
-2.189218306597948072e+01
-8.239147049656698130e+01
-7.223339519552696686e+01
-7.637254161425310883e+01
-2.520441362705535226e+01
-3.884372622424883303e+01
-2.108143033528717680e+01
-3.787020454975799311e+01
-3.752225406125492668e+01
-7.940904825398622791e+01
-3.538459749380610475e+01
-4.731627542095399974e+01
-1.223402020994713091e+01
-5.905806568956658964e+01
-8.676078509716038667e+00
-1.205764626649357574e+01
-1.431740332598694998e+01
-7.016142397791178098e+01
-4.958635872309787374e+01
-5.704096831661323819e+01
-4.281703555703635544e+01
-2.294880785413744206e+01
6.579211146557716994e+00
-3.554635992921733134e+01
-5.063682922463097213e+01
-8.434784455209621967e+01
-1.216165799410909543e+01
-6.171159289998822572e+00
-2.960286314511431982e+01
-7.620274444858394247e+01
-4.193571138173951596e+01
-3.407226182671204384e+01
1.786430471215845017e+01
-4.722011604528228190e+01
-5.252285543894744535e+01
-4.977720154165731969e+01
-4.233349598623046006e+01
-8.718767753108183172e+01
-3.941211145430315099e+01
-1.378205592381095412e+00
2.740129830970284175e+01
-9.731349327188353016e+01
-1.122961089648150619e+02
-7.093245479233050332e+01
6.081903109604999003e+01
-2.335117168838911894e+01
-6.085278718442872048e+01
-6.175304334988329913e+01
1.203710893372002388e+01
5.239354084515222887e+00
-1.619616214396797593e+00
-6.943055376958758984e+01
-7.978255102826292955e+01
-1.122178916056173250e+02
-6.850054552034427502e+01
-5.536321311452750393e+01
-1.087078268661378289e+01
-9.746033870216963635e+01
-7.101156617325820264e+01
-7.710826442409721437e+01
-4.726693473578028204e+01
-3.940795140099227467e+01
-3.574840286759346952e+01
-1.083515501376344616e+02
-1.008965815668341577e+02
-1.479056338420813574e+02
-2.544912496712145256e+01
1.119964023146119025e+01
-1.542574119207575833e+01
-8.746770334851908046e+01
-4.361403179906968575e+01
-1.643399179806679555e+01
-1.041287985039730302e+01
-1.253822992028723320e+02
-1.063445537671213970e+02
-3.466755705330579929e+01
4.693381068379230925e+01
-7.166026953555456203e+01
-6.265977805296515868e+01
-1.369417839134852386e+02
-2.729517695885326489e+01
-3.787750969870274531e+01
-4.943603731940770274e+01
-2.773424239209371311e+00
-2.886791095767261695e+01
-8.621209519669932320e+01
-8.308113401354341931e+01
-1.070770084594519886e+02
-2.080671471086913726e+01
-9.650032903687535679e+01
-1.401147882590459801e+02
-1.620443952274890194e+02
-1.139862984696510750e+02
-1.004066069783537927e+02
-2.866102543051527007e+01
-3.422717852107827952e+01
9.224101745949569997e-01
-1.493376693690627235e+02
-1.555474868675688924e+02
-1.899259787209844603e+02
-9.520757429272777017e+01
-1.025695345066029915e+02
-1.085818627791685600e+02
-1.370257470437158531e+02
-4.785365749263559110e+01
-1.086844649504289428e+01
8.619609079593020340e+01
-9.267230461832178889e+01
-1.851418367876994466e+02
-2.991376081475792148e+02
-8.473016909335009927e+01
-3.839092285137111560e+01
-5.705767062693418978e+01
-1.596439852579866567e+02
-1.012756673178805187e+02
-4.097281776534827458e+01
-6.667508700181230985e+00
-1.363070453182979804e+02
-1.212264339474571102e+02
-6.527901116318301433e+01
5.103629168161628371e+01
-4.603652779419957852e+01
-1.092836787960369804e+02
-1.645137969961569411e+02
-1.310270155762354989e+02
-1.092080095131056794e+02
-1.808267497394389878e+01
-5.479042782423483970e+01
-7.884534144160780045e+01
-2.715078225339455571e+02
-2.543311796659361050e+02
-1.906316035530621207e+02
-6.438257752844012316e+01
-9.483550193842327758e+01
-6.508250448680286127e+01
-1.731754337938754418e+02
-1.572160257032935817e+02
-1.895183997862821741e+02
-9.209478274347726767e+01
-4.839793086573624947e+01
3.108408976771956134e+01
-5.582859886889472989e+01
2.277879980533018056e+01
-1.168741593588095213e+02
-1.447401065900217816e+02
-2.081328107427249279e+02
-1.228605251178197904e+02
-5.865801018864791416e+01
-5.358597613764775502e+01
-1.705776705318984057e+02
-8.691509575182563196e+01
-6.014802028266261402e+01
-2.783975586950808534e+01
-1.848943197755960455e+02
-1.570910186906892250e+02
-9.331258047392169885e+01
-8.670918633832831901e+00
-4.087614578866317316e+01
6.754455128252585538e+00
1.712176846064490832e+01
-2.749648192829738136e+01
-1.698583622316581341e+02
-1.554861897861312343e+02
-1.004237345856768115e+02
-1.207853408389814120e+02
-2.124104847273410144e+02
-1.143924263674618231e+02
-1.510099196735948510e+02
2.900908835904647276e+01
-1.334502367716906406e+02
-1.187789327144424476e+02
-2.513088285178060630e+02
-2.290657857510365147e+02
-2.576359753320381287e+02
-6.743375573416550139e+01
-5.870696878410885944e+01
-3.156816584584638008e+01
-2.444106239509586089e+02
-2.361620735853683186e+02
-2.357834092885440498e+02
-1.682713833047637308e+02
-3.943660968120995562e+02
-3.334998673287630027e+02
-2.122290027582716903e+02
6.436380255702077591e+01
-3.664441819837101662e+02
-4.103487602187227026e+02
-2.541909825282409372e+02
8.030234307329801879e+01
-2.832858699114868273e+01
-2.355580158632036216e+02
-3.549437157986599232e+02
-1.193865399571210588e+02
-1.196443587374900517e+02
-1.371627482099368365e+02
-2.203973867425915785e+02
-1.886325690285275698e+02
-1.878465853921668725e+02
-1.287624728846847972e+02
-1.021292344076488661e+02
-2.365987568538510644e+01
-1.605130831627528210e+02
-2.081953695939016598e+02
-2.450734199619240030e+02
-1.261812023547138608e+02
-1.837875570745380855e+02
-1.710910025334570435e+02
-3.320903889627627450e+02
-1.252918116807770161e+02
-2.961071637490179000e+02
-5.228651054510569338e+02
-6.397584452013624059e+02
-4.123651732073091125e+02
-1.096717072727043387e+02
2.146772345260234260e+02
-1.535534700140020625e+01
-1.566338355616492493e+02
-4.667356723085920862e+02
-3.167298562053199475e+02
-3.001666427130658690e+02
-2.329157459036018736e+02
-1.488712411987508801e+02
-2.243006200173991971e+01
-1.356025627398559266e+02
-2.685670171220482985e+02
-3.126043939458436967e+02
-1.388886244798792973e+02
-9.582814769273691979e+01
-1.130144108609484732e+02
-2.387602721936521846e+02
-2.424671954218855774e+02
-3.045394837041487790e+02
-2.215721213763555113e+02
-2.201086507791192730e+02
-2.263976866638525394e+02
-4.714094329868075874e+02
-3.795609711458216680e+02
-5.367720118435413497e+02
-1.315561941614780608e+02
-1.931307796113374877e+02
-5.670066318126205118e+01
-2.386856252661190467e+02
-1.879176575807466918e+02
-2.053234622961629157e+02
-1.193805805181827111e+02
-9.087192922102505577e+01
-3.132491818606821710e+01
-1.474488163166038248e+02
-1.542220304239943118e+02
-2.888397648631375887e+02
-1.245544809441125977e+02
-2.152807524131677610e+02
-9.905238004060400669e+01
-1.084241862142534529e+02
5.884250538561869348e+01
-5.902261611353439719e+01
1.834848059841078793e+01
-6.925766519438766409e+02
-6.311325251792533209e+02
-1.106041652372834506e+03
-7.817426780852848651e+02
-6.402407667134065150e+02
-6.285771587682489780e+02
-8.344275327774014386e+02
-2.346257909907168084e+02
-2.003241229401958776e+02
-3.104790664011547392e+02
-4.333622070317890689e+02
-4.474427029679416137e+02
-4.686763143354999670e+02
-3.665071020133441948e+02
-7.609303033492833492e+02
-2.193158557197823200e+02
-2.510875744122976982e+02
-1.019343198554810357e+02
-3.348286762326044936e+02
-4.080417385565157815e+02
-5.009661733828561410e+02
-2.721025265204772268e+02
-3.250827937393121374e+02
-2.434409174463557690e+02
-6.797670914028246898e+02
-7.104545515260811044e+02
-6.069944275292765496e+02
7.329206970042255875e+01
-1.705264598228087536e+01
-5.911393039745676106e+02
-1.720143969209259694e+03
-8.979747545582060866e+02
-5.053305137503183460e+02
-9.708033302811371001e+00
-5.016712335289868179e+02
-5.148730837397960158e+02
-6.109810213507461185e+02
-4.918263170390833352e+02
-3.066504374540841127e+02
-8.404985748541020030e+01
-2.862200390068496745e+02
-2.901677784239271318e+02
-4.236116413156943850e+02
-8.383502155732256256e+01
3.472742345155968025e+01
4.150583670868405406e+00
-5.334497674761942108e+02
-2.239221755622749868e+02
-6.393895406289028642e+02
-1.208316035530619274e+03
-3.639942457953631674e+03
-6.959457909652946000e+03
1.568710938949429647e+03
5.222896866533665161e+02
1.679589617177286982e+03
4.701106124357170302e+03
-1.265385896051755026e+03
-6.319232238481582726e+02
-1.037354397757453626e+03
-4.827330317545182083e+02
-2.923055296464726212e+02
-1.131682738052272299e+02
-5.449387901403831620e+02
-5.525942090499822825e+02
-9.592901130079901577e+02
-6.099700480765990278e+02
-6.253547624394574314e+02
-2.797804543886396118e+02
-4.908853386840202120e+02
-1.334634656106466082e+02
-5.484394576905060603e+01
2.188571088792334862e+01
-5.924242517309610321e+02
-1.273554024987358844e+03
-2.126578298453592652e+03
-5.925712823963569917e+02
-3.757332086644700553e+02
-4.069464539557392300e+02
-1.797407033340371527e+03
-9.632087683756658407e+02
-9.625104809253074336e+02
-8.371103987176931014e+02
-9.111259744664437221e+02
-1.565171361435984920e+02
-3.678848064205229207e+02
-3.555271967888069753e+02
-5.758099598952019278e+02
-1.773732840324700248e+02
-2.691133170705935527e+02
-3.017796057636702471e+02
-3.363971358972465282e+02
-1.490268073602957770e+02
-1.465212968929797853e+03
-2.283452456051201352e+03
-3.630523005927000668e+03
2.140517009047314787e+03
-5.739658284136928160e+03
-2.714790382378519098e+03
-1.235586096894606726e+03
-2.752407424587761398e+02
-1.113934557512132102e+02
-4.346890023543029997e+02
-5.650149687782494539e+02
-3.253332820268560681e+02
-2.814162090402188596e+02
-1.903726058396676422e+02
-8.876648693036315763e+02
-5.605776689846230738e+02
-3.238649757356625400e+02
1.174010389888738928e+02
-3.150960016317630163e+01
1.349336498004105067e+02
-3.282345749943737587e+02
-2.954351440399952935e+02
-5.151106124357170302e+02
-3.900650206590444782e+02
-3.941402030605998448e+02
-7.552801452871602805e+02
-1.180527598972419582e+03
-3.985896964893797758e+02
-1.071868590304283316e+03
-1.562924263674615986e+03
4.037823130655068780e+03
1.972070749573236390e+04
-1.080165662614149596e+03
-1.215048750771101822e+03
-1.525199562787233845e+03
-4.962787989139751232e+01
-9.292022610394599980e+00
-4.354852644347478758e+02
-1.043559306405516054e+03
-3.020455795571560316e+02
5.003421821929976687e+01
-1.346746527001429854e+02
-8.687265215423453810e+02
-4.816926894112300488e+02
-2.569153728411750421e+02
9.079064045862926946e+01
-8.195084693142525794e+02
-1.028826664899720072e+03
-1.001634851769659576e+03
-4.477795257968788292e+02
-6.156374096076982596e+02
-1.100043170339703096e+02
-3.087512207620295044e+02
4.351685613957663890e+01
-1.609225349308216266e+02
-1.006144610788004030e+02
-2.687964828685850534e+03
1.304193350848362934e+04
-9.705848879236435096e+03
-1.769404460192321039e+03
-2.247066162829916721e+03
-3.958212248714335146e+03
-2.319376822725419515e+03
-8.950251407982498222e+02
4.000048681283653984e+00
3.479536396980338964e+02
-3.470596100217756543e+02
-4.933875235910323340e+02
-9.289779161280832795e+02
-7.065389701462630683e+02
-7.517086345164898376e+02
-2.079722256538546503e+02
-5.383624726462190893e+02
-2.197248847803247997e+02
-7.216904649073508153e+02
1.246389693564981194e+01
-5.014549344496117556e+02
-6.641679315564696253e+02
-8.222714910169117957e+02
-3.362006033730204990e+02
-5.429047902306936635e+01
-1.312981263365801681e+02
-8.001474832476227448e+02
-1.135242712901303548e+03
-2.131108989088031194e+03
-1.150050535407981806e+04
4.742175783076199878e+03
1.942631291880941944e+03
-2.138884244974287139e+04
