2.369906674977918738e+04
5.491968367737966037e+04
-6.578047351607297314e+05
-2.216572308960443479e+03
2.277551223533826997e+05
8.751115539052011445e+05
-8.116888698508919333e+04
1.034934303232650622e+06
4.058104186580819078e+05
-1.069878448853407288e+06
-1.331527065904306364e+05
-6.123124445870670024e+04
-4.308657484148574440e+04
-6.651751044565060874e+04
-2.201597493034000508e+05
-6.874341266677912790e+04
-4.359407139843791811e+04
-6.688982042706932407e+04
-7.425947014749678783e+04
-7.013896506598532142e+04
-7.525644117275040480e+04
-5.034571232972954749e+04
-1.718788765508519136e+05
-1.562626791452358884e+05
-7.977260289725278562e+04
-5.169418367990077968e+04
-5.764153560508680675e+04
-7.291955432632516022e+04
-4.819361499229917536e+04
-4.720043514457286074e+04
-2.071887116678168532e+05
-8.811250786114600487e+05
-1.441293144665877335e+05
-5.901857827898189134e+04
-4.836751682321264525e+04
-5.363421741262728756e+04
-5.754176394379491103e+04
-4.833539080860568356e+04
-5.393087685438598419e+04
-5.400906920541894215e+04
-4.355484887162235100e+04
-3.284518480759343947e+04
-3.881305501606962935e+04
-6.064817893977867789e+04
-4.451807856443077617e+04
-3.569927727623233659e+04
-3.777341963817832584e+04
-4.808705640154583671e+04
-5.566267967301362660e+04
-7.096551938702183543e+04
-5.875010177757297060e+04
-5.162916933141062327e+04
-9.978155664159268781e+04
-1.586661562441590941e+05
-6.118732692690524709e+04
-4.610871840266833897e+04
-5.854795147794211516e+04
-8.016044377617423015e+04
-5.243795398214067973e+04
-4.113654093039428699e+04
-4.629893920517122751e+04
-5.082920833147891972e+04
-5.115067036131446366e+04
-6.387919419189963082e+04
-5.228643586516222422e+04
-5.449100007286398613e+04
-8.082803963719884632e+04
-5.499043478857559967e+04
-5.543600503728613694e+04
-4.685993478788865468e+04
-3.952423639657449530e+04
-5.861950502630777191e+04
-7.965184544266609009e+04
-6.284029505960774986e+04
-4.098872336062493559e+04
-5.363329560500037041e+04
-7.616399983862403315e+04
-4.088975116481924488e+04
-3.533474715869984357e+04
-7.885667300354798499e+04
-1.738911599861764698e+05
-5.293405034431633248e+04
-9.368112111850510701e+04
-1.244250161442468816e+05
-7.662387452731443045e+04
-8.958119633805587364e+04
-1.067541122751847288e+05
-6.046465988055415801e+04
-4.292317825770779018e+04
-3.868416591861096094e+04
-4.864219657725126308e+04
-7.057758956556883641e+04
-5.153261197146405902e+04
-3.549494529119835352e+04
-4.039494706227839924e+04
-5.014217481041338760e+04
-4.347277933774943085e+04
-4.495580034025396162e+04
-7.108274963303489494e+04
-4.730641208028027177e+04
-5.159991268700751971e+04
-4.914501606948258996e+04
-8.350435692114596895e+04
-9.606391172118989925e+04
-5.674491826798658440e+04
-5.417086055384909560e+04
-1.594853463256813120e+05
-1.217691843073355849e+05
-4.603947728777379962e+04
-5.271579300897614303e+04
-5.581149920138195012e+04
-5.549313330487416533e+04
-1.540755957787143125e+05
-1.729948249931523751e+05
-8.900584241193365597e+04
-5.192582247173727956e+04
-9.280123411777534056e+04
-1.678181798659098567e+05
-1.021414491680430801e+05
-1.135514925019264629e+05
-1.259529574006843759e+05
-7.384248700846644351e+04
-5.697879792636189086e+04
-1.010139675489743822e+05
-5.284228074308423675e+04
-3.021472416328245890e+04
-5.079578848212560843e+04
-5.752257752653816715e+04
-4.773715325465225760e+04
-7.299752702038139978e+04
-7.328592275886509742e+04
-6.303192071448906790e+04
-7.158370051257481100e+04
-9.090569915573358594e+04
-8.793602150268791593e+04
-6.518922106350787362e+04
-5.974862022289750894e+04
-4.663838179334190500e+04
-3.632568106204720971e+04
-3.890554518419993110e+04
-6.027283653280863655e+04
-9.514643289582944999e+04
-6.816891471629479202e+04
-6.122447389726185065e+04
-5.000838489363412373e+04
-5.311897110152292589e+04
-5.445804353677634936e+04
-4.537546209264500067e+04
-5.934048262093379162e+04
-5.846910213690639648e+04
-4.044023339562805631e+04
-9.825576173867189209e+04
-1.711957350922922487e+05
-7.150108868149649061e+04
-4.016685153363407881e+04
-5.468296180643985281e+04
-7.554375599832332227e+04
-5.055612278844090179e+04
-3.709394149329958600e+04
-3.770208794811073312e+04
-3.637169870401547814e+04
-2.988992305140887765e+04
-3.529087311709069763e+04
-5.542217283620623493e+04
-6.055388867159570509e+04
-2.287821293985940574e+05
-1.965557980220540485e+05
-4.262814698185801535e+04
-3.355098437300418300e+04
-3.647902203596741310e+04
-4.436064623744622804e+04
-7.391642006806295831e+04
-4.590920860716902098e+04
-3.524366312592814938e+04
-4.016526048390148935e+04
-3.340677819908931269e+04
-3.652710456779618835e+04
-3.254524760705108929e+04
-2.922649632078049035e+04
-3.159167526379575793e+04
-2.626726691111105902e+04
-3.003538519195329354e+04
-2.881142216017752435e+04
-2.106676773796746420e+04
-2.269195946865744190e+04
-2.468249860410744077e+04
-2.558348363633509143e+04
-2.900053119852163218e+04
-2.750515638893157302e+04
-2.783060275937530605e+04
-2.431413947732601810e+04
-2.144536789178968684e+04
-1.963777204266485205e+04
-1.860251875215910695e+04
-1.955869396884932939e+04
-2.182877986862010584e+04
-1.960435622445828631e+04
-1.580811020861165343e+04
-1.564680121534771206e+04
-1.672864971721067923e+04
-1.359988608331581236e+04
-1.354636495172906689e+04
-1.384569745025302109e+04
-1.339996219269994981e+04
-1.185068344687633726e+04
-9.856327462642555474e+03
-9.883014229306161724e+03
-1.066344634427961319e+04
-9.710523915290619698e+03
-8.888181741938558844e+03
-9.172240333344690953e+03
-8.491242356981076227e+03
-8.541114792120482889e+03
-8.462677928975694158e+03
-7.770821255146331168e+03
-7.225186287990964956e+03
-6.763436184066012174e+03
-6.906607391345188262e+03
-6.486677732521086909e+03
-6.317686241086536029e+03
-5.836081168857885132e+03
-5.119316120162478001e+03
-4.661611054747902926e+03
-4.458000653384120596e+03
-4.087791793903837970e+03
-3.801934233397630123e+03
-3.745444714960257443e+03
-3.723963714793834242e+03
-3.479971038968497396e+03
-3.270587314729889840e+03
-3.096334563946700655e+03
-2.990958314954881189e+03
-2.813047275219568746e+03
-2.607684728351742251e+03
-2.595251507454044258e+03
-2.434006538553669543e+03
-2.258863753261937745e+03
-2.177728874450557669e+03
-2.069403816569340506e+03
-1.888120545211256285e+03
-1.764778796228836427e+03
-1.692980731365776364e+03
-1.656553925855186208e+03
-1.501421898383144480e+03
-1.400757303802562092e+03
-1.377797356522132986e+03
-1.287509081603180903e+03
-1.141608857213766669e+03
-1.108953269032636172e+03
-1.028572163034428286e+03
-9.782526849463022245e+02
-9.081443129997545611e+02
-8.553689048042560898e+02
-8.212779479732690788e+02
-7.907167964935454165e+02
-7.602526952863468068e+02
-7.251954199572894595e+02
-6.872766471508593895e+02
-6.488222368861655696e+02
-5.804699706008711928e+02
-5.780374759858118523e+02
-5.359813769232300729e+02
-5.162858705777824753e+02
-4.630191329836652585e+02
-4.416406191553815006e+02
-3.878996123946115517e+02
-3.425470548503377586e+02
-2.901386798475706428e+02
-2.463230234787976656e+02
-2.143738955215137878e+02
-1.635424479711308265e+02
-1.403381364362827526e+02
-9.563543591970315561e+01
-6.324459993890353360e+01
-3.913664665941236365e+01
-9.768390916852915495e+00
2.189129605070884210e+01
4.752428050209437060e+01
6.187900279849448282e+01
8.875325676059497937e+01
1.076933229503298151e+02
1.281001845924040481e+02
1.435104392401652547e+02
1.535099007831431663e+02
1.745729000328654763e+02
1.834425025993076588e+02
2.051277956805373606e+02
2.148429149888831944e+02
2.306174120562868950e+02
2.414155239514158211e+02
2.566066843739684487e+02
2.621799196449915144e+02
2.714940763053593287e+02
2.830252338997634638e+02
2.906232246743245469e+02
2.918647132618817182e+02
2.919398830031662442e+02
2.880178536139089829e+02
2.860795206733988607e+02
2.852634918336981968e+02
2.847538833212996678e+02
2.822911904753292447e+02
2.792408012510868502e+02
2.770697833491003621e+02
2.712295081135247301e+02
2.635447747344468326e+02
2.568592920240205899e+02
2.506859304600645828e+02
2.444159214534088278e+02
2.395356436703919769e+02
2.357665822038270278e+02
2.315066714770106273e+02
2.264064660981056534e+02
2.199131175632934969e+02
2.152915778857270368e+02
2.127391834676866722e+02
2.093938024921655767e+02
2.051985566070480616e+02
2.019193705131003185e+02
1.990682609487504635e+02
1.954278437279433263e+02
1.909366716634813486e+02
1.872342464620648457e+02
1.839463788589358160e+02
1.804910649661545108e+02
1.772842880116996582e+02
1.741170161047000420e+02
1.707187325695098536e+02
1.670764599381562903e+02
1.639668344970433225e+02
1.599561169835069450e+02
1.561429182881303745e+02
1.529263403078267345e+02
1.507040508275639752e+02
1.482762446327426460e+02
1.449226700654119213e+02
1.424573047773259873e+02
1.397374199166651181e+02
1.363750365580267498e+02
1.339915455911040851e+02
1.319838732837756936e+02
1.308936129368622971e+02
1.298126252725695053e+02
1.280257611428080793e+02
1.255965842633732876e+02
1.239801236496592480e+02
1.229298322768459286e+02
1.214917608665303561e+02
1.201907180358429059e+02
1.189853450808674324e+02
1.179264843619098713e+02
1.165044598590472589e+02
1.155235526018579293e+02
1.138654845745294750e+02
1.122860520661849222e+02
1.107299050400267504e+02
1.096313500063611173e+02
1.084308703700668133e+02
1.073026005676943981e+02
1.060821262143595192e+02
1.048096149812386102e+02
1.031921732022711069e+02
1.015512487238571850e+02
1.005865634852870301e+02
9.907515858852764268e+01
9.782829984017773484e+01
9.633894372848776300e+01
9.505940816943285654e+01
9.434342898844876402e+01
9.342278091359669645e+01
9.206208162170936760e+01
9.068270464633694417e+01
8.912937786347826830e+01
8.786310768093008505e+01
8.733940072018124567e+01
8.593426844723998670e+01
8.498485577803644730e+01
8.455547554425629642e+01
8.425490952405920098e+01
8.313339363307592578e+01
8.203788659700316543e+01
8.087119532001736388e+01
8.022036701949784288e+01
7.965937770603795798e+01
7.923132629545418126e+01
7.887898540795356439e+01
7.780547197114331937e+01
7.703549085991039647e+01
7.679439824722943797e+01
7.653333559255420937e+01
7.629209024450491938e+01
7.570278653543722669e+01
7.504324719768393948e+01
7.465463008916648846e+01
7.406211175656376611e+01
7.331373247988958042e+01
7.293038940366716361e+01
7.227423911314645011e+01
7.178384468838039822e+01
7.153131167463953943e+01
7.084115970752765179e+01
7.046287210879572172e+01
6.989470514296095871e+01
6.895265417535286190e+01
6.831617288793329124e+01
6.788127917958829016e+01
6.709389654453136131e+01
6.642604847724282990e+01
6.605210270770696468e+01
6.589225675210592215e+01
6.561112406607715286e+01
6.468027721291971943e+01
6.394852768119396558e+01
6.343870411384867225e+01
6.285002876035222386e+01
6.256021376120124700e+01
6.182788797074728393e+01
6.106390931784279275e+01
6.072973042857923787e+01
6.034392231734959466e+01
5.992235886784818177e+01
5.978205819336864835e+01
5.957144519886153233e+01
5.908827867718095916e+01
5.836029372311335806e+01
5.788888569615019009e+01
5.767668233329195715e+01
5.740301898241581569e+01
5.706883936041533190e+01
5.679370858732521299e+01
5.675878760714771687e+01
5.692397582428159808e+01
5.681189263537482503e+01
5.663937600453370180e+01
5.634854170183029254e+01
5.630748874065761100e+01
5.625887385682328556e+01
5.612524744630345452e+01
5.589768193042262112e+01
5.581757897918129174e+01
5.564820098756939615e+01
5.542796951314763731e+01
5.518208264209845026e+01
5.495510708538164124e+01
5.453617819410013112e+01
5.429247048601261838e+01
5.412888421385059701e+01
5.433646899409573194e+01
5.425767140454305348e+01
5.406296557451488383e+01
5.415383070794172937e+01
5.355460794868844943e+01
5.319252499620613150e+01
5.317458441395617541e+01
5.316869855751189533e+01
5.307085264508015143e+01
5.284392944510090473e+01
5.236356702145516806e+01
5.221716326982430445e+01
5.219204072062770194e+01
5.233327696580604993e+01
5.232352526557401262e+01
5.219840033584951300e+01
5.198166107697495164e+01
5.198014751635245290e+01
5.219267164359430211e+01
5.201881294940643130e+01
5.171751592845475898e+01
5.180161246055322977e+01
5.193488019184515281e+01
5.173463284900270764e+01
5.174032737836214579e+01
5.200826378880162792e+01
5.217551510134657633e+01
5.226958377809197032e+01
5.240958530244137137e+01
5.237889099733779119e+01
5.247573020879570294e+01
5.316052944062870722e+01
5.395411145865297442e+01
5.428717194406339530e+01
5.389357493128103727e+01
5.376494363711384494e+01
5.399441138516954908e+01
5.409187979659387224e+01
5.427863965024003789e+01
5.394480984097818066e+01
5.375030899441528476e+01
5.483118573568287246e+01
5.556158627692096275e+01
5.602852624413511506e+01
5.624481842896803130e+01
5.637558060618191291e+01
5.677539214022036163e+01
5.731273120228779305e+01
5.778156828948804247e+01
5.826716573043757563e+01
5.870749264214694563e+01
5.895513974576714133e+01
5.953562188869913285e+01
6.032015002170064122e+01
6.081934484140538189e+01
6.144666550712685194e+01
6.186736802591073570e+01
6.229255593026559978e+01
6.268536638378105152e+01
6.294182200269935379e+01
6.365035358329836868e+01
6.450166423293811135e+01
6.503113738922530729e+01
6.548476856186583461e+01
6.593933954246094231e+01
6.649406895670820461e+01
6.750585636300559145e+01
6.854630857753748785e+01
6.930039364298099258e+01
6.986992704025021794e+01
7.037786254778372097e+01
7.115602693752438768e+01
7.194603833625575362e+01
7.282140804263553946e+01
7.400338845976941116e+01
7.510204041400875496e+01
7.635806402200356047e+01
7.762679044227962777e+01
7.836655182907742301e+01
7.946402782998612224e+01
8.056531513757744278e+01
8.191195653818185463e+01
8.309212428843358111e+01
8.483876241715805122e+01
8.616231388789464063e+01
8.760687648510631220e+01
8.946029537246883478e+01
9.114173983850838567e+01
9.322334679948556868e+01
9.527507174530167333e+01
9.700595941990447102e+01
9.956870135924141607e+01
1.014291780383144470e+02
1.035540372347103357e+02
1.061590103205599718e+02
1.086361878457852441e+02
1.118377223911013658e+02
1.143620491067560891e+02
1.168961648575540693e+02
1.201818625432606638e+02
1.227358986079403564e+02
1.256270043354792847e+02
1.292290428950780949e+02
1.327402709194735735e+02
1.354327855129763520e+02
1.386814567791503237e+02
1.422019150079769929e+02
1.463253369766721903e+02
1.500278095846805400e+02
1.536153833666641049e+02
1.572028001480805131e+02
1.609264352614591189e+02
1.639220209865560207e+02
1.679038201345751986e+02
1.731954848620945029e+02
1.769085251052546255e+02
1.806978902564976011e+02
1.855232658798353498e+02
1.904542373527994243e+02
1.951992725163174498e+02
1.994504521077454910e+02
2.035625256786018724e+02
2.075141942158676898e+02
2.114158487029851301e+02
2.157272517261263260e+02
2.212307351511529987e+02
2.260112063467919370e+02
2.305024700964436306e+02
2.363737565202378619e+02
2.412213785433245050e+02
2.453123330057079272e+02
2.493186057998543674e+02
2.542303384693096859e+02
2.598261655934541068e+02
2.661642889502502385e+02
2.692402551419633028e+02
2.730767779372504265e+02
2.799845403468970630e+02
2.849051328421631979e+02
2.879190431272302817e+02
2.907477797040496625e+02
2.952279874968650688e+02
3.005674667827739768e+02
3.080439977326157646e+02
3.111676911869312221e+02
3.133070934016695901e+02
3.189916097819714764e+02
3.237018236719435436e+02
3.276553020191236669e+02
3.355291968612964411e+02
3.408684751853129455e+02
3.462724348190640740e+02
3.546536181809435675e+02
3.621787004693280778e+02
3.657884383245809090e+02
3.681458483706050515e+02
3.747374487797698066e+02
3.806083295422636184e+02
3.861403782021690176e+02
3.936126264319465236e+02
3.979410372234482907e+02
4.040411826563032491e+02
4.137284112252468731e+02
4.205837447286832003e+02
4.262150234404514890e+02
4.310771940985988522e+02
4.406770789033440678e+02
4.505891772168823763e+02
4.580798181162825244e+02
4.658895303908666392e+02
4.685908772662792217e+02
4.732490278736765958e+02
4.784107560620103641e+02
4.851538558437067650e+02
4.965688321691927740e+02
5.049833526209046681e+02
5.112268022726924528e+02
5.177784993280333765e+02
5.228252430630983554e+02
5.253269399192190576e+02
5.391722476900354195e+02
5.514476032005042043e+02
5.603971704457864007e+02
5.615173863533796066e+02
5.624677751948952391e+02
5.758199190118931483e+02
5.876032375193505004e+02
5.937850123131681812e+02
5.992120872123570052e+02
6.056717414131244368e+02
6.110506055435765802e+02
6.116390622168636355e+02
6.206048264050691614e+02
6.295230754097264025e+02
6.355925114628673782e+02
6.441668141848083451e+02
6.498919242100083693e+02
6.527194030566911351e+02
6.581457626625557396e+02
6.638948801688122785e+02
6.727977397444808503e+02
6.811811551190763794e+02
6.816810593707650696e+02
6.651079358106547943e+02
6.806412322885813637e+02
7.033284475301907150e+02
7.081058278896186948e+02
7.171054996255035121e+02
7.288258913777978023e+02
7.422258031031183236e+02
7.429851933180499373e+02
7.452994095500270078e+02
7.518727519946033908e+02
7.657869196836684296e+02
7.757418143476170371e+02
7.814887977511309600e+02
7.902009456013504405e+02
8.032165265727560381e+02
8.108612585602958234e+02
8.195464406165024229e+02
8.370606898938283393e+02
8.424287775324539780e+02
8.523663672842205870e+02
8.600702481584428369e+02
8.805920918741525156e+02
8.943775990797489612e+02
9.088413009692588957e+02
9.231589903961976233e+02
9.318645581465427767e+02
9.407665237593364509e+02
9.581957641776087939e+02
9.823836879088972864e+02
9.968129819227514190e+02
9.960481380296382667e+02
1.020238908424186548e+03
1.056327393198454502e+03
1.070175765716497381e+03
1.082303033858730942e+03
1.103261354357755863e+03
1.133511940678052724e+03
1.151002292071344073e+03
1.171473149140579608e+03
1.193978082160879012e+03
1.227572574963236775e+03
1.237162183198461889e+03
1.264613431587147261e+03
1.277594603999509218e+03
1.280087464430859654e+03
1.331685187342163999e+03
1.362085978289358536e+03
1.369955301915822474e+03
1.384206385716430304e+03
1.411148801762130006e+03
1.435945505690336176e+03
1.459485023041262593e+03
1.515027173507888165e+03
1.575376954375288506e+03
1.598516706799741769e+03
1.625782202325343405e+03
1.665889279366792834e+03
1.666412669875374377e+03
1.700534283831586436e+03
1.720102858729865602e+03
1.723438474004372893e+03
1.749023627758295333e+03
1.797721733677288512e+03
1.818695711404023768e+03
1.860918887159344877e+03
1.902552127561019461e+03
1.928853078878029010e+03
1.957716145303319990e+03
1.947781084286572195e+03
1.940301905069775330e+03
2.033219363912283370e+03
2.121313777472433685e+03
2.083183145919575054e+03
2.080710362186545808e+03
2.102245046762966012e+03
2.148281264627137716e+03
2.243312408800064986e+03
2.257119242686817415e+03
2.298475418388754861e+03
2.289930652316078522e+03
2.270831395250684636e+03
2.313736848084694429e+03
2.291770635780483190e+03
2.357155159138379076e+03
2.463491362240068611e+03
2.452980408971620818e+03
2.479273691789098393e+03
2.507235574726803861e+03
2.486965427344116961e+03
2.514037084726568537e+03
2.538087343186164617e+03
2.574475193496887641e+03
2.649309457784264850e+03
2.694488454776600065e+03
2.704330270123025912e+03
2.708072882726308308e+03
2.752985944845473568e+03
2.729153996055671541e+03
2.678565034853822453e+03
2.728317058008998629e+03
2.729212784145388923e+03
2.707261744474618354e+03
2.700633812743668386e+03
2.742333617689718722e+03
2.794116416167819352e+03
2.727928540323188827e+03
2.711719708210608133e+03
2.717801163476836791e+03
2.690945413206475678e+03
2.731235601755564858e+03
2.763419328072554435e+03
2.787553342555034760e+03
2.805095839406008508e+03
2.796589043330178356e+03
2.855635837467042620e+03
2.897445530498809148e+03
3.066368037070527407e+03
3.068612322167469756e+03
3.004869992780579651e+03
2.946637565250377520e+03
3.084219908670565019e+03
3.112836610636827572e+03
3.027243435624317954e+03
3.168561947806661919e+03
3.265211259893711485e+03
3.261796263723955235e+03
3.367557876211395524e+03
3.442460981552980229e+03
3.463286106622067109e+03
3.607868370362109999e+03
3.659425136312353516e+03
3.703261324831277761e+03
3.645987451761543525e+03
3.644350969134160096e+03
3.817876066151095984e+03
3.865926506203587905e+03
4.158455372405569506e+03
4.279081133199215401e+03
4.384535072830420177e+03
4.313448847637679137e+03
4.355281619195886378e+03
4.625322188092460237e+03
4.768351373056435477e+03
5.026962024550700335e+03
5.123010421978806335e+03
5.149577025892976962e+03
5.317371906143986052e+03
5.037647813985671746e+03
5.323202053305634763e+03
5.439231875819295055e+03
5.299385945582256682e+03
5.409742464800909147e+03
5.472536955782828045e+03
5.642974390672693517e+03
5.960804162830342648e+03
5.902141525510871361e+03
5.799396543184587244e+03
5.798645767528103534e+03
5.688092637215911054e+03
5.968390002750009444e+03
5.951029212037822617e+03
5.959659815093560610e+03
6.473354776381605916e+03
7.063309158036006920e+03
6.697446773250247134e+03
6.441408451504079494e+03
6.823561690780205026e+03
7.586189695824033151e+03
7.341892632563057305e+03
7.324513167119441277e+03
7.900492131135236377e+03
8.187959362626279471e+03
8.109287490924849408e+03
7.571358985258214489e+03
7.759178724622870504e+03
8.424888114353641868e+03
9.012268644248013516e+03
9.528562612896512292e+03
9.749530445991522356e+03
1.001210043808612500e+04
1.022609525015574400e+04
1.111342205448281311e+04
1.165686230223429993e+04
1.187919410760191931e+04
1.223738242422306757e+04
1.195535428308637347e+04
1.249177939133573454e+04
1.238531903102076831e+04
1.254985868911409852e+04
1.386764379587808435e+04
1.652853015448358929e+04
1.702721819680666522e+04
1.377304593264354116e+04
1.552599007200725464e+04
1.801809517261863948e+04
1.487050540498970986e+04
1.687640337826643736e+04
1.563330132310237786e+04
1.809213401667918879e+04
2.010962793011038957e+04
1.780666211283026860e+04
1.727886780948963496e+04
1.707241142600313469e+04
1.777907474295198335e+04
1.806009318543717745e+04
1.840758332122812863e+04
2.101445183847111184e+04
2.323244883163646955e+04
2.641131306694309023e+04
2.389069572283211164e+04
2.783747489247397607e+04
3.874354300486609282e+04
3.546846841996248986e+04
2.788261036414128466e+04
2.522503142418704738e+04
2.289112013357180695e+04
2.460233074298347492e+04
4.431266884283946274e+04
4.184177164289278153e+04
3.299836718702719372e+04
3.310525882647267281e+04
3.562841883158977726e+04
3.358821796430935501e+04
4.062844773885580798e+04
5.783821865078179690e+04
3.409914533447378926e+04
2.648269993713678195e+04
3.428800701925148314e+04
4.038314395759994659e+04
6.206257703723205486e+04
8.277112883734605566e+04
5.343435196373345389e+04
6.656111503432199243e+04
5.322169080278894398e+04
5.395444560246224137e+04
6.998589663455545087e+04
8.120472390882429318e+04
6.921793955496246053e+04
4.369893416163740767e+04
5.432320616886974312e+04
1.478570080778049887e+05
9.135475707538798451e+04
-8.451340089547091338e+04
7.351157630726427305e+04
1.187934547187560383e+05
8.019337515654535673e+04
1.409112567070197256e+05
1.731406737164532533e+05
1.012376711193995870e+05
6.747437212444205943e+04
1.245805623371962429e+05
1.710965132155086612e+05
1.826975553404998791e+05
7.095924830000559450e+04
7.746114510485864594e+04
6.779346378345506673e+04
7.550678513952580397e+04
1.574212473310874775e+05
-9.558694161942858482e+05
1.519657326212022454e+05
9.564191743246203987e+04
1.135874224889296311e+05
8.565125121770822443e+04
9.250040476761794707e+04
-2.928545609140268061e+05
2.706918715582830482e+05
6.933474772176615079e+04
1.567604447507784353e+05
9.972038004321647168e+04
6.253737002354142896e+04
9.931738155085665639e+05
7.693073866292773346e+03
