1.921911146120846070e+03
1.933510382885761146e+03
1.932327139134578829e+03
1.957249324350239476e+03
1.948459877328974699e+03
1.985537324392959363e+03
1.978986672514799920e+03
1.983716915001160260e+03
1.989530838780485055e+03
2.029472595843299587e+03
2.047720941980345970e+03
2.038303010538028502e+03
2.009090141199071468e+03
1.131142393924267481e+03
1.065134150275614275e+03
1.078680456096765511e+03
5.368414296309834981e+02
5.139522719577898897e+02
4.950569467335394052e+02
4.764773060330173848e+02
2.261651858511741011e+02
-9.582211511963066641e+00
1.382231205809885211e+01
3.325994264041861470e+01
2.010160589266850906e+01
4.345231252990143389e+01
-1.445685233752051602e+00
-3.086143941433450166e+00
6.464241722813031998e+00
2.038880256347671249e+01
-1.046311331727321559e+01
-2.487034600734771317e+01
-2.301573304374955597e+01
-6.943764059423153867e+01
-5.959536362460878678e+01
-8.727496781760784472e+01
-8.461117741068655107e+01
-8.468678434564665736e+01
-8.601737157909799691e+01
-7.441817338272390714e+01
-6.744588892538749292e+01
6.497090268042796879e+01
2.670770780704525578e+02
2.979586926973575487e+02
2.911198156721042665e+02
2.877381316633797610e+02
2.747023633591720682e+02
2.845765941977379043e+02
2.830419349993553055e+02
2.907228108898792698e+02
2.815920285120045605e+02
2.951401224854326983e+02
3.055921527101828019e+02
2.856833330625082681e+02
2.767089171026593135e+02
2.755523619321766660e+02
2.664749614264085835e+02
2.569268115254806730e+02
2.526377151033748021e+02
2.487282038900253553e+02
2.307737774573352851e+02
2.542459575911807121e+02
2.146008806491038285e+02
1.874306234468088803e+02
1.222494103046931997e+02
1.007008190248018309e+02
1.163509387222825069e+02
1.194910814810099851e+02
1.209457374821445228e+02
1.101248146318547185e+02
1.597163219282064404e+02
1.528262973003155594e+02
1.494552370279624824e+02
1.551576114175529142e+02
1.955262840454985565e+02
1.660647964643007697e+02
1.505545050560059224e+02
1.395425702862256401e+02
1.407999042775748251e+02
1.377563535909530401e+02
1.242849487636927392e+02
1.303049602128604363e+02
1.095789683537057897e+02
1.258677914219046414e+02
1.331607508006907210e+02
1.372169285408188841e+02
1.462522631276947891e+02
1.226915675459833750e+02
1.085969905745295421e+02
1.162733829149901510e+02
1.158888273352570764e+02
5.789213707880071524e+01
4.842617107559044598e+01
1.298090780746994355e+01
3.194216811111754595e+00
-3.292848583184743916e+01
-6.070712364132745620e+01
-5.563605190373305476e+01
-4.519147863144021215e+01
-4.563092649734346651e+01
-5.207334592957030850e+01
-4.285515467333969752e+01
-7.779945055737817938e+01
-8.751811518318994843e+01
-1.004908883568499078e+02
-1.106411929604713436e+02
-1.321500199881892854e+02
-1.887442869834262638e+02
-1.840008502435252922e+02
-1.987256027074748772e+02
-2.079815425350478222e+02
-1.999190829124419793e+02
-2.128992180912077004e+02
-1.689609054850075438e+02
-1.473731146152694862e+02
-1.620409310777327221e+02
-1.519174916786678011e+02
-1.222997349075461102e+02
-1.241613584708441920e+02
-1.115167623007859987e+02
-1.140373065605395766e+02
-1.302774851446815489e+02
-1.467128549575214720e+02
-1.245354332972270299e+02
-1.419152803168700245e+02
-1.462614226287825261e+02
-1.352959703085811896e+02
-1.217964655778716718e+02
-6.368541439433182916e+01
-8.184415515177242639e+01
-5.247795521379753581e+01
-6.986717838613222398e+01
-7.243310170895507838e+01
-5.771891623489575807e+01
-1.050731246554928759e+02
-1.129889821728480968e+02
-1.069971003740849511e+02
-1.067319024229896485e+02
-1.018901057406966544e+02
-1.173102465275559751e+02
-1.172897706863226404e+02
-1.175717511177166728e+02
-1.378786118730615442e+02
-1.575349314457062064e+02
-1.454091810093565016e+02
-1.417959955349386405e+02
-1.442491911026034188e+02
-1.638859494399962387e+02
-1.705799149980655613e+02
-1.737614149904591159e+02
-1.582395073786991304e+02
-1.666547535840913099e+02
-1.626406518280661544e+02
-1.502619064468507872e+02
-1.730234013266904753e+02
-2.448521710756447760e+02
-3.179751779552154289e+02
-3.264750067758135401e+02
-3.314813787379821406e+02
-3.357058036038241653e+02
-3.179287972489665322e+02
-3.162245705132239664e+02
-3.309872100127049634e+02
-2.808526079931868935e+02
-2.634195148982256569e+02
-2.737181525632213379e+02
-2.656210715939838565e+02
-2.485836893875502369e+02
-2.417804067044835392e+02
-2.353335456118938964e+02
-2.298208483088042158e+02
-2.366182524667614189e+02
-2.330165343318886073e+02
-2.206013938548510964e+02
-2.135694003625337700e+02
-2.143068116712566962e+02
-1.242860897917787213e+02
-5.685012969083486212e+01
-5.061656685831566449e+01
-5.361901373282346128e+01
-5.590047738134879296e+01
-5.960460621808535819e+01
-7.008880456574026141e+01
-4.983898972879013911e+01
-5.947965710463373057e+01
-4.796197593503262624e+01
-5.052480367731100586e+01
-3.776213613754764964e+01
-4.398936626484244528e+01
-4.349174258104859092e+01
-4.373620598303772766e+01
-4.755167457586566826e+01
-4.577195035927496747e+01
-4.883249229286123949e+01
-4.935447066664107041e+01
-5.362373788448809364e+01
-4.464896945843717191e+01
-5.598906982532657395e+01
-4.868301171847948439e+01
-5.041107307944447058e+01
-5.020551629599823684e+01
-4.628076526297726900e+01
-4.235032315487328702e+01
-4.004847435695864988e+01
-4.044456727076499902e+01
-3.944682626959048122e+01
-3.471236754198350383e+01
-3.341414094984160243e+01
-3.595892842001283896e+01
-2.657910736510129368e+01
-2.958065403165173635e+01
-2.762565719198040881e+01
-2.579233547965134932e+01
-2.263108230276673183e+01
-2.110290754314508277e+01
-2.185427390025543914e+01
-2.011947491721561576e+01
-2.220601536397756703e+01
-1.992397375031083939e+01
-1.865178718246608724e+01
-1.489112169444044298e+01
-1.212218354799297337e+01
-1.101719266305437372e+01
-9.219853349785017471e+00
-9.267474173572349372e+00
-8.433875820296401926e+00
-6.224278398463263251e+00
-6.492172025369653099e+00
-4.076109090442877836e+00
-1.803483716578040408e+00
-2.394863126490008209e+00
-7.502766435683108637e-02
1.427969547737983458e+00
9.157718045821203745e-01
-2.754091393353889083e-01
7.755398142945084672e-01
4.011078836808285031e-01
-3.466400000002205495e-01
7.823085363237839429e-01
1.072775564130234560e+00
6.052759406307058887e-01
-9.007665981602435146e-01
-1.201624599125447279e+00
-7.753729145078733787e-01
-6.250719790406039644e-01
5.824878199760448183e-01
8.283754774653815378e-01
7.455386063046991474e-01
1.140143444807364403e+00
1.733076967193579954e+00
9.309149456023224634e-01
8.044410993672791443e-01
4.434633744319227966e-01
8.061998933522269706e-01
8.149178588210654883e-01
1.502613327120901010e+00
1.553927143353652118e+00
2.410341759533262351e+00
2.072861998136059647e+00
2.288439085874723666e+00
2.666856752634889638e+00
2.822058466145589417e+00
3.466722008640759523e+00
3.515195661078512224e+00
3.535043748898214933e+00
3.765324537113584391e+00
3.628332910849022763e+00
3.874020775726032983e+00
3.849822237395462921e+00
4.146985803586817454e+00
3.902860144993207214e+00
4.248759384736004563e+00
4.566293167095215821e+00
5.077809430055843620e+00
5.223156951232498457e+00
5.120979577400754046e+00
5.068186990641562417e+00
5.242913174951419286e+00
5.268533929640761393e+00
5.047795592320148295e+00
5.384010956571810169e+00
4.971061039532390424e+00
5.166509053201699508e+00
4.937851718085878971e+00
4.980341693309167539e+00
5.039683088001619460e+00
4.930574535656122137e+00
4.719496026558201329e+00
4.870345113489118027e+00
4.757186098432841348e+00
4.880850574120552565e+00
4.914550936117905167e+00
4.814300522489071810e+00
4.867936519618838886e+00
4.977634849846277909e+00
4.909769519619781697e+00
4.952481505924753336e+00
5.057582923643132666e+00
5.159314042123810395e+00
5.176276691730564039e+00
5.294299521234408168e+00
5.147392635217663326e+00
5.116338930604343638e+00
5.106285218427628614e+00
5.094565642874520961e+00
5.067031857631374869e+00
5.048069033986221754e+00
4.952650848112727822e+00
4.946322615398842437e+00
4.876220075152472688e+00
4.844367244217489876e+00
4.809557696130578819e+00
4.784334972653366158e+00
4.812096687552029017e+00
4.716840804376918328e+00
4.766430876690772145e+00
4.833072686852959876e+00
4.873195228039287841e+00
4.854764733268283727e+00
4.814317054806357632e+00
4.848371144744929140e+00
4.847680040969914117e+00
4.892394818562122438e+00
4.937390100533367132e+00
4.916551080618612346e+00
4.982369799622515139e+00
4.966451914559334213e+00
4.989900594782461063e+00
5.024533360645642155e+00
5.064677785070015759e+00
5.112455397903247878e+00
5.171858655676653704e+00
5.123834751069907156e+00
5.108791349724508990e+00
5.061613478570215818e+00
5.037619974408428902e+00
5.012748766722658011e+00
5.009096942732666591e+00
5.018381256971049531e+00
5.023008675678563684e+00
5.058098370503538277e+00
5.041272618992699961e+00
5.009459883765413402e+00
5.022672473793716286e+00
4.973575696388605749e+00
4.949991114604863185e+00
4.942876988919334025e+00
4.988536245258218038e+00
5.006608512831660640e+00
5.014696977444637938e+00
5.000565896392105358e+00
5.009613204141726506e+00
5.047845553276695263e+00
5.084189618532497512e+00
5.121654246211844175e+00
5.170768714036279690e+00
5.230161728828277568e+00
5.303759340531327027e+00
5.357193567281264279e+00
5.409367799592190273e+00
5.428004440886705417e+00
5.508012213180026428e+00
5.569766183515694635e+00
5.685358680895328476e+00
5.729313825515047753e+00
5.888901029496882877e+00
5.986960423615378168e+00
6.095920149529283627e+00
6.182077564078605647e+00
6.346951612299598366e+00
6.491584727871189564e+00
6.693077701852791606e+00
6.868098620878347660e+00
7.047728397568081782e+00
7.284554682587367935e+00
7.503774618438154853e+00
7.729996457707462021e+00
8.018763301141602184e+00
8.257905790305112959e+00
8.596989782449002249e+00
8.937105234672312548e+00
9.337363943335924787e+00
9.727770163131733483e+00
1.016901671705311294e+01
1.059921071174315976e+01
1.110621177244267876e+01
1.162656042765819286e+01
1.223248736319782815e+01
1.283332133335342284e+01
1.347462438397930029e+01
1.412086134897501211e+01
1.481233564612541009e+01
1.551510131573617990e+01
1.628929931911119411e+01
1.711137666054732165e+01
1.793998521525955780e+01
1.885820237976765412e+01
1.982714107516156687e+01
2.079917868967062589e+01
2.181482420510322839e+01
2.283181050658344091e+01
2.390258636076944398e+01
2.501098488037901646e+01
2.615828835875676006e+01
2.735398214112472814e+01
2.856760363487624232e+01
2.980631790973998818e+01
3.107789366017795629e+01
3.238240398511069884e+01
3.369728348220881742e+01
3.505516510057866242e+01
3.642805843395390042e+01
3.780297773622701385e+01
3.921427867788399624e+01
4.060512440864524564e+01
4.203026040257675078e+01
4.347520063398972923e+01
4.491960385486824237e+01
4.637774726285044835e+01
4.781537923817981550e+01
4.930856366503221722e+01
5.080646448787567948e+01
5.229054335894237227e+01
5.377224687766228328e+01
5.527683435004687595e+01
5.675405193101833845e+01
5.825352108072476653e+01
5.974397060719211083e+01
6.122052998658448075e+01
6.267557526322178774e+01
6.415194875268392138e+01
6.562914938418849431e+01
6.710091330458502057e+01
6.857710716316758237e+01
7.000623580770884757e+01
7.141779195091899624e+01
7.278744683195509424e+01
7.409529752113287770e+01
7.536049800624189743e+01
7.654459876113877215e+01
7.767316073324765568e+01
7.876487401429298529e+01
7.976534516613195080e+01
8.068935581814201896e+01
8.151142639491348518e+01
8.224415251819739581e+01
8.293262482484483655e+01
8.355075235284697044e+01
8.407033833202994799e+01
8.451386080535226597e+01
8.490291095505114072e+01
8.522929255395412440e+01
8.546199661505185929e+01
8.561530644371512722e+01
8.567541603638220238e+01
8.564629375233859321e+01
8.554675025983668490e+01
8.534028166720243291e+01
8.506990435287190166e+01
8.466990680911877121e+01
8.419422277198400195e+01
8.362509377556334300e+01
8.289915763431082496e+01
8.212138915100157988e+01
8.124823021470926676e+01
8.032066129802285559e+01
7.931039690391197894e+01
7.822130388726675676e+01
7.706839910804593785e+01
7.590390835149388238e+01
7.469276289034924332e+01
7.345259925649844490e+01
7.217306748842904085e+01
7.089919019578452719e+01
6.963600560990140309e+01
6.837764488345317204e+01
6.718406106876317097e+01
6.620114713797666184e+01
6.516863959531183070e+01
6.430328929340794275e+01
6.365329029936256688e+01
6.323810005484560293e+01
6.310346530274833299e+01
6.331666129550434619e+01
6.383061591598224993e+01
6.469343992836556367e+01
6.588812397624705852e+01
6.739833986767655460e+01
6.921318058480203206e+01
7.129808822375672150e+01
7.361826795030714266e+01
7.615682379853147665e+01
7.882932020613822033e+01
8.166196747967127578e+01
8.462221439085537611e+01
8.766233575573384940e+01
9.080177580577176855e+01
9.398156536567526587e+01
9.703676643057289652e+01
1.002478605369889806e+02
1.033360094421658602e+02
1.063367997960496325e+02
1.091887134655334535e+02
1.118641856448175247e+02
1.142917622363803503e+02
1.164897885764096230e+02
1.184141130054113233e+02
1.200681269286558432e+02
1.214411861194002853e+02
1.225607978504011442e+02
1.234409432796914103e+02
1.240612181062310100e+02
1.245024612075440871e+02
1.248083925293529148e+02
1.248731221274363179e+02
1.247815774802531905e+02
1.245939626121504489e+02
1.243163754543784876e+02
1.239050447265944541e+02
1.233822914780416227e+02
1.227226848855869576e+02
1.220375363874607189e+02
1.212565008457504234e+02
1.204200368057575190e+02
1.195131495902226391e+02
1.185458497872708961e+02
1.175105653061193181e+02
1.164860577520889393e+02
1.153367949578930052e+02
1.141702191683090319e+02
1.129263134188645665e+02
1.116392412596812278e+02
1.103733458670756420e+02
1.090473633244868807e+02
1.077040025605329134e+02
1.063752346768374082e+02
1.050288811673605380e+02
1.037143085571140091e+02
1.023903454019119863e+02
1.011200982963772219e+02
9.985718902455583645e+01
9.863211793660344995e+01
9.744441890579912524e+01
9.634370555002311676e+01
9.526468467670235896e+01
9.420682343749918175e+01
9.319689093880950281e+01
9.227853095086375390e+01
9.134744736959403610e+01
9.059303866846036613e+01
8.987929513537805803e+01
8.928524749863998977e+01
8.869313949287933951e+01
8.819734195945757449e+01
8.778168483598055616e+01
8.743298683321036435e+01
8.720762776642706626e+01
8.712492186451287068e+01
8.705835293514998341e+01
8.705852310234816116e+01
8.700626841305599157e+01
8.709776091428248890e+01
8.734292437576486634e+01
8.760721248353615920e+01
8.790854000871966889e+01
8.829184070116860994e+01
8.868142783910523974e+01
8.921878907565130135e+01
8.974723718978056297e+01
9.027727966692549444e+01
9.087823843737372442e+01
9.154155106571792544e+01
9.206917369691599617e+01
9.280393407668184125e+01
9.350980624496986593e+01
9.424158716795439261e+01
9.497920840051949654e+01
9.567737576065381688e+01
9.630998876569866241e+01
9.704819062929067286e+01
9.762469705562205036e+01
9.838706734886997651e+01
9.896882552578435366e+01
9.965430762757893035e+01
1.002151151699299305e+02
1.007876693030593600e+02
1.013259925088550375e+02
1.018462473983551320e+02
1.023279855556203870e+02
1.028577067008144326e+02
1.034469625441183638e+02
1.038874049650739551e+02
1.043241112703050106e+02
1.049822169793068412e+02
1.054552195497774818e+02
1.060602681921110388e+02
1.066298404725771718e+02
1.072153501931582298e+02
1.077261588137826891e+02
1.081958350084512546e+02
1.086120022054373635e+02
1.092213825368652635e+02
1.098128150025122380e+02
1.105776460842688635e+02
1.110284848284233448e+02
1.117217141542035819e+02
1.122629698176679085e+02
1.128004625993518601e+02
1.133854012866807750e+02
1.140415911443917025e+02
1.146078998164249469e+02
1.151694452869273704e+02
1.157285423136094380e+02
1.163453753398932093e+02
1.168481162939927884e+02
1.173597657223643296e+02
1.178466194336141939e+02
1.181920836987958836e+02
1.185967092840814843e+02
1.190961009175762797e+02
1.195186560526245643e+02
1.199185106200706201e+02
1.201929394801680644e+02
1.202656300930572968e+02
1.199660168222206948e+02
1.199543124576581903e+02
1.194995243888948266e+02
1.190435292978876873e+02
1.187127257627927150e+02
1.180802710146574697e+02
1.173405653907925199e+02
1.164713329232280756e+02
1.155352728174972441e+02
1.145007436380807633e+02
1.133602292965037748e+02
1.124324487518288436e+02
1.113981602833609088e+02
1.101829872552997784e+02
1.088643431901572569e+02
1.075149510598955231e+02
1.073140966296928696e+02
1.059976992524215405e+02
1.045128900085165071e+02
1.029124228649772164e+02
1.014925732360439099e+02
1.003060385561745562e+02
9.878427518938330820e+01
9.769005916352759300e+01
9.651656460836683493e+01
9.524475410474440196e+01
9.418165340292699739e+01
9.315648587868395225e+01
9.214636962593931457e+01
9.108972649150828715e+01
8.985323222189458647e+01
8.872522391692410793e+01
8.759744533805363176e+01
8.637509001266111852e+01
8.505083823507185059e+01
8.403350517287631760e+01
8.274982531116296514e+01
8.041299140436169068e+01
7.904074858704609596e+01
7.806665248128294365e+01
7.712740648268486154e+01
7.588424920749574198e+01
7.497178246961408377e+01
7.400181079147569108e+01
7.295186491119027039e+01
7.156182113777143172e+01
7.056329521488990508e+01
6.946840480806034179e+01
6.840544779871477488e+01
6.738339878739205346e+01
6.627357823274326165e+01
6.535080819376243255e+01
6.440398128565635716e+01
6.305326798295251223e+01
6.208431087148420602e+01
6.088183232129230760e+01
5.997950756376852155e+01
5.903753318186759458e+01
5.816309217711209811e+01
5.753296039474384571e+01
5.663019918808193154e+01
5.519145307866816097e+01
5.440027946715370888e+01
5.372932221274174935e+01
5.269437591138664345e+01
5.170049673839218940e+01
5.122237326073239672e+01
5.043459412250812335e+01
4.987908331585945376e+01
4.887552214232080416e+01
4.829971907340748061e+01
4.775018152281585770e+01
4.699829371111452758e+01
4.673910159324269387e+01
4.632494296582861892e+01
4.571221704773925154e+01
4.523991369353102243e+01
4.508424570723500580e+01
4.479539851359890434e+01
4.370015379897121477e+01
4.281012535509987060e+01
4.275408955862684479e+01
4.281163232430813537e+01
4.198846702316041046e+01
4.159966671888692957e+01
4.197296604044446156e+01
4.133551197542566058e+01
4.062918812958262293e+01
3.997833695294414014e+01
3.937459816121572231e+01
3.862711594958926042e+01
3.785199823352387227e+01
3.693628240332849089e+01
3.690031852101434140e+01
3.580760994298765354e+01
3.475686104141966837e+01
3.475729198396598463e+01
3.461371812318274976e+01
3.372922803854870466e+01
3.336823517129084138e+01
3.304204567888457689e+01
3.290854169875350976e+01
3.216736808063775044e+01
3.111495203339179483e+01
3.090080131258604013e+01
2.975620695435120311e+01
2.880670337278625937e+01
2.799236422387546241e+01
2.792053312023982414e+01
2.727202090193483741e+01
2.670357205892045016e+01
2.607795159244219008e+01
2.491481768566429977e+01
2.395574030622229600e+01
2.305106811585181603e+01
2.250734290263583759e+01
2.224074964725159731e+01
2.084598577650152151e+01
2.000262666595284244e+01
1.859588933518737974e+01
1.754308297221574620e+01
1.713621105029105962e+01
1.555727085221889716e+01
1.457206557887028531e+01
1.418770453951657373e+01
1.259002863052802645e+01
1.150328031059852840e+01
1.012732353256395434e+01
9.949261349532719123e+00
8.528320548314283656e+00
7.741075943286001682e+00
6.399179957504527394e+00
6.288176185964762688e+00
5.435523887438183266e+00
5.127225223635016427e+00
3.976698371755130523e+00
3.653051125579068970e+00
2.777477414827586699e+00
2.392552406378646523e+00
1.249872425035811974e+00
4.884292476476069789e-01
-2.788895918183884604e-01
-1.495909689939567855e+00
-1.626923508220211145e+00
-2.570022043883342544e+00
-2.342297900156840029e+00
-2.185477342156002312e+00
-3.359765577615979382e+00
-4.185965855428818827e+00
-4.380818743720244157e+00
-4.874078953465166286e+00
-5.336124684059666556e+00
-6.343827867531703468e+00
-7.837213957522305208e+00
-9.570782098580181696e+00
-1.030948157928391495e+01
-9.022546947582856802e+00
-1.054692971492148956e+01
-1.083776137143888718e+01
-1.232610018736709634e+01
-1.301254169296512586e+01
-1.293543049947101409e+01
-1.365951549926619535e+01
-1.436200713555808584e+01
-1.473758066128887201e+01
-1.622059446958524731e+01
-1.857998142806408737e+01
-1.920943475921336230e+01
-1.980417921408798421e+01
-2.068364556602636029e+01
-2.190645957484434092e+01
-2.458651977093390073e+01
-2.397708768914777622e+01
-2.524512987879784376e+01
-2.516673796987414136e+01
-2.380486455912567934e+01
-2.447260023568310672e+01
-2.601415798430903692e+01
-2.551708053798171960e+01
-2.803046686244003993e+01
-2.756587850694083741e+01
-2.772873568210721729e+01
-2.817268277689766975e+01
-2.911184572021689476e+01
-3.107704411218789176e+01
-3.151157136506450840e+01
-3.181202637128669863e+01
-3.088477734224323612e+01
-3.262455938495230612e+01
-3.244497597908676312e+01
-3.304914469391444243e+01
-3.337537954138861096e+01
-3.269379939190049811e+01
-3.456861202676398648e+01
-3.569254347072148192e+01
-3.499118570479677715e+01
-3.619679912988448933e+01
-3.782344423723942128e+01
-4.047463510250734942e+01
-4.476128633490077391e+01
-4.345742865915787689e+01
-4.710334313659664929e+01
-4.872195838270177148e+01
-5.095068244712994954e+01
-5.157763196563978880e+01
-5.390117478846645582e+01
-5.886706263647207749e+01
-6.520017679967463664e+01
-7.142219381815452550e+01
-6.894468575283718792e+01
-7.558526823559661523e+01
-7.887006966815786768e+01
-8.273230075375845161e+01
-8.641513872840589272e+01
-9.139652540849664319e+01
-9.559106687594817231e+01
-1.066795590505656861e+02
-1.095285471423447490e+02
-1.136985424315312372e+02
-1.159202522814437515e+02
-1.174821809914558486e+02
-1.174768813166467112e+02
-1.177690226811866694e+02
-1.252535879511168559e+02
-1.297787356550337279e+02
-1.402098676501631758e+02
-1.471777607309997222e+02
-1.613861904466968156e+02
-1.660218635902799349e+02
-1.718378243991749628e+02
-1.789098231188653187e+02
-1.770517766423524790e+02
-1.820739338306396746e+02
-1.908813289517945577e+02
-2.071494656405120907e+02
-2.049123382797277202e+02
-2.116006835393769450e+02
-2.121717951755412059e+02
-2.203300240926316178e+02
-2.299285454276492828e+02
-2.557939006260598944e+02
-2.616045875493699668e+02
-2.673777170427875376e+02
-2.752475693346394792e+02
-2.703102334256021209e+02
-3.020524828100945456e+02
-3.214358750627997665e+02
-3.311028306421844150e+02
-3.426542378317627708e+02
-3.505249867501964900e+02
-3.639078504018808076e+02
-3.783105167879270994e+02
-4.338876867225150136e+02
-4.479701981577613878e+02
-4.567494762271094260e+02
-4.507622320821903372e+02
-4.855994481320265663e+02
-5.738751330635002432e+02
-5.252958442662226162e+02
-5.316982104058303094e+02
-5.651890879606349927e+02
-5.499188920693368345e+02
-5.873672318422649141e+02
-6.591950225745998750e+02
-6.975306978997568876e+02
-7.242402598784609609e+02
-7.287082735504595803e+02
-8.374194435289865623e+02
-8.982027938334113060e+02
-8.910500544718689753e+02
-8.922572515098921713e+02
-8.719980248329582082e+02
-8.943575931546200763e+02
-9.066173596643528754e+02
-5.074615297269612029e+02
-5.116908224889340318e+02
-5.252484399235473802e+02
-5.383205429366058752e+02
-4.681726478765035040e+02
-5.043209176537410485e+02
-4.596283680361205484e+02
-5.464890419555598555e+02
-5.583288399664039616e+02
-5.693908581687949209e+02
-5.198075909459882951e+02
-5.035952404127161230e+02
-8.036204575237293284e+02
-1.054578314592470633e+03
-9.135573808687488508e+02
-8.305461867596184220e+02
-8.058626582715259019e+02
-7.837518169610934820e+02
-7.777733992977243815e+02
-7.337469549865553518e+02
-6.594956749924933774e+02
-1.034004372587601665e+03
-1.007037426987977483e+03
-9.769216923534472699e+02
