1.761828491792224440e+03
1.785509922184219477e+03
1.795239950267839959e+03
1.835666208996625983e+03
1.880267615755317138e+03
1.935845496790860579e+03
1.942523618125602070e+03
1.973234476816414599e+03
2.001403559750915974e+03
2.064662743079732081e+03
2.104407672950653250e+03
2.116214240127213543e+03
2.143811899372948119e+03
1.170910646574121984e+03
1.127609882608077442e+03
1.199179617892818897e+03
8.081386769628600177e+02
7.889313973378534683e+02
1.064152272320299289e+03
1.194533559920170774e+03
7.430709776507538891e+02
7.210162443149597493e+02
7.756739318658635511e+02
7.980711901020177947e+02
7.830648479553891548e+02
7.691150695137215507e+02
7.237624357556237555e+02
7.256393200725242423e+02
7.208799709982240529e+02
7.302414931978372579e+02
6.877155611614392683e+02
6.608315618640612001e+02
6.583089406583408163e+02
5.782014453514798333e+02
5.571884751865320595e+02
5.175991475786809133e+02
5.173497040964798543e+02
5.167023254428955852e+02
5.037764923578554317e+02
5.120750716906853768e+02
5.209457109363892187e+02
6.052422469473087858e+02
5.879177157270830776e+02
6.083519629990240674e+02
6.020197874727740555e+02
5.955472306004018037e+02
5.809831983357066747e+02
5.976342231107894349e+02
5.953187868310922113e+02
6.012773102007648731e+02
5.835916280845799520e+02
5.983482138221146442e+02
6.110956657453644993e+02
5.964888752706505102e+02
5.844317118114771574e+02
5.850091701797776977e+02
5.863839695795329590e+02
5.758336834885078588e+02
5.731785703455791463e+02
5.684224662770237728e+02
5.489043420889076970e+02
5.666711040373313608e+02
5.269894536782279602e+02
4.912929484988617332e+02
4.049624404000579716e+02
3.855819350369027916e+02
4.159012423055528984e+02
4.171685667004771858e+02
4.029555100512753256e+02
4.006389127544676967e+02
4.804683680487725042e+02
4.740423050520585093e+02
4.833909611969922935e+02
5.038577793887242819e+02
5.442222234281431383e+02
5.231143316768853992e+02
5.230381413386957092e+02
5.079046152659671520e+02
5.075560819446223491e+02
4.990724420039252891e+02
4.914726387770135716e+02
5.033869761141130539e+02
4.881178392486597204e+02
4.961033103527280446e+02
4.900201718631439576e+02
4.953956887909440070e+02
4.997169281927431257e+02
4.606217747551488628e+02
4.531847863298707466e+02
4.613538315060330888e+02
4.482960635035858559e+02
3.615181775238254431e+02
3.678144523579214820e+02
3.360499092733568887e+02
3.122377534693385996e+02
2.738955983304279016e+02
2.597259367808914590e+02
2.601685751648722658e+02
2.639701575669921567e+02
2.654547885512774315e+02
2.623982548560250052e+02
2.687851013382805263e+02
2.511647907085982752e+02
2.692285369993047652e+02
2.731520919283397575e+02
2.712736875317124827e+02
2.596382907593754226e+02
2.422231290325067050e+02
2.686696279491887935e+02
2.632016997688463675e+02
2.708772701254218873e+02
2.881714478940183994e+02
2.833925022638651399e+02
3.214764718867296551e+02
3.222733166413739241e+02
3.015188191288552275e+02
3.097066224463114850e+02
3.217449311967005769e+02
3.092083364940011734e+02
3.348759320251480176e+02
3.429805634367245943e+02
3.283827723495185182e+02
3.138608498309422998e+02
3.244782824038510967e+02
2.881529030688236048e+02
2.801987497164976730e+02
2.943086095047472668e+02
2.945145901001642983e+02
3.093539318545708170e+02
2.674932607185361348e+02
2.805254300435835262e+02
2.549012366924651189e+02
2.435282953393896719e+02
2.528979631223017464e+02
1.976124403808375689e+02
1.935764358864398957e+02
2.060872189827709065e+02
2.024761599731585022e+02
2.062519901330315122e+02
1.899556152613554900e+02
1.776628375689782047e+02
1.777254851588914448e+02
1.905076685513110419e+02
1.684099970514454583e+02
1.673316438571804952e+02
1.617289984497872126e+02
1.592007938949148809e+02
1.353351096444158372e+02
1.273340912785012620e+02
1.264896515622918258e+02
1.449508041023684655e+02
1.308336534823573061e+02
1.247760564758532809e+02
1.395163618754359618e+02
1.169212074260811960e+02
8.003251098874173408e+01
2.126861737987658074e+01
9.405219212510859350e+00
6.319836165048846155e+00
-3.359253706661154304e+00
1.087516855162778739e+01
1.945351918894097309e+01
-1.626758998820132973e+00
9.482055935136758151e+00
2.355135201288103985e+01
1.404771640772772301e+01
1.649721551437818690e+01
2.007238418606281272e+01
2.211184688308387436e+01
2.647510967398936899e+01
2.787142093941319843e+01
1.514745591632836685e+01
1.744100859415010163e+01
2.702747261382170407e+01
2.393171903916443455e+01
1.444544783938847310e+01
6.288194118967695090e+01
1.102138743299482826e+02
1.126078914770927497e+02
1.087836872767395988e+02
1.048493813825608925e+02
9.613948444254309322e+01
7.303819550483065370e+01
8.248298943156102325e+01
6.841580597376697881e+01
7.423002235800016990e+01
6.884759917685684627e+01
7.783335074065919912e+01
6.862173746845361677e+01
6.413275065314707035e+01
6.060506226391636631e+01
5.424583560508150981e+01
5.477737535884819664e+01
4.923153126129791701e+01
4.606562412039951226e+01
3.900208187115332947e+01
4.480074101199976155e+01
3.053158699650984431e+01
3.340164269617078219e+01
2.822787789748733545e+01
2.315897495863323030e+01
2.184375697413403117e+01
2.318955870279764397e+01
2.267939595009222842e+01
1.871382120273970529e+01
1.733223183293160830e+01
1.812826612612498067e+01
1.551785728396984076e+01
1.034113682867310047e+01
1.593296815873889472e+01
9.996166015841119190e+00
1.030203840258070969e+01
9.351076907222557466e+00
9.810521818984868858e+00
8.838193893038390314e+00
5.839247411142231670e+00
6.157356715957701176e+00
2.130261815144687265e+00
2.956499445923101099e+00
2.403378003843850585e+00
4.244178484752709757e+00
5.584574632930183746e+00
6.005920925328927851e+00
6.466234899494531341e+00
5.344252836654240113e+00
5.800042301162740443e+00
6.229660787735872951e+00
5.244145212121003929e+00
6.204095036503120220e+00
6.872756318995347335e+00
5.930646260397816505e+00
7.435010691354673185e+00
7.628179671215757018e+00
6.565726143515702162e+00
4.551232271448230726e+00
5.385470188416295656e+00
4.488247258951417074e+00
3.444292701018782044e+00
3.979455901405393181e+00
3.688126808432642179e+00
2.982927787039599377e+00
1.490642191467943967e+00
7.577982188520849816e-01
6.161743700996287210e-01
4.441561767562907104e-01
1.054199124345213345e+00
8.046905172377800675e-01
6.807488460613847492e-01
7.789354825694668749e-01
1.075144233946004890e+00
1.277542773103612361e-01
-9.219081509708432209e-02
-5.539033020007497754e-01
-4.103593433559588055e-01
-6.315530963964880451e-01
-3.440828900819660474e-02
-1.215771584272373196e-01
5.539432992852030280e-01
7.031259025344080427e-02
-2.177558756390240990e-02
1.270921617553357752e-01
-1.179597603172033438e-02
5.148473588249729005e-01
5.325997596585474447e-01
5.686876897175211498e-01
7.065320422697508596e-01
5.121003654543000438e-01
5.622946924298246607e-01
3.967372920839069006e-01
6.203405178737959602e-01
4.594224678212670554e-01
7.363204233419428091e-01
8.660494269000302836e-01
1.180029314525259165e+00
1.313967801878177077e+00
1.112242327862122293e+00
1.009692237086368793e+00
1.059723966455015987e+00
1.004452141104765994e+00
7.514884862769264373e-01
1.209443921967811031e+00
7.607525849447356325e-01
9.386431734408513528e-01
6.749650601896874935e-01
5.856087677699121086e-01
6.303396645709490320e-01
4.656973652126255026e-01
2.466340202434453011e-01
3.804436393738843125e-01
2.361173637959718130e-01
3.352445222514097156e-01
2.724469012015030556e-01
1.394141705053072167e-01
2.251606502241370600e-01
3.650759389759573037e-01
3.144066478515388785e-01
3.871838772435443610e-01
4.794909323255218681e-01
5.661117256700999301e-01
5.927182111141736653e-01
7.088208344645804404e-01
5.313690407077817923e-01
4.747630818903372241e-01
4.709348483432067578e-01
4.618542422592554764e-01
4.603660872701052509e-01
4.410676598321712216e-01
3.574644222302115204e-01
3.565749114130348785e-01
2.869540462904385247e-01
2.455408345283315863e-01
1.968825055986060668e-01
1.860172039570756330e-01
2.361724950827127911e-01
1.208191162694343124e-01
1.336149705519424913e-01
1.802572995027507397e-01
1.910249341943136836e-01
1.559397175225258059e-01
1.086681919613723818e-01
1.321034660752522516e-01
1.369856935994923086e-01
2.104026470187894127e-01
2.591432285235237276e-01
2.177430145138041506e-01
2.781650845191739885e-01
2.422314560539301498e-01
2.501631529068840121e-01
2.805379857443704994e-01
2.909839832085603928e-01
3.221094323290336070e-01
3.804782342861116606e-01
3.483387683851293382e-01
3.201153653393604692e-01
2.758746231436364771e-01
2.664187541073854693e-01
2.574868528042169591e-01
2.650777962065298254e-01
3.058039903638568591e-01
3.160273209676315309e-01
3.665342780130144140e-01
3.586536052734959901e-01
3.389329195215716184e-01
3.532300051038759769e-01
3.113306485211229657e-01
2.995123677430330256e-01
2.900347496102372302e-01
3.460597955823209726e-01
3.868442501667259115e-01
4.012449201076345728e-01
3.975453590386167635e-01
4.104963596496410405e-01
4.354235415535433473e-01
4.695967223952594027e-01
5.080365154043837705e-01
5.269362157106894928e-01
5.574614391886930642e-01
6.033363111128864364e-01
6.342415967911525509e-01
6.462743691022900805e-01
6.323494633641678631e-01
6.593905572421027150e-01
6.836637140455751327e-01
7.394959591374996588e-01
7.202594981921596196e-01
8.024079317256775923e-01
8.254894428361735370e-01
8.544520708047357305e-01
8.491319353384172430e-01
9.085049045562962888e-01
9.253091179062579164e-01
9.961146848444093482e-01
1.026476509261487369e+00
1.047175100458076713e+00
1.096385692310734461e+00
1.117739942487497640e+00
1.141732755637314023e+00
1.196319229686801489e+00
1.181406562722588927e+00
1.237904217800931850e+00
1.271801396652321392e+00
1.346405369624495751e+00
1.381590391682529395e+00
1.433747503224339637e+00
1.458278928581724587e+00
1.516951199420972562e+00
1.553821880369028685e+00
1.640765879056450993e+00
1.701239489509990266e+00
1.758697599327389227e+00
1.774661897794312049e+00
1.811823274141624251e+00
1.825735213440401017e+00
1.864786197737831053e+00
1.915147839815623865e+00
1.938460910030356921e+00
2.003396241313702753e+00
2.072067983601203256e+00
2.119495072529182345e+00
2.179215965843678493e+00
2.199376934188144617e+00
2.237705673445559817e+00
2.269579451216316990e+00
2.312116094059927018e+00
2.368786429753896527e+00
2.397829682202323287e+00
2.429333357850801622e+00
2.465017342020877411e+00
2.486661290168994842e+00
2.481899528098256535e+00
2.505840934414555132e+00
2.532569414484722170e+00
2.540738040827235533e+00
2.548042152016201101e+00
2.536152013353479617e+00
2.535579664611977257e+00
2.537499963618254029e+00
2.524827824151210542e+00
2.531107526792828022e+00
2.484529290819297742e+00
2.478904655071541008e+00
2.469327759644001308e+00
2.454810152641782484e+00
2.425143526306700714e+00
2.423963928950684910e+00
2.390002647258005375e+00
2.374559429380463271e+00
2.359832260785001523e+00
2.339757339823936189e+00
2.313047674925636343e+00
2.300370324971911629e+00
2.298486208600736269e+00
2.284500370430536442e+00
2.291415816192501786e+00
2.299727590522535614e+00
2.302864322012937226e+00
2.292902134569879902e+00
2.259839821418885286e+00
2.247233035803849699e+00
2.204573613112590813e+00
2.166385408659178946e+00
2.151647480179806671e+00
2.119353065482107557e+00
2.086270747442117823e+00
2.031375917561391908e+00
1.957321102353777320e+00
1.904176994282169577e+00
1.871792141288101785e+00
1.811409593189186262e+00
1.746915410119443957e+00
1.687596030476241626e+00
1.639449084666820378e+00
1.557773002099936965e+00
1.501873278649298982e+00
1.428760506142232600e+00
1.341463170740666122e+00
1.266645499999100588e+00
1.182175733265914630e+00
1.132222034298835611e+00
1.051282127952236189e+00
9.993390859054307462e-01
9.684584006333299966e-01
8.855057314798814305e-01
8.387447520061869222e-01
7.646915021091256204e-01
7.268257615932947058e-01
6.776990013558769066e-01
6.425063050798159869e-01
5.981730289327809036e-01
5.594166865268974664e-01
5.098510485385052693e-01
4.761410902109252108e-01
4.366804185588684661e-01
4.047723201680667460e-01
3.714929492625405061e-01
3.251846639850616283e-01
2.864825895173584436e-01
3.862949739953592809e-01
3.421810674647977057e-01
3.243688522098591709e-01
3.105539322930788160e-01
2.894254427711782651e-01
2.837977942897295103e-01
3.153712953020344489e-01
3.199438118362134542e-01
3.506243542602368590e-01
3.977509280001381708e-01
4.499946006919585129e-01
5.160626641069333553e-01
6.150244869229162248e-01
7.338397850718718640e-01
9.098810529548840842e-01
1.097347916515744259e+00
1.326059081479092239e+00
1.595377923448477731e+00
1.883778399336027753e+00
2.238022339637445235e+00
2.617828542878168907e+00
2.885289699562035626e+00
3.342870701132337530e+00
3.761984938729674877e+00
4.227804708527152400e+00
4.693707927764046772e+00
5.168767129089598455e+00
5.635839062700426005e+00
6.145530418592556998e+00
6.641543688736909701e+00
7.140121215074530348e+00
7.628290459002356805e+00
8.097130383629293604e+00
8.526675704675403367e+00
8.944976537175557851e+00
9.317756875129212801e+00
9.687898591757608813e+00
9.964504832485195251e+00
1.019681524004091600e+01
1.040913839432590038e+01
1.058952262342687511e+01
1.070601269179359782e+01
1.080418606847533169e+01
1.081814898566996064e+01
1.084328601228869005e+01
1.081777366281640873e+01
1.077999745914232044e+01
1.071184733426004065e+01
1.062065433382035451e+01
1.045791857301535366e+01
1.034215732248624064e+01
1.013737372074931820e+01
9.912987294536961258e+00
9.656094176047105293e+00
9.395890585862213484e+00
9.136980109536009920e+00
8.850794011145049822e+00
8.552103591805831684e+00
8.284513251238877274e+00
7.990853768452705452e+00
7.739628684508138790e+00
7.465498054186691768e+00
7.232486767039005393e+00
6.945940042196752096e+00
6.692625864630491250e+00
6.464117071190550234e+00
6.266062663237620178e+00
6.068534320352242162e+00
5.882382385081173837e+00
5.695029514995907149e+00
5.559872109358989789e+00
5.364345572028446973e+00
5.281639513078011383e+00
5.225425455770250416e+00
5.190013632420495959e+00
5.077370704457731421e+00
4.992734748613774087e+00
4.922086036559841560e+00
4.849147160674065482e+00
4.796877835335788376e+00
4.837064346128947534e+00
4.810991872606142472e+00
4.791620085809927154e+00
4.703125645482661987e+00
4.729132866456208006e+00
4.837869101930686533e+00
4.882670262609776657e+00
4.927419000396846549e+00
4.994449975574173806e+00
4.964849858933303217e+00
5.052555902388611742e+00
5.135002620679092189e+00
5.193734706286383229e+00
5.236276256308315169e+00
5.300983384868897197e+00
5.220743999341828534e+00
5.361303158688741632e+00
5.502425919211625605e+00
5.594283223301879993e+00
5.686076102133924337e+00
5.772246707175240132e+00
5.822239262276847072e+00
6.010005002720263612e+00
5.969334208353519244e+00
6.110958797917584562e+00
6.134450410517507279e+00
6.278821821267283276e+00
6.314806591144858317e+00
6.391504343307376601e+00
6.421503299427824274e+00
6.499443698245747747e+00
6.555818370657278571e+00
6.596117827337924844e+00
6.735584175523079864e+00
6.804884039690242581e+00
6.857178712853065683e+00
7.073691548074909186e+00
7.072302777349426250e+00
7.179938543953683805e+00
7.344289601432384629e+00
7.538071359251498293e+00
7.648827858332206020e+00
7.661090752302184725e+00
7.591372783397662083e+00
7.763979574779742876e+00
7.921517046494374270e+00
8.171525000021182095e+00
8.069010444042884700e+00
8.230724901874628685e+00
8.207298483070461614e+00
8.226753822649980563e+00
8.317339639704847798e+00
8.426294017081856325e+00
8.535292989386055851e+00
8.541087749325505740e+00
8.521982314164835870e+00
8.599152862785585327e+00
8.641573905502996311e+00
8.701190719682177388e+00
8.760721553284177787e+00
8.678990487395061848e+00
8.625590655864105116e+00
8.747305215472461981e+00
8.813128626516732567e+00
8.936011101158008785e+00
9.029602226990885327e+00
8.891065906198106106e+00
8.462615478752269382e+00
8.497174733252872869e+00
8.229442042552502556e+00
8.055560118421293936e+00
8.035519615234901991e+00
7.791180624762486850e+00
7.506613293637113493e+00
7.142662294397449152e+00
6.926971906479177044e+00
6.643309330086848874e+00
6.332794548274996771e+00
6.287579519859368915e+00
6.154100812941887710e+00
5.884141287504062845e+00
5.523361182380081225e+00
5.322983863300932761e+00
6.170744964826464063e+00
5.964440148933472408e+00
5.596168831856327408e+00
5.210909217114515712e+00
5.029546504374757809e+00
5.111228025475949011e+00
4.723329846528553588e+00
4.735698271722600161e+00
4.677310186986979090e+00
4.577322116878510982e+00
4.603435534974731347e+00
4.700245164622991467e+00
4.808615930596435106e+00
4.812291035470383171e+00
4.604755252443561986e+00
4.520012726743642517e+00
4.304622555615570612e+00
4.108245244269179253e+00
3.923428324520466415e+00
4.047165048005693322e+00
3.843592103087188683e+00
2.539733870963844176e+00
2.262667249511860490e+00
2.336358101412836064e+00
2.377978800924080538e+00
2.207362027612162159e+00
2.310218377131147083e+00
2.460471490611511491e+00
2.423656268495782751e+00
2.051930669800849039e+00
2.052150201817268371e+00
1.898350064087622968e+00
1.879059446841010450e+00
1.742001854841338959e+00
1.524840059828279193e+00
1.648982546114786896e+00
1.614779834880755160e+00
1.216846880539578235e+00
1.244049745856775191e+00
8.926385163371389764e-01
7.766653778476428904e-01
5.785633899050678375e-01
5.946624529326467457e-01
8.724810909050898511e-01
9.079335153408472081e-01
3.836000727246890452e-01
3.246177913484378230e-01
3.864265473590363098e-01
1.018670200444748986e-02
-2.962674113080689398e-01
-2.006444837565396488e-01
-5.370304047368272826e-01
-4.869454817727197904e-01
-1.010951982779318969e+00
-9.048439663689618051e-01
-8.463901377473032062e-01
-1.148321603674190339e+00
-8.645502656409478348e-01
-7.312065783088801396e-01
-1.013422518437669062e+00
-1.075730015818844976e+00
-7.710497029575003047e-01
-5.930057893551525794e-01
-1.339608287310363632e+00
-1.906489268105661550e+00
-1.575108720404570839e+00
-1.331720856385101515e+00
-1.850850902397371822e+00
-1.845259264808606581e+00
-1.082042933518166494e+00
-1.464031418166974685e+00
-1.777231057278188864e+00
-1.942233461509472514e+00
-2.132550845642562809e+00
-2.463401520747447115e+00
-2.784247755396835000e+00
-3.423986954775865232e+00
-3.032593855485609335e+00
-3.800840643000133134e+00
-4.279754363120177096e+00
-3.709808830148634051e+00
-3.554315159999200890e+00
-3.977183293073812465e+00
-3.769366536482503083e+00
-3.492086781576976495e+00
-3.166914520251304044e+00
-3.564956190553446369e+00
-4.048934440157490044e+00
-3.474761093480552177e+00
-3.978171227916314834e+00
-4.335218719659283515e+00
-4.487407863181383405e+00
-3.793418715289828658e+00
-3.856575302792222271e+00
-3.702611277369941778e+00
-3.642024558461432360e+00
-4.223117850841966003e+00
-4.374285068934291587e+00
-4.577915112914577200e+00
-4.267795174167256178e+00
-3.958248005299430883e+00
-4.647785515034325243e+00
-4.539970177348745750e+00
-5.159795490195911327e+00
-5.474176474586392338e+00
-5.160467954877949737e+00
-5.788764040063674621e+00
-5.940020424821157441e+00
-5.420856647886992619e+00
-6.209512886694858125e+00
-6.659246446189627022e+00
-7.322149957709945589e+00
-6.307545550371974841e+00
-6.781320089366063009e+00
-6.525442216395015649e+00
-6.970941101005560192e+00
-6.207360527709609777e+00
-6.444142711242015764e+00
-5.969249325710782372e+00
-6.310033241742629251e+00
-5.900241668997949773e+00
-6.086475323591466591e+00
-5.660777283961625272e+00
-5.881263711215070522e+00
-5.733913089152123277e+00
-5.938173953948886918e+00
-6.420473919711633393e+00
-5.998818141335267917e+00
-6.156898271258788746e+00
-5.224101000681202756e+00
-4.492629279637837314e+00
-5.197290802422325662e+00
-5.181953297716599849e+00
-5.157250173969384122e+00
-5.651461564510064761e+00
-5.557074633199691860e+00
-5.976745116569285976e+00
-6.910906992249466363e+00
-7.899985425250408255e+00
-7.832827847649310726e+00
-5.683637109060911463e+00
-6.813767113660206043e+00
-6.392895655255379062e+00
-7.401934382414217417e+00
-7.740212589380103481e+00
-7.015806371193158419e+00
-7.073741444031943715e+00
-7.035283229595359344e+00
-6.855499034200533970e+00
-7.685205167612818578e+00
-9.521300200387347701e+00
-9.206484201891958818e+00
-8.896140539903214517e+00
-9.402070104027508535e+00
-1.040501949732954046e+01
-1.246247494817411550e+01
-1.179940529067993182e+01
-1.300332101791137696e+01
-1.260592405638129954e+01
-1.079832974925946942e+01
-1.098134291416899444e+01
-1.220005772961953916e+01
-1.104871536454997916e+01
-1.281494441027939679e+01
-1.197725197879520032e+01
-1.163770883708887993e+01
-1.128336304891813135e+01
-1.149302057116778641e+01
-1.267742492624542905e+01
-1.294102473021068356e+01
-1.288600417472640913e+01
-1.134990578510591952e+01
-1.330495023639582186e+01
-1.251971051418732550e+01
-1.220701274956653215e+01
-1.174336736845385865e+01
-9.871826986073150678e+00
-1.060647511238589402e+01
-1.011285665702824232e+01
-8.002250632220050619e+00
-9.311352819784399770e+00
-1.045608594272961867e+01
-1.219592683257731380e+01
-1.516380471959457843e+01
-1.250260488805799852e+01
-1.446725394121718722e+01
-1.467926933018113900e+01
-1.605124720726370668e+01
-1.506059373316974614e+01
-1.616415997515045078e+01
-1.769220626319705048e+01
-2.191444736858652931e+01
-2.726646204863735079e+01
-2.152525373197960334e+01
-2.558378685239748407e+01
-2.701892737777178510e+01
-2.831384260518145979e+01
-3.100807968851365004e+01
-3.375537491693899739e+01
-3.677781448907577300e+01
-4.578356582493372429e+01
-4.620445500890114943e+01
-4.860596962105351793e+01
-4.873043551983945321e+01
-4.983783228051947134e+01
-4.947190574793393125e+01
-4.776417596237784124e+01
-5.135815304951449178e+01
-5.236154417832721464e+01
-5.955733938320474863e+01
-6.331845859993201486e+01
-7.246475435310587443e+01
-7.356839569243730637e+01
-7.286166049503164288e+01
-7.956995035233325098e+01
-7.723220435119269212e+01
-7.957731148330759652e+01
-7.990396209801177463e+01
-8.834954688136227219e+01
-8.166796546039770988e+01
-8.471719326212480894e+01
-8.066801645086671613e+01
-8.292060316344810644e+01
-8.507102298928647599e+01
-9.694330944352230972e+01
-9.779472409703582514e+01
-1.007823211107599661e+02
-1.056255340268197642e+02
-9.596440962069148384e+01
-1.196978624678871626e+02
-1.285902870273633312e+02
-1.315406845411363008e+02
-1.381386252219261905e+02
-1.378841737754453334e+02
-1.459935437438368808e+02
-1.446656140912952537e+02
-1.851232163232895687e+02
-1.890058146826503673e+02
-1.988113473460734610e+02
-1.877844417053840971e+02
-2.101950194629623354e+02
-2.947679434281167801e+02
-2.678416906605780241e+02
-2.663075089637306974e+02
-2.762057565411670907e+02
-2.609988150902449888e+02
-2.846992821300054857e+02
-3.130446646447252874e+02
-3.287910900864952168e+02
-3.473513272479108309e+02
-3.370550269499768206e+02
-4.264131947380521979e+02
-4.548241478902348831e+02
-4.409840501820406757e+02
-4.367532771565931284e+02
-4.134827724419752712e+02
-4.403839226350031026e+02
-4.239099384044494059e+02
-2.489710150326868074e+02
-2.282873716731355387e+02
-2.268739348396554192e+02
-2.293245660045598413e+02
-1.501750005079589698e+02
-1.461231454000878500e+02
-1.895134559221577888e+02
-2.376646730270287549e+02
-2.430541090915318705e+02
-2.362120978131744380e+02
-2.122590539942583803e+02
-2.104700507723918577e+02
-3.583216092984773695e+02
-6.137266104338984860e+02
-5.086950557152399597e+02
-4.707631787078592538e+02
-4.669742834167769274e+02
-4.652042642291747256e+02
-4.762234831222929756e+02
-4.479537073061216574e+02
-4.220217035334497382e+02
-5.886336496598416943e+02
-5.977266859741029066e+02
-5.980867751195490882e+02
