1.775307872740217363e+03
1.803272003428635571e+03
1.813635473884686462e+03
1.852074627811610299e+03
1.892030788854633556e+03
1.944140108098301653e+03
1.951418444999691701e+03
1.976549937847831188e+03
2.005262133270401137e+03
2.061506881515530949e+03
2.096027057324669386e+03
2.106667985468701318e+03
2.131976134841131170e+03
1.149706537431185325e+03
1.112947857962650914e+03
1.191016855666325000e+03
8.383656874229292271e+02
8.140898449679621081e+02
9.793144984755399491e+02
1.097501838406822571e+03
7.028489759344538470e+02
6.828447685484782141e+02
7.368733279979365989e+02
7.584317996638867498e+02
7.446699303768774598e+02
7.321037041263248284e+02
6.877821661167988623e+02
6.868020960493295206e+02
6.899012400532820948e+02
6.963904927922553725e+02
6.618176929632819565e+02
6.418435145611963435e+02
6.429223297258109824e+02
5.681295643567987099e+02
5.477571191376633806e+02
5.067713016396328385e+02
5.026274347351339316e+02
5.011031089158744294e+02
4.944965353960524226e+02
5.087165735380701221e+02
5.197027872110336375e+02
6.027953121279373363e+02
5.807716973152416813e+02
5.915188680266760457e+02
5.849828110935294490e+02
5.772718349131814648e+02
5.631526674076236532e+02
5.800896095905858374e+02
5.782541997951092299e+02
5.815392900422384628e+02
5.671035966706290310e+02
5.801037060528282154e+02
5.949142893304688187e+02
5.782046688873131188e+02
5.685701588252780994e+02
5.728087526146251776e+02
5.731630119918172568e+02
5.659014689418786475e+02
5.658224922291752819e+02
5.617826787243805029e+02
5.392083910580065549e+02
5.566636952451885918e+02
5.141429977179475372e+02
4.820166145052809838e+02
4.015351076313498311e+02
3.804514848701649044e+02
4.138917966328157263e+02
4.162359952583628910e+02
4.045100300554689170e+02
4.036626078188782003e+02
4.825525712214662803e+02
4.767919709742458849e+02
4.822652768571096544e+02
4.952553200995818088e+02
5.376194895669248126e+02
5.175499915435871117e+02
5.099049422582078819e+02
4.956838375009429569e+02
4.934517928375436213e+02
4.825212478135616720e+02
4.729999914803041747e+02
4.854492502249566428e+02
4.669735733469017873e+02
4.786258517073069925e+02
4.768896986346078393e+02
4.828134724592468956e+02
4.873783934025610165e+02
4.456053519833330938e+02
4.409380483781804969e+02
4.460204207269047174e+02
4.333172216707155258e+02
3.490539405100997215e+02
3.488451591585803158e+02
3.132508002287165709e+02
2.897561897221382878e+02
2.495813934532841074e+02
2.257900270525246071e+02
2.295009082977089179e+02
2.336365086883896538e+02
2.342378867019441202e+02
2.308010959033628922e+02
2.390052736046261543e+02
2.162918844276998982e+02
2.366988887325938435e+02
2.387729840657853515e+02
2.347812349698230605e+02
2.226738000088688239e+02
2.148298104507859705e+02
2.405236548783157673e+02
2.338308063817385403e+02
2.421517442537317493e+02
2.572695683857879771e+02
2.474110741789854728e+02
2.945117790631953767e+02
3.052852149169120821e+02
2.881382440559729616e+02
2.952771462854692572e+02
3.072832122243798381e+02
2.940646044819962412e+02
3.132521841359425139e+02
3.221499416850624584e+02
3.128491111216051195e+02
2.981571914881118346e+02
3.079893696239046221e+02
2.702525839139157142e+02
2.587027330691854559e+02
2.678499613817020872e+02
2.685586670332621111e+02
2.762572542699272731e+02
2.365193031131714463e+02
2.500596299294001312e+02
2.247696209049329923e+02
2.139081025170751218e+02
2.249656724869914513e+02
1.644392081404631938e+02
1.563691574051092061e+02
1.659499745430832718e+02
1.637755173435000984e+02
1.737021441652408100e+02
1.642554195535575161e+02
1.598571979636176650e+02
1.522197539197511560e+02
1.525417479307089366e+02
1.298251186334553040e+02
1.363404481989400665e+02
1.333367386713343024e+02
1.375308720794272972e+02
1.158291677354808655e+02
1.062440387513264142e+02
1.039405536336221587e+02
1.199624562211955094e+02
1.033645323408939589e+02
1.001675272938691279e+02
1.137019240771533788e+02
9.172493346522287538e+01
5.591940086478033578e+01
6.316748400597049340e+00
-2.448703080121208409e+00
-9.115841010314134962e+00
-1.967868872320267926e+01
-9.952648691691656779e+00
2.653586770794404970e-01
-1.849650354367302185e+01
8.887397432759733817e-01
1.410574491640040229e+01
1.284406308676284247e+00
1.467427041127227660e+00
1.857451324295629647e+00
2.130326956574728925e+00
7.931555803153383266e+00
9.739970264225437546e+00
9.613679855749834857e-02
4.208293182857667958e+00
1.207080862336613514e+01
1.159437051436337995e+01
2.361441543253500086e+00
4.905326828441883436e+01
8.593229701575704382e+01
8.913770638692191994e+01
8.726759552124369179e+01
8.305625249224961237e+01
7.587887544446684274e+01
5.172354957975599632e+01
6.663117343730851871e+01
5.255732988411041617e+01
5.835820791464806945e+01
5.192923238184013002e+01
6.088856978487767435e+01
5.286196532088744959e+01
5.234583050927685122e+01
4.989003513780338750e+01
4.408058416463913431e+01
4.377126454113611231e+01
3.890917003772967320e+01
3.562606830063838714e+01
2.859341871551906777e+01
3.550668021729718760e+01
2.339379310725149352e+01
3.004875661740260639e+01
2.342611273699503016e+01
1.804930089557358386e+01
1.747478761092328270e+01
1.791105443798137031e+01
1.607347187193041549e+01
1.305848340905954430e+01
1.298740080738966896e+01
1.467637822995160946e+01
1.334451521660297679e+01
9.447316779477842985e+00
1.626456309969065828e+01
9.047085763167077133e+00
7.697465158868190827e+00
6.848836788378081408e+00
7.697413152382757140e+00
6.349900150999527426e+00
4.074058502804809301e+00
4.645345462407385995e+00
7.934846919394897835e-01
1.299556195831760075e+00
9.559589701832020836e-01
3.290840447046096351e+00
5.412635328765404985e+00
5.425639662069551505e+00
6.290311706811522185e+00
5.316439601591180342e+00
4.992910867473540293e+00
5.559426325486180431e+00
4.786271282003031757e+00
6.306299226533767843e+00
7.455719609619757549e+00
6.100899995804089926e+00
7.916710016301707675e+00
8.448494057516130695e+00
7.271951347507411789e+00
5.254531008382505419e+00
6.199091077739300459e+00
5.366943508205025637e+00
4.296250947701873990e+00
4.883859864770119685e+00
4.552409779972944825e+00
3.646535134372800080e+00
1.868531549462395303e+00
1.253051820628784618e+00
1.206010271707047998e+00
7.532660072313384081e-01
1.511907195065008480e+00
1.348482429134179261e+00
1.160285620211839674e+00
1.342500910338846776e+00
1.673911144136303486e+00
5.965158806600325825e-01
1.832553433778313368e-01
-3.215985404145597082e-01
-1.681863071911766094e-01
-3.623170656778675891e-01
1.418951495522948747e-01
-7.193473885029304238e-02
4.964014559945378324e-01
-9.511227315725571951e-02
-1.088363485540686515e-01
3.011467390425676127e-02
-1.121561936357416689e-02
5.424322647765611460e-01
4.686385242333906409e-01
4.644475053289827682e-01
6.274003898378225363e-01
4.451843568557191100e-01
5.018817149120791132e-01
3.312470140165044152e-01
5.011394194391319834e-01
2.116317862709947706e-01
4.575941354589465604e-01
6.481040123926090635e-01
9.632004661429752757e-01
1.125947735324415611e+00
8.511403141700342179e-01
8.303034217493433511e-01
9.502422835259571876e-01
9.853576937647862133e-01
8.236405247794305051e-01
1.229036294245939409e+00
7.973301551553708677e-01
9.574176146735624560e-01
7.390619194210646947e-01
7.086194401057910319e-01
7.302822760088535370e-01
5.913123463963941839e-01
3.139864945692549258e-01
4.821437495321821420e-01
4.003734551163448674e-01
5.570653076260326797e-01
5.393217337887578067e-01
4.377775385228407923e-01
4.874871609078408885e-01
6.154797913920767582e-01
5.340400549664690022e-01
6.203938434980043048e-01
7.146040655510484951e-01
7.962454487809059733e-01
8.286078889579632234e-01
9.414902561701574690e-01
7.672059797412886795e-01
7.113693674490333407e-01
7.145973649394389282e-01
6.978763354759077719e-01
6.985291133938746899e-01
6.859567212335876407e-01
5.937257609310198081e-01
6.142887561129145579e-01
5.405549964156408649e-01
5.065806916165114249e-01
4.449963885142842468e-01
4.325256961584368343e-01
4.821781198684584324e-01
3.716294340950352937e-01
4.170088767569770094e-01
4.608193793487520562e-01
4.733519798659211464e-01
4.507247943037332449e-01
4.161471549568878658e-01
4.325609277902539018e-01
4.331503884056585041e-01
4.887314715867474568e-01
5.582750150418468449e-01
5.227919788635156939e-01
5.973192754403642279e-01
5.633378576394676429e-01
5.874470627538611600e-01
6.151214404488390963e-01
6.453773225938311819e-01
6.878042901222775063e-01
7.435103586547450183e-01
7.039802148041462981e-01
6.783522538795597745e-01
6.270621631761511550e-01
6.145940075623563814e-01
5.847470785574139240e-01
5.865296915085935758e-01
6.120209069711737282e-01
6.170882275661792038e-01
6.594276054383270136e-01
6.506506756847569850e-01
6.177588490583730829e-01
6.354898549579618416e-01
5.765149473240351874e-01
5.562153656161146209e-01
5.462633413820234818e-01
6.083433824988211391e-01
6.325331246413962161e-01
6.483600646768806763e-01
6.423274422731688471e-01
6.606974996406772549e-01
6.917971004679263070e-01
7.238383733876642134e-01
7.654195723891230596e-01
7.940830246342690524e-01
8.298498921008634621e-01
8.961432885340161469e-01
9.443536698019647790e-01
9.651900754614519684e-01
9.566276461608305137e-01
1.003446683949489993e+00
1.040528583719481759e+00
1.119353344566609287e+00
1.121623730563840571e+00
1.242228485012964789e+00
1.300482375472590491e+00
1.358451892375676318e+00
1.385553610156258220e+00
1.480992074563685312e+00
1.550706190315151334e+00
1.666543294780915785e+00
1.747399060332416321e+00
1.829855478018551418e+00
1.955382666381555890e+00
2.055173578474391860e+00
2.157615095099990388e+00
2.305693637586982980e+00
2.386061804758156324e+00
2.544248829434066383e+00
2.698345890409333592e+00
2.893576203068334074e+00
3.049979094851398731e+00
3.235273649830935572e+00
3.392643499493890324e+00
3.597345831112304548e+00
3.788943411842787157e+00
4.039134334182938879e+00
4.273155248856113531e+00
4.519543893564513581e+00
4.737880151897707393e+00
4.974118951353396767e+00
5.197547576594340413e+00
5.455536608013125566e+00
5.727663610173667763e+00
5.970886227480821873e+00
6.263929781724178802e+00
6.573491295227668729e+00
6.868319978662635883e+00
7.178309904908915406e+00
7.462347520965893821e+00
7.769520980149111189e+00
8.071872581917249434e+00
8.391769756068608643e+00
8.733471163062977993e+00
9.055420337802592812e+00
9.383823990581833030e+00
9.724451884387264045e+00
1.006681886623731614e+01
1.038363316863904018e+01
1.072816086265315505e+01
1.106907652491308625e+01
1.139212635474456192e+01
1.171896881305735327e+01
1.202947647752707461e+01
1.235930489191597559e+01
1.269300019653146450e+01
1.301646982611852188e+01
1.335225199541968522e+01
1.363837296423771228e+01
1.396284268843845844e+01
1.428370565781009383e+01
1.459213815518791080e+01
1.489366839012650345e+01
1.522283761578395556e+01
1.551980357862942483e+01
1.583305858698628121e+01
1.614291227222079073e+01
1.644103190088361544e+01
1.672414116920504412e+01
1.702334943946722845e+01
1.732320790078341233e+01
1.762005491152158498e+01
1.792446353186379326e+01
1.822215606659570497e+01
1.851275966919273586e+01
1.877839172393228395e+01
1.901934010580094281e+01
1.926405297466422084e+01
1.945295768308636397e+01
1.963340364489013723e+01
1.981907103210465237e+01
1.997340059389747324e+01
2.010119097550925815e+01
2.018344274160837770e+01
2.022117471891966645e+01
2.026149244750865108e+01
2.029420218170517742e+01
2.027443738325045075e+01
2.023717260564979270e+01
2.018414154459915011e+01
2.012069509759227159e+01
2.000788917636288744e+01
1.990034472288327905e+01
1.975190938952542652e+01
1.956280956584257069e+01
1.935866957721866299e+01
1.911961130007122023e+01
1.888033266725822656e+01
1.858001266220052372e+01
1.829172604123183277e+01
1.798319409711908889e+01
1.759747503065679552e+01
1.722230618146770809e+01
1.680450146443780923e+01
1.640790702608693508e+01
1.599145002178512165e+01
1.556849767219163816e+01
1.512497858785037330e+01
1.468704416503609522e+01
1.423615102083349981e+01
1.379535093106287214e+01
1.334474364545644143e+01
1.290390120235876736e+01
1.246640808363448549e+01
1.202813092447234666e+01
1.162314044249940714e+01
1.137980321560673147e+01
1.101660346336838181e+01
1.073448881969368252e+01
1.051308793616709991e+01
1.035436302498808558e+01
1.029122766698420932e+01
1.035655577110075498e+01
1.049564517053205215e+01
1.076756246549684626e+01
1.115134101264161615e+01
1.163906764768511160e+01
1.222993801942473446e+01
1.294310027920555051e+01
1.375395188233720489e+01
1.466904392344598129e+01
1.564621006835935724e+01
1.670558783470145414e+01
1.784253491623975663e+01
1.900713019623583833e+01
2.025144243382726472e+01
2.151730362607931468e+01
2.267150445248356760e+01
2.401292440051944155e+01
2.528075371095270185e+01
2.654883777996358063e+01
2.776433988533782937e+01
2.893950497237014829e+01
3.002137358161209235e+01
3.106349087699336664e+01
3.199890579241301936e+01
3.284996871463282986e+01
3.358529868743749347e+01
3.420684262683962373e+01
3.471914528197623184e+01
3.511800985533083974e+01
3.542184301382219047e+01
3.564233969282184944e+01
3.573328154721568950e+01
3.574311660975551774e+01
3.568916777495302739e+01
3.558455630999171859e+01
3.540314401195729488e+01
3.517228407313805150e+01
3.484399345043676988e+01
3.451203428076233592e+01
3.412579928121746775e+01
3.371559933177092461e+01
3.326109372254579455e+01
3.278426515170819044e+01
3.222760349208569153e+01
3.171024382144857867e+01
3.108497444118630071e+01
3.044416874473778023e+01
2.979189270033943870e+01
2.911083800228100316e+01
2.844169695975785217e+01
2.773752994552423701e+01
2.705869184959259144e+01
2.639151785733101363e+01
2.570071055783814273e+01
2.506074326778476546e+01
2.440048065956808188e+01
2.380712151096748741e+01
2.317669135535489033e+01
2.259135778922147963e+01
2.204863992581683618e+01
2.155497415614374646e+01
2.107230378903239654e+01
2.061443125129216369e+01
2.017154810849588742e+01
1.979417614076381327e+01
1.939076230354690011e+01
1.912953225138185331e+01
1.890440387414764700e+01
1.872477574347495377e+01
1.848925677696509595e+01
1.830590708584296777e+01
1.816274613950562156e+01
1.803847571717309251e+01
1.796756628810124923e+01
1.798227966371365483e+01
1.797120468848517305e+01
1.797812569765887858e+01
1.790757789947868517e+01
1.796762923039347726e+01
1.809350682329786153e+01
1.818274467406605410e+01
1.828093452309233768e+01
1.842656578892198027e+01
1.850025524321269188e+01
1.867965626773946397e+01
1.888670938322920989e+01
1.905938759092235912e+01
1.925689953020136969e+01
1.947814114350769898e+01
1.953958952710913621e+01
1.981698107765225103e+01
2.012390300929133957e+01
2.040270681037394240e+01
2.062852767462042181e+01
2.085511850327829819e+01
2.108589047874539801e+01
2.144724970228482164e+01
2.160032933426013813e+01
2.191077035981494703e+01
2.210995311995712598e+01
2.244883729015278107e+01
2.265599039794186353e+01
2.289305885709380917e+01
2.310383661069021954e+01
2.334867890867849027e+01
2.358972180039067013e+01
2.382962718967948845e+01
2.417162384924209917e+01
2.438261055165189717e+01
2.463255443615927121e+01
2.506400113443744715e+01
2.529127724003183175e+01
2.560639718401374054e+01
2.593713027041074071e+01
2.633485941978998213e+01
2.662697942907002613e+01
2.680852118966279107e+01
2.693105735973695403e+01
2.728306754662769151e+01
2.762714156392627629e+01
2.805898185577969173e+01
2.814234202154374032e+01
2.849491776691407807e+01
2.870367049711148866e+01
2.888941993623333104e+01
2.914302383675097019e+01
2.946167028106292562e+01
2.964377419097649735e+01
2.976770488334715736e+01
2.991288881098622099e+01
3.009527823758893916e+01
3.021651812155363714e+01
3.032762682496881013e+01
3.047246226720654860e+01
3.045249374515545426e+01
3.041819222262283873e+01
3.057117086426794117e+01
3.064523161678829410e+01
3.075852217906831143e+01
3.079340366995322498e+01
3.060009808299504641e+01
3.009868127752629618e+01
2.995053648149860592e+01
2.948481378151392818e+01
2.906310520133117592e+01
2.876494491699287437e+01
2.825233546324095713e+01
2.764234194366845898e+01
2.702363068883789765e+01
2.646575595320229013e+01
2.578241016955077214e+01
2.503190197823016305e+01
2.455029594669998261e+01
2.402156540993467360e+01
2.333655976157047718e+01
2.261171251339683863e+01
2.202883787952128003e+01
2.263803017534334217e+01
2.210007794577375151e+01
2.135027231502735745e+01
2.060221739994129209e+01
2.008713441614386852e+01
1.975437800175334502e+01
1.904736569205011421e+01
1.872976432825759474e+01
1.840623926776600428e+01
1.806151957918256556e+01
1.781825288125495632e+01
1.766342501958110844e+01
1.754821414687311076e+01
1.733293353733609266e+01
1.697050444161615701e+01
1.676960247669952153e+01
1.648869532037120322e+01
1.616679441229521785e+01
1.572213438289138843e+01
1.561144380943628995e+01
1.522489621190533171e+01
1.360564261542647557e+01
1.310076467434679515e+01
1.301574331512305704e+01
1.285025535673383246e+01
1.244898827970742872e+01
1.242263772990780701e+01
1.245401474880814696e+01
1.233992417014491849e+01
1.182735356383683900e+01
1.170100756745542370e+01
1.144416612810699974e+01
1.116870178541752878e+01
1.092169592252006183e+01
1.057712971223277876e+01
1.051042104896125373e+01
1.038116426041014861e+01
9.828878401113447794e+00
9.659475683585128536e+00
9.181199106384486441e+00
8.963590088805078793e+00
8.657053193313489103e+00
8.456451494163651716e+00
8.542543813142980724e+00
8.348285776726992680e+00
7.652926073658611550e+00
7.542146169440114178e+00
7.446107189835268869e+00
6.945005098947045319e+00
6.498359348990659257e+00
6.491864965609209115e+00
6.181290649389035607e+00
6.074986236021048036e+00
5.653218560398482140e+00
5.673598456805943435e+00
5.543855053491268059e+00
5.071147521984350703e+00
5.225887553683311815e+00
5.216919777041007400e+00
4.847952481795525514e+00
4.788488676398963584e+00
5.012463166398845260e+00
5.050593901176466005e+00
4.256846698340808643e+00
3.683606899083297748e+00
4.016370281308327073e+00
4.297672150317387363e+00
3.757251211338445973e+00
3.699175945971628909e+00
4.282027049959571841e+00
3.865658199754646862e+00
3.423173515966602132e+00
3.180252730357014279e+00
2.865252039135815831e+00
2.335883519106852102e+00
1.796597792626602352e+00
1.148989093048263133e+00
1.444380312099596164e+00
6.388281509888664722e-01
6.039948707386028071e-02
5.014069134716656606e-01
6.973143081280456235e-01
1.591644307224561183e-01
2.830431762679058716e-01
3.875065752340445258e-01
6.599656900533350523e-01
2.177702744832811232e-01
-5.018367498225277945e-01
-2.643679052583822742e-01
-8.999691067120709764e-01
-1.460333589429545720e+00
-1.748546203272789423e+00
-1.089988695540877739e+00
-1.320877952822848478e+00
-1.266174216431997346e+00
-1.256300816021283850e+00
-1.749772632479793311e+00
-2.013995315724743662e+00
-2.199326884460799381e+00
-1.902713151433284677e+00
-1.552991870529228935e+00
-2.243615708250511265e+00
-2.420726105096277170e+00
-3.027094367006522457e+00
-3.455477604928444801e+00
-3.073831712707864927e+00
-3.961276199657162600e+00
-4.286453429961609274e+00
-3.699816307113881209e+00
-4.444551600924379287e+00
-4.870878616065485112e+00
-5.303151534536897138e+00
-4.407016351373351348e+00
-5.293641297451575412e+00
-5.287476800503588592e+00
-5.845031589849154940e+00
-5.172781796922277131e+00
-5.483892118813241900e+00
-4.973861266933367276e+00
-5.255028908513267538e+00
-5.251067893652003882e+00
-5.499845560782476106e+00
-5.351971257634112966e+00
-5.810874493180443245e+00
-5.765503929822997087e+00
-6.014910474445516186e+00
-6.408659690480341453e+00
-5.938331988839608222e+00
-6.000207527895949688e+00
-5.137797006962260049e+00
-4.765484376670485744e+00
-5.448086835394324368e+00
-5.632170997548344715e+00
-5.777484585387373528e+00
-5.675808213590046947e+00
-5.684153308798969739e+00
-6.075819769675894655e+00
-7.113238272776405857e+00
-8.269783145248503331e+00
-8.311204882387048798e+00
-6.766863150819212080e+00
-7.603048735810387093e+00
-7.313973808509959262e+00
-8.165175022310851460e+00
-8.161009275528991580e+00
-7.865767946195890481e+00
-7.866566839110312515e+00
-7.959328577103661040e+00
-7.839957839591615851e+00
-9.008870990765029063e+00
-1.092394388238533054e+01
-1.086253024299813852e+01
-1.081188515363640334e+01
-1.127457947231982338e+01
-1.197411938924038921e+01
-1.417397639019515765e+01
-1.294255954446823509e+01
-1.407120239600286027e+01
-1.347428277836239729e+01
-1.153047499052414615e+01
-1.226087216140786040e+01
-1.324612261149859549e+01
-1.232670237475475261e+01
-1.439404782661256910e+01
-1.275074432724207973e+01
-1.246702538888331979e+01
-1.216122677502911564e+01
-1.232715261971001119e+01
-1.340003850770246707e+01
-1.289549547357336756e+01
-1.277711073234334194e+01
-1.135951786733919988e+01
-1.225560561169386808e+01
-1.176188198138492247e+01
-1.182852177476813083e+01
-1.181497654957214216e+01
-1.012097861994866399e+01
-1.145372171972257469e+01
-1.106881146622523460e+01
-9.417513807417133620e+00
-1.056963603346046376e+01
-1.137262527112100763e+01
-1.261062767360414760e+01
-1.613540141772906367e+01
-1.373382055856081330e+01
-1.639461155554298699e+01
-1.618956020055163947e+01
-1.710401849008395203e+01
-1.619358540602658536e+01
-1.798729997249650836e+01
-2.099966333551896014e+01
-2.577178715259750774e+01
-3.074934762989516202e+01
-2.616978295954249845e+01
-2.988329053198489760e+01
-3.092452690402938131e+01
-3.016036017304958605e+01
-3.221931242535341511e+01
-3.572032692465818116e+01
-3.855339358559392338e+01
-4.748512109034891182e+01
-4.721258344035832266e+01
-4.931445345036381411e+01
-5.032890765517267084e+01
-5.101930159092241013e+01
-4.996849621136213671e+01
-4.936055473068916655e+01
-5.521428102739253774e+01
-5.759187175341292431e+01
-6.430780355545387295e+01
-6.704501041448752119e+01
-7.546143250382249335e+01
-7.709109630135144187e+01
-7.846702631691609042e+01
-8.454048989909134093e+01
-8.226201282530786330e+01
-8.512548821667662935e+01
-9.051727662483324366e+01
-1.021325224890948107e+02
-9.457073868049324972e+01
-9.687404538791243169e+01
-9.282219284524994407e+01
-9.552394935986293945e+01
-9.902993075514518750e+01
-1.119662990532242048e+02
-1.137777004080437706e+02
-1.193468961176045013e+02
-1.245443679184302255e+02
-1.161248342582748592e+02
-1.366230427124064022e+02
-1.449348257293739550e+02
-1.515718916864995265e+02
-1.580085146513312395e+02
-1.589070582963139202e+02
-1.657844642588862030e+02
-1.692677249238138018e+02
-2.144136916596484639e+02
-2.175140432034876312e+02
-2.231087052326678872e+02
-2.112348009585115562e+02
-2.237452059268008213e+02
-3.134105344423466022e+02
-2.958153592623500003e+02
-2.955591572298877736e+02
-3.072009128711705443e+02
-2.883256653457046355e+02
-3.011971806745792719e+02
-3.331257283162620979e+02
-3.540278690670157857e+02
-3.698783804560025033e+02
-3.646599201766736655e+02
-4.598840343688950725e+02
-4.810481790837299627e+02
-4.705850005899191615e+02
-4.673433935775768191e+02
-4.421453837122804202e+02
-4.621035546993432490e+02
-4.445743560755697104e+02
-3.663366778073993828e+02
-3.422742039491241712e+02
-3.442291768918104253e+02
-3.539668873405100840e+02
-2.707784410222287761e+02
-2.590161658086743159e+02
-3.379982046233304800e+02
-3.869458737187791257e+02
-4.039212492441880045e+02
-4.001706716277758460e+02
-3.692610642503882445e+02
-3.574051105161464648e+02
-4.722038511457294021e+02
-7.258786751364948486e+02
-6.160051680731298802e+02
-5.821164212041828705e+02
-5.750429013754287553e+02
-5.699000003821488463e+02
-5.822012488361256146e+02
-5.560150908404571055e+02
-5.262890489360481752e+02
-5.964612801340895203e+02
-6.098287240810643652e+02
-6.051545635216411938e+02
