2.241532387927905745e+02
1.956010194387786896e+03
2.136182728489603687e+04
1.991651812936442184e+03
-1.357687987271869588e+03
7.583799008340774890e+03
1.139193843740484454e+03
-6.234123699767896142e+03
-1.693926084314119862e+03
8.571495542885413670e+03
1.953119254020392418e+03
5.973707440140278777e+02
1.875953310608255151e+02
8.722555656132128661e+02
1.080257609000321736e+03
1.197934940029105746e+03
1.258075828230989543e+02
5.293521960091799201e+02
6.300859485329049221e+02
1.328770340974079772e+03
8.001966853531629340e+02
4.898524596269865583e+02
2.735992272053740635e+03
6.912261054103627202e+02
1.031383492843671775e+03
3.800031628494175493e+02
4.658492642638518078e+02
7.233130432013767859e+02
4.576203912978077710e+02
1.163456109474981588e+02
-1.348780012809917707e+03
-2.649022790075476905e+02
1.597743086544485550e+03
6.933927067874211616e+02
5.602590920803303334e+02
6.242929788765193280e+02
2.388803957080057785e+02
8.607147162087339609e+01
5.033415566626821374e+02
7.983596509573127378e+02
4.222854485925468566e+02
3.020463743071240970e+02
4.101688907223194747e+02
9.673717885698268901e+02
4.637510357203553895e+02
2.786914867198412367e+02
3.337233991171749494e+02
3.738282581984489070e+02
4.017676699588803899e+02
6.228012920712091045e+02
2.959064816600222230e+02
7.890685841239117053e+02
1.173065679138266205e+03
2.349901892362355284e+03
4.852864968741590701e+02
4.067535991623632299e+02
2.927525411849233024e+02
4.739725347992236948e+02
3.446744458546902479e+01
6.122574904348956579e+02
5.098639980802704486e+02
7.145186633145492578e+02
6.020650613173135071e+02
1.440053860794395462e+02
6.972213714897679893e+02
3.632931256491635850e+02
1.875994775177377676e+02
1.513972939456303664e+02
3.356715377840430392e+02
3.587136903385303413e+02
2.323573786228227505e+02
8.031872170443409686e+02
6.208751338635904204e+01
5.474896069149868936e+02
2.752209360075096356e+02
7.586096724961703330e+01
9.203858901039396869e+02
2.957630713942031662e+02
2.397062291095477917e+02
3.618095334957109799e+01
2.351237299079713921e+03
2.948797919641503995e+02
7.227982378404726660e+02
9.836018773727523694e+02
1.070028650169055481e+03
4.173615726584271215e+02
3.532822330415855276e+02
-4.038737142988773599e+01
1.051888913725023400e+02
1.825126069778069109e+02
1.309289517128835598e+02
5.612546878822297458e+02
2.876704284672317158e+02
2.025879400802750183e+02
4.310193409879074125e+02
4.364563968026961902e+02
2.025204128534144274e+02
1.737097743103922198e+02
2.086351819292707432e+02
4.061478039663459185e+02
-1.342455875417932418e+02
4.825979658753444141e+02
3.384357417935496528e+02
2.815356772381729229e+02
4.082550780355275606e+02
1.409839841534338234e+02
9.067732316421422922e+01
4.189776159078821820e+02
4.596807624683661686e+01
1.465164949255712088e+02
4.758176689941777227e+01
2.820379671306475302e+02
-1.426810984147300587e+01
7.056960485054190713e+02
1.998858867918579278e+02
3.241615709506476151e+02
2.151983169188579836e+02
-7.974919597019253104e+01
7.559421081847349342e+02
5.996992662318592693e+01
5.761710525003330758e+02
8.872048561809651801e+01
3.269955100888693096e+02
1.227046519045531113e+03
3.359389524194533578e+02
3.482048021980448027e+01
2.961783403539973278e+02
1.387103164102267101e+02
1.190263107261516353e+02
4.649062092590492057e+02
2.885436880345556006e+02
-9.470930761912802609e+01
7.170142952831889716e+01
3.039225496707485945e+02
-7.862863331800079436e+01
-1.689497349210150290e+01
5.453788438015344582e+02
1.042464511931888183e+02
1.853248121195770750e+02
-1.113770516354307603e+02
3.169327577258731594e+02
-2.634896887635285623e+00
-1.845202918685147608e+01
5.744201514936233934e+02
7.373904890788973887e+01
1.680962279655337284e+02
2.534979788153877109e+02
3.123072488365805270e+02
3.694249871041018309e+02
-1.643141658832091423e+02
3.205284276045013598e+02
2.744297818141389484e+02
-1.178179255234249325e+02
-4.453005725610969989e+02
4.086174836402587971e+02
-1.383933774731835911e+02
1.012272939464122601e+02
1.802495152841171091e+02
-3.408522386342322363e+01
1.505571028080046858e+02
2.446309397559597016e+02
5.017892633950753378e+01
-7.415949878807565199e+01
2.092709479861160844e+02
1.554653070424592443e+02
-6.130726945674897479e+02
-8.143215775141312633e+02
4.268184156324261380e+01
1.903181116320049000e+02
1.354760532131876403e+02
1.520848911159624777e+02
5.840266349968442228e+02
-1.826668899276723721e+02
3.288070019070767671e+02
-9.263225600989910902e+01
1.471275456671398274e+02
-8.032576946161439935e+01
1.124355066436295090e+02
1.672499405394590042e+02
4.254273649519985412e+01
1.463813472097085082e+02
4.871637938840820681e+01
1.434888910562097522e+02
1.265561424290342103e+02
1.624131291414816758e+02
-6.260999727444190199e+01
2.577763654175906822e+02
-7.092728549340512245e+01
1.046801176208305577e+02
7.499317503044443356e+01
4.372481586392330399e+01
-8.218307327360108161e+00
3.604290635849422131e+01
1.023117999984060873e+02
1.229889944480739317e+01
-4.032717548036486477e+01
-2.111530362423540552e+01
6.051222801740368595e+01
-1.158052686879007780e+02
1.080640339751232659e+02
-6.387457308321693006e+00
4.105555602916298596e+01
1.889503102787873345e+01
-3.734501090844226212e+00
4.595004493129876266e+01
2.742234099971651418e+01
5.358584537232816558e+01
-7.063843980304206127e+00
2.370733011940390966e+01
-1.457332257349664140e+01
-2.255492721273900969e+01
-4.060250778532847882e+00
3.822000271066192223e+00
1.944448753520086015e+01
7.928156322634886344e+00
-1.562696909703257298e+01
1.994973023705599857e+01
-1.305808735592813186e+01
-7.048257718466356181e+00
2.234760165320091474e+01
-3.824823525042504002e+01
-2.367216939007936816e+01
2.930665423853171703e+01
2.891027713075434846e+01
-1.361727079756323100e+01
8.364720203023885858e+00
3.588698003719456864e+01
-1.553289805692157088e+01
1.163424646939060914e+01
1.635715599401159182e+01
2.756451864962088649e+01
1.640580461727818573e+01
1.918142865981159240e+00
8.293908986796781235e+00
-3.893315735593264382e+00
2.088550860160728995e+00
1.313250570262123418e+01
-6.982468739799094770e+00
1.491009972074648360e-01
2.082789093612181119e+01
5.326072897988297861e+00
-2.530744176538659573e-01
-7.504328959776287000e+00
4.121877864201849206e+00
-1.170533226444443820e+01
9.234614771085970508e-01
-1.562369732559372792e+01
1.235855389882699207e+01
-4.047734243121516862e+00
7.891487547789614254e+00
-2.280323847247691660e-01
-5.616771473751707155e+00
1.571463125895803614e+00
-8.197664203272081451e-01
2.585860943111080168e+00
1.219964308322652258e+01
-2.776071812263393834e+00
8.903714950397230155e+00
-3.767511150433068057e+00
6.882685939030730893e+00
-3.606044466224274991e+00
-2.375714639993078414e+00
-1.006570861937879080e+01
-2.275075824981535266e+00
2.897871263431470279e+00
-1.131824970401520858e+00
-2.043958616933049921e+00
1.897735565918466483e+00
1.838806705231268879e+00
-4.606298239931090777e+00
1.132027469378091844e+01
-2.488913935295218316e+00
4.007511118954340645e+00
9.796486337987582171e-01
-2.432836128967775124e+00
4.910782871941969496e+00
4.629870966810915256e+00
-1.266422110735246465e+00
1.928706705050921011e+00
-7.421127139094489955e-01
1.786392603363340381e+00
2.634952578190470796e+00
1.663413773968614562e+00
-2.654908892799957343e+00
5.930778856942353627e-01
-1.797291569071077122e+00
-1.375511367791310002e-01
-1.171447121545829750e+00
-3.686256528139715272e-01
-2.196026182865117971e+00
3.817007457216417876e+00
5.569240593334841005e-01
3.961991710533045996e-01
-5.551019456996687529e-01
4.365368826010500025e-01
-3.317958736655355345e-01
1.754128964440613503e+00
-2.806019379610385500e-01
1.240994509624095521e+00
6.552225078158346872e-02
1.650801711639104052e+00
6.546192692334722452e-01
-2.107427394887895211e-02
2.453738639478306727e+00
5.357847672880517997e-01
-1.072444865547996340e+00
-3.519325052136434429e-01
1.123674179916990923e+00
4.888621269886170850e-01
-4.981878703551523291e-02
5.935950323709534571e-01
-3.328792994029125540e-01
-3.211123558336425043e-01
8.412981011760479744e-01
-4.079037448825995060e-01
4.591983297556478383e-01
-5.141783432754725158e-01
-1.365611987953879447e-01
8.813157874718416385e-02
1.922931205588750692e-01
-6.630543663064873972e-01
7.400153575510680648e-01
4.937214367596229891e-01
1.258551597963264657e+00
1.918846004409219819e-01
5.863599833494698155e-01
-5.875977947427835080e-02
2.404800559159806506e-01
6.915814986758883620e-01
-4.180298099991275329e-01
4.364905284183399070e-01
4.661061665025633127e-01
6.545335912986472993e-01
3.023407116317315402e-01
6.571892224945460881e-02
5.857425743261623907e-01
-9.955816321200725016e-02
-3.303255625368432535e-01
4.982953090831437337e-01
5.108145208131344983e-01
7.604928639814738656e-01
3.596314588128016188e-01
8.256323577148916293e-02
2.022699886552598025e-02
2.685671298889287795e-01
6.550065238203844897e-02
1.857194052241166182e-01
-9.530470705405413856e-02
8.312561170106546049e-01
8.407426588666199185e-01
6.377631612393548366e-01
4.511751391923775611e-01
6.398960941215034448e-02
1.100315459241393512e+00
-6.314088931324615128e-01
-2.227692007097198390e-01
5.873074482498510385e-01
8.918204693426226015e-01
2.286597879908699171e-01
9.460067265434877193e-01
3.097489463610854088e-01
1.020749558596233619e+00
1.000692540473790970e+00
7.580607308986370141e-01
8.029105857097929011e-01
6.102957383183253981e-01
8.850883500091382139e-01
1.694349521446247619e+00
8.880470281306100944e-01
1.244788075781989800e+00
5.500689313981437234e-01
1.397789505052027703e+00
1.010116529216311010e+00
1.495221651462323331e+00
1.053437296317530469e+00
1.625860767211887215e+00
9.130743889622214837e-01
1.597949345683360001e+00
1.236153496397370155e+00
2.051363634518175605e+00
1.909093694590721535e+00
2.536538414632237171e+00
2.271062935761896995e+00
2.167444987152599367e+00
2.759421300441742275e+00
2.219705909924016396e+00
2.149185748380198824e+00
3.111972243957474848e+00
2.403862080231869758e+00
3.184789753668616719e+00
3.359218808552820512e+00
3.476998751919756270e+00
3.431044742362550082e+00
3.542495847376801343e+00
3.624748641540251892e+00
3.917694899101949346e+00
4.090569173298026051e+00
4.432473726202993625e+00
4.792063670424360211e+00
4.362726850544754953e+00
4.533104815887882388e+00
4.803657985526633034e+00
4.805872581260378418e+00
5.348672104961435636e+00
5.481295738443633603e+00
5.378196100717782535e+00
5.676100117135179701e+00
5.992730626069323385e+00
6.375993324192840817e+00
6.073698809830975875e+00
6.236083440076820139e+00
6.520545857492307640e+00
6.586668735521310936e+00
6.860567524233053938e+00
7.158180082587203508e+00
6.636355044527242342e+00
6.966156843642392182e+00
7.221040338086202048e+00
7.197857048796826973e+00
6.967815426604554219e+00
7.093945726340422198e+00
7.197764137503675386e+00
6.922565514230438311e+00
6.958132205058674025e+00
6.858537907101604603e+00
7.298190137403663513e+00
7.166396306043326447e+00
7.094119122104044273e+00
7.526740659286528690e+00
7.022400641451417513e+00
7.225826721329922542e+00
7.129268642013543378e+00
7.376793144794177692e+00
7.066206849891371711e+00
7.801012587110494501e+00
7.645453475942556310e+00
7.485953607222036510e+00
7.583079561500961852e+00
7.572773293166997988e+00
7.512235408122072577e+00
7.565089419760581357e+00
7.858814049145617986e+00
7.575142132953289753e+00
7.790466598073605198e+00
7.642932373277932179e+00
7.322844641423143841e+00
7.492344668747766612e+00
6.633330958912192266e+00
6.916238680770936398e+00
6.496742716362863490e+00
5.841502824385924164e+00
6.429409317890997677e+00
5.850884173565987112e+00
5.704425716281887659e+00
4.832229537110512396e+00
4.921933893970027007e+00
4.881945967105456141e+00
4.918541169398753965e+00
4.474040285648131388e+00
4.288936820657553994e+00
4.194656190639839188e+00
4.346483481345176259e+00
3.841880541410517047e+00
4.021038437932798359e+00
3.775406156609496300e+00
3.409202821431268404e+00
3.342390666246426445e+00
2.997462925643922027e+00
2.834777998673705390e+00
2.485566556863690213e+00
2.562958360370127586e+00
2.255195215458450697e+00
1.742358547492264709e+00
1.955439963530133829e+00
1.347872893196176092e+00
1.269940738374399691e+00
1.242657145568660138e+00
1.447780534445883838e+00
1.433038338134468681e+00
1.153299569331139862e+00
8.264089364756791456e-01
1.073630258337470833e+00
1.152569169461736820e+00
9.575289587467838981e-01
1.187354129831010852e+00
7.297524833577455627e-01
7.097637854272923486e-01
4.059041819912152071e+00
6.354410997375563586e-01
1.385587824398786916e+00
1.333045873885099430e+00
1.702562810592825215e+00
2.149150496063795490e+00
2.986646726411518848e+00
3.210259550434192199e+00
4.023465749005938896e+00
5.002393456083520817e+00
6.122015784871629229e+00
7.292718412526440375e+00
8.782134384960457396e+00
9.964006882384083497e+00
1.143041717181232109e+01
1.245614654046752356e+01
1.410305656574219668e+01
1.506284681320104823e+01
1.607401193792760452e+01
1.722675836673196770e+01
1.796219211792439197e+01
1.880190621863617295e+01
1.986582720662388368e+01
1.978745237855590489e+01
2.048527752168698868e+01
2.050105904558774839e+01
2.089459373408491416e+01
2.098537515532161279e+01
2.128529522255431417e+01
2.133816410956123377e+01
2.169259165582539239e+01
2.123551203101346374e+01
2.129884877762187045e+01
2.106345934439274714e+01
2.089890601329918951e+01
2.061093040327065040e+01
2.086017530814907062e+01
1.963149671423899534e+01
1.936200139919597518e+01
1.937055087548415599e+01
1.958701808007195666e+01
1.862375515363509848e+01
1.849590934814084164e+01
1.742120864843349182e+01
1.739472403623434360e+01
1.694356608284321553e+01
1.653439977574704045e+01
1.632349883487330189e+01
1.578279250254723109e+01
1.478183451876200216e+01
1.540009917428104025e+01
1.351482870687536142e+01
1.287748802163967987e+01
1.233295194537757666e+01
1.207128699271776640e+01
1.168293710278764941e+01
1.101239197238594159e+01
1.084213731996670838e+01
1.051560052376482446e+01
9.890148383722930703e+00
1.045031980786434112e+01
1.003970056606533667e+01
9.967933097466175951e+00
9.331314712297601233e+00
9.138937612515832143e+00
9.411723885565093539e+00
9.708448986973202466e+00
9.635274603932121096e+00
9.363286069557908320e+00
9.458780510906866112e+00
9.330522277910386464e+00
9.113355527606049833e+00
9.896268979134431376e+00
9.625090672937909986e+00
9.870936711184349122e+00
7.956845181339753381e+00
8.398440055575635554e+00
8.033836350732501685e+00
8.477981875679498458e+00
8.621227301674728949e+00
9.550845242356693632e+00
8.735989339112146368e+00
9.532088091019483400e+00
8.023729658135824394e+00
9.272105963896354552e+00
1.009027852870410058e+01
9.832733359748607072e+00
1.008290645901390192e+01
1.083873694262822340e+01
8.922763332267191316e+00
1.074572535167474285e+01
1.088281241197010374e+01
1.006346376957332112e+01
1.075028181501131641e+01
1.153995661918472670e+01
8.738691830785704440e+00
1.093557141424580337e+01
1.177924232455612419e+01
1.093907742034176067e+01
1.051790054156798249e+01
1.055684127088978208e+01
1.125359462472746941e+01
1.413431420355889756e+01
9.548747381908839316e+00
1.128367463285714578e+01
1.051488748167290588e+01
1.345856241888432692e+01
1.080489972562319956e+01
1.236416341372506622e+01
1.213509499541914138e+01
1.096661089155643865e+01
1.271930774781300677e+01
1.244935861818668421e+01
1.385918871613810666e+01
1.293755469282393022e+01
1.332020643797343595e+01
1.419440465172531063e+01
1.174640435977088693e+01
1.501276095367627761e+01
1.494548404440716638e+01
1.523605744779650806e+01
1.379563197745733305e+01
1.207640416084893609e+01
1.296110066361043067e+01
1.356249462551719276e+01
1.461071317436756267e+01
1.693147038729837206e+01
1.350948687122530245e+01
1.553743532962876728e+01
1.267871216020053105e+01
1.304068985610485143e+01
1.356241319581377169e+01
1.636082944468003930e+01
1.525325555054648419e+01
1.446828120359977632e+01
1.412811020444989651e+01
1.554431596237106383e+01
1.466349085506130656e+01
1.371065676910395936e+01
1.779866816097849025e+01
1.407692978515126825e+01
1.459001968773080549e+01
1.605330913363902212e+01
1.341209846822031793e+01
1.615571367587351403e+01
1.503424963714510199e+01
1.279091213667549454e+01
7.143257664872844082e+00
1.272248661263647662e+01
8.094974063306402456e+00
8.545667678097458975e+00
1.164803535832999692e+01
6.650233602824179968e+00
8.810101343595027501e+00
7.787988298941011855e+00
7.160827209375916880e+00
5.249119995612677947e+00
6.701635685549738319e+00
1.133838130492723550e+01
8.132008236910472476e+00
8.544927555604720837e+00
3.658130971096236195e+00
7.669366103679521984e+00
3.171177405841013552e+01
8.101087628967274412e+00
5.571858119059826642e+00
4.719159660177806970e+00
5.590902219644876325e+00
6.046025865233145780e+00
2.536722845627310541e+00
6.032083845434557112e+00
5.693035836238460767e+00
7.927286110097607086e+00
5.767649490069640450e+00
7.738014667910057653e+00
6.268661209582546689e+00
6.200420211882698318e+00
6.352744932949063728e-01
4.272725768210533737e+00
7.347270767744840114e+00
4.207558577631393959e+00
2.186469605616789824e+00
4.839032270388212709e+00
1.740509873122688678e+00
3.768114884663267272e+00
2.468562282965472421e-01
6.672476102562252542e+00
4.843134591557316071e+00
1.567910501058269013e+00
7.479312486870433929e+00
5.193528060633215482e+00
6.535431606052365616e+00
-2.747721005597633770e+00
7.358926020976943150e+00
2.741750847755967335e+00
7.284620574874830723e+00
3.829630943924987818e+00
2.625814050451002579e+00
2.236274525363413090e+00
1.733301227095423336e+00
-2.050213176050441621e+00
1.674706843210254315e+00
-5.286965691712042670e+00
1.952459585977113665e+00
-1.697886305991934686e+00
3.030176065662781859e+00
3.181043659248567135e+00
5.759068763762881460e+00
-7.049690976064182379e+00
-1.068664678489342768e+00
6.364819070776424503e+00
-4.986207411033682035e+00
-3.575640877400758200e+00
-3.380231662447724439e+00
8.339792817827346161e-02
2.282175573138575331e+00
-2.193981035861259699e+00
8.784117458653266652e+00
4.141944666045363377e+00
-6.092022478775988681e+00
8.088229448537379795e+00
-1.278198084308618254e+00
-1.588685564804613204e+00
-9.109132140414892831e+00
5.558902051690030710e+00
5.146697856499331536e-01
-1.277086429123669298e+01
-8.715808030918319460e+00
1.004883003168649580e+01
-3.127636212656144110e+00
-1.140086232789273346e+01
6.743579737317316081e+00
1.051930468863679380e+01
-1.096036101172521882e+01
-1.038258754295612718e+01
-2.468444227428320037e+00
-5.259856466132015740e+00
-1.308432160150457513e+01
-5.931720766121959088e+00
-1.013446609098468798e+01
1.785245423195346293e+00
-9.806642673119544185e+00
-1.322200387406329547e+01
7.710170468806913036e+00
-6.782096229617531336e-01
6.414453707980066755e-01
4.699199982625035688e+00
-7.684176031790872941e+00
3.752110879238080843e-01
6.915080766307474036e+00
-1.138152412316881623e+01
-1.914133383079509532e+00
-4.616266095543429593e+00
3.744281956155409041e+00
-1.380407398980473133e+01
5.356029449697964573e+00
-6.686173709904146278e+00
-3.273946500326165854e+00
-8.856405955023808119e+00
-1.153183972235402166e+01
-1.351372996474518473e+01
-1.219957578979070645e-01
-2.821869093711934617e+00
-1.735754989261683701e+00
-5.515288918166547205e+00
-3.101724723064030798e+00
-1.111008753229656243e+01
-2.844980805623033682e+00
-2.091218749573257263e+00
-1.314153347630725932e+01
5.189333269645846514e+00
-3.955479953894008638e+00
-1.713589248728483483e+01
-1.147392542406400651e+01
-6.536256238827577114e+00
6.094593269952266468e+00
-7.366591207390662532e+00
-4.390372106259707863e+00
-8.392065095757933690e+00
7.325657638494194934e+00
-2.002596111225252429e+01
-6.536177601355904088e+00
-1.047853395727215897e+01
5.258027103649931533e+00
-5.440344577531766923e+00
2.957266047786704988e+00
-1.008601015710896931e+01
-1.117478550076962129e+01
-1.745830518924441854e+00
-4.847173109681127023e+00
-7.635174571925405829e+00
-4.900976065984799845e+00
1.250778129954600537e+01
-5.613500983717918835e+00
-2.434261167664135783e+01
-1.351633204720631198e+01
1.222415791899502224e+01
-1.257306385431853002e+01
-9.583217839783175762e-01
-2.104227579435700335e+01
-1.213356893044672269e+01
-3.528897703713483480e+01
-7.713370830382793031e-02
2.741242299358113854e+01
-1.581649696787513193e+01
-3.464919583615295284e+00
-1.966737537492956989e+01
-1.334324876107757696e+01
-5.378203658604800097e+00
-6.494226360169696122e+00
-1.363829200305587896e+01
-5.906505114363051590e+00
-2.404486758099267618e+01
-1.789180441035012237e+01
-1.060489360121759095e+00
-2.463157838310857528e+01
-1.340913432177711151e+01
-1.184419136357342595e+01
-5.820778979875635173e+01
2.531573795348302625e+01
-3.877813710796400670e+01
-2.461365601809887838e-01
-5.313282127061343729e+00
-1.669113803628083303e+01
1.421213784994373697e+01
4.561347029512251794e+00
-3.381589081888169090e+01
1.149073926953164460e+00
-2.424572177909376514e+00
9.608729730762942012e+00
-1.702659610486533737e+01
-4.291638999047094671e+01
-8.651350733296006013e+00
-2.381858056942987645e+01
1.445878463786296564e+01
-2.637676251649497772e+01
-7.643005657789785801e+00
-1.875405155859131057e+01
-8.451530412950308602e+00
-2.318170033591265167e+01
-6.964189470445880659e-01
-3.338704134554815539e+01
3.637529553259482640e+01
-2.754780175084870564e+01
-3.937861989182380995e+01
-2.982431467927022339e+01
-5.815360992927898565e+01
1.855994692623560383e+01
-2.952191091396919020e+01
-6.594803136179510972e+00
-1.410295455474099668e+01
-1.689044416607512744e+01
-5.967528464066051441e+01
-4.927129433851239781e+01
-1.093112441921627749e+02
-9.085242902576659674e+01
7.857525302963794900e+01
-7.342112967279938118e+01
-3.002257692994003691e+01
-9.706401676229532427e+00
-6.126145528343821667e+01
-6.601535523839453390e+01
-1.180172878965938850e+02
-1.387421468321391274e+02
-2.354687391009341724e+01
-8.752042550642363494e+01
-2.005172849960288417e+01
-8.198225958624124132e+01
-9.978156885959030831e-01
-6.559396968124062255e+00
-9.913960121768015199e+01
-5.243181607869159677e+01
-1.378013502325861737e+02
-1.424486942244113834e+02
-2.366243855542840606e+02
-9.993865960402766291e+01
-1.205658570652299773e+02
-6.637204266914811512e+01
-2.435413633832165914e+01
-8.266307866442139130e+01
-9.479615678673789603e+01
-2.599067341890167882e+02
7.238747017147530016e+01
-1.597485901855400243e+02
-9.995635250560182783e+01
-7.970779738349240517e+01
-1.368853942110430637e+02
-3.553874768875753603e+02
-9.680862902689140981e+01
-6.021626390613853630e+01
-1.756560798630894453e+02
6.769209153595524242e+01
-4.799977789096781180e+02
-2.811014447151218292e+02
-1.694542808863849359e+02
-3.572744460606319308e+02
-1.105595037165094539e+02
-3.099050801172217007e+02
-6.218811762086052397e+01
-9.724846137320146227e+02
-1.661053239538773880e+02
-2.441002105483776177e+02
-1.110629525734341883e+01
-3.846552459303260321e+02
-1.899215926975858793e+03
5.508444481701983477e+02
4.333975557897259989e+01
-4.718102656148647611e+02
3.407091272861086395e+01
-4.336005361806161886e+02
-7.680862863455671459e+02
-5.821756619196077054e+02
-3.187653916334430733e+02
-2.015655129990061027e+02
-2.105726733887878709e+03
-7.342440069122952764e+02
-1.831668361370317655e+02
-1.099200467377685584e+02
2.722284087699654265e+02
-5.049143793121754697e+02
-5.860646628428177110e+02
3.182228345740421901e+03
2.510815119603278731e+02
-9.081173005260549758e+01
-3.666720302363771111e+02
-3.145147279480734142e+02
6.015450442845491352e+02
-1.481914634159088791e+03
-1.372067042065830492e+03
-1.818674617887259615e+02
-3.950930986081584706e+02
-1.398130235945000095e+02
-3.047229347585889627e+02
-2.499284382361523967e+03
-5.695938652537533017e+03
