1.654210982008650944e+03
1.681897363140243669e+03
1.692079994850394087e+03
1.734346978810333894e+03
1.783342894905458706e+03
1.840351086217378224e+03
1.847262639508773646e+03
1.869277733818606293e+03
1.893074484784090828e+03
1.953178959189636316e+03
1.998141018060644683e+03
2.010639905076972127e+03
2.035465133806089170e+03
1.026736664923279022e+03
9.801609632163477954e+02
1.066008612330791721e+03
7.198509613870752446e+02
6.988516498516004276e+02
1.037365277245109837e+03
1.157285887325578415e+03
7.279133135492296560e+02
6.648911451160755632e+02
7.169889467129632976e+02
7.461581998214594478e+02
7.298529320729694518e+02
7.099521137094187679e+02
6.610565093899584781e+02
6.605145323689705492e+02
6.622721209292254798e+02
6.723980932226000959e+02
6.325487836939165618e+02
6.000304248238969649e+02
5.954056440051957679e+02
5.163051741226090599e+02
4.993189275015718067e+02
4.564060441447888934e+02
4.537998085023318708e+02
4.517198210683433786e+02
4.400672522727101068e+02
4.521626709913612672e+02
4.646191092075712277e+02
5.551913546873253154e+02
5.803393059893199961e+02
6.095743469777105474e+02
5.939251513891571221e+02
5.886483839409721668e+02
5.745233252905399013e+02
5.925844717269987996e+02
5.869760377980182966e+02
5.937980268617138790e+02
5.838052212442283917e+02
5.990226741654480520e+02
6.157224250390271436e+02
6.019415298605520093e+02
5.943056609915815898e+02
5.994656636724673717e+02
6.032282515604254058e+02
5.899217109990606787e+02
5.920389681156896131e+02
5.899242312064999396e+02
5.670188099773625936e+02
5.810929787490485978e+02
5.453813865507277114e+02
5.087226124923625434e+02
4.109920407137083203e+02
3.908135813350625085e+02
4.177877702464347749e+02
4.186542936962482031e+02
4.042858179220413035e+02
4.093635217882883239e+02
4.929817064388781773e+02
4.815510516083032826e+02
4.874243723465513085e+02
5.057469979700327940e+02
5.486023230511465272e+02
5.295149205173368046e+02
5.201706650499972966e+02
5.059883765721357349e+02
5.064844388404499682e+02
4.951956334764516328e+02
4.822245524874803095e+02
4.923756684345591452e+02
4.725900797960388218e+02
4.794425183612549972e+02
4.745977017955921156e+02
4.808198308356471671e+02
4.854714664763635597e+02
4.495572149584849058e+02
4.454798701041419235e+02
4.522208778381863112e+02
4.407886938459720909e+02
3.503820581599417778e+02
3.523493810560924544e+02
3.183878575179796258e+02
2.904044418219829709e+02
2.508536519875363524e+02
2.352227582152510479e+02
2.365690640711251547e+02
2.383081244848783342e+02
2.453878778186831937e+02
2.438768670588569876e+02
2.562529617153523986e+02
2.442650750023757666e+02
2.532004278114135900e+02
2.512013405115561966e+02
2.482790858085866148e+02
2.407837941020284234e+02
2.207101992337501883e+02
2.426249654215966132e+02
2.361100219113731669e+02
2.473302100747862937e+02
2.640889406023587185e+02
2.592371663375323578e+02
3.083210784938224833e+02
3.164013836002974358e+02
2.984773710262205668e+02
3.043976870005389515e+02
3.116857712387638912e+02
3.047556877195498828e+02
3.261266216965178160e+02
3.291833627619833464e+02
3.174146730554027727e+02
3.026946765854199271e+02
3.058298412303055329e+02
2.807823593788039034e+02
2.689302506130776464e+02
2.759932271018715255e+02
2.717373623889412215e+02
2.926515475251264320e+02
2.552062762969591745e+02
2.653908652327646109e+02
2.380827781878325027e+02
2.247434334473577735e+02
2.353939661452299674e+02
1.748920830428064619e+02
1.687162002568810522e+02
1.788069210668689379e+02
1.770759179837381225e+02
1.835703681066756587e+02
1.644631877565536513e+02
1.564022102787746746e+02
1.574892191522369274e+02
1.546508848559207649e+02
1.263343909745641298e+02
1.275065232063959115e+02
1.238396998916802403e+02
1.326321277063918842e+02
1.149227758343387649e+02
1.066814123409656645e+02
1.024417174065819012e+02
1.176167596248372433e+02
1.048046736525785150e+02
9.825725808114080451e+01
1.108035095137342836e+02
8.720937322167026196e+01
5.480633016409971958e+01
8.841299288456127670e+00
2.445449094676779289e-01
-2.880228396078415187e+00
-1.268548455952666743e+01
5.106059100800939277e+00
1.439823742082067426e+01
-1.111655650863578515e+01
1.030782662264373073e+01
3.066226339702381409e+01
2.359784395620055619e+01
2.757011943658131159e+01
3.001359670845793204e+01
3.135362232332295918e+01
3.686627830400278327e+01
3.982928386661588149e+01
2.918714485883066700e+01
3.305546218660315105e+01
4.287403726287141126e+01
3.979982781840109851e+01
3.005333762894661831e+01
7.166696186609979691e+01
1.057111372885617442e+02
1.076031548378664979e+02
1.018796939726232011e+02
9.589052231202293797e+01
8.803694855324562241e+01
6.589507808571514147e+01
8.122030191566011581e+01
6.962847579160970213e+01
7.402696978789460047e+01
6.650726115270207117e+01
7.421558934428043131e+01
6.324771508674066922e+01
6.098925104643151229e+01
5.845084891488723144e+01
5.311626589819741184e+01
5.351981699231799183e+01
4.767285490133600234e+01
4.494565635999698117e+01
3.892939888616346167e+01
4.611196679344973148e+01
3.430400722668142066e+01
3.849428673612110430e+01
3.245647884516736781e+01
2.693228384511868612e+01
2.719013618899866458e+01
2.780638112685655017e+01
2.703461674761871691e+01
2.315562584216189634e+01
2.118627588656318039e+01
2.203223773970195865e+01
2.010882690190262423e+01
1.430644763659395302e+01
2.003878737177007352e+01
1.280798336638536128e+01
1.132307643040003775e+01
1.022290819168189202e+01
1.067428812842810792e+01
9.472663942151948291e+00
6.779421644012764148e+00
7.680832022092916489e+00
3.655003369120874535e+00
3.818755974727191749e+00
3.066833255326990582e+00
5.521415388994102891e+00
7.480582427772699106e+00
7.295126390610680467e+00
7.623294706719359937e+00
6.284890084668300680e+00
5.472890698858714487e+00
6.013278762537455080e+00
5.125422324604550717e+00
6.161403891441952219e+00
7.681474441400397701e+00
6.625434332850905328e+00
8.512220055816738906e+00
9.192348864570819345e+00
8.188978537510344324e+00
6.116803667364123953e+00
6.884097406347438941e+00
6.027090378573554119e+00
4.542914971266134749e+00
4.843091973842807541e+00
4.544149963026487882e+00
3.601070113642624637e+00
1.886598995398507395e+00
1.191579738399856536e+00
9.862607657252400184e-01
5.417396600056875178e-01
1.318536740917704009e+00
1.196991428472399255e+00
1.203547760502696518e+00
1.279490064038348418e+00
1.575437615939551561e+00
6.455386703837234785e-01
4.486304819122359788e-01
-1.807998872378963617e-01
5.431646405200322991e-02
5.361376235189796446e-02
5.540068760552638860e-01
1.703977166235058072e-01
7.630115833440695994e-01
2.036485072041652467e-01
2.260760718195345409e-01
3.729519078198307858e-01
4.153275041566067416e-01
1.033765973497684065e+00
9.669430057608721096e-01
8.939692092630135978e-01
9.867316742165990195e-01
7.646305316968425858e-01
9.243861610591602718e-01
7.046818436245139150e-01
8.010299967073029048e-01
5.519231260959898133e-01
8.103809165247349844e-01
9.666249337751185999e-01
1.280318966563523730e+00
1.361695314816354196e+00
1.015552281905556464e+00
9.912166126275754330e-01
1.125348306827639533e+00
1.051332253000930805e+00
8.404283073829224016e-01
1.259626951832244934e+00
8.222577481550537026e-01
9.656981898918607365e-01
6.792237995735711520e-01
6.762131236063010364e-01
7.643415688160231092e-01
6.029527765127319361e-01
3.369720818125115924e-01
4.520447333160028669e-01
3.305806852278092567e-01
4.652711056399994050e-01
4.486562317989120641e-01
3.356524188927128560e-01
3.790486775820334775e-01
4.745720637041949685e-01
4.076180058180166044e-01
4.449859054558107374e-01
5.030530931135293038e-01
5.754884576754277781e-01
6.140036289216976861e-01
7.201436925589108640e-01
5.462781540077984443e-01
4.842904511433807624e-01
5.043815171274074194e-01
5.208986025352607685e-01
5.212995072826245302e-01
5.054501839742882030e-01
4.339905446412339329e-01
4.242611802947063304e-01
3.856849333211307407e-01
3.648602878435133756e-01
3.168225728073073011e-01
2.874189883090914055e-01
3.241914521576376162e-01
2.175676404254320295e-01
2.415716987498917334e-01
2.974583056399996428e-01
3.141840889305557161e-01
2.888809302296568293e-01
2.387592768215062999e-01
2.459581346443114325e-01
2.372300524079387629e-01
2.818899769471133188e-01
3.337345273766959552e-01
2.727851273404033328e-01
3.065725231171441689e-01
2.578009837271791893e-01
2.663131972397481673e-01
2.773104794731369727e-01
2.987570371895933441e-01
3.127791965072529989e-01
3.476877641704219091e-01
2.988461250996545249e-01
2.782467206309781060e-01
2.340628289066996603e-01
2.190917937608493904e-01
1.965956536609730354e-01
1.857594436634263935e-01
1.975861915243719569e-01
1.737492791746351184e-01
1.975833300516481039e-01
1.774857693925310786e-01
1.339454100776798773e-01
1.278678572224888899e-01
6.439202871452677501e-02
2.539975184189570759e-02
-2.924517760151915547e-03
3.570108505393167209e-02
4.220422967184645630e-02
2.961882481608566972e-02
-2.852208988622980529e-04
-8.394627031605404049e-03
4.860671554991410903e-03
1.415423768864338891e-02
1.971304024126251803e-02
1.533794972449991842e-02
2.875687971608643576e-02
6.774585384828914203e-02
8.738141324575932067e-02
8.588980028263261401e-02
6.100572992366076058e-02
8.464063416764749936e-02
8.560829614789246256e-02
1.273229436165937700e-01
9.654443836670581480e-02
1.626741482288892315e-01
1.698816297922305374e-01
1.861556691691734211e-01
1.541864296218523889e-01
1.903944566603165689e-01
1.964967138490256171e-01
2.410245604693738164e-01
2.474283092483504087e-01
2.408405074914976574e-01
2.727615845127822625e-01
2.841001410361654322e-01
2.979964588333732234e-01
3.422691063790721522e-01
3.140110276390524202e-01
3.546532986692065847e-01
3.814980680124703261e-01
4.477538512788222236e-01
4.713549429709451566e-01
5.262442251107718461e-01
5.436322430489068935e-01
6.036863850626279504e-01
6.472319659800630509e-01
7.457132356452229605e-01
8.138702834357914861e-01
8.887048743145580243e-01
9.331808850955074508e-01
9.897971703445018754e-01
1.031949693167699467e+00
1.097702900599519360e+00
1.176179547671609482e+00
1.229231188272202235e+00
1.319308913351230128e+00
1.417191560608181966e+00
1.489666574791840947e+00
1.578832841870782433e+00
1.647033584351690783e+00
1.724769535373793294e+00
1.795445785135864725e+00
1.884464541663602777e+00
1.985953250124913083e+00
2.071255512608336957e+00
2.157017719804972256e+00
2.251053860936070627e+00
2.335365621380772971e+00
2.399531242595566383e+00
2.493790305977541255e+00
2.588747433094429340e+00
2.673667863377775955e+00
2.758239312018749168e+00
2.830280023327646166e+00
2.918004793602120728e+00
3.005715986344016155e+00
3.087005100602412178e+00
3.183203114502575204e+00
3.236375643231477639e+00
3.331636141089067582e+00
3.419361349736010691e+00
3.508351419068442834e+00
3.581174852827933908e+00
3.680962013310579817e+00
3.750444534683831765e+00
3.840675822824974883e+00
3.921428102671133509e+00
3.999768051341371145e+00
4.067000823912150231e+00
4.150351267374693620e+00
4.241334558584523684e+00
4.320370250275777479e+00
4.419408161517676348e+00
4.518379119450991688e+00
4.607564423216965466e+00
4.687947237881985529e+00
4.750618909267015688e+00
4.833240270369980607e+00
4.884866684415145599e+00
4.935723763491856708e+00
5.008196389515749303e+00
5.060897410330513324e+00
5.106697768797057613e+00
5.136347387583002799e+00
5.141623815929134089e+00
5.163640744541413419e+00
5.204158793693189011e+00
5.214547663128202615e+00
5.217933436982171713e+00
5.221302961552662047e+00
5.230436907852018535e+00
5.198263454731627320e+00
5.186527608111199505e+00
5.148737981148231668e+00
5.097310426081961054e+00
5.050811682274607861e+00
4.979252538837868336e+00
4.935392177060869301e+00
4.846200476083050823e+00
4.776442254931668963e+00
4.720249902473503845e+00
4.596689216261840016e+00
4.508473325139238597e+00
4.380261075124058934e+00
4.280799070125766548e+00
4.167242207703578671e+00
4.061604323284197626e+00
3.941216203607998292e+00
3.828328614867511526e+00
3.696463066716468404e+00
3.581393930195913899e+00
3.456123769550035973e+00
3.342661240060396999e+00
3.227277363449790215e+00
3.096186448575720451e+00
2.978936695748189312e+00
3.019394208704892169e+00
2.911569742812896155e+00
2.835656661696176251e+00
2.773894564473313729e+00
2.721868653581033470e+00
2.702934061690712486e+00
2.737893726927035587e+00
2.761321180265198905e+00
2.839870730080984451e+00
2.945894404365594355e+00
3.066069341628355982e+00
3.209072834832941812e+00
3.386020096809760904e+00
3.589073751376550714e+00
3.835624818524007384e+00
4.088912793580886884e+00
4.358969255257369113e+00
4.652477575375942642e+00
4.946750283377674862e+00
5.285931988260470504e+00
5.624128972696599504e+00
5.812637010502216484e+00
6.183271739310147730e+00
6.491171480259688487e+00
6.827494155143325472e+00
7.128747797296048461e+00
7.417991429076164600e+00
7.671238562617402224e+00
7.935980527422728414e+00
8.167109800557676991e+00
8.379463673201449581e+00
8.564509850455896967e+00
8.717207222154792490e+00
8.823364365953679567e+00
8.912338779366956842e+00
8.971892528708023562e+00
9.026334498313344668e+00
9.011715083256572001e+00
8.979658955151935018e+00
8.935970915629175337e+00
8.883100683765498218e+00
8.802528035878484758e+00
8.715604107150427993e+00
8.561250950613590760e+00
8.446651024652735984e+00
8.296514243247107956e+00
8.161565981483764887e+00
8.017894959196317117e+00
7.861761201301029622e+00
7.662308766350397704e+00
7.520056585171521313e+00
7.305514206099974039e+00
7.092382449946009970e+00
6.867903423054658063e+00
6.658382808732585367e+00
6.451616313171008699e+00
6.218408523696245638e+00
5.984209500531843418e+00
5.790755177003800824e+00
5.567357381848273334e+00
5.393176028063050964e+00
5.193748119022244758e+00
5.021127223372518600e+00
4.809739780759720418e+00
4.643258075906457449e+00
4.492244990066844856e+00
4.376945021657471457e+00
4.258248058525552437e+00
4.122171074739548580e+00
4.007661577854941370e+00
3.930157267823168432e+00
3.782430696366873679e+00
3.731352404057608485e+00
3.706984190270989910e+00
3.701296244560287274e+00
3.619357740560495973e+00
3.561049727519129959e+00
3.506866714023130882e+00
3.455902777471848708e+00
3.424563672260619196e+00
3.463716400591873690e+00
3.439040226982813753e+00
3.447481072078571351e+00
3.384733034352816361e+00
3.415404592350410606e+00
3.491963391385699556e+00
3.522987835559562075e+00
3.560767287793993763e+00
3.631057056548426587e+00
3.633134774919701382e+00
3.717056537488079737e+00
3.802396307439795287e+00
3.855112020963066044e+00
3.916312778152238216e+00
4.003024804417212756e+00
3.941900100972294485e+00
4.071018308036679301e+00
4.216402439472641817e+00
4.326809457873666886e+00
4.407312158826005799e+00
4.491313629469547486e+00
4.551253124671636563e+00
4.759122317710928307e+00
4.728621594264986960e+00
4.843979247147544243e+00
4.889980089842691946e+00
5.029723615801463765e+00
5.079665297739467178e+00
5.129055931455175354e+00
5.144443440226083020e+00
5.177307235858399359e+00
5.203375403490984930e+00
5.236798859159268460e+00
5.368484309498453122e+00
5.412041219220918187e+00
5.434277141826726165e+00
5.628672955648726273e+00
5.617971842145984773e+00
5.673099060014455297e+00
5.792525028781754237e+00
5.972791415771615320e+00
6.028581409605492603e+00
5.988383736119369694e+00
5.862716161400206794e+00
6.019068319301863035e+00
6.136619919231939946e+00
6.335791334362685490e+00
6.264735435866469082e+00
6.363725205467492430e+00
6.346262427844307830e+00
6.353632256071765738e+00
6.448417397320340250e+00
6.579307381338024285e+00
6.615529196755465691e+00
6.611285323202253039e+00
6.621894889337837320e+00
6.638944627308792867e+00
6.604636010732755302e+00
6.628207002509330259e+00
6.733247931673363773e+00
6.701665809539669283e+00
6.616066883137938781e+00
6.785431976781401531e+00
6.885169370722951321e+00
7.049299256809789860e+00
7.134298540368758879e+00
7.032446154975833252e+00
6.685259565716187069e+00
6.735520925146299298e+00
6.551602470817460500e+00
6.386050345986479471e+00
6.409080953939613856e+00
6.215828013275577213e+00
5.986141398757435006e+00
5.801656654786840228e+00
5.618406349311218406e+00
5.404138700359482073e+00
5.176701910510027815e+00
5.207288727154823604e+00
5.154100481037525938e+00
4.918609553526012590e+00
4.588962294237187045e+00
4.433182007552471937e+00
5.343233991766351387e+00
5.233093418673743003e+00
4.944647141970350823e+00
4.616584343355066622e+00
4.518673885347575414e+00
4.569204457953891740e+00
4.188445914012197235e+00
4.177652934811321828e+00
4.242097330169127822e+00
4.145642212418700012e+00
4.256121401494509904e+00
4.354843722211902524e+00
4.419906749950710534e+00
4.540298811219662944e+00
4.331457555761301315e+00
4.303664724546863773e+00
4.193883831746326507e+00
4.036401811367433368e+00
3.819852786624477137e+00
3.971834570903106876e+00
3.848963939636223852e+00
2.604320126573045346e+00
2.292708619569198802e+00
2.340224954155666115e+00
2.416568085400644161e+00
2.259855032405574171e+00
2.410782628919958981e+00
2.582984804449865113e+00
2.634748730788746052e+00
2.224616660149866476e+00
2.252195766127778498e+00
2.071966628474744887e+00
1.997042277877487892e+00
1.913339545388862861e+00
1.674363155234623202e+00
1.796644418363832152e+00
1.814804860984850832e+00
1.415515596068159798e+00
1.348680102923031976e+00
1.069099666797922898e+00
9.048394020212340294e-01
7.029389414686649795e-01
6.144166270525025508e-01
8.241341911721058455e-01
8.408428730887040903e-01
3.036769376444506396e-01
3.029673590899259472e-01
3.174573649442913870e-01
-4.374041545094828343e-02
-4.258549084353082659e-01
-3.254819658298502283e-01
-3.918792602162375349e-01
-2.989105026222421690e-01
-7.017579060469261165e-01
-5.713705616367759088e-01
-5.931514469459764349e-01
-8.241659502181729602e-01
-6.009644869120520649e-01
-6.413071243755416040e-01
-7.358383741405223333e-01
-8.103485057072170594e-01
-4.990724745708396415e-01
-4.034023939697624073e-01
-1.094029859488841350e+00
-1.553983700729135942e+00
-1.222541401073667711e+00
-1.026596363191586203e+00
-1.548724797301212153e+00
-1.549957251164291616e+00
-8.131079602990882726e-01
-1.115172081864227449e+00
-1.484097025051473562e+00
-1.727009429169915844e+00
-2.026274793687020903e+00
-2.404729693014524106e+00
-2.764300186603966480e+00
-3.453819405546609822e+00
-3.215011001085944731e+00
-3.954358101305421869e+00
-4.411257170052877541e+00
-3.916469375725899482e+00
-3.668583971841963720e+00
-3.932099536502510873e+00
-3.534181618872807018e+00
-3.361295892033187016e+00
-2.999312271906119598e+00
-3.180229472709180882e+00
-3.548949170609192461e+00
-3.146854902826341949e+00
-3.604321101082673007e+00
-3.878841139229107782e+00
-4.025243637316294532e+00
-3.312232771570075229e+00
-3.397525560339711426e+00
-3.158044074883592955e+00
-3.079599809552886036e+00
-3.570309502886619413e+00
-3.431627820354764324e+00
-3.583517618349174150e+00
-3.313442154263716688e+00
-2.862530013989144084e+00
-3.546207342115599737e+00
-3.408821500135378102e+00
-3.815621584799459676e+00
-4.194228760158277503e+00
-3.868242383337797907e+00
-4.419824589511500257e+00
-4.699834643124884970e+00
-4.180261282134196676e+00
-4.800734429239042811e+00
-4.991478762847480155e+00
-5.493759658477293861e+00
-4.512217238076274839e+00
-5.025192285799625402e+00
-4.979894818880033824e+00
-5.562800754170694972e+00
-4.841192444695241903e+00
-5.075797781182382451e+00
-4.673615175787404930e+00
-4.969684282444227108e+00
-4.802066093951070869e+00
-4.863838762889653111e+00
-4.709792658288357359e+00
-5.030011638383912853e+00
-5.265553722927121427e+00
-5.609808914598483298e+00
-6.046686629857618733e+00
-5.930095488994069797e+00
-6.361350933317780232e+00
-5.687412062295904569e+00
-5.078130236693943367e+00
-5.932447251925442089e+00
-6.092477515185930947e+00
-5.999068194099863582e+00
-6.255925234008957503e+00
-6.022490750320506514e+00
-6.273436790056033274e+00
-7.312652464761780990e+00
-8.226479608002062349e+00
-8.140771025539352834e+00
-9.204894870948415075e+00
-9.899771697783485536e+00
-9.658797374014010728e+00
-1.055124061874886010e+01
-1.059444976395888816e+01
-1.030316738751004202e+01
-1.016918896971848874e+01
-9.989712658061080219e+00
-9.781551845123095390e+00
-1.040017638180810522e+01
-1.213463620956221867e+01
-1.206101960627849401e+01
-1.210375769893464515e+01
-1.265890007355600844e+01
-1.352005149130949313e+01
-1.552569942104616274e+01
-1.457385205321108046e+01
-1.601607885226506767e+01
-1.522304422517962408e+01
-1.296426927977230115e+01
-1.344727531675860455e+01
-1.143609789608471061e+01
-1.056882148795303955e+01
-1.259905494995573250e+01
-1.147999282094608731e+01
-1.145083371656408211e+01
-1.051626301119205742e+01
-1.095966439604902476e+01
-1.252867977750484130e+01
-1.250251153181417152e+01
-1.296006711819585711e+01
-1.114599392542384138e+01
-1.228784375073722046e+01
-1.137156003382432701e+01
-1.124184257325370773e+01
-1.138463067759419189e+01
-1.013995732845483566e+01
-1.145656428045657194e+01
-1.066678543701618409e+01
-8.433431451515254196e+00
-9.992005161815207259e+00
-1.128287072864688767e+01
-1.316999567449417263e+01
-1.564154695312554111e+01
-1.283689701923938564e+01
-1.488139268074079702e+01
-1.468869886831874538e+01
-1.592081578034152045e+01
-1.545312413657111605e+01
-1.696086762390061864e+01
-1.955140246026615714e+01
-2.366416186483110096e+01
-2.923987895577337071e+01
-2.455330822326636309e+01
-2.736088528768601336e+01
-2.800539847865472254e+01
-2.852235509990231677e+01
-3.100299736950598017e+01
-3.347381952210960065e+01
-3.693311675878267408e+01
-4.596743636616825057e+01
-4.645757908411394510e+01
-4.893438899795869190e+01
-4.889796042639655127e+01
-4.864049022742536721e+01
-4.682741965357851655e+01
-4.529176582056000910e+01
-5.055183017183022542e+01
-5.189932220833819088e+01
-5.783870554293059740e+01
-6.056931160262951153e+01
-6.882362708817623798e+01
-6.751647220171440722e+01
-6.911896100010224586e+01
-7.423550696133932547e+01
-7.203387126648813421e+01
-7.481823539839966486e+01
-7.577172189769277111e+01
-8.578942470760543415e+01
-8.074883823602573329e+01
-8.308848437032723666e+01
-8.077528415737130274e+01
-8.232036618313030374e+01
-8.157686945620157815e+01
-9.281226507168747730e+01
-9.606404507122749692e+01
-1.002621040190028907e+02
-1.051435839306327722e+02
-9.371674263901765300e+01
-1.146249698618624535e+02
-1.255120089657716562e+02
-1.287085305690534938e+02
-1.374190175842517192e+02
-1.397680910984381057e+02
-1.445496745568076165e+02
-1.474499028005213006e+02
-1.839141273565290362e+02
-1.875350858791253472e+02
-1.951994250514251235e+02
-1.814879362654072281e+02
-1.845881979317169055e+02
-2.625594531585517188e+02
-2.376209593097335073e+02
-2.304554208754244655e+02
-2.383436856769197618e+02
-2.285564840629953665e+02
-2.411833351248390329e+02
-2.755589013879059053e+02
-2.934985248466363146e+02
-3.123614555372647601e+02
-3.006057885168930284e+02
-3.809527944759150273e+02
-4.030183439877337719e+02
-3.907338747317452317e+02
-3.863852051469733624e+02
-3.622103835188732432e+02
-3.823803805576771992e+02
-3.735677746614476291e+02
-2.222046709626874303e+02
-1.964899869953339930e+02
-1.965077483349135150e+02
-2.196651139732506977e+02
-1.452099433452565052e+02
-1.390963822007020099e+02
-2.137134018542535330e+02
-2.668569130187570408e+02
-2.713491298806177383e+02
-2.796620368004616921e+02
-2.478161521640635954e+02
-2.387092546216680375e+02
-2.882717486386715109e+02
-5.444646712377289077e+02
-4.470521808217769149e+02
-4.155669646063202549e+02
-4.080875096388637644e+02
-4.058334644844004515e+02
-4.187547877859112759e+02
-3.940448230745377032e+02
-3.654425368919080483e+02
-5.088940197075462493e+02
-5.249140376906175334e+02
-5.247682706064608738e+02
