1.748490292516374893e+03
1.776555430556411011e+03
1.784548290554007281e+03
1.824134020766662388e+03
1.866956478193159455e+03
1.923896143544881852e+03
1.929692049203483975e+03
1.949112740618081716e+03
1.973313964414994416e+03
2.030163572072862280e+03
2.064765047092440909e+03
2.072249152399744162e+03
2.097702357897250749e+03
1.115511227877737156e+03
1.073005228501117699e+03
1.158219124926114091e+03
8.045328299710773763e+02
7.781770501417369132e+02
1.006298800031013116e+03
1.139157269496231038e+03
6.878327866393597105e+02
6.328165509436407774e+02
6.794305287313802637e+02
7.066197821423094183e+02
6.948814105730261872e+02
6.832336568614352927e+02
6.353946202117928124e+02
6.346682999399479286e+02
6.418821393542241367e+02
6.520011513572602553e+02
6.115367868665795186e+02
5.891497072608125336e+02
5.913180611047264392e+02
5.172713198031758566e+02
5.015292927369686140e+02
4.643878247818002478e+02
4.608729203535198735e+02
4.612535474566305425e+02
4.543941242682606685e+02
4.728170203434947894e+02
4.822985486673055107e+02
5.661678783665123547e+02
5.815806534502986551e+02
6.089518661570600671e+02
6.002439821027779772e+02
5.929280541880502824e+02
5.776463524090916053e+02
5.912343332283750215e+02
5.907809657920274731e+02
5.965796275447049766e+02
5.866245529184762972e+02
6.064586722710939739e+02
6.273309506700755946e+02
6.184802677353403624e+02
6.078601299377721716e+02
6.090572074429418308e+02
6.049438017118272910e+02
5.957059153195494901e+02
5.931430319598421192e+02
5.908015347622417721e+02
5.664413237571206992e+02
5.881877694785989661e+02
5.495866618959919379e+02
5.155876634731981767e+02
4.239253685398871880e+02
4.011906885453830682e+02
4.323742685674591257e+02
4.343574082349481387e+02
4.252226215700368925e+02
4.241564474946497967e+02
5.080855379796880698e+02
4.992565988468063551e+02
5.101991709466475982e+02
5.230417012433285890e+02
5.588805421824333735e+02
5.410829777639387430e+02
5.414991967785507541e+02
5.308135986466697886e+02
5.290195356449765995e+02
5.214637912674382960e+02
5.101594896723996158e+02
5.210289929073734356e+02
5.005982880255766077e+02
5.125373413186052858e+02
5.061871844907367404e+02
5.138130497417880633e+02
5.195013047381445404e+02
4.768910720643360719e+02
4.645156254656322972e+02
4.692386054290644211e+02
4.571616132440717593e+02
3.630561276033336071e+02
3.631402348436069474e+02
3.271530087720702795e+02
3.050856434290150219e+02
2.653562726163431762e+02
2.480843276805082098e+02
2.501072822631665815e+02
2.561906700451000347e+02
2.630944539790834824e+02
2.568650017906546168e+02
2.662885569265037020e+02
2.482294493331471870e+02
2.692923320992002800e+02
2.693188301850320272e+02
2.656775384410031506e+02
2.560728654597858736e+02
2.375754009158197562e+02
2.659995307443542174e+02
2.672366692340584677e+02
2.754057522974652557e+02
2.873266440614829094e+02
2.845600144916518275e+02
3.330920596204753110e+02
3.357921538971518203e+02
3.130000845699553906e+02
3.194568111223377969e+02
3.255120438585516354e+02
3.107669092267618112e+02
3.324591357019887710e+02
3.382245282049652815e+02
3.286588375203446617e+02
3.143587999763715857e+02
3.233926000317664489e+02
2.884314562478390940e+02
2.772777957581998862e+02
2.871423732601355141e+02
2.844767350435331537e+02
3.030294622690645383e+02
2.618960524066305879e+02
2.741717116319948104e+02
2.504139393734601526e+02
2.444890642864100698e+02
2.550154177653961654e+02
1.945928111822680080e+02
1.916101978685549625e+02
2.036657398475957734e+02
2.031489766707686613e+02
2.109116981415577357e+02
1.993952769810307188e+02
1.882830201054737529e+02
1.836853821912837930e+02
1.932222517883307944e+02
1.694774706795671477e+02
1.698361630103822506e+02
1.605354387687122824e+02
1.641693934160011281e+02
1.449852930413078980e+02
1.384360873391532039e+02
1.378193125913634560e+02
1.511322019144351998e+02
1.359497615213613244e+02
1.296580555411248667e+02
1.406727291253683632e+02
1.178317710685480648e+02
8.562939242412940644e+01
3.609735854917235542e+01
2.438340069659897935e+01
1.843963685287364029e+01
6.987305104822526758e+00
1.828342190881117801e+01
2.678930286574700403e+01
5.666035733933952656e+00
1.754632682763936558e+01
2.811501730888905826e+01
1.632059791641517776e+01
1.921023690586623900e+01
2.163168057209295725e+01
2.211765878229019577e+01
2.711769346299712424e+01
2.653447817955434118e+01
1.799298323011906220e+01
2.031981180848163149e+01
3.056013807284095662e+01
3.037045119681595651e+01
1.919920148502220769e+01
6.096339249759088119e+01
9.595087730648747026e+01
1.001809193896016694e+02
9.641049834388186923e+01
9.197006410376333463e+01
8.214420158824400175e+01
6.285524885521596161e+01
7.771497837684150056e+01
6.244094269721782808e+01
7.082899743721421260e+01
6.601065081102780141e+01
7.491814228148388111e+01
6.507219261206876126e+01
6.173542482152916477e+01
5.676885654182873964e+01
5.046039716709670131e+01
5.048898038708414049e+01
4.418137603521293499e+01
4.075918878782327681e+01
3.407633120177401054e+01
4.109380130965296019e+01
2.761947092587408648e+01
3.277179414528620782e+01
2.650049780582338954e+01
2.094139138125553146e+01
2.003512637673431840e+01
2.179308795685211564e+01
1.902512116151207522e+01
1.384704953590983934e+01
1.325378368502740578e+01
1.455980847833075131e+01
1.357284383705028930e+01
9.189618434051530116e+00
1.459983732317960836e+01
8.515030996396397711e+00
8.311584741753971883e+00
7.657369976284190471e+00
8.288949003923402614e+00
7.951683985159125889e+00
5.048183378908228214e+00
5.221843416466239063e+00
1.442260172491421022e+00
2.265004222955412594e+00
1.710099135662941805e+00
3.674443141223126652e+00
5.362843873951494977e+00
5.662461416899025934e+00
5.807094325948494173e+00
5.207738329456643278e+00
5.559794295445108503e+00
6.417768347095460513e+00
5.367713217157526806e+00
6.581196437070283345e+00
7.566881157844145278e+00
6.948026139857208960e+00
8.637452139854861599e+00
9.377581409745447516e+00
8.308639609634012047e+00
5.865979768092579150e+00
6.284474035473401443e+00
5.384930539702902585e+00
4.224604527821984590e+00
4.786240834853564330e+00
4.555217050666731105e+00
3.607966424213639112e+00
1.999310164139272539e+00
1.476969149753890154e+00
1.178331136210241104e+00
9.659650841370579499e-01
1.557248223515822705e+00
1.259972238742441464e+00
1.009284106088024657e+00
1.102228146699933520e+00
1.450192255481524306e+00
5.302852475490910100e-01
2.103946893382144800e-01
-3.892181259061687770e-01
-2.415315034647238512e-01
-3.364941947515213139e-01
2.935399827938046102e-01
2.611721640899531960e-01
9.220008992933379499e-01
5.143586151057241151e-01
5.538364688257021440e-01
6.904612656828574835e-01
6.512292044074986519e-01
1.107086542470111512e+00
1.042798318406998437e+00
1.032745331838992087e+00
1.140854124846347517e+00
8.930423455624407758e-01
8.810488274945869058e-01
7.326695139886053587e-01
8.992173131348304427e-01
5.779454798866718868e-01
8.834828628565993824e-01
1.122005355364942725e+00
1.551718310396282163e+00
1.674248558859991576e+00
1.482024444535663399e+00
1.446313001891232464e+00
1.481608223007272906e+00
1.417224887379425091e+00
1.165112013057828966e+00
1.502116338498154402e+00
9.754624562943430277e-01
1.070700870859174536e+00
8.953551327207942556e-01
8.679774554533018494e-01
8.849020687234930849e-01
7.375414825418498133e-01
4.802706860028758684e-01
6.482911124568568884e-01
5.264066629614301274e-01
6.218770639449523463e-01
6.164568441703066615e-01
4.668591820401530312e-01
4.849124511922914271e-01
5.784184422055878017e-01
4.907783906074092428e-01
5.414256933184269371e-01
6.228857037509444305e-01
7.125457002164865550e-01
7.070091844913073409e-01
7.549053925824713573e-01
5.530146544943720377e-01
4.974408817847274511e-01
4.877428471623370676e-01
4.558657042338276066e-01
4.236267940077700356e-01
4.407578971732562523e-01
3.601186072274201178e-01
3.536776083479440391e-01
3.046970239168845795e-01
2.657939410873009223e-01
2.292249179125333547e-01
2.282771071865299095e-01
2.941618631137042916e-01
1.865817335030159618e-01
2.224863748297465915e-01
2.921262660114497534e-01
2.988388010012437701e-01
2.965811957934672005e-01
2.779550065687274030e-01
3.350648349149121241e-01
3.930130735201867731e-01
4.975834853251565604e-01
6.055427585680260849e-01
6.296234060548032696e-01
7.503278287509412836e-01
7.901364212536103881e-01
8.781539210220405955e-01
9.730641854335996266e-01
1.084351200701235252e+00
1.203785690461842472e+00
1.357035460287469908e+00
1.428408949217610857e+00
1.505686911190581290e+00
1.571199547120897044e+00
1.688439085672565731e+00
1.803694965687172580e+00
1.932169144056535171e+00
2.092450193311018225e+00
2.226232975641773582e+00
2.411449250730010263e+00
2.533981164472865366e+00
2.641948708411084645e+00
2.783890399317829889e+00
2.862830375251635751e+00
2.977096313662849436e+00
3.108118044729194285e+00
3.295359650117693384e+00
3.440227231772292615e+00
3.575068516730218526e+00
3.682783114507133249e+00
3.789067357083558019e+00
3.915048358484264135e+00
4.047929441665994332e+00
4.170821895310579563e+00
4.275441410571741763e+00
4.388935823276432835e+00
4.508960054890019720e+00
4.618914413561403975e+00
4.713131623958985550e+00
4.776284637942581845e+00
4.889182673823794900e+00
4.994514323729604577e+00
5.145467990684167603e+00
5.232650024853580106e+00
5.426039128432284642e+00
5.553333082083808492e+00
5.685243342614960227e+00
5.790374330897482658e+00
5.964457971916358403e+00
6.099439697874115218e+00
6.284109763527773396e+00
6.434307051442061720e+00
6.578055145546471749e+00
6.741498861757784233e+00
6.890108193639189693e+00
7.042133260711068488e+00
7.218144257990426027e+00
7.330327111520912098e+00
7.511471283826088197e+00
7.669937754161751720e+00
7.853173105350413685e+00
7.995806042596163898e+00
8.151579727617901838e+00
8.256252149743446012e+00
8.394083011983214604e+00
8.508246414947631564e+00
8.665392823697093405e+00
8.784843203177420179e+00
8.898889505351156970e+00
8.976345665041799649e+00
9.068367442553020297e+00
9.134059280234071210e+00
9.224611688895278050e+00
9.318705354672589536e+00
9.385232400749663029e+00
9.489746160065061886e+00
9.599578678464993686e+00
9.683862010555301936e+00
9.764410205675046583e+00
9.811023395078501963e+00
9.870206631198358949e+00
9.923662386291921322e+00
9.976555841015363413e+00
1.003871838016341478e+01
1.007711322352309580e+01
1.011276752863862072e+01
1.014124323751386036e+01
1.015647710782866930e+01
1.014446076278216857e+01
1.014803268608494058e+01
1.014724843689735501e+01
1.012299800834868435e+01
1.009442020522172889e+01
1.004270776331354043e+01
9.998568184451540830e+00
9.952511457788435933e+00
9.883126546551233460e+00
9.825175845946651165e+00
9.715447360345235595e+00
9.654792673365333755e+00
9.580413931410335593e+00
9.498771160346812792e+00
9.407802964232388376e+00
9.338442478484266118e+00
9.245169308901925120e+00
9.173836191554240571e+00
9.094983794418274314e+00
9.018198137045430940e+00
8.932224293959578176e+00
8.861375291286577749e+00
8.800334162084990197e+00
8.730582731359341153e+00
8.680999037127214990e+00
8.626397458418736619e+00
8.567766579850037090e+00
8.488030316751514093e+00
8.383586502158856035e+00
8.299684238893643595e+00
8.174420311963544350e+00
8.046827098187266714e+00
7.927704964315991809e+00
7.785341371123950971e+00
7.629675684019820991e+00
7.445757338644203749e+00
7.240100705538628389e+00
7.044614720018026688e+00
6.866544546896381718e+00
6.659287173545917149e+00
6.443902555761448880e+00
6.233337175411351794e+00
6.033394220651224771e+00
5.803667019517034120e+00
5.593873173458696613e+00
5.369791551106072092e+00
5.132408963908963173e+00
4.904524978825429038e+00
4.673754416829550173e+00
4.478994460788452869e+00
4.246239140129079104e+00
4.051125363799767065e+00
3.877432554774561169e+00
3.650293919928709663e+00
3.467647627893195583e+00
3.267442849061411803e+00
3.102695456004207042e+00
2.934418452806173416e+00
2.785264568388490680e+00
2.626458701194891887e+00
2.478244477172389715e+00
2.322291672886742653e+00
2.183880337122467985e+00
2.041758179150509722e+00
1.912252657343489703e+00
1.784883879435675835e+00
1.646574033196579689e+00
1.527590178835884993e+00
1.573268631144200569e+00
1.464923357697516471e+00
1.392442836604993017e+00
1.351624052279390753e+00
1.313681724037494281e+00
1.308697154991704803e+00
1.376046964173923914e+00
1.441953613367040754e+00
1.569728764248278452e+00
1.748281408153438798e+00
1.974065115420821526e+00
2.252815679208913124e+00
2.606713131539486028e+00
3.022911885780259933e+00
3.536081426000744710e+00
4.097429144620237551e+00
4.730062757370305349e+00
5.429985716891061465e+00
6.180226852882802824e+00
7.020775165220591418e+00
7.898871414184561957e+00
8.658356272886997829e+00
9.628829027697143772e+00
1.057314767936357747e+01
1.155402367794023100e+01
1.252759326851562705e+01
1.350684402270103668e+01
1.444342084930052650e+01
1.539381877228435691e+01
1.630459256861485073e+01
1.718701664609668001e+01
1.800825013837637201e+01
1.876530818959291480e+01
1.943541254110655814e+01
2.004690162000376219e+01
2.057554227593244889e+01
2.104487663001512487e+01
2.137617079657531960e+01
2.164266402288641444e+01
2.183600321783743681e+01
2.196591988526831685e+01
2.201565696485066326e+01
2.201078035474324324e+01
2.190876232476404084e+01
2.178653235888045714e+01
2.160341999210091757e+01
2.139868359716860979e+01
2.114401367119100783e+01
2.085765405800532690e+01
2.049876406843475962e+01
2.017207988371677629e+01
1.973756779958666385e+01
1.928952151295516160e+01
1.879422285363848033e+01
1.829683709318600648e+01
1.778786048396371910e+01
1.724665843439494139e+01
1.670236699233320365e+01
1.619602552809849527e+01
1.565811219696920276e+01
1.516527887744725511e+01
1.464985298786691814e+01
1.418598124884856482e+01
1.369996037717159965e+01
1.324394922830500043e+01
1.283155410802745422e+01
1.245829735081461109e+01
1.209848418750608090e+01
1.174516377969947811e+01
1.141270529538753564e+01
1.112570409887591438e+01
1.081136273174059781e+01
1.062331043372781281e+01
1.044083151872190385e+01
1.031597232483729343e+01
1.013017994695475288e+01
9.979628112197840295e+00
9.846789346919045727e+00
9.722598484132252139e+00
9.646365168775730581e+00
9.638460355442642680e+00
9.591729095501323243e+00
9.561203414990123051e+00
9.467755054910146129e+00
9.473613276241298564e+00
9.553538265141714447e+00
9.598227084343855964e+00
9.641188235589853051e+00
9.697354175281910571e+00
9.683843770624278591e+00
9.774089186916910421e+00
9.893940626265644411e+00
9.949710322978637222e+00
1.000793659086073895e+01
1.011709346969641743e+01
1.007541531020853753e+01
1.022506405655466288e+01
1.037866831718591776e+01
1.051745441094754163e+01
1.065627921237252274e+01
1.074237984591125361e+01
1.084592546492745946e+01
1.107589958102176908e+01
1.108541730625491084e+01
1.126548794079523041e+01
1.133352183874840691e+01
1.151142508351147598e+01
1.159366667730341760e+01
1.169898201215187328e+01
1.176661960539170337e+01
1.190187314268162844e+01
1.199086268091040353e+01
1.205263271592526131e+01
1.223888991202033871e+01
1.234308182219093908e+01
1.242984884131261580e+01
1.270086726799584120e+01
1.279028677214821919e+01
1.299928220780027743e+01
1.324026564230385539e+01
1.347123750551251042e+01
1.364467673900553635e+01
1.371873138320616548e+01
1.370633953110867331e+01
1.393297685250190376e+01
1.409909552862016469e+01
1.443035875875352936e+01
1.442445076385456204e+01
1.460641989904341997e+01
1.466021603744233737e+01
1.480477489153742710e+01
1.495458489142604819e+01
1.516495074564719658e+01
1.532386028578277326e+01
1.540584536009392025e+01
1.545476430416773717e+01
1.557971890786109270e+01
1.565284725655039111e+01
1.569264891972877862e+01
1.580508272093040745e+01
1.574339083880432710e+01
1.571970212648998277e+01
1.582937109309366441e+01
1.586932612037109891e+01
1.602955580608418273e+01
1.607565342114361684e+01
1.594392649251459027e+01
1.544787409712966841e+01
1.542820663818132942e+01
1.510636803915955895e+01
1.480417393845942797e+01
1.460428993734896785e+01
1.420140173404049655e+01
1.375461880620285804e+01
1.327751890796013079e+01
1.284682704969683975e+01
1.237316185826561465e+01
1.186176360657701778e+01
1.161307554436360689e+01
1.130322013646084045e+01
1.081258689171547260e+01
1.024184456748843353e+01
9.865950240929523218e+00
1.057314129612140086e+01
1.022608806004831905e+01
9.642558035638241876e+00
9.153260872205391863e+00
8.840716529843271942e+00
8.747208621223897751e+00
8.216203174820792654e+00
8.084303862819229636e+00
8.004663862699672450e+00
7.804200488423930437e+00
7.762851106555356928e+00
7.756496830173150947e+00
7.776869649318110866e+00
7.762567368811846613e+00
7.563193416276181580e+00
7.467974255021132102e+00
7.275136967230956486e+00
7.044873915954460664e+00
6.773263042772315501e+00
6.842129925010478786e+00
6.548537315725499575e+00
5.204359018808333737e+00
4.870909744214626080e+00
4.895225855200246556e+00
4.869781062246320680e+00
4.622795299382344680e+00
4.714756089198796296e+00
4.808024471241994391e+00
4.733962483565255397e+00
4.255956496437595327e+00
4.291804975728826577e+00
4.083567099389847854e+00
4.008817153717139981e+00
3.824992753790962929e+00
3.623883847529630664e+00
3.702482961345888945e+00
3.605407087042290737e+00
3.190352204948119663e+00
3.160231000496089848e+00
2.726901831998040926e+00
2.509162254655886493e+00
2.344835926583747288e+00
2.304526274454089307e+00
2.470941998566206887e+00
2.531416792502345636e+00
1.958766399344494147e+00
1.953251679204680347e+00
1.958652927227982898e+00
1.595309919312480007e+00
1.247874617406822706e+00
1.322087324299835887e+00
8.798334483290893848e-01
8.845423873169471207e-01
4.553759391633229736e-01
6.143046680359192102e-01
4.998110795842348186e-01
1.018249791456534714e-01
4.012912649857053871e-01
4.543196935915879697e-01
2.717918201200910655e-01
2.134711229663901477e-01
4.494390871679553312e-01
5.568654886883858124e-01
-2.460687684114877261e-01
-8.221076271363083610e-01
-6.242609528586375855e-01
-3.815340089620609110e-01
-1.016534164047458333e+00
-1.137780955367814650e+00
-5.781413191395141649e-01
-9.221952119178452589e-01
-1.249660559541540650e+00
-1.380498537887333121e+00
-1.693297846765573045e+00
-2.173465111680475736e+00
-2.573842121657220705e+00
-3.208371179511767757e+00
-2.869409702178409294e+00
-3.737703747164521140e+00
-4.341928602201901022e+00
-3.998771582671079905e+00
-3.695619539073398130e+00
-4.069566086765055601e+00
-3.931313735209120974e+00
-3.787407902969971651e+00
-3.511847152248265935e+00
-3.984721712770678437e+00
-4.444603007899297076e+00
-3.951258796459526934e+00
-4.429485199553309549e+00
-4.749530895870716307e+00
-4.894467811375275978e+00
-4.174987991100868712e+00
-4.344956687199089451e+00
-4.215338698978966292e+00
-4.017727202438799772e+00
-4.226187754348034176e+00
-4.244838293728226297e+00
-4.472876029268952891e+00
-4.060245001697489364e+00
-3.588784836604657524e+00
-4.152834848314104654e+00
-4.111191736149870657e+00
-4.557579216820981216e+00
-4.829750223651026353e+00
-4.300367667807467598e+00
-5.034705894780330482e+00
-5.143153073097480821e+00
-4.651716412913653897e+00
-5.273529256920567398e+00
-5.546285256552194731e+00
-5.981734120996970105e+00
-5.151978971911779226e+00
-5.880399579053706915e+00
-5.648780260573682099e+00
-6.000778434652582760e+00
-5.256521024063181002e+00
-5.572988111533715205e+00
-5.233233402467237561e+00
-5.609086498849715774e+00
-5.472399776863790422e+00
-5.691892038481939586e+00
-5.387550075883313028e+00
-5.911606611643005493e+00
-5.936064983271198692e+00
-6.148702840375821488e+00
-6.621773799313254827e+00
-6.073191013473277167e+00
-6.058996555833552122e+00
-5.112289635321615400e+00
-4.524338310957014997e+00
-5.401843631177896121e+00
-5.442808627790581610e+00
-5.317561614061864894e+00
-5.181553290471609508e+00
-5.127916475812688724e+00
-5.565628426731063172e+00
-6.560499698299762983e+00
-7.731509804825557275e+00
-7.643582939338876336e+00
-5.848213831518924266e+00
-6.681173536779724031e+00
-6.306192514370785318e+00
-7.090669579423163782e+00
-7.099922364607500924e+00
-6.515310665706084414e+00
-6.461863573059107857e+00
-6.378210934410592614e+00
-5.897370173549049355e+00
-6.958051468093174208e+00
-9.085535091416888420e+00
-9.325270996454342765e+00
-9.175278764483884686e+00
-9.710149161742727131e+00
-1.020089959843620697e+01
-1.256578481278875969e+01
-1.177753677082147910e+01
-1.310507167320366761e+01
-1.225793383431484429e+01
-1.037509126105224233e+01
-1.101692672523598837e+01
-1.176637302317685041e+01
-1.064744464769552046e+01
-1.238433507333311034e+01
-1.173573073110840603e+01
-1.153209135440468458e+01
-1.118659263439865370e+01
-1.170621595386994684e+01
-1.330093012475787795e+01
-1.338058573817188623e+01
-1.324499724346646801e+01
-1.195683672394905983e+01
-1.336189076619991845e+01
-1.240062789294987411e+01
-1.242222273036194835e+01
-1.246492068378334217e+01
-1.106723057961383461e+01
-1.168620239632410929e+01
-1.076387677282595412e+01
-8.716605263841747941e+00
-1.013120299016611803e+01
-1.108167269777813502e+01
-1.265339604370926274e+01
-1.546695303056219295e+01
-1.296758967238163684e+01
-1.478208011519462950e+01
-1.481591966177752973e+01
-1.578911182877020281e+01
-1.464288847977197960e+01
-1.572922434258288149e+01
-1.781526846722626090e+01
-2.260608598657832857e+01
-2.661070619349166577e+01
-2.031955650271133607e+01
-2.472712372424141947e+01
-2.500393991822682693e+01
-2.535104457610677287e+01
-2.746185592579338675e+01
-3.083737132123334135e+01
-3.586333924799478012e+01
-4.514636487924592245e+01
-4.566100018856075593e+01
-4.725317567460307799e+01
-4.740206323047730308e+01
-4.792909984324354866e+01
-4.693610655918198660e+01
-4.686020552766120773e+01
-5.006399697711781727e+01
-5.113712189493141835e+01
-5.781524317425821380e+01
-6.134841432356776636e+01
-7.249141029716844287e+01
-7.292307142737584513e+01
-7.473721315928395370e+01
-8.284480200535243455e+01
-8.055221185022064390e+01
-8.328747372466514776e+01
-8.710911280957515146e+01
-9.764317103316844282e+01
-9.104396049929187029e+01
-9.443806917696161918e+01
-9.136822553594987539e+01
-9.315225475341408412e+01
-9.533888342454666542e+01
-1.083449453623000664e+02
-1.099021527865233736e+02
-1.143024940658809925e+02
-1.187384209344364194e+02
-1.121329462979031177e+02
-1.316753243417047372e+02
-1.424893162763107455e+02
-1.453816722782549675e+02
-1.521185368294549107e+02
-1.534792451488720531e+02
-1.597626033125254708e+02
-1.563728726241079130e+02
-1.977133905939512601e+02
-2.010087836448183509e+02
-2.065698272577304522e+02
-1.914972896418693153e+02
-2.054526679661473167e+02
-2.730872347060954439e+02
-2.546497722875205056e+02
-2.511055451727037848e+02
-2.670185000233861956e+02
-2.512207004452546641e+02
-2.636322315024249860e+02
-2.922058861070343596e+02
-3.100970267322617815e+02
-3.291829289858908396e+02
-3.235482344937060475e+02
-4.070596480857250299e+02
-4.333194164997726148e+02
-4.191231959422981390e+02
-4.154208877260958843e+02
-3.925963510571303914e+02
-4.182953180946728935e+02
-4.027073272607099170e+02
-2.570582926237357242e+02
-2.291492772426471447e+02
-2.346800612495536882e+02
-2.439318562987187420e+02
-1.755539753293175806e+02
-1.665359816510523103e+02
-2.319146636479612198e+02
-2.630883100611834493e+02
-2.720316493675244942e+02
-2.724446898273369015e+02
-2.464620111721159788e+02
-2.404450195209801961e+02
-3.291384204521647803e+02
-5.833552998901848241e+02
-4.827143710805647174e+02
-4.469548040769033150e+02
-4.412686033142276756e+02
-4.374293896402021460e+02
-4.481815862213228456e+02
-4.222847326387125122e+02
-3.941523857110349809e+02
-5.325694161368071491e+02
-5.505822712723419272e+02
-5.462136724473124332e+02
