1.746606787351902540e+03
1.777752593647755475e+03
1.788205124961300044e+03
1.824871482702781122e+03
1.863194390166723224e+03
1.918905578085285242e+03
1.923491423144955888e+03
1.947202973589324301e+03
1.975396432497298747e+03
2.036932320995293367e+03
2.073935300359545181e+03
2.085367023073926703e+03
2.110094499905372231e+03
1.081948628359385566e+03
1.034184411126334680e+03
1.125555641434828885e+03
7.328037036627370071e+02
7.118261616897082149e+02
9.837672151250235402e+02
1.099920866188304899e+03
6.737056138551106415e+02
5.720564096015675659e+02
6.258284647926113848e+02
6.542927384938517434e+02
6.434848746404308031e+02
6.332627947700107143e+02
5.848750179311153943e+02
5.880732793232517679e+02
5.885477264948743823e+02
5.949288271800319308e+02
5.565602161986848841e+02
5.316010860245756930e+02
5.290170874276010409e+02
4.551133050364271639e+02
4.550806492668646683e+02
4.183810880616468921e+02
4.162889176806737055e+02
4.158138267487744884e+02
4.060420205412421524e+02
4.149120631199985496e+02
4.281740491259350279e+02
5.246140981826847565e+02
5.899510912097757682e+02
6.110413108981210826e+02
6.006164262288779128e+02
5.965306281343616774e+02
5.798309123476102513e+02
5.945481358674212515e+02
5.906875644602035891e+02
5.982588194852916104e+02
5.899487655479437080e+02
5.999398436298521347e+02
6.171009960755860675e+02
6.046104807862893722e+02
5.940147214404406668e+02
5.953084316552188966e+02
5.930710792714550053e+02
5.834203148069522058e+02
5.790952342963628325e+02
5.730800945294124631e+02
5.535038365183238511e+02
5.738225565673382107e+02
5.360385592672063240e+02
4.994540540822648609e+02
4.063255888343841775e+02
3.840022241020254796e+02
4.101731833236631815e+02
4.143837989321531836e+02
4.054012653136849167e+02
4.020220356194198530e+02
4.868086458992857501e+02
4.774245183707948286e+02
4.826614706563435675e+02
4.994057828505988823e+02
5.387001472817523791e+02
5.223031872408274694e+02
5.181251337069362535e+02
5.044853352697722357e+02
5.053431451869063835e+02
5.005099155746739257e+02
4.896233777052706841e+02
4.964938271686972939e+02
4.708216841859799615e+02
4.783505920259267441e+02
4.757114539908624806e+02
4.816442913216915827e+02
4.846312019840351013e+02
4.475175096045028909e+02
4.388664067199471788e+02
4.447189136620809222e+02
4.349052166960363479e+02
3.438995057871233030e+02
3.422417932372835594e+02
3.145105973557256220e+02
2.899522632274905050e+02
2.490835853886881353e+02
2.319474490521287464e+02
2.312959275755958686e+02
2.363907063559538813e+02
2.390589658631221539e+02
2.352024129099156085e+02
2.468939301044180183e+02
2.332000765589332900e+02
2.562066695710177555e+02
2.598023672920951412e+02
2.571748195684880898e+02
2.464896875695066853e+02
2.346503339709600482e+02
2.580443277095938583e+02
2.569320018613719299e+02
2.652961544104824156e+02
2.781132797984554372e+02
2.692517575107346488e+02
3.156814967863339803e+02
3.199779352778842281e+02
3.002121077577774599e+02
3.137400805271200284e+02
3.225469059211246190e+02
3.122473554114882290e+02
3.337437813083741389e+02
3.413864711219843571e+02
3.301985569888675514e+02
3.162062603435442156e+02
3.266592763386375964e+02
2.876907325293951203e+02
2.764426636347801605e+02
2.882471566733308350e+02
2.864350707762623642e+02
2.977966126884952587e+02
2.553178953871855015e+02
2.693666718831238995e+02
2.434919943174484445e+02
2.336112889556627010e+02
2.449355051531878189e+02
1.862452287942109876e+02
1.823948832590089921e+02
1.987643936416988311e+02
1.930129686517351786e+02
2.022134113235889856e+02
1.895877480833200366e+02
1.809165398858281151e+02
1.764472201582079265e+02
1.827993710125792575e+02
1.592453558489546879e+02
1.633860863924991520e+02
1.595758236885357633e+02
1.630588539740688248e+02
1.412903730191970340e+02
1.329769589825950789e+02
1.324077194946513032e+02
1.532346778911536944e+02
1.373308529132506806e+02
1.339074082436711137e+02
1.490779698668314666e+02
1.274040203888292666e+02
9.877587956014855308e+01
5.537209082048472197e+01
3.924777440481222612e+01
3.432263837938114648e+01
2.082522109021017442e+01
3.184349142425118728e+01
4.391576792322203460e+01
2.460582384099759068e+01
3.794560294671376965e+01
5.325474828132617233e+01
3.947769323959314391e+01
4.409213645431519524e+01
4.471579444804982018e+01
4.595463076035526484e+01
5.159167273341749649e+01
5.002999348505064603e+01
3.886639029622271835e+01
4.105074288941253968e+01
4.937911847459955084e+01
4.798061730346058340e+01
3.860744446607922953e+01
7.773990228214312026e+01
1.056876307092363731e+02
1.089172542673851183e+02
1.052995909174082669e+02
1.008856845131608253e+02
9.347848874712099132e+01
6.665453838818081067e+01
7.949855394073917125e+01
6.806817735079708598e+01
7.247241683925054190e+01
6.567911083818698614e+01
7.199836137534892089e+01
6.245737291465853502e+01
5.928034991145018751e+01
5.527199888687852081e+01
5.053370462117689499e+01
5.061940030556866077e+01
4.532296803501322557e+01
4.205314805888298935e+01
3.681032908036148399e+01
4.276178128129006950e+01
2.909247528415499318e+01
3.452344933062985888e+01
2.873902842151359849e+01
2.235954604017220859e+01
2.113519944440594145e+01
2.206108361843770993e+01
2.224696996645827340e+01
1.787324355445655755e+01
1.483499467260560323e+01
1.646729114378879899e+01
1.511052414263415322e+01
1.084022442644653061e+01
1.656367895378249600e+01
9.964581707408401101e+00
9.537213180223201192e+00
9.081688251030128001e+00
9.236406955137921315e+00
7.682058609575092234e+00
4.926105291337052883e+00
4.320343704840375665e+00
6.746719106450190795e-01
1.361807250003607139e+00
1.074295427563296990e+00
3.137678305390346978e+00
5.196658542828349603e+00
5.092833666092505318e+00
5.721062463176349588e+00
4.574851488047783299e+00
4.250092156865951765e+00
5.456455948866532957e+00
4.067392863200758768e+00
5.245802271070528988e+00
6.268716801031362529e+00
5.699456642377048965e+00
7.676177476939108679e+00
8.084973615795078672e+00
6.877203056031261141e+00
4.717988449031866871e+00
5.514590443632334527e+00
4.707445589726147794e+00
3.813569957425257950e+00
4.470732177812873687e+00
4.301545464685309739e+00
3.371268956881154466e+00
1.712879436204699068e+00
9.919095480217824390e-01
1.023262870279835646e+00
7.532568944050542781e-01
1.618669108014519242e+00
1.447647665575233278e+00
1.298710403171744243e+00
1.290613676528914233e+00
1.516778461010269918e+00
5.891674392287891138e-01
3.486246573313396824e-01
-1.352894455750484615e-01
2.041361340456873674e-01
1.342174695208149249e-01
7.046925406491569843e-01
4.330527182592944779e-01
1.066717729769544931e+00
6.010902452833251086e-01
5.368398188956826633e-01
7.674526316297496376e-01
7.483606340573150106e-01
1.170870456552308481e+00
1.192905298032340911e+00
1.030942320591053285e+00
1.109009259463161090e+00
8.460889638375228561e-01
8.835126033436540016e-01
5.973807213313090392e-01
7.252990087477757530e-01
4.781641168934438468e-01
7.357635828082425000e-01
9.138237941948638143e-01
1.238919330040775479e+00
1.315084130310721022e+00
1.200513160721482508e+00
1.131640235684819196e+00
1.214379575326443028e+00
1.103488693201242876e+00
7.920459105669999111e-01
1.118837321397757822e+00
6.095612183447648436e-01
8.275509032662440312e-01
6.593379358531685774e-01
6.415792186000082165e-01
6.735439028885414903e-01
5.636371159674942177e-01
2.842587763439220483e-01
4.259304096335919665e-01
3.217845012891388801e-01
4.594553416761807951e-01
4.789631190087120238e-01
4.112273245145461886e-01
4.354769903181324175e-01
5.385997653745721037e-01
4.434339904671432686e-01
4.707782966696258953e-01
5.286913923895159018e-01
6.191641994986901709e-01
6.397183222711645412e-01
7.588524966712049125e-01
5.630909789880635952e-01
5.035406799187462923e-01
4.780333456584865970e-01
4.741423951051710328e-01
4.501042273481016820e-01
4.296627780623875070e-01
3.178157657843869721e-01
3.138629009525616409e-01
2.615966097451702388e-01
2.343003091004264293e-01
1.900095778819754222e-01
1.681728397373141726e-01
2.025247951158477555e-01
9.635249518639074640e-02
1.327855886130863972e-01
1.901522580403382512e-01
2.033694349127262158e-01
1.788095495382870936e-01
1.277500219692093153e-01
1.276821118910786146e-01
1.172191458964690208e-01
1.741651251927188726e-01
2.143250419172949284e-01
1.810979052762936026e-01
2.435350663852244302e-01
2.181196778542941750e-01
2.286940828550222404e-01
2.493054417955717916e-01
2.681055330262641645e-01
2.987378349703695424e-01
3.473560771382361856e-01
3.042718973979585129e-01
2.650773006517146424e-01
2.149058450391016228e-01
1.929609620693162608e-01
1.636938578373197395e-01
1.551656465585831146e-01
1.641409331015693807e-01
1.408937921887457589e-01
1.684879529438587931e-01
1.436521232573395590e-01
9.598492300550240386e-02
7.718280273119823565e-02
5.430716429939010104e-03
-3.718514729008318143e-02
-7.149992103562462231e-02
-4.699028965178347200e-02
-4.597545764355887021e-02
-5.434492548545617752e-02
-9.769994883093247040e-02
-1.149856281998819507e-01
-1.178963229549022662e-01
-1.159968180009359473e-01
-1.017540884468729201e-01
-1.144855237194731118e-01
-1.079430879247652159e-01
-8.087920555449906734e-02
-6.498834749843661329e-02
-6.562544757471687473e-02
-9.281134413764119406e-02
-8.508281979397529227e-02
-9.635013659711683109e-02
-6.592536008790160496e-02
-1.036882678588237350e-01
-4.697930671902585814e-02
-4.452022842553585852e-02
-4.404153524489977378e-02
-7.711759101800982896e-02
-3.821263370372877249e-02
-4.460683088609078417e-02
4.668690668514403203e-03
-2.258744484784776588e-03
-8.314587234908816377e-03
1.341379626701219227e-02
1.252111424814638524e-02
1.172089891300624395e-02
3.693454673928490972e-02
-3.448448364545442669e-04
3.478759989716018880e-02
5.805254089846687005e-02
1.181153066442393457e-01
1.386162090522624346e-01
1.902162553585996230e-01
2.101887068301357964e-01
2.675299009846641707e-01
3.077264829327147067e-01
3.915640704410650597e-01
4.552831858837834700e-01
5.247497037177433210e-01
5.579199918044868145e-01
6.080036666208495921e-01
6.381009375548428730e-01
7.013032463564236041e-01
7.774413608718175883e-01
8.292270252650090212e-01
9.176110351948604249e-01
1.023780059157786582e+00
1.109300346611575838e+00
1.198862416666085728e+00
1.259742453739298496e+00
1.337396752561763602e+00
1.416398680321941717e+00
1.506948271521464155e+00
1.613307472574136314e+00
1.697745327935715975e+00
1.787279691505623491e+00
1.888889766872190901e+00
1.985623525516839738e+00
2.065131585286645866e+00
2.168542900795206396e+00
2.282476123774577648e+00
2.383275960880281819e+00
2.485935120295196921e+00
2.576516160793305588e+00
2.684494267876311291e+00
2.793923289540189536e+00
2.898694254782069546e+00
3.023365982802202812e+00
3.104750199783764320e+00
3.227255863363467370e+00
3.348677089575041954e+00
3.466273365723974820e+00
3.566899331201546897e+00
3.695578234518240190e+00
3.795559111188728352e+00
3.912713860734355897e+00
4.029690000265956584e+00
4.144856633684249836e+00
4.253955967767181434e+00
4.372649945243281877e+00
4.500322027580713424e+00
4.610446335003056895e+00
4.744363563568581910e+00
4.883621516507185234e+00
5.016891095167480330e+00
5.132369063083987548e+00
5.230598884406998828e+00
5.349153981154070259e+00
5.429094210515546415e+00
5.514811884487757609e+00
5.625998805783501311e+00
5.712373841359114301e+00
5.793343645498098660e+00
5.854579694898074393e+00
5.901592234378883362e+00
5.960810894302509766e+00
6.033377918415149033e+00
6.073577689852951877e+00
6.104759343798654925e+00
6.131786952273135860e+00
6.161098897236430894e+00
6.153468269705478555e+00
6.162514747531551151e+00
6.147795469396253765e+00
6.107673271978129037e+00
6.069711954937629272e+00
6.013111146118458095e+00
5.976804195115303031e+00
5.888133882280247811e+00
5.821517823317538642e+00
5.759823014331590052e+00
5.626497048468785955e+00
5.524186871546310051e+00
5.381521646628472766e+00
5.265446564098623661e+00
5.128114374671648434e+00
5.004112787192718237e+00
4.866531779173080885e+00
4.726577649513503232e+00
4.571849805450052706e+00
4.430594046723117074e+00
4.281699345126524392e+00
4.137408122588226433e+00
3.998178799791125559e+00
3.846578661264125287e+00
3.706962613492086778e+00
3.722942968994498170e+00
3.588682332353677840e+00
3.493189849496768584e+00
3.419623434091507264e+00
3.358481905098591902e+00
3.334253008165109389e+00
3.374477819538333367e+00
3.408033399278142639e+00
3.510080216248669505e+00
3.648036500790120762e+00
3.816833409589282411e+00
4.009724973178157015e+00
4.245806846948636526e+00
4.521896549092650375e+00
4.850304226990449941e+00
5.185966512812889562e+00
5.561673342175193824e+00
5.967590306537363887e+00
6.373037799154203320e+00
6.824005682654099125e+00
7.283694642179110446e+00
7.604455331616896352e+00
8.114842646084689193e+00
8.559736063356641722e+00
9.028684124279330092e+00
9.465475762684580019e+00
9.887848439869962647e+00
1.027122538646443850e+01
1.066084983799062158e+01
1.099826053822778960e+01
1.131725311445967286e+01
1.159222343477045136e+01
1.182324401335507424e+01
1.200384579047147504e+01
1.215566437016570589e+01
1.225999273808159096e+01
1.235767454635493934e+01
1.236286181600103973e+01
1.234746846034195222e+01
1.231209070276268847e+01
1.226217193946981254e+01
1.216828800376438480e+01
1.206146376243911966e+01
1.188469295690695127e+01
1.174143096739062742e+01
1.155484374836644612e+01
1.137304247265256052e+01
1.117460448474895429e+01
1.096533570808732883e+01
1.070224073422926026e+01
1.050230704919240843e+01
1.021744702615882261e+01
9.934300308005846958e+00
9.638972385723079128e+00
9.345546364701194264e+00
9.056674096027022003e+00
8.741670451668186459e+00
8.432184852911435158e+00
8.159820935267068975e+00
7.857661846606569966e+00
7.599758299675108297e+00
7.317522368971462576e+00
7.085031101707901513e+00
6.812396077013957552e+00
6.564684043230422539e+00
6.342559987559408974e+00
6.161665499869303453e+00
5.990827243505826516e+00
5.798357495145744167e+00
5.621822559422835042e+00
5.494973822588667289e+00
5.310839768047857845e+00
5.244371615654636720e+00
5.190843867460439576e+00
5.153660869683346135e+00
5.059105196907053958e+00
4.980630247378869946e+00
4.918633114503937698e+00
4.845916437834699053e+00
4.811419787586473262e+00
4.848687472936592080e+00
4.834193232040328247e+00
4.839451757044845870e+00
4.768353740235623306e+00
4.809798757573091166e+00
4.904057184436088512e+00
4.942288706817760335e+00
4.988542752552413972e+00
5.060125491649802854e+00
5.069876760918821113e+00
5.164407967518705789e+00
5.269362802220776132e+00
5.328538754904752039e+00
5.386168829888422493e+00
5.475488241063522388e+00
5.433381170697394680e+00
5.572539068097244197e+00
5.719902498854954942e+00
5.832045995439042230e+00
5.936121198035424484e+00
6.029459708434905529e+00
6.096829696232951790e+00
6.337202211530819973e+00
6.336302338789320032e+00
6.495014960505880453e+00
6.543194309856175117e+00
6.690528250215727724e+00
6.761439634635729057e+00
6.861875121302194458e+00
6.910776452958756977e+00
6.985952458062024029e+00
7.025795384339626359e+00
7.090536458769967965e+00
7.250320223381271134e+00
7.335865538617625248e+00
7.400102724311575564e+00
7.636258600764842086e+00
7.671325593667720710e+00
7.804402819300710448e+00
7.993149813920432223e+00
8.203178695243408924e+00
8.310375870147577615e+00
8.337210437872283109e+00
8.235854617756105611e+00
8.401497924757713065e+00
8.526323155038431523e+00
8.767081018425525230e+00
8.700653974491835640e+00
8.845691176414598900e+00
8.835521323206270594e+00
8.880872120045564699e+00
8.987137471811831091e+00
9.142137248964646190e+00
9.231312413650909932e+00
9.240523763103672295e+00
9.232089356182582307e+00
9.266436828444376772e+00
9.262152092344589249e+00
9.245660834048047505e+00
9.323810802924304753e+00
9.243669017064611637e+00
9.191114515857536915e+00
9.324891971531730661e+00
9.348085351522694708e+00
9.518788515283221230e+00
9.602368026476611362e+00
9.510742443028894044e+00
9.090245596803864458e+00
9.108375144330214113e+00
8.853872968764672891e+00
8.637042689115803640e+00
8.572987215222870105e+00
8.325599980568050285e+00
8.089787827812605414e+00
7.797190225782243189e+00
7.578411392329900131e+00
7.304104883323923048e+00
6.979972012059667996e+00
6.879053897445468913e+00
6.774557117969148834e+00
6.480323706094460512e+00
6.113644746079398118e+00
5.919138101861529222e+00
6.738255922826819955e+00
6.629958439402608761e+00
6.262988274389170051e+00
5.897293603210363777e+00
5.717438669101337467e+00
5.745833975819100381e+00
5.335597913090831312e+00
5.328835898276335747e+00
5.359269192266614468e+00
5.295649470158340755e+00
5.317496404881744354e+00
5.323850789861109156e+00
5.346615586361111561e+00
5.331008193231841830e+00
5.107256958006024306e+00
5.110370315802058805e+00
5.047948106238591137e+00
4.921894281876277866e+00
4.649448839291268953e+00
4.782543733185965706e+00
4.566174870889921245e+00
3.367260864785284191e+00
3.061898790442979301e+00
3.151786935702573178e+00
3.158524136408724203e+00
2.939562513964825818e+00
3.034462510581311889e+00
3.217959410902127448e+00
3.160698346526276570e+00
2.754669874954348341e+00
2.767567168579274206e+00
2.598224490624007288e+00
2.595306480369071078e+00
2.454465021111530643e+00
2.307218927207252523e+00
2.425390883447145818e+00
2.371077796453307851e+00
1.902123080069722860e+00
1.849138385609771840e+00
1.556710031256300031e+00
1.392675787823281830e+00
1.163492873148051610e+00
1.049008064928820705e+00
1.233758391104555763e+00
1.192623931182358765e+00
6.662981887164782790e-01
6.587167300814197324e-01
7.340344765012738470e-01
4.134521015756642548e-01
1.454713364677579501e-01
1.890971898566372322e-01
-1.413703942127200186e-01
-1.906490616301549090e-01
-6.377553152821717752e-01
-4.782759724015677172e-01
-5.473835295611917395e-01
-8.740448459378444834e-01
-6.314028839583540886e-01
-5.470980610378641806e-01
-7.643985714635006534e-01
-8.984320868274688898e-01
-5.660588253343346032e-01
-3.419593150361265876e-01
-9.649777622572521807e-01
-1.392567350679114746e+00
-1.113794361870476646e+00
-8.877552551774396949e-01
-1.440395913995690780e+00
-1.559940271244743659e+00
-8.753933887521443413e-01
-1.212206525660723067e+00
-1.526324684080613725e+00
-1.730881422260577285e+00
-1.938544558756645664e+00
-2.365941584547058163e+00
-2.743738779225938451e+00
-3.363976940613923716e+00
-3.105974583585334958e+00
-3.999431019536841880e+00
-4.490308081706774423e+00
-3.985623530079784871e+00
-3.685323061999091099e+00
-4.103988127894155014e+00
-3.938169438448615889e+00
-3.919825328993036706e+00
-3.707095049976744772e+00
-3.805903237316555554e+00
-4.110858882153135774e+00
-3.539848769543458840e+00
-3.775485651948074395e+00
-3.994496253054362622e+00
-4.205899389443064074e+00
-3.452944147335146319e+00
-3.615476722480784222e+00
-3.518430866057923101e+00
-3.368780143948950201e+00
-3.560754745040050295e+00
-3.467773893205345015e+00
-3.535329999800211453e+00
-3.009591876915072461e+00
-2.512652741195930961e+00
-3.219720726899436780e+00
-3.249656489613675259e+00
-3.681966607890257315e+00
-3.975955084688593377e+00
-3.562513694245669438e+00
-4.084004919544976353e+00
-4.480908980295017940e+00
-4.120133741293593665e+00
-4.840624825836508549e+00
-5.190095966090564339e+00
-5.818453704800464976e+00
-5.151814327854074449e+00
-5.808894586740467325e+00
-5.581007208529329411e+00
-5.969379535748139176e+00
-5.178007376312860011e+00
-5.635328220201984983e+00
-5.309349459077933098e+00
-5.562387129163099964e+00
-5.260123717772906993e+00
-5.574937944840964832e+00
-5.024621735985264515e+00
-5.234520382058812871e+00
-5.312212765715311313e+00
-5.575639548380205923e+00
-5.693826270603549844e+00
-5.302087803882397310e+00
-5.325209615974922706e+00
-4.327312097049439643e+00
-3.865510441571098355e+00
-4.490367614447866806e+00
-4.719318120323578114e+00
-4.415857593831832517e+00
-4.611805620304095577e+00
-4.331934284371401489e+00
-4.742242726735460323e+00
-5.678754376527556325e+00
-6.678234453212102295e+00
-6.930480896447764216e+00
-8.392934622625093155e+00
-9.432979264356704974e+00
-9.079530969540893892e+00
-1.001462489634995023e+01
-1.028402132458607454e+01
-9.758439666008897007e+00
-9.726807033377667722e+00
-9.652949403370902459e+00
-9.571622188127202335e+00
-1.066354169192747392e+01
-1.248696938152698444e+01
-1.204625330090470037e+01
-1.189636212842045992e+01
-1.197790172137990794e+01
-1.263696049440853564e+01
-1.450447758989718139e+01
-1.351385186160043084e+01
-1.448907657878581112e+01
-1.413526000201909660e+01
-1.258316444252062460e+01
-1.275772073371474136e+01
-1.045395969463653962e+01
-9.573120304067108677e+00
-1.172513680341474718e+01
-1.114604046744032217e+01
-1.064192577460801559e+01
-1.024525989053999275e+01
-1.074816004737941988e+01
-1.258099843309589083e+01
-1.245543707722779203e+01
-1.250712291093972617e+01
-1.127012595079479595e+01
-1.282728590708705774e+01
-1.242899506779151508e+01
-1.280633400335803351e+01
-1.294049881234496802e+01
-1.189459494548337126e+01
-1.316031489755033590e+01
-1.246682279018131645e+01
-1.043884296542711532e+01
-1.098063226115183610e+01
-1.235567065114735463e+01
-1.492568333022340710e+01
-1.731951791319198009e+01
-1.438368217659683879e+01
-1.616820947055616386e+01
-1.643346251085900889e+01
-1.792466329410103754e+01
-1.693259387189900167e+01
-1.761153282598008118e+01
-1.947121876255370054e+01
-2.395859381878045369e+01
-2.831553750793444735e+01
-2.207681769197494859e+01
-2.608187975265142455e+01
-2.723634727048300519e+01
-2.833175321356515397e+01
-2.975372598215626851e+01
-3.245751597550327006e+01
-3.573133564920567551e+01
-4.446164123315227101e+01
-4.502433658932400107e+01
-4.693700737506512155e+01
-4.585531396937545878e+01
-4.623017990397161014e+01
-4.524953507260926244e+01
-4.426890838899327463e+01
-4.901990419806641341e+01
-5.090814634640440772e+01
-5.864415441023058406e+01
-6.265939027040803921e+01
-7.296717650025226476e+01
-7.206648168131141574e+01
-7.345693267451062525e+01
-8.019249834886049655e+01
-7.734175973401931969e+01
-7.961307377624243031e+01
-7.909413581975076113e+01
-8.972874214712030039e+01
-8.517303562986315058e+01
-8.734436278470671766e+01
-8.272278425274932090e+01
-8.626360154288114757e+01
-8.907171263011935025e+01
-1.012355816228537293e+02
-1.023253214052951279e+02
-1.059488115299819526e+02
-1.111884876223379450e+02
-1.012586767386705162e+02
-1.180917424756319889e+02
-1.253502653005117367e+02
-1.261244042282346953e+02
-1.321894131821856035e+02
-1.361933392772303364e+02
-1.397340614540976844e+02
-1.413179712628745222e+02
-1.862012590646362469e+02
-1.896796005803096534e+02
-2.003012449352861211e+02
-1.876430570396487099e+02
-1.986278473317841247e+02
-2.841100668019601585e+02
-2.530929634643080988e+02
-2.457785123383437167e+02
-2.531873102438817114e+02
-2.387465391267537882e+02
-2.539940540802596729e+02
-2.852642633740105111e+02
-3.058130518879510760e+02
-3.229693855913811831e+02
-3.167572737325368735e+02
-4.044978778657639964e+02
-4.334563893303087525e+02
-4.213029174614473504e+02
-4.166794336865431205e+02
-3.962814157074211039e+02
-4.140373624335019258e+02
-3.942435860476912808e+02
-2.732900222177970591e+02
-2.491830776371754439e+02
-2.498684269777726286e+02
-2.595432298324209910e+02
-1.794370612815041284e+02
-1.814874777543840310e+02
-2.644616939535095526e+02
-2.968796149273973128e+02
-3.018461484931553400e+02
-2.891789303975406256e+02
-2.584004841132334036e+02
-2.459972623179382083e+02
-3.580640064615095071e+02
-6.055811636667642688e+02
-5.030147457868581569e+02
-4.665754733699295116e+02
-4.605029094684745132e+02
-4.563833333276620010e+02
-4.677950986875687818e+02
-4.465674259281852301e+02
-4.198661535538956855e+02
-5.329095793585346428e+02
-5.453429383030220379e+02
-5.438583750475047509e+02
