1.697644188083009567e+03
1.722393329477098860e+03
1.729047359247924987e+03
1.764780988386991794e+03
1.817485735741601275e+03
1.872013440857886053e+03
1.879732134436486376e+03
1.904308084980763624e+03
1.932367667758048356e+03
1.994507708189093591e+03
2.035991746913833140e+03
2.047565437802470569e+03
2.083703339317305108e+03
1.081794908923598086e+03
1.039627234200620933e+03
1.129595742298115965e+03
7.706444326310612496e+02
7.473062778351147699e+02
1.013379709871344858e+03
1.155478022457546558e+03
7.204353165323436770e+02
6.282379029152123167e+02
6.782307873477088833e+02
7.085208227096138671e+02
7.003718245856579188e+02
6.788798866504997704e+02
6.363730570824639017e+02
6.364872540380542887e+02
6.379075323173640300e+02
6.454746833048675398e+02
6.035484891570582704e+02
5.733018448647931109e+02
5.709644066987432325e+02
4.850763742000075354e+02
4.596345698742819081e+02
4.220959012770125014e+02
4.238684034003021566e+02
4.239919685887189189e+02
4.142783428759826734e+02
4.275463819514963575e+02
4.407469335382291433e+02
5.346144403052419420e+02
5.898183733375716429e+02
6.223406264988479961e+02
6.120415906368581318e+02
6.040150217639186394e+02
5.879425352926745063e+02
5.983383354953330127e+02
5.923375910827801363e+02
6.008924240321636034e+02
5.886572584838530702e+02
6.051242278768768301e+02
6.236095526358585630e+02
6.160286603359461424e+02
6.058740809136151029e+02
6.121329999488641533e+02
6.145834602590267650e+02
6.007819132847346282e+02
6.035579856928186473e+02
6.015873063989627099e+02
5.802168506112539035e+02
5.979218326821578557e+02
5.578890422911553060e+02
5.180779059957116033e+02
4.226780217336599890e+02
4.023271512702949622e+02
4.309310453362929820e+02
4.314733642980826289e+02
4.203980428457563221e+02
4.195847044541000628e+02
4.973544845545591784e+02
4.874570416167916278e+02
4.922438528620285751e+02
5.107272282878529950e+02
5.465207454413774713e+02
5.292890969358869597e+02
5.268420633699126938e+02
5.096836204698172992e+02
5.098564414508958862e+02
5.005418207796178649e+02
4.899316983286474851e+02
4.955982130564088948e+02
4.749410232609799891e+02
4.838686335929410234e+02
4.791872018821913457e+02
4.838266128783675981e+02
4.874035923154566490e+02
4.489051061372865661e+02
4.413209132734768900e+02
4.501129474829879769e+02
4.407759633885504513e+02
3.552193525394513927e+02
3.590992957763436380e+02
3.275279356796540355e+02
2.986710013257521723e+02
2.606404054214000894e+02
2.432423772850980015e+02
2.420002583335485156e+02
2.503432629239887603e+02
2.544369625475376893e+02
2.510180491998542323e+02
2.611040787426338738e+02
2.617063031830004434e+02
2.818533345878238379e+02
2.861545138152379195e+02
2.842822238127172909e+02
2.765150151410041417e+02
2.548695446563336304e+02
2.807219642681321830e+02
2.760662323114180481e+02
2.847522702153108867e+02
2.979697740099296084e+02
2.874311890737432691e+02
3.324627722852800389e+02
3.376450504999208988e+02
3.200696507235994659e+02
3.287755742979697970e+02
3.375468121431593431e+02
3.250732141513940974e+02
3.444728728783781548e+02
3.530075408370962577e+02
3.414063338134944843e+02
3.243273546986519023e+02
3.152523030077295516e+02
2.820877329049065452e+02
2.695130256096495600e+02
2.796366981690414377e+02
2.772518444175844365e+02
2.976461421193071146e+02
2.571949265095713031e+02
2.709542078891144001e+02
2.423864064194158061e+02
2.356759810403546282e+02
2.495838084878261043e+02
1.932817843551272290e+02
1.888351836166035298e+02
2.000924585392777146e+02
1.946897164230265389e+02
2.028908122509631653e+02
1.890602744994845352e+02
1.799371616859488938e+02
1.784736960243942292e+02
1.853932652794097748e+02
1.653778704007100941e+02
1.709268220933392115e+02
1.652071474205815207e+02
1.665434780730445823e+02
1.483081379357917058e+02
1.407411327757362756e+02
1.389280164713546810e+02
1.559417105193350608e+02
1.409074872472623952e+02
1.398606223847381216e+02
1.513037111272555535e+02
1.282126073455728772e+02
9.304916273908470714e+01
4.931177200550757789e+01
3.805569720020834268e+01
3.311334088659947383e+01
1.881278927900730835e+01
2.969293584667720154e+01
3.475742325396661414e+01
7.941495781751932270e+00
2.078400460023988927e+01
3.329328116915812785e+01
2.188572845833190428e+01
2.405442035081031449e+01
2.738604681471241165e+01
2.592882556411638717e+01
3.160153237011211047e+01
3.425940302079332866e+01
2.421059264593007043e+01
2.826368713801902288e+01
3.429830797828019229e+01
3.183187660266380803e+01
2.099619399710856626e+01
6.417514030724291274e+01
9.426669803318939955e+01
9.682604970018171286e+01
9.319908418598421918e+01
9.033709802521057952e+01
8.453336396195628311e+01
6.487350639264803931e+01
8.011212646646937685e+01
6.733431893142939373e+01
7.304107431348548118e+01
6.834064063738313166e+01
7.624707231721160383e+01
6.580845476770134894e+01
6.242946487415197510e+01
5.746600035569380083e+01
4.959108520159417566e+01
4.874099208772062752e+01
4.260576682307527108e+01
3.967293460853762355e+01
3.340723476344626874e+01
3.967267815405497799e+01
2.512584146082407344e+01
2.891435403226910950e+01
2.357662375088781914e+01
1.811346645030947400e+01
1.638412837817818968e+01
1.704175147978065752e+01
1.624894920275198373e+01
1.209293550121062566e+01
1.004599852890013523e+01
1.208663767134586209e+01
1.000455938298164682e+01
5.603055323345452976e+00
1.175355090100152999e+01
6.004735182176744956e+00
5.523690103673705387e+00
5.401149705060624306e+00
6.001222555430802075e+00
5.620165151789401570e+00
3.588298003898779953e+00
4.691026490025558715e+00
1.561981305543056919e+00
2.663197611504828810e+00
2.569589641607825659e+00
4.853227834394304274e+00
6.814555819461764585e+00
7.134054239492093608e+00
7.867966044293574157e+00
6.883520113492737735e+00
6.698050770069831295e+00
7.458071690985309310e+00
6.387095676114888043e+00
7.333253104541327616e+00
8.192421954333976686e+00
7.287991531834121517e+00
8.807227182529574705e+00
9.525642153592567496e+00
8.284138517307189531e+00
5.924432429970989844e+00
6.367571568843061414e+00
5.447926196634982787e+00
4.151911944935148924e+00
4.723277962769424576e+00
4.464603259004546132e+00
3.739167187476172050e+00
2.206543054736226583e+00
1.522378473278328981e+00
1.328020030166935594e+00
9.761909758813196447e-01
1.709316239000986837e+00
1.523310995002671753e+00
1.415583536625724781e+00
1.515051721078406910e+00
1.782314490714738131e+00
9.232826876281788886e-01
7.441413156796267137e-01
1.709832352564853997e-01
3.285588713964415764e-01
2.365772777792922998e-01
8.364015472288777175e-01
5.824246600159412868e-01
1.296086388015648350e+00
7.413743802539431993e-01
6.874246252216604791e-01
7.527138015316561237e-01
7.054012193106278250e-01
1.216276133482409039e+00
1.157870321481258014e+00
1.063669635580934081e+00
1.176080875827057781e+00
8.700472867224935403e-01
9.262476808215633906e-01
6.818635379866841983e-01
8.388174394299254821e-01
5.636360729764828825e-01
8.067596584214831168e-01
9.351046692851470166e-01
1.373070983916373500e+00
1.536654671260616833e+00
1.361645499778342039e+00
1.342074984350549505e+00
1.389326740058977272e+00
1.345652922434646959e+00
1.131282677248192758e+00
1.422833793013211112e+00
9.705717394728312630e-01
1.103719854999126948e+00
8.314224916691350664e-01
8.278760859723514054e-01
8.404371034208809599e-01
7.128245496408580628e-01
4.729903415692368607e-01
6.156315377814736145e-01
4.934334299754425945e-01
5.967217586150973530e-01
5.593624697436718751e-01
4.634976806004925676e-01
4.931840292042043439e-01
5.837157757313433670e-01
4.706712541227188185e-01
4.933485965191627409e-01
5.391476355370579121e-01
6.243041100746204997e-01
6.093893978874833639e-01
7.064775553571127631e-01
5.402366814506731618e-01
4.805105505747869765e-01
4.885204814370341930e-01
4.752225756524771638e-01
4.479638851686300605e-01
4.462648381315192370e-01
3.631677266959519312e-01
3.541431734899024297e-01
2.863250596452983632e-01
2.472169276715731057e-01
1.900993720731011805e-01
1.752709817559162664e-01
2.177222723939699622e-01
1.193548822206632193e-01
1.522871058425795954e-01
2.192918783703759478e-01
2.410026519508426113e-01
2.289396407766650376e-01
1.842022159258860092e-01
1.894216726948163287e-01
1.974547028895832779e-01
2.376608005103811316e-01
2.917426915826453193e-01
2.472325878284185596e-01
3.052146713456477256e-01
2.815150330095329001e-01
3.000594168746574808e-01
3.166491005810110337e-01
3.361553599277035120e-01
3.696488936994821173e-01
4.311937708802688340e-01
4.154944488046183326e-01
4.050295759322361522e-01
3.591308848248492835e-01
3.625991427791793731e-01
3.581190742450204301e-01
3.672081006720743779e-01
4.141609039418744365e-01
4.245335659928976546e-01
4.875199585454545459e-01
5.059699775183268411e-01
4.866997833287177722e-01
5.320617731372300208e-01
5.012545793291898200e-01
5.091728004072795244e-01
5.318281690775975568e-01
6.047597309469074922e-01
6.547718164421699738e-01
6.858594807720131969e-01
7.084734721477232711e-01
7.433007942387456213e-01
7.879425831959224746e-01
8.312377052872995664e-01
8.808683584186569604e-01
9.202662193190369599e-01
9.624676024022126297e-01
1.033980560677814076e+00
1.077198317399223448e+00
1.099360628961068231e+00
1.098276985853190890e+00
1.142642613251129369e+00
1.178703500858697684e+00
1.255656711820588800e+00
1.260067385178191612e+00
1.369599199750525464e+00
1.414528895009603549e+00
1.460848219794760317e+00
1.476820733105137284e+00
1.554728306175286123e+00
1.595820729936839655e+00
1.677611961277942321e+00
1.720502327685189847e+00
1.762345639060596270e+00
1.833994039612920846e+00
1.882453235682872039e+00
1.933422375051069508e+00
2.007236075338200809e+00
2.011857783586631587e+00
2.096261235054795335e+00
2.168816104460901339e+00
2.278143937096990701e+00
2.334088516532123680e+00
2.411069341804614741e+00
2.454948872624409972e+00
2.530004636923171013e+00
2.584222902407177891e+00
2.690687637961293621e+00
2.764383225127388322e+00
2.838675564716146127e+00
2.881801848135384425e+00
2.937141675018373643e+00
2.973675741191760924e+00
3.036850488611404497e+00
3.101806663709472112e+00
3.140637710160037344e+00
3.218267197217838937e+00
3.301588464414756618e+00
3.363813334755502815e+00
3.432949268557526246e+00
3.467264445284855778e+00
3.515367394885774655e+00
3.551576876590410770e+00
3.602208189112992009e+00
3.666894855592568447e+00
3.698202596205394599e+00
3.735391668843536017e+00
3.777905577905293466e+00
3.809234134909517344e+00
3.812581481299008868e+00
3.833783850411423888e+00
3.863062189340314312e+00
3.873087423153827480e+00
3.879892257763140950e+00
3.864835497752470594e+00
3.868029649149707261e+00
3.860032438771637153e+00
3.841485021125784272e+00
3.835444183593363920e+00
3.788946301518475668e+00
3.777840210240357877e+00
3.758817558475364695e+00
3.732501253342934699e+00
3.697035006312677563e+00
3.688824104387036673e+00
3.647287853532480639e+00
3.631118151753690793e+00
3.605846819339006082e+00
3.572746843281328744e+00
3.537064135240921114e+00
3.518174760103271570e+00
3.514042595015737902e+00
3.484511833726038788e+00
3.486036176366880568e+00
3.487053644703938637e+00
3.485868048192021451e+00
3.467893975356661773e+00
3.434154694691688103e+00
3.416422056852342681e+00
3.370254923905716460e+00
3.325261765308157536e+00
3.298968156359875614e+00
3.260341339569075902e+00
3.208079693950905309e+00
3.140589854472885190e+00
3.049901103276024816e+00
2.979290462339250212e+00
2.924010008846893882e+00
2.846107394217136211e+00
2.763401691031242891e+00
2.678878725214780321e+00
2.606228680420759947e+00
2.497025675673322898e+00
2.418090810956968983e+00
2.316866178649580998e+00
2.202378611209547810e+00
2.099392904491907075e+00
1.983321648396090708e+00
1.903272113029656154e+00
1.790924179178111419e+00
1.705570853659541974e+00
1.632681936050070171e+00
1.511245993479091165e+00
1.426004523341061203e+00
1.326455217124072883e+00
1.252277499119915927e+00
1.172831043869591472e+00
1.104037857565290492e+00
1.027561719490798886e+00
9.612460603585269991e-01
8.910030310366537920e-01
8.344610436852702984e-01
7.699365037351828533e-01
7.162591050498181566e-01
6.602077604861338322e-01
5.935118656423682415e-01
5.356614991727220998e-01
6.286192645601799134e-01
5.656505442409383022e-01
5.365252304118637294e-01
5.157714148347308791e-01
4.923954688261553692e-01
4.888788666711824105e-01
5.273991646237097264e-01
5.401069297489603516e-01
5.858897114543570872e-01
6.556295769880257085e-01
7.373712203643146834e-01
8.419121466510764984e-01
9.855093001319369383e-01
1.158141638800313178e+00
1.380249246088727011e+00
1.620003116871163940e+00
1.914141653165506218e+00
2.250362038572776058e+00
2.609421858430623242e+00
3.030763928072702118e+00
3.488520068407224173e+00
3.819430446449000538e+00
4.359354485429912884e+00
4.854815284596041280e+00
5.393421816028235227e+00
5.924631566629513735e+00
6.465538767737992742e+00
6.991730902603613629e+00
7.548790339036996144e+00
8.092712199948888241e+00
8.635770650591421571e+00
9.156225765405961781e+00
9.636500553334691688e+00
1.008308875332065568e+01
1.050125638683382512e+01
1.087515607096595893e+01
1.123703107327925466e+01
1.149137413252410767e+01
1.171451626953694714e+01
1.189155239956371091e+01
1.204812455615455136e+01
1.212281008183746600e+01
1.218644138995215975e+01
1.216087628136302001e+01
1.214069960245260482e+01
1.207778749745729563e+01
1.198948825764640524e+01
1.188468434074126456e+01
1.174907655020156660e+01
1.155807330888082696e+01
1.140500246563167508e+01
1.114918506324860203e+01
1.088581687272158227e+01
1.060671685291185895e+01
1.031256285709603304e+01
1.001743071934447826e+01
9.691249112552958067e+00
9.364492081260483047e+00
9.073473544222277809e+00
8.745242589478642969e+00
8.475602121619974838e+00
8.172506068216222275e+00
7.915727461726365988e+00
7.609052189174838610e+00
7.339104726501267884e+00
7.100360785357023197e+00
6.883279202874613922e+00
6.689782119348984146e+00
6.471772180774276073e+00
6.284011549837857480e+00
6.125132593915457946e+00
5.923342393429023467e+00
5.844540308447455423e+00
5.767487847486767905e+00
5.724998067196044538e+00
5.600158952051722316e+00
5.510245726852077475e+00
5.450680864999355890e+00
5.369698894304728576e+00
5.316151893461325884e+00
5.346672150585914274e+00
5.312732359716727082e+00
5.317457313321159340e+00
5.257445862705838913e+00
5.288626995299400058e+00
5.373618901989298813e+00
5.427730832895508506e+00
5.464483671985560953e+00
5.518067174446219525e+00
5.520439376703817125e+00
5.599623923714325713e+00
5.706039638901462929e+00
5.751290320143467305e+00
5.802214191912610453e+00
5.883628794798410055e+00
5.812442513406374189e+00
5.960630030642294130e+00
6.121502787828048575e+00
6.240243266327425431e+00
6.341362023785279689e+00
6.460467037038982063e+00
6.544494054923482018e+00
6.744228605092454920e+00
6.708120850381475542e+00
6.825713189336265252e+00
6.873990790909616955e+00
7.043051662496457865e+00
7.077645560056214258e+00
7.132454373237737677e+00
7.184771224312420657e+00
7.247772055305360617e+00
7.295888234227350111e+00
7.326400756516021850e+00
7.480930676752463704e+00
7.560783890389340733e+00
7.623813652831485044e+00
7.866136304593230655e+00
7.862178611667151706e+00
7.942626718283064768e+00
8.078769404246505914e+00
8.291868566570757437e+00
8.382791312723311350e+00
8.386528100450618695e+00
8.336387412463878377e+00
8.512767648970580581e+00
8.640565249253796765e+00
8.838427952167357660e+00
8.746409061958956954e+00
8.875209187599915950e+00
8.872529273142772510e+00
8.921015487767606444e+00
9.010473690954873049e+00
9.156752536297140921e+00
9.222369601322615296e+00
9.240081780536073097e+00
9.263510863277714336e+00
9.333836978625832614e+00
9.376341099861027928e+00
9.433123931858853339e+00
9.522850320527517454e+00
9.467615628464704614e+00
9.381233487320006503e+00
9.517901067508713453e+00
9.591335273888397239e+00
9.739736158481758110e+00
9.779697733674085569e+00
9.705600406785363177e+00
9.323286762982915477e+00
9.354661963265717972e+00
9.077283673211557158e+00
8.893836661990217607e+00
8.857122716107248550e+00
8.592551631554925962e+00
8.285710585126436101e+00
8.014861025192150379e+00
7.789126590418891105e+00
7.427241275527960873e+00
7.040956897858560382e+00
6.911368399307200150e+00
6.748546621818481306e+00
6.437513309977781262e+00
6.006727611610159556e+00
5.794674488435833659e+00
6.634113413160472206e+00
6.424742215005886159e+00
6.041477946868925031e+00
5.683014618650028993e+00
5.469704835387572572e+00
5.511917967639514693e+00
5.097528459699977255e+00
5.092171663103000512e+00
5.056700317880499895e+00
4.905216886233906948e+00
4.998810753664553630e+00
5.092169536788931694e+00
5.115758048261226598e+00
5.088240517140084407e+00
4.860721285742501507e+00
4.847574217557789389e+00
4.707058193560342829e+00
4.537554625047534707e+00
4.344607035853166543e+00
4.541679011020233858e+00
4.378591482850363370e+00
3.064902108134242464e+00
2.762213596841207153e+00
2.872427455398742779e+00
2.933012892939660166e+00
2.725670190579804864e+00
2.803790259677816810e+00
2.981012419356244614e+00
3.011881436060445338e+00
2.665414416800001352e+00
2.687687386174866688e+00
2.467162337510579562e+00
2.397539244508270606e+00
2.351055301625388783e+00
2.204350226769627330e+00
2.329759765745101241e+00
2.323871030729883103e+00
1.924285959202990171e+00
1.904310911854300237e+00
1.546905419090754741e+00
1.382602250013718281e+00
1.170730750251846253e+00
1.100738653783375209e+00
1.324333887859077130e+00
1.218494734881502062e+00
6.639281359142168437e-01
6.778343148506250637e-01
6.937716576869198404e-01
3.447859122708223367e-01
2.436201004198496056e-02
1.294236840498734498e-01
-2.071703505534097656e-01
-1.616910025453800470e-01
-6.185554995874522621e-01
-5.858405172682560336e-01
-6.394503714743426936e-01
-9.149950112589828599e-01
-6.192316569717006836e-01
-4.921730884039597909e-01
-5.936798957561467693e-01
-5.486951923074036008e-01
-2.479940818483118981e-01
-1.394321140956653882e-01
-7.488245446358288149e-01
-1.227342476724505138e+00
-9.036942275931107993e-01
-7.507995444708754906e-01
-1.346543008790507479e+00
-1.344712611312265826e+00
-8.059443064805724699e-01
-1.245785872039239184e+00
-1.569666733152758731e+00
-1.729349257613257418e+00
-1.946934055243849881e+00
-2.304071020212440590e+00
-2.760233697310781942e+00
-3.417237365552614925e+00
-3.063499809213837022e+00
-3.910832040608875015e+00
-4.418585659880598371e+00
-4.033735118439434331e+00
-3.988110796863417296e+00
-4.380384017441545375e+00
-4.082260039457270118e+00
-4.049261821878221035e+00
-3.767378644706913970e+00
-4.053548339526044764e+00
-4.430931882330512828e+00
-3.937221173885196546e+00
-4.415080750340819371e+00
-4.619088416703173827e+00
-4.705147846348616270e+00
-3.969513462874909582e+00
-3.953944103902016227e+00
-3.864575209578580584e+00
-3.795033287617752826e+00
-4.132490094355479648e+00
-4.133721981807830126e+00
-4.398224575547510895e+00
-4.026388818303829886e+00
-3.655401017810834929e+00
-4.290381614760810258e+00
-4.124171294301132384e+00
-4.595029714482870453e+00
-4.975832327132677868e+00
-4.516863151736885129e+00
-5.160904666912510486e+00
-5.383464067287501820e+00
-4.897198159786048777e+00
-5.548343131787870419e+00
-5.697386570952573948e+00
-6.281033580522875859e+00
-5.416950711556347997e+00
-6.111487053047469864e+00
-6.008050577937818382e+00
-6.517124127598050265e+00
-5.759034564200446127e+00
-5.998907041029868381e+00
-5.673381388167981321e+00
-5.788355367457295841e+00
-5.337039687008514832e+00
-5.505464282300430945e+00
-5.167720701452587662e+00
-5.414574860802146006e+00
-5.365126265168104425e+00
-5.538385359885878323e+00
-5.841727436837872212e+00
-5.379587177896805628e+00
-5.383180066011962417e+00
-4.417362411891497587e+00
-4.082292023565170958e+00
-4.860731749819492187e+00
-5.021088623154938979e+00
-4.732497556095796476e+00
-4.665069411806781474e+00
-4.584172964085844626e+00
-4.757262912789236964e+00
-5.735193092360244549e+00
-6.944990224638697640e+00
-6.862547164767323515e+00
-5.308496231952733346e+00
-6.481348411860432535e+00
-6.077312163449105853e+00
-6.967688977800683858e+00
-7.230053130169117104e+00
-6.607183687184340570e+00
-6.399420326669443604e+00
-6.407339792843397497e+00
-6.571846553511633715e+00
-7.942628828029172361e+00
-9.764240783168368409e+00
-9.435276252498017158e+00
-9.170392474459482912e+00
-9.577791122528774181e+00
-1.094657676973617555e+01
-1.317744958842136782e+01
-1.206007767593047397e+01
-1.330832668142202557e+01
-1.260160878286871977e+01
-1.062626769706081120e+01
-1.095057559289867655e+01
-1.178353670975251788e+01
-1.064756141191062611e+01
-1.226763941922924595e+01
-1.107103902283696151e+01
-1.063820750952727323e+01
-1.004945120568432060e+01
-1.021173833040941403e+01
-1.171406482554262141e+01
-1.116890966477488867e+01
-1.083687789384728362e+01
-9.550984667041747755e+00
-1.105748555295241253e+01
-1.075699026764652899e+01
-1.083600259819051459e+01
-1.023251888502453255e+01
-8.244271297347937733e+00
-8.932165544787865841e+00
-7.564431938621589246e+00
-5.492888328220797867e+00
-6.552918841642558334e+00
-7.810033925298876412e+00
-9.876115700942182940e+00
-1.336063135701044757e+01
-1.109522311407880402e+01
-1.354384594315374457e+01
-1.342175014648686471e+01
-1.515400055151439496e+01
-1.454529023848181879e+01
-1.509178449142176426e+01
-1.704935792081684909e+01
-2.082660891723196528e+01
-2.520028589998135615e+01
-1.960811207541483370e+01
-2.293596644603603707e+01
-2.464101714630102435e+01
-2.544287613635347967e+01
-2.772745061070408568e+01
-3.094800016699838352e+01
-3.551624204663200857e+01
-4.400675115877746890e+01
-4.285583844040521484e+01
-4.486116076755720172e+01
-4.545748474689102636e+01
-4.563488898978972941e+01
-4.486454084352149607e+01
-4.276758154538508450e+01
-4.704755036003658120e+01
-4.804443844218884863e+01
-5.494504254525897124e+01
-5.875455530012951044e+01
-6.638098145730482713e+01
-6.626128872812240900e+01
-6.728051415483648157e+01
-7.339529427123783023e+01
-7.067606465222199574e+01
-7.264397789234294578e+01
-7.393899819036002441e+01
-8.483625662266020129e+01
-7.929095312662605011e+01
-8.229468561146660477e+01
-7.947188305655141960e+01
-8.459123081879312167e+01
-8.809420851251083207e+01
-9.967930981352864706e+01
-1.017726125472676983e+02
-1.058803166148639718e+02
-1.101899346392451093e+02
-1.022386229107746374e+02
-1.219063737951605049e+02
-1.306050714422853218e+02
-1.369246650176987714e+02
-1.448972184628888726e+02
-1.463285646824500077e+02
-1.532814717666340698e+02
-1.541070607754110711e+02
-1.984030111488739863e+02
-2.007619261459439315e+02
-2.069728892169832193e+02
-1.920451082855238951e+02
-2.090587653903900787e+02
-2.960934072233768575e+02
-2.689668856720468852e+02
-2.620838070433503617e+02
-2.704097388449885102e+02
-2.545711951004852835e+02
-2.745326098115762079e+02
-3.094408803244281785e+02
-3.288414707640162078e+02
-3.447267065707970914e+02
-3.391851468205881019e+02
-4.307236742659062543e+02
-4.534881920498593217e+02
-4.444700962256233083e+02
-4.444057725932027552e+02
-4.200971547390103638e+02
-4.362913426400465369e+02
-4.150028852661963015e+02
-3.182415885545581204e+02
-3.001069764775702424e+02
-3.019976502170354706e+02
-3.105925052653298053e+02
-2.251857854031944157e+02
-2.190783334828202555e+02
-2.962743883459419862e+02
-3.361354964450395073e+02
-3.457867071700944734e+02
-3.392019148402358724e+02
-3.091834852344478008e+02
-3.034618744237405394e+02
-3.904704432289026954e+02
-6.367788673965478665e+02
-5.300013712182800418e+02
-4.946574200718646352e+02
-4.862667418116355975e+02
-4.801896673410983567e+02
-4.924527834001254405e+02
-4.732927332450660742e+02
-4.491090923450435639e+02
-5.387796398747058220e+02
-5.483704413098267878e+02
-5.476682269466205071e+02
