1.690262495649820494e+03
1.718708721555250349e+03
1.727641832558146689e+03
1.769177811873061501e+03
1.820618650396886324e+03
1.877663171350653329e+03
1.883654008627943767e+03
1.908861256056952243e+03
1.938865348844233495e+03
2.002140126985856341e+03
2.040244731050292557e+03
2.052897074899540257e+03
2.090039078597918888e+03
1.105724736717649193e+03
1.059997673856088568e+03
1.142744871480911797e+03
8.037948836677251165e+02
7.839910360230057904e+02
1.102645516549943977e+03
1.188848930610020716e+03
7.164548565292910780e+02
6.108347835279604396e+02
6.584715617436966113e+02
6.825571510640107817e+02
6.677001761338733559e+02
6.459875746994064230e+02
6.003183106841158860e+02
5.984261149125815109e+02
5.971875130389386186e+02
6.052005464877198619e+02
5.620345992314565819e+02
5.383131558483117942e+02
5.345187001861849012e+02
4.502986771631413490e+02
4.394665309874267223e+02
4.036240545053395294e+02
4.014202562323756069e+02
3.970383035625945354e+02
3.817266191224756540e+02
3.895923763021614263e+02
3.981428939551387884e+02
4.999452080948449293e+02
5.684198727684550931e+02
6.042369587597822829e+02
5.943271392401030653e+02
5.870173538630571102e+02
5.712297139729810169e+02
5.824245777392294485e+02
5.799672431184959578e+02
5.851537161552680573e+02
5.714158279230280186e+02
5.853316952907424593e+02
5.996182994340847472e+02
5.869438468320428228e+02
5.740795412568019174e+02
5.692958312534118477e+02
5.649581165295021492e+02
5.562759210451429226e+02
5.544589343587426811e+02
5.524087448530116262e+02
5.338161775459457203e+02
5.579724030404370296e+02
5.233542568148392320e+02
4.935649200423021057e+02
3.947705887873095207e+02
3.752741349956646673e+02
3.997328155166920851e+02
3.998761740980863806e+02
3.887206357319112726e+02
3.888022313873447615e+02
4.716107937037646707e+02
4.613734505553779286e+02
4.617677160089933750e+02
4.799361358211571087e+02
5.240324817301864186e+02
5.107058246429797919e+02
5.102291154711903118e+02
4.993725988546366921e+02
4.971721987321067786e+02
4.898789163127622146e+02
4.790320239972552372e+02
4.946938006286555947e+02
4.701453821249837119e+02
4.768358786342178064e+02
4.712896754948330909e+02
4.789675545803182217e+02
4.849989567519276079e+02
4.494429512379491598e+02
4.452940041205714579e+02
4.532197933994665959e+02
4.451042438332111146e+02
3.561214184425268172e+02
3.581955112915458699e+02
3.371830084057220347e+02
3.097855417706161347e+02
2.655453195793959935e+02
2.499889267463382225e+02
2.531172783113999856e+02
2.572294424864820712e+02
2.591974236080568517e+02
2.527721455090859024e+02
2.599678129099318085e+02
2.325619653992792735e+02
2.524679473058596102e+02
2.523392781016493132e+02
2.472508128617797922e+02
2.367147138196922924e+02
2.232733038757110080e+02
2.509986531078225767e+02
2.439193552361042521e+02
2.520157004043893494e+02
2.626331324596222316e+02
2.552234917078852732e+02
2.975382906246463222e+02
3.001289227761358234e+02
2.823463228801489890e+02
2.897365303182710363e+02
2.920238157109383792e+02
2.777404202260939883e+02
2.976898551314374686e+02
3.044530548032938668e+02
2.976772893500297528e+02
2.876612637499188168e+02
3.028131999171674806e+02
2.654644055446237303e+02
2.551415074358637298e+02
2.656756632859060119e+02
2.603922411084931809e+02
2.730148129222916964e+02
2.317139005499028883e+02
2.439502258405070165e+02
2.163880377744132772e+02
2.112845846884634113e+02
2.230667104696422030e+02
1.681473071297544664e+02
1.601547964414725982e+02
1.705680106603099375e+02
1.713360539213852860e+02
1.823224668115698250e+02
1.688300631635050308e+02
1.619549307037646599e+02
1.612828399313638670e+02
1.601824295549687918e+02
1.355632865983299098e+02
1.405487596444970677e+02
1.377028194466311959e+02
1.433276893246556654e+02
1.259405784428739139e+02
1.193533558211304921e+02
1.176977506158175117e+02
1.346505121106456215e+02
1.219479487112948988e+02
1.185420152874644089e+02
1.293859665814152322e+02
1.094357358932645639e+02
7.673041477538936306e+01
2.994861451445292033e+01
1.990975083577934157e+01
1.410074430222813113e+01
2.960318878851255775e+00
1.802694064071657465e+01
3.057447432606623394e+01
8.807966147884744856e+00
3.007581983505148671e+01
4.686954919463233438e+01
3.441764738638858745e+01
3.718277157741569283e+01
3.771649599156888399e+01
3.709746862277563650e+01
4.074641911604341260e+01
4.054757361136263683e+01
3.121830883195542583e+01
3.566164048513172702e+01
4.521952816213695314e+01
4.298820345524960373e+01
3.260366515444476931e+01
7.407266801087718022e+01
1.094723962023403345e+02
1.124246950622254673e+02
1.069330314145321097e+02
1.025639248740909579e+02
9.493043923393274497e+01
6.883597596543988573e+01
8.240638977144361377e+01
6.733457536847839719e+01
6.982529348893241661e+01
6.181372923696216048e+01
6.852030054548681903e+01
5.765169219636635489e+01
5.483331569330274391e+01
5.250330646456362160e+01
4.748779259882336845e+01
4.606772839117910934e+01
3.905709066989082601e+01
3.521870507476054968e+01
2.879057230610506224e+01
3.432370767023697056e+01
2.171226912748008075e+01
2.621867939475670184e+01
2.053994414740779106e+01
1.589479642154191197e+01
1.361931705761542766e+01
1.419266503849287098e+01
1.340226414214556883e+01
8.907804919489793249e+00
7.578001655592653485e+00
1.044833049927936131e+01
1.083200746443684892e+01
7.614841477014468119e+00
1.419354958849549853e+01
7.226298672993199723e+00
6.403217145290451384e+00
5.843745631450867783e+00
6.320662112540182953e+00
5.850054031267848842e+00
4.060276663254762219e+00
4.463354712658476942e+00
1.171985977932299861e+00
2.062371237441576355e+00
1.712362945756228161e+00
3.718926813523729891e+00
5.574199757810261779e+00
5.858885169453786013e+00
6.071833203536194823e+00
4.960509238260284448e+00
4.682432787666276575e+00
6.051931587649791666e+00
4.769445922085264300e+00
5.398359653186957985e+00
6.725795303405442738e+00
5.915246315061985172e+00
7.724539688051088149e+00
8.494436851398853960e+00
7.295161785954574540e+00
5.361085148087965990e+00
6.053500970691387373e+00
4.911195374090548071e+00
3.790794129406378499e+00
4.337706691968285178e+00
4.159480076653951919e+00
3.369709201476030369e+00
1.789647767029716174e+00
1.083250553154365248e+00
9.528739204730141132e-01
6.810621088689328140e-01
1.447393481193684384e+00
1.215744782506821497e+00
1.014373794305678533e+00
1.167467012846917562e+00
1.488113914838501639e+00
3.245931813934503918e-01
-4.215860612947235075e-02
-5.094269014497067039e-01
-2.604148474118613832e-01
-3.187008760199746549e-01
1.847994713154022250e-01
4.349375255151428921e-02
8.778476997663806625e-01
3.769073572142037087e-01
3.503090716518427739e-01
5.135846500323809627e-01
4.059236238147406750e-01
8.642227948959808614e-01
8.360411524151696305e-01
7.592283091465711342e-01
8.699388771861367164e-01
5.094735383092033887e-01
5.813616193343530414e-01
2.492183695559573586e-01
3.932849617713679025e-01
1.506043267395874574e-01
4.477946621879085320e-01
6.401341104717988006e-01
9.930293355469812511e-01
1.129608083674398911e+00
9.060289011742779230e-01
9.533752742039149908e-01
9.949234406509255280e-01
8.870014778541428502e-01
6.948665784209818730e-01
1.095976373523243952e+00
5.834358671209856073e-01
7.208222055185342647e-01
5.035549167254861347e-01
4.776924523827381641e-01
5.777419883495115149e-01
4.274251356113516476e-01
1.935930925269727654e-01
3.129938839726557065e-01
2.242708147217349346e-01
3.382191207002374078e-01
2.843251524083389437e-01
1.578476832588461554e-01
1.954822006640695720e-01
3.474199940015938459e-01
2.681093867995827940e-01
3.369360088880319903e-01
3.969943573021330607e-01
4.760567024704400185e-01
4.912379817932235881e-01
6.240770872806556957e-01
4.264634322035446012e-01
3.846521743384433423e-01
4.058473614871454527e-01
4.128567996212915703e-01
4.139359161524628905e-01
4.052510366472277803e-01
3.152181717312277365e-01
3.327769106220955231e-01
2.828387492380373680e-01
2.481446246147959167e-01
2.047738458486989821e-01
1.971120443023251789e-01
2.580466096314749103e-01
1.503392744392184621e-01
1.527476180611907763e-01
2.010183364456535338e-01
2.292284584042070250e-01
2.086526164403449957e-01
1.654672861075952850e-01
1.886248725577788776e-01
1.825539741830936591e-01
2.295736356450726878e-01
2.592618769529476119e-01
2.223295350993003683e-01
2.696460264901937576e-01
2.430385744441149465e-01
2.517934687650020820e-01
2.820247310449321421e-01
3.021524901909297678e-01
3.292096208301011351e-01
3.779089458357815512e-01
3.466017019415159051e-01
3.240543477560827168e-01
2.769122302287333470e-01
2.708939469878341444e-01
2.518158242199601826e-01
2.500755895733041689e-01
2.782077829587648599e-01
2.853106953487996034e-01
3.355865511220607611e-01
3.362858183017767844e-01
3.171374108212809406e-01
3.383651188185545777e-01
2.939008519250216334e-01
2.801633222602990525e-01
2.802378400661890145e-01
3.274463463783142125e-01
3.540646964034434019e-01
3.753842877110787901e-01
3.658097365466954631e-01
3.782029124807316234e-01
4.087296306550645131e-01
4.408961780420714849e-01
4.781668250346556848e-01
4.944396159122459444e-01
5.334676015135364491e-01
6.053071308574473619e-01
6.521334039614790079e-01
6.718254019982093928e-01
6.579837959282819337e-01
6.941755265860283242e-01
7.207917832538347502e-01
7.889456900181286425e-01
7.867133965455637146e-01
8.942024279905327333e-01
9.482902179749109761e-01
9.964160226146019372e-01
1.012812833426732784e+00
1.099608254689937725e+00
1.145469538882663008e+00
1.251507132609860795e+00
1.311045864855844512e+00
1.366605505173883017e+00
1.461908389437840405e+00
1.529374833448041704e+00
1.602655310117654830e+00
1.708697400305670744e+00
1.742483712628795534e+00
1.851852413844891521e+00
1.952539591595882973e+00
2.091917202096912121e+00
2.188738880064080128e+00
2.309328371405055869e+00
2.410734418551623737e+00
2.547127637731834593e+00
2.664494704688316506e+00
2.832085149318829487e+00
2.984185831449353454e+00
3.133070276884942995e+00
3.251248428378738620e+00
3.389084823185210649e+00
3.497148354929407787e+00
3.643701172510338093e+00
3.801503589238482750e+00
3.926207151156389408e+00
4.090797351499777967e+00
4.273823298056402820e+00
4.429252873305705940e+00
4.604007003286615607e+00
4.749306702639387368e+00
4.899846085922220595e+00
5.047925608950865950e+00
5.211236217611365795e+00
5.383411657383289750e+00
5.526821486096955560e+00
5.671986340598881959e+00
5.821056396064985705e+00
5.952741316188502552e+00
6.056348542673272384e+00
6.186406584377827755e+00
6.313295123502389750e+00
6.414195482012094551e+00
6.516684035526298935e+00
6.588582407056783552e+00
6.675101187959641358e+00
6.760253578689429332e+00
6.827778293211756555e+00
6.900826390031624236e+00
6.931607690853461179e+00
6.986470924734362598e+00
7.029003553398015747e+00
7.069777233745723422e+00
7.092612382049059860e+00
7.137395480281318427e+00
7.160598975203003036e+00
7.201056049617039712e+00
7.230433321896018839e+00
7.247182510233199260e+00
7.262152908296306997e+00
7.290594527018022575e+00
7.327016828103984025e+00
7.344987208839679482e+00
7.386315831879831428e+00
7.418925363699794495e+00
7.441035208191297379e+00
7.450280662064826309e+00
7.424896597915725316e+00
7.416426100709385238e+00
7.367378579617782641e+00
7.311145350233712037e+00
7.273220711974715869e+00
7.212345261096261950e+00
7.132708716881392519e+00
7.026328844844209165e+00
6.889229859456566629e+00
6.757634263797657859e+00
6.635376528663217144e+00
6.487327039336891588e+00
6.330953873979298763e+00
6.172973911242049638e+00
6.019706961793696465e+00
5.828424413806310156e+00
5.659181380710094800e+00
5.467988026354660747e+00
5.266381857219105456e+00
5.076836429829739039e+00
4.862794442062888578e+00
4.681910967765817944e+00
4.470926580913092252e+00
4.283603516342009421e+00
4.112826963535939129e+00
3.889634069707426978e+00
3.704136726372386779e+00
3.496681830034971572e+00
3.327049030095156290e+00
3.151845375409377592e+00
2.988313688139874635e+00
2.822337362841575104e+00
2.664206852540766501e+00
2.499324572341629302e+00
2.350704289851040851e+00
2.198613132142305471e+00
2.061263056777365321e+00
1.926325708772518297e+00
1.781294581474815786e+00
1.652749865474626656e+00
1.686876110887280511e+00
1.574398881082215595e+00
1.505389825164362483e+00
1.450507887879667779e+00
1.409536671223605486e+00
1.404486922681002836e+00
1.463738740724776610e+00
1.523492054386874628e+00
1.650901237996863502e+00
1.828637081697297884e+00
2.060987493092677703e+00
2.339317868239370490e+00
2.689274822850131752e+00
3.108832313947890835e+00
3.613785087059159462e+00
4.155809671922495951e+00
4.772499547935850295e+00
5.444181350528911167e+00
6.153069817581130252e+00
6.938641526313236163e+00
7.760185732622622012e+00
8.462226894466622795e+00
9.377959566223115218e+00
1.025423883070678777e+01
1.116624986155449761e+01
1.206141634893520731e+01
1.295405650312669010e+01
1.381113880926526427e+01
1.467185479365193679e+01
1.549636423939266550e+01
1.629113558223751568e+01
1.701082587967283999e+01
1.767778446848690876e+01
1.826260946655511219e+01
1.878331894897964105e+01
1.922048624571575104e+01
1.962067809179582767e+01
1.988393714648614718e+01
2.008865879343828453e+01
2.024563683808383274e+01
2.035803015776669156e+01
2.038953315946720224e+01
2.037496187991980534e+01
2.025855147238693377e+01
2.014461202751447644e+01
1.997595910185524914e+01
1.978707056519616714e+01
1.956939937951942454e+01
1.932165734843493254e+01
1.901196874349244226e+01
1.872920374657434195e+01
1.833978646329100570e+01
1.794178531998748838e+01
1.751483785178538000e+01
1.708663916837228669e+01
1.664778350596697010e+01
1.619071024735341169e+01
1.571366081934472980e+01
1.527957052456024556e+01
1.482852990477581301e+01
1.440375699679391808e+01
1.394912282946027204e+01
1.353694082678556043e+01
1.310053155841207406e+01
1.270613769955885175e+01
1.232599483524126782e+01
1.198146544972364858e+01
1.165293567963722410e+01
1.132149697652696752e+01
1.102035354835361503e+01
1.076076725117020594e+01
1.046139850609044508e+01
1.028908613810278183e+01
1.013421007387888650e+01
1.001697125320301929e+01
9.821045452661207875e+00
9.664640831365398199e+00
9.522804849381900638e+00
9.410226018701559170e+00
9.320017770030601056e+00
9.303860477584589006e+00
9.222225693358293341e+00
9.198053670737063925e+00
9.105472554578474487e+00
9.102653090368892919e+00
9.147955038758810886e+00
9.168003108958025393e+00
9.185834417150440245e+00
9.243142147564540778e+00
9.222164874360220921e+00
9.283447962015834776e+00
9.357366539828202434e+00
9.402609789445689259e+00
9.443277067344588716e+00
9.534461160023008475e+00
9.480544737146882284e+00
9.622388843475741638e+00
9.783379427712906917e+00
9.921724240551442975e+00
1.001886322464137180e+01
1.011103531841351710e+01
1.019211862233593635e+01
1.044918171111911676e+01
1.044997501068527690e+01
1.060521048567200530e+01
1.066439055794707969e+01
1.082478502890804251e+01
1.087107866537825984e+01
1.097970994893593222e+01
1.104144128478311870e+01
1.113876735903498805e+01
1.123274747313680955e+01
1.130734491152807841e+01
1.148809371850735417e+01
1.159224956983176291e+01
1.167702337072646657e+01
1.193681921934263634e+01
1.197543031198668650e+01
1.212940738956383946e+01
1.232018865737647673e+01
1.254486279576831187e+01
1.269909092465248079e+01
1.273827233113445700e+01
1.268240501970833733e+01
1.287353584083254532e+01
1.303196624757113575e+01
1.333751781450568075e+01
1.333994278842667924e+01
1.356530162671265849e+01
1.358028013844958615e+01
1.362340370324414174e+01
1.374701333678020454e+01
1.392041913186911017e+01
1.405393803341005388e+01
1.408294243757489284e+01
1.413963555717613119e+01
1.424554553452840011e+01
1.426788297278249473e+01
1.436141880179835617e+01
1.449408104976512668e+01
1.445272132313389690e+01
1.442195762027362527e+01
1.452946605628227772e+01
1.459307054710948570e+01
1.474519497626487130e+01
1.481527854824715362e+01
1.472862135597610234e+01
1.426251598824155309e+01
1.422503978545160841e+01
1.387063686800768636e+01
1.367382522600277639e+01
1.360750834515635610e+01
1.327835693596637689e+01
1.291879845496232804e+01
1.256330953821921170e+01
1.221533553849426212e+01
1.179252648093058653e+01
1.137144646774861734e+01
1.121310791774223503e+01
1.094745798763778133e+01
1.050680367309617225e+01
1.001067039623641186e+01
9.681115463662539611e+00
1.042675665055640444e+01
1.017385137249673654e+01
9.669858250743702754e+00
9.178663489935736663e+00
8.835805874839037344e+00
8.783556741522861699e+00
8.298520371665283335e+00
8.200287504147576456e+00
8.064447892630481007e+00
7.887269357000366909e+00
7.845241542107293853e+00
7.794189795646103924e+00
7.721840886629034451e+00
7.676107220081738625e+00
7.456400291399940095e+00
7.340737914383788976e+00
7.150685031660818147e+00
6.963806476457052419e+00
6.661022764552866349e+00
6.717256159757246436e+00
6.434929672587872851e+00
5.104279235742783527e+00
4.730268216663224834e+00
4.782678596830006512e+00
4.788582164990935475e+00
4.597011130772524545e+00
4.665262874660014880e+00
4.791777408707915242e+00
4.815746349689715267e+00
4.413805547697520204e+00
4.386740781548915891e+00
4.242650370010171201e+00
4.221060175103731993e+00
4.104915876739086755e+00
3.934696535718529287e+00
4.010934632483696305e+00
3.890009654335357947e+00
3.442510418916534753e+00
3.321898431563147458e+00
2.966020560261774186e+00
2.828564718146960200e+00
2.664831566760549553e+00
2.629691622998621359e+00
2.769414833996336700e+00
2.725919246434462373e+00
2.159594219404867843e+00
2.034043020378790700e+00
1.980971905326694982e+00
1.496222597152081057e+00
1.014742955082884590e+00
9.846233999947849869e-01
6.381696812900865545e-01
6.162851444035437609e-01
1.649231629399205701e-01
4.008510922126956588e-01
4.730477881933794482e-01
7.646221656769375263e-02
3.790778461601678750e-01
4.158404695764451597e-01
2.604408310995467435e-01
7.843290497083954538e-02
2.501682604809785659e-01
3.555280743686864420e-01
-3.969024188170027778e-01
-9.634191659678068564e-01
-7.591448198762063004e-01
-5.723803073329661872e-01
-1.064389719209318130e+00
-1.046353496993085219e+00
-3.079957779611579571e-01
-6.596491176908941823e-01
-9.930946358103417415e-01
-1.114610928934465228e+00
-1.473755311756874242e+00
-1.992342957739889231e+00
-2.693097158919661727e+00
-3.372926242587759305e+00
-2.997818247255791047e+00
-3.849955014953740040e+00
-4.418707671608723686e+00
-3.975905003341508870e+00
-3.574432502510407339e+00
-3.808597106362409335e+00
-3.609333763649308580e+00
-3.367110513199507160e+00
-2.934204840873691822e+00
-3.083430996367930721e+00
-3.476473277820915087e+00
-3.024724280448856994e+00
-3.565669320108892482e+00
-3.888289450227053745e+00
-4.023704353945125156e+00
-3.274246401913978755e+00
-3.475090662984256173e+00
-3.380523521755406158e+00
-3.179194205256322014e+00
-3.445866536505468147e+00
-3.606783863827396353e+00
-3.697604872450884095e+00
-3.364996606764807829e+00
-2.818032374155207354e+00
-3.447816154487276741e+00
-3.563221635444528079e+00
-4.122818440353793079e+00
-4.482065144556082181e+00
-4.215733845402862556e+00
-4.859388348461484597e+00
-4.941566800683467875e+00
-4.587945649765619471e+00
-5.312791321394444211e+00
-5.639346527514470964e+00
-6.128895965370804610e+00
-5.181340381572852039e+00
-5.787179460481833182e+00
-5.677855574594002697e+00
-5.921575507709802899e+00
-5.151001050875611220e+00
-5.555483021823159895e+00
-5.223218623566526553e+00
-5.716387109251014564e+00
-5.331630147471877912e+00
-5.508039175484738870e+00
-5.104584177106011644e+00
-5.437169197774818663e+00
-5.440250053416393783e+00
-5.387909563573603400e+00
-5.519145485483501368e+00
-5.256937918608175053e+00
-5.737428839352491927e+00
-4.953464017760110139e+00
-4.404778708066447557e+00
-5.017573291522511525e+00
-5.349957853826261989e+00
-5.058073822919463503e+00
-5.306001091820791160e+00
-5.142570124093105655e+00
-5.744961109740680527e+00
-6.671590946356914742e+00
-7.398401228494167370e+00
-7.090827709777403065e+00
-5.286496426403435756e+00
-6.290045191714153106e+00
-6.195977334860987895e+00
-7.273341212133191291e+00
-7.428447812322172439e+00
-7.152420105552419471e+00
-7.378534193230764870e+00
-7.797158902439086603e+00
-7.714841309221831089e+00
-8.626455190888872693e+00
-1.007405451040773592e+01
-9.857244433093633518e+00
-9.871004752449216824e+00
-9.865900098857348866e+00
-1.101201196945584648e+01
-1.318509415728621725e+01
-1.193394845550234429e+01
-1.277851327995981912e+01
-1.221244507185192774e+01
-1.078503102851509432e+01
-1.157617409175209389e+01
-1.220475909859197117e+01
-1.123438557490685596e+01
-1.267966991944335042e+01
-1.168841042887750881e+01
-1.116847344872664216e+01
-1.045480995399484314e+01
-1.095635137040892282e+01
-1.235054651266678150e+01
-1.248125344690168248e+01
-1.247047787492250315e+01
-1.092997363453140558e+01
-1.213551045150155794e+01
-1.132653079791495010e+01
-1.158105066633467217e+01
-1.141949538297166811e+01
-9.751586360931492337e+00
-1.099026049905185332e+01
-1.073354165322252918e+01
-8.989663934518917543e+00
-1.004845058327069651e+01
-1.112880686210607628e+01
-1.322578079206864743e+01
-1.621220731391584735e+01
-1.371811980224359573e+01
-1.517864288990656441e+01
-1.537722531649085589e+01
-1.650635313961009132e+01
-1.649986971395341229e+01
-1.729791231634339255e+01
-1.923219534516321971e+01
-2.330327456529336061e+01
-2.831809426356143433e+01
-2.332037923755510533e+01
-2.645267085731746803e+01
-2.698926730357216641e+01
-2.704902307801403438e+01
-2.886234474218191792e+01
-3.197277027986525155e+01
-3.600278202039123698e+01
-4.434170784728332393e+01
-4.415118747391402820e+01
-4.644365440794258859e+01
-4.597829316129176647e+01
-4.711299076400425889e+01
-4.804431279328195359e+01
-4.695085974824171160e+01
-5.135775489497983415e+01
-5.318293877707272088e+01
-5.894060097071611182e+01
-6.288219190327566110e+01
-7.180376767545527628e+01
-7.135745412363930029e+01
-7.277237926837565851e+01
-7.967463144450832147e+01
-7.733810795239033098e+01
-7.984479851117517057e+01
-8.389669161167556410e+01
-9.335599060717930797e+01
-8.676537987337597713e+01
-8.875258474427818101e+01
-8.690564215730020692e+01
-8.957997184650969302e+01
-9.193068464196775835e+01
-1.078990536128235931e+02
-1.086050712052354896e+02
-1.114249973108327652e+02
-1.194772203058311106e+02
-1.115328539842294333e+02
-1.318931379285621119e+02
-1.387169519515400111e+02
-1.400029322687768456e+02
-1.457481732452696122e+02
-1.462539277268163573e+02
-1.552700812054826258e+02
-1.550708466793737159e+02
-2.002199170314543153e+02
-2.041933572833331425e+02
-2.113030741291254913e+02
-1.994554341799982069e+02
-2.212193730419887459e+02
-3.040511509843848899e+02
-2.730606366664896427e+02
-2.672012293825627580e+02
-2.831500327827447450e+02
-2.646043951819739846e+02
-2.806421050464370524e+02
-3.143502013530764998e+02
-3.337082766891011261e+02
-3.521110139828820138e+02
-3.388523346538023588e+02
-4.257392531858383791e+02
-4.526340020442151513e+02
-4.443431634764246496e+02
-4.443127131441037250e+02
-4.165920708161424386e+02
-4.376742737538240817e+02
-4.192733237114814528e+02
-2.598288632498481547e+02
-2.362487812256240716e+02
-2.400442781206365339e+02
-2.391879345161627839e+02
-1.637259726576967864e+02
-1.613116585570134589e+02
-2.339428199731116251e+02
-2.768121902803004559e+02
-2.870949700192212504e+02
-2.852612825157708016e+02
-2.553435080990532526e+02
-2.421314734723380866e+02
-3.459657111260561919e+02
-6.076025272945574898e+02
-5.073298256808490692e+02
-4.723658253516921377e+02
-4.636435950594525366e+02
-4.584093071195588323e+02
-4.713725646800333493e+02
-4.473290228080250017e+02
-4.194211817202717612e+02
-5.709558648507679663e+02
-5.829121273250692639e+02
-5.785877592273261598e+02
