4.399456651602465627e+02
3.118147339038734572e+04
-4.175701754991331254e+05
-9.386523721811099676e+02
1.464946915243170806e+05
5.694811951278629713e+05
-5.206288401620965305e+04
6.665903162835420808e+05
2.614353455085466558e+05
-6.884353825817597099e+05
-8.516131382376234978e+04
-3.940552423457906843e+04
-2.776670136597422606e+04
-4.275257284189946949e+04
-1.418001053156829148e+05
-4.400036081929066131e+04
-2.812208945134857640e+04
-4.300496821973664191e+04
-4.780464747524995619e+04
-4.472268202029266831e+04
-4.828319296917169413e+04
-3.236353563908921205e+04
-1.101314929614498542e+05
-1.006496336183537060e+05
-5.117862922503014852e+04
-3.331070850587175664e+04
-3.720627253302884492e+04
-4.685783122920023015e+04
-3.098724636390557862e+04
-3.043768708259705818e+04
-1.341899181473214412e+05
-5.685800764850941487e+05
-9.245388458572795207e+04
-3.789074161686429579e+04
-3.102824054930753846e+04
-3.439716786859871354e+04
-3.712305122350229067e+04
-3.116986333365063547e+04
-3.464257387599664798e+04
-3.463239119319858582e+04
-2.797033708208765165e+04
-2.111087423207942265e+04
-2.491291319317490343e+04
-3.881607717898561532e+04
-2.861628105577624228e+04
-2.301663221362025070e+04
-2.432193205427481735e+04
-3.093116860942748099e+04
-3.582427140312499250e+04
-4.555254125465687684e+04
-3.786015766469945083e+04
-3.309096165330059011e+04
-6.413057968585787603e+04
-1.016903930634764547e+05
-3.931575486808817368e+04
-2.964850182363568092e+04
-3.773845276336993993e+04
-5.153607077359533287e+04
-3.390285865582493716e+04
-2.633354633897267922e+04
-2.968753627109843001e+04
-3.252425990638859366e+04
-3.277022436646588176e+04
-4.120249957544238714e+04
-3.360185018215954915e+04
-3.507622834814112139e+04
-5.215544857381397742e+04
-3.545218152232772991e+04
-3.564524403037182492e+04
-3.010212084883038551e+04
-2.545501040276258573e+04
-3.761806172796445753e+04
-5.157046793357042043e+04
-4.045036014409032214e+04
-2.636868975955844508e+04
-3.458617916069016792e+04
-4.896186911939984566e+04
-2.633017026087157865e+04
-2.270107583559216437e+04
-5.083190222363833163e+04
-1.117349422377009032e+05
-3.415642270513079711e+04
-6.017774138779059285e+04
-8.009175544492216432e+04
-4.905681592702658963e+04
-5.773155428378799115e+04
-6.873473199730624037e+04
-3.909736205475255701e+04
-2.770369072349051203e+04
-2.494345673530432396e+04
-3.138334737047177259e+04
-4.531744465437004692e+04
-3.310550332335267012e+04
-2.291014786007799921e+04
-2.594583063799679803e+04
-3.227324831027721302e+04
-2.797637358224690615e+04
-2.897634846031758207e+04
-4.599682884753977851e+04
-3.041405903791391029e+04
-3.332413936183461919e+04
-3.155680858542662463e+04
-5.378658520834681985e+04
-6.183977549351552443e+04
-3.651317947956972057e+04
-3.490526094361794094e+04
-1.029666014148393733e+05
-7.853941705385490786e+04
-2.969906811250728788e+04
-3.393064539211845840e+04
-3.594537729868505994e+04
-3.570445265492070757e+04
-9.950176572461880278e+04
-1.113634739470858622e+05
-5.738794616830386803e+04
-3.339773472121916711e+04
-5.984175903521975124e+04
-1.083746609786859626e+05
-6.571906963316546171e+04
-7.318664308318328403e+04
-8.106084384466234769e+04
-4.768220389570405678e+04
-3.663290186976228870e+04
-6.487953881388467562e+04
-3.396581636943273043e+04
-1.945389589871976568e+04
-3.262840108353497271e+04
-3.703724274535759469e+04
-3.076549688523718214e+04
-4.689225698370336613e+04
-4.714641377962211845e+04
-4.068413615553647105e+04
-4.606731246189995727e+04
-5.856695191955809423e+04
-5.672096257645587320e+04
-4.198199226551002357e+04
-3.827551290382193110e+04
-2.998854046056473817e+04
-2.333311480166333058e+04
-2.511508947799367525e+04
-3.869299091606689763e+04
-6.134123119204702380e+04
-4.389762692587369384e+04
-3.919461298841172538e+04
-3.217488361866142077e+04
-3.413976136541586311e+04
-3.499369188593828585e+04
-2.915098781403959583e+04
-3.819445786486162251e+04
-3.766135282310600451e+04
-2.589196627740106487e+04
-6.316290507593748771e+04
-1.101408751574885973e+05
-4.614601781030296843e+04
-2.571488575336450958e+04
-3.525555531241247081e+04
-4.854683017099353310e+04
-3.244372048022075251e+04
-2.381610008134309828e+04
-2.414642526565957087e+04
-2.321733345031057615e+04
-1.913923457637266256e+04
-2.262523712801088186e+04
-3.545111124127298535e+04
-3.860519626307352155e+04
-1.463473113490976975e+05
-1.258235425134465186e+05
-2.721699457431795236e+04
-2.131957017736211856e+04
-2.322305433105569682e+04
-2.826343932700442019e+04
-4.697325752100961108e+04
-2.940489285770197239e+04
-2.237445476465282263e+04
-2.561817019060191160e+04
-2.127688380307796979e+04
-2.332190318378293523e+04
-2.071660561343056179e+04
-1.855978661267780262e+04
-2.006083398165230392e+04
-1.659879646361852792e+04
-1.904779700029487140e+04
-1.815320342283703212e+04
-1.327002477897902281e+04
-1.423261745096659070e+04
-1.559954125270654004e+04
-1.595765246604472486e+04
-1.821833045737348220e+04
-1.721780642323185384e+04
-1.731419908424459209e+04
-1.515544203150216345e+04
-1.331079218086352012e+04
-1.215209908454554898e+04
-1.152357420051133522e+04
-1.213895707575055712e+04
-1.350884811707457084e+04
-1.211030775789158906e+04
-9.735401107638106623e+03
-9.646540402635881037e+03
-1.020259492581228187e+04
-8.312807327145421368e+03
-8.274640264020525137e+03
-8.463987817373221333e+03
-8.154919236585917133e+03
-7.178126218971537128e+03
-5.973201948249155066e+03
-5.940971833215415245e+03
-6.404329184972920302e+03
-5.846260198918660535e+03
-5.344356587535256040e+03
-5.504608886545476707e+03
-5.055795260251811669e+03
-5.073001848199263804e+03
-5.020459840689526573e+03
-4.630530770456924984e+03
-4.269343267946291235e+03
-3.965705543676330308e+03
-4.065846409264705017e+03
-3.776303412815442243e+03
-3.657541970305516770e+03
-3.398243802799214791e+03
-2.946115800372192098e+03
-2.657198706104617941e+03
-2.520270365765470615e+03
-2.312196706459239522e+03
-2.126095413391916736e+03
-2.065408387890519407e+03
-2.072053308408258545e+03
-1.903032963330852908e+03
-1.769663380431396945e+03
-1.661793375533277867e+03
-1.592834207588580057e+03
-1.486454066110094345e+03
-1.359262223348346879e+03
-1.345589235224668073e+03
-1.245868797383579249e+03
-1.139475757650330934e+03
-1.094826516486240507e+03
-1.027721120555010202e+03
-9.176624467087449375e+02
-8.583503967083260022e+02
-7.949680032052870047e+02
-7.722654527203305861e+02
-6.782677439600846583e+02
-6.203896560534846003e+02
-5.978443443582806367e+02
-5.573357707250631847e+02
-4.647032782143082272e+02
-4.460363458864396762e+02
-3.915626178775569883e+02
-3.738580391414409405e+02
-3.343056864440904405e+02
-3.088635429064933646e+02
-2.866015190531298344e+02
-2.729831742293451384e+02
-2.601428498521905794e+02
-2.420259999788668779e+02
-2.238842635234417173e+02
-2.019544572708147996e+02
-1.540822233487383528e+02
-1.637832396153244474e+02
-1.391652358158558513e+02
-1.324186383194202108e+02
-9.192483978335656047e+01
-8.435142214531838079e+01
-5.448292750996382949e+01
-3.529415402563930115e+01
2.384240118161862210e+00
3.285999967324680426e+01
4.458327533039614110e+01
8.295060837394376563e+01
9.034635070759978248e+01
1.185952902786445975e+02
1.371728722121313240e+02
1.467208071736300496e+02
1.649939092818394499e+02
1.826146596641184203e+02
1.936935663211884844e+02
1.995243587717841365e+02
2.152847212860461070e+02
2.253171023186507966e+02
2.347444142147241166e+02
2.406516678775851972e+02
2.426935535631935750e+02
2.578087479505990700e+02
2.593005724948550323e+02
2.701840917177319170e+02
2.741836182119477598e+02
2.798775569135274282e+02
2.857958520136750735e+02
2.948913082077630179e+02
2.961662429306674653e+02
3.036531353293094639e+02
3.077746032668405860e+02
3.135106373907646571e+02
3.180657629750944579e+02
3.244412544453168152e+02
3.228438213386103826e+02
3.253195864703781126e+02
3.208898471383922129e+02
3.156634539464600948e+02
3.100575445567606039e+02
3.036601903499801551e+02
2.996834312992070295e+02
2.945311213594230821e+02
2.909845627233142977e+02
2.890652486369646681e+02
2.848509002151142795e+02
2.814213948304112591e+02
2.792042358982672567e+02
2.790077868508622601e+02
2.752517370054885077e+02
2.709894209386894204e+02
2.679271658869017756e+02
2.659186851925541646e+02
2.637461402191478896e+02
2.615158590373593483e+02
2.613856315689647545e+02
2.583788792152103611e+02
2.580468371045215576e+02
2.564560700255420898e+02
2.544437011805799500e+02
2.533012700252720322e+02
2.519465639517021884e+02
2.492452049925127824e+02
2.457100866394291927e+02
2.414457157510005914e+02
2.367085263346752981e+02
2.316973203700167119e+02
2.271836408609282216e+02
2.217814601956699789e+02
2.166058412887219333e+02
2.121794038486931413e+02
2.090217235123916453e+02
2.054928377935655988e+02
2.008825116423370787e+02
1.974318091029047366e+02
1.936605869397670290e+02
1.892971542453724112e+02
1.859937607445309595e+02
1.831525231290420095e+02
1.813674688075909387e+02
1.796801882790389300e+02
1.773559420629813417e+02
1.742044302653287389e+02
1.718540479641039269e+02
1.702665317335620898e+02
1.682322042044750674e+02
1.664605093277037042e+02
1.647723086850011498e+02
1.633466449834469074e+02
1.614152899775437504e+02
1.599182420722565894e+02
1.577122567619240670e+02
1.556762577523582536e+02
1.536007611084596363e+02
1.519622985279719387e+02
1.502671112752967133e+02
1.486164510901110987e+02
1.469675436440023759e+02
1.452441583340491320e+02
1.431150904649601898e+02
1.409002945438344341e+02
1.393820936698186870e+02
1.373579887204591898e+02
1.355956036089669965e+02
1.336423446980581105e+02
1.318760069511369863e+02
1.307293040956811865e+02
1.293886667039242298e+02
1.275100453248014531e+02
1.256189420080196868e+02
1.236524048571250773e+02
1.219601591098684139e+02
1.209784481908765770e+02
1.191890401257257679e+02
1.179590505431713581e+02
1.172528696279201057e+02
1.166024232262521991e+02
1.151813732702370316e+02
1.137819774201877010e+02
1.122476119501416036e+02
1.113046513015222558e+02
1.105405719520317405e+02
1.098365706574029019e+02
1.092427677185891213e+02
1.079724940055076132e+02
1.069553146930734613e+02
1.065357428467459897e+02
1.061177679454087297e+02
1.057047889491651063e+02
1.049231392446335036e+02
1.040668705890199703e+02
1.034714139309434131e+02
1.025997517398717207e+02
1.015889030937752580e+02
1.010585294689375928e+02
1.002500396373352913e+02
9.962262992193301159e+01
9.910974984915671371e+01
9.818377296450489666e+01
9.759737415519536796e+01
9.681054562834611943e+01
9.564563460128077566e+01
9.475885875209544906e+01
9.410355381764438221e+01
9.309438080977827212e+01
9.224877822028878427e+01
9.170395536170116202e+01
9.134387880595096476e+01
9.084664128547875350e+01
8.968783627815426485e+01
8.873558449255423852e+01
8.797851763281002491e+01
8.716425469356840949e+01
8.665136372508840168e+01
8.564444786625239203e+01
8.468827777792651545e+01
8.420113575422668362e+01
8.364358344987873295e+01
8.311329614093807550e+01
8.285465080033111462e+01
8.249718011331918888e+01
8.183740609777206032e+01
8.094586696591352393e+01
8.038076632238305308e+01
8.009110571829174319e+01
7.968333366641851967e+01
7.923504876761271021e+01
7.885559732180495018e+01
7.874826284182802283e+01
7.887345863497498044e+01
7.870046121254226534e+01
7.851719340350780385e+01
7.820713827351355008e+01
7.810108281245747719e+01
7.795855657480363732e+01
7.774509128768053756e+01
7.745968002644458750e+01
7.735198928714994793e+01
7.715240456768562183e+01
7.690759464678043855e+01
7.660539006934993722e+01
7.627640667915684958e+01
7.576481246211898224e+01
7.543937174759292930e+01
7.520503063436694902e+01
7.534807058763895782e+01
7.522129928099970186e+01
7.496760646137566653e+01
7.500772051218015690e+01
7.435136422327613559e+01
7.389419409113369852e+01
7.378046508497575928e+01
7.371998988619326099e+01
7.360575722623003969e+01
7.330037511554337470e+01
7.275281938616025457e+01
7.257037830995744798e+01
7.249309063354539262e+01
7.257219558715192420e+01
7.251344349535538925e+01
7.235804427271722261e+01
7.208498776987900669e+01
7.201529597354495138e+01
7.220094819723684054e+01
7.201132969006292228e+01
7.172368367227439023e+01
7.182135672633336299e+01
7.193604510348899339e+01
7.174249012628075661e+01
7.179699843791335923e+01
7.210543518374711880e+01
7.226607256643582389e+01
7.236275014836519404e+01
7.255116679086229681e+01
7.260595610305024650e+01
7.287200248827892324e+01
7.376448070226138043e+01
7.467739490703934280e+01
7.505294441207496448e+01
7.462662014705129820e+01
7.454435178678315310e+01
7.488546050170840829e+01
7.506162381247986559e+01
7.532868024488780634e+01
7.510853526634279831e+01
7.500071250963243585e+01
7.613602381881132430e+01
7.696639604099351573e+01
7.759899198710100165e+01
7.794969841315312920e+01
7.819242068631305642e+01
7.879912687574081076e+01
7.949819739298861521e+01
8.010899943355934738e+01
8.077846168170462704e+01
8.140496967204811085e+01
8.182640060759572975e+01
8.256316463309676124e+01
8.354187833411279485e+01
8.426927419102372596e+01
8.515299106356134473e+01
8.578119963891154498e+01
8.634535776285164843e+01
8.690153559002885686e+01
8.735141650395947011e+01
8.822557831295976882e+01
8.932009357509609515e+01
9.016916697915812051e+01
9.076400587025618449e+01
9.141715766534333909e+01
9.227477314615659054e+01
9.361745779591397820e+01
9.501403850623842118e+01
9.607561236980515673e+01
9.688711947040573591e+01
9.763376913433327786e+01
9.868157134214186499e+01
9.985044504271317578e+01
1.011090326065203868e+02
1.026067794572370531e+02
1.041439596986820391e+02
1.058793967031268579e+02
1.075010372801474006e+02
1.086094207828533058e+02
1.101757356926698890e+02
1.116899910362126178e+02
1.134880339529999134e+02
1.151673042238307403e+02
1.174735591773873438e+02
1.193814670546348395e+02
1.214310343511402976e+02
1.239339035086546232e+02
1.263545934120345748e+02
1.292359598275958490e+02
1.319572179536579313e+02
1.343993631444791959e+02
1.377976676891341867e+02
1.405909797796504677e+02
1.436306484378282278e+02
1.470724563773519264e+02
1.505025533735083059e+02
1.547901106911476461e+02
1.583785899646422592e+02
1.618831544588876170e+02
1.663534957044718681e+02
1.701771985958026789e+02
1.741180872922827803e+02
1.789304323393650975e+02
1.837966271301419283e+02
1.876392896483201298e+02
1.922763760213619548e+02
1.972917343544778532e+02
2.027734982772841477e+02
2.077516893409982970e+02
2.128505857602065703e+02
2.178097761986586534e+02
2.229751321195820708e+02
2.273790385759371020e+02
2.327915807866465627e+02
2.398940777757844955e+02
2.450986782736814291e+02
2.505316611108711129e+02
2.572668032167496222e+02
2.638699567986793681e+02
2.701374220188134245e+02
2.763432705083032488e+02
2.822667130765731827e+02
2.878672381675766019e+02
2.931814725625302458e+02
2.990580732860800595e+02
3.065718983808704365e+02
3.132630037298115440e+02
3.194353705596418536e+02
3.273992954677049738e+02
3.340240838550080298e+02
3.398905892632701580e+02
3.455525292251738279e+02
3.522702834830143388e+02
3.600724868867290525e+02
3.685328936509904452e+02
3.726868699387338211e+02
3.781111716567833128e+02
3.869271470656744327e+02
3.940842609477739416e+02
3.994446528422539586e+02
4.031540946401736392e+02
4.088504382363859122e+02
4.160637458398190915e+02
4.264254710382224403e+02
4.311611332907123142e+02
4.342978974458303583e+02
4.422444242283035010e+02
4.488523320678175992e+02
4.544542114791781842e+02
4.649122450359993763e+02
4.722163766283787822e+02
4.798341828325926031e+02
4.914195033984033785e+02
5.013158785553366101e+02
5.060521421634838362e+02
5.095808041640482315e+02
5.187968229556965980e+02
5.272824201471180459e+02
5.357349579710748912e+02
5.451071646671723556e+02
5.512682542138699091e+02
5.598480299997498832e+02
5.725306331233016408e+02
5.816819080136244793e+02
5.898158148892767940e+02
5.974829552322197515e+02
6.097528069823027863e+02
6.234929847768100899e+02
6.342669284511655405e+02
6.447573343248582205e+02
6.489026908970332670e+02
6.555955869227037738e+02
6.627126533609562102e+02
6.726222911159743489e+02
6.879426154307660681e+02
6.990625102622213944e+02
7.079720137320829281e+02
7.170447058488600760e+02
7.253962773333288396e+02
7.286420967555906145e+02
7.464383755233998272e+02
7.642437365154338522e+02
7.768634337094978264e+02
7.783674701439880437e+02
7.799054316312208357e+02
7.971269511798230951e+02
8.131674642724888145e+02
8.213960657171255662e+02
8.294357015145275227e+02
8.384972360066531110e+02
8.463220415560070933e+02
8.479536008349197118e+02
8.598048841595991689e+02
8.708674066676513803e+02
8.787761926135823387e+02
8.908897703502126433e+02
8.992358637686961629e+02
9.036469017910994808e+02
9.115510739956911266e+02
9.196546411797992278e+02
9.319350810889718559e+02
9.446202069477565146e+02
9.462719640577282689e+02
9.287042642167652957e+02
9.461098790701323651e+02
9.743738192563423581e+02
9.802085313158274857e+02
9.922441957559735783e+02
1.007994643965978867e+03
1.027274368046953441e+03
1.029837914651939627e+03
1.031773858776102770e+03
1.040736238385421984e+03
1.059195706064387878e+03
1.073448139028192600e+03
1.082604007132319339e+03
1.093719794457633270e+03
1.111944869210191428e+03
1.124188592292389558e+03
1.135062700252582999e+03
1.158201447740360436e+03
1.166651921369292722e+03
1.180805778119907700e+03
1.192701024789464100e+03
1.221285929051782205e+03
1.239464425638445164e+03
1.257925461155764197e+03
1.276507128601406293e+03
1.288637654948222462e+03
1.302082729126195318e+03
1.328242854510100187e+03
1.361621270712330215e+03
1.380560263332174145e+03
1.380762785853581136e+03
1.413638701318228641e+03
1.463168616522941420e+03
1.481127017871454882e+03
1.497467962847798162e+03
1.527953188599265559e+03
1.572298729134548012e+03
1.595853587973063668e+03
1.622605707423578679e+03
1.651579172468678053e+03
1.698358721285627780e+03
1.710583644308911744e+03
1.748293802400152117e+03
1.766828148700435804e+03
1.771655798230286791e+03
1.843023003620172631e+03
1.889313990440522502e+03
1.902102578918012568e+03
1.918274172837737524e+03
1.952815166577494210e+03
1.987279865855510479e+03
2.020147369495402927e+03
2.095816881647744140e+03
2.180212837870327348e+03
2.213700171171437432e+03
2.250438027290723767e+03
2.304384378502063555e+03
2.306876664794123826e+03
2.354538638266527414e+03
2.381832757765128008e+03
2.386289378457002840e+03
2.421878269873577665e+03
2.488491391978413048e+03
2.514788493190675581e+03
2.573945482567041836e+03
2.634953871680986140e+03
2.669782252327596780e+03
2.710667683893709636e+03
2.700423385832927124e+03
2.688855892982570367e+03
2.816509466441872974e+03
2.937293699596012175e+03
2.882024638816195420e+03
2.878028901445331485e+03
2.906817125251160633e+03
2.971932086499150955e+03
3.105227592162450492e+03
3.127481470925164558e+03
3.180237613446603518e+03
3.167051356855450194e+03
3.143815294928867388e+03
3.202300808056833830e+03
3.169489878529977432e+03
3.263131104660204983e+03
3.408068354924023879e+03
3.393887571989257594e+03
3.430443390172978070e+03
3.092210234595746442e+03
2.423667631911029275e+03
2.456404370671303695e+03
2.476475565185234700e+03
2.507332363298473410e+03
2.581919102524050686e+03
2.579202258079576040e+03
2.629810032483483155e+03
2.543686825194562971e+03
1.263411942507860431e+03
1.037948717723945947e+03
1.022410375892705815e+03
1.042730651225528391e+03
1.040259974696435165e+03
1.024536330218392777e+03
1.027238597320437293e+03
1.035389436669627003e+03
1.056874965524589243e+03
1.032008971574901807e+03
1.018939666202432363e+03
1.026637992331602845e+03
1.012069720679298143e+03
1.019947122258343825e+03
1.030156534743599423e+03
1.039220635544843844e+03
1.054061331423377851e+03
1.040259859256289474e+03
1.059010818635304986e+03
1.069957157198904952e+03
1.139548743640270459e+03
1.127218345305538605e+03
1.108613395331929951e+03
1.079473976855964338e+03
1.136064501632030215e+03
1.140415325240536504e+03
1.110982018540729541e+03
1.156545852823582436e+03
1.182794578470123724e+03
1.188290279466183620e+03
1.225117007252134954e+03
1.252918552478999118e+03
1.256961346355329852e+03
1.310564045377560433e+03
1.319826321569376887e+03
1.323398098684471734e+03
1.308558404327901826e+03
1.311966542886430034e+03
1.365474963151657676e+03
1.388824579856417358e+03
1.481702122801683572e+03
1.524290484463595021e+03
1.553800828240086958e+03
1.537017586999452760e+03
1.560714356536066816e+03
1.635834209168076086e+03
1.687632071428440668e+03
1.776911142716061931e+03
1.810463890149765348e+03
1.820618974033868199e+03
1.880716670456553402e+03
1.777096623455648114e+03
1.881831391702468636e+03
1.911669050670391698e+03
1.858734058146134203e+03
1.907464578993131227e+03
1.926712483225607457e+03
1.983199779246178878e+03
2.089144435428360794e+03
2.048851952054642879e+03
2.046654433309234719e+03
2.012600142226134039e+03
2.000356976837264256e+03
2.095584698447411938e+03
2.080938673185427433e+03
2.090024406984399775e+03
2.263897646060961051e+03
2.457741047542545857e+03
2.347013095923700348e+03
2.250221492379732354e+03
2.390813103868890721e+03
2.644961349292405430e+03
2.546655023893495127e+03
2.558185647310727745e+03
2.743604806191859097e+03
2.861853137606164182e+03
2.824290907691149187e+03
2.634053424025030836e+03
2.695497206779211410e+03
2.929257927217954148e+03
3.121143467157263331e+03
3.315347935594969385e+03
3.369368179473283817e+03
3.487388631529752274e+03
3.539681080629681219e+03
3.844256885991195759e+03
4.035987120590084032e+03
4.090317777042746457e+03
4.237319168979302958e+03
4.124455364565936179e+03
4.326283769450385080e+03
4.270796789560733487e+03
4.340079425377639382e+03
4.775267493846766229e+03
5.684193496860119922e+03
5.819582992960121373e+03
4.723854400833510226e+03
5.397577272778858969e+03
6.179859380052815141e+03
5.108305118741361184e+03
5.815065498486878823e+03
5.381056669401465115e+03
6.238208838133033169e+03
6.924222184441788158e+03
6.102922175096699902e+03
5.950276483710818866e+03
5.862916359354991073e+03
6.108217995319771035e+03
6.179005086460166240e+03
6.372048613664961522e+03
7.236616787151528115e+03
7.956769482233164126e+03
9.074336809256175911e+03
8.161753354644625688e+03
9.544483511241463930e+03
1.325024671323942312e+04
1.218812234624257144e+04
9.551464418575596937e+03
8.669111301018729137e+03
7.863482386537373714e+03
8.397982597148187779e+03
1.521560887273139997e+04
1.421455177056282810e+04
1.133099951673145551e+04
1.129502409038898986e+04
1.221258185153266822e+04
1.153080087489576545e+04
1.393368993912036785e+04
1.971544921972075099e+04
1.167897972242105789e+04
9.106346795571258554e+03
1.173442996644583036e+04
1.392441052983126428e+04
2.110559770694880717e+04
2.836576551558898791e+04
1.824354437959975985e+04
2.269382085483321498e+04
1.823681509013698815e+04
1.840584135731140123e+04
2.400728005291767113e+04
2.750059232966445052e+04
2.374027852933108079e+04
1.490394601838040944e+04
1.858457219029814951e+04
5.044252741181870806e+04
3.035379532208102682e+04
-2.859671299891628587e+04
2.520641367400373201e+04
4.041767375456819718e+04
2.743257285066872282e+04
4.787754160729733121e+04
5.901049907159077702e+04
3.454398577357065369e+04
2.301386478733487093e+04
4.256019797965438192e+04
5.739000877485280944e+04
6.187375088525023602e+04
2.419176622638776462e+04
2.642144350400742769e+04
2.325638848852790397e+04
2.553822242190403995e+04
5.363885053155841888e+04
-3.254213440588387311e+05
5.191234264749777503e+04
3.261414540696766198e+04
3.864280189726709796e+04
2.915079509209199387e+04
3.186304989759836462e+04
-1.005967906090828328e+05
9.157156418995957938e+04
2.362598432370123919e+04
5.342427796279166068e+04
3.399436434389570059e+04
2.128305869621001693e+04
3.388644898784207762e+05
-1.159171601475247007e+04
