1.834997662459093419e+02
1.905886411032745855e+03
2.195996322513304767e+04
2.068310845225783851e+03
-1.265219515298834267e+03
8.642865632450522753e+03
1.018608996935303026e+03
-5.075994054120987130e+03
-2.464251986029670206e+03
8.691025130193787845e+03
2.062836253054241297e+03
5.541516609847125210e+02
2.026307392613320246e+02
8.225544560071498381e+02
9.034532525353794199e+02
1.025167430046892378e+03
7.886709551604403146e+01
5.540496590811146689e+02
5.828620143888889515e+02
1.305598876413751213e+03
8.622016109761528924e+02
4.429009633276450586e+02
2.582730459464000887e+03
6.280714303910517629e+02
1.038056789525765680e+03
3.419118600997850308e+02
3.729744184893369834e+02
7.131975453188746314e+02
4.742603750392904658e+02
1.397484871051888149e+02
-1.176508833973945912e+03
4.504824554050536562e+02
1.737694978040859723e+03
8.082335896565969051e+02
5.396987176562355444e+02
6.241526841760235129e+02
2.029595757293688791e+02
9.178200764571552384e+01
4.971308759803782209e+02
7.298993624713941699e+02
4.495973920349155719e+02
2.644896387349402858e+02
4.076768651769261282e+02
9.593341437777135070e+02
3.976801384005288469e+02
2.584605313880175004e+02
3.486370990432778854e+02
4.055586288925078975e+02
4.491226535693530764e+02
6.895242698440816866e+02
3.547692685274366795e+02
7.704969714547548847e+02
1.200492398201741935e+03
2.134711309626410184e+03
5.659360189583152305e+02
4.417239470388193467e+02
3.028437817024952778e+02
4.006492445377801346e+02
3.770589241639228817e+01
6.908480721936534792e+02
4.397638272833330575e+02
7.031071379382320856e+02
6.006907626670113132e+02
1.530306919742999980e+02
7.585377517727133636e+02
4.658481223842652525e+02
2.861954804979640130e+02
1.251254858622181700e+02
3.658291109911526746e+02
3.464790878616248619e+02
2.659547431111810738e+02
7.174978025085613353e+02
4.172888303112226360e+00
5.348743559533069174e+02
2.175272384259988030e+02
8.265809034285264545e+01
1.004956474270848958e+03
3.223472503426614253e+02
2.824395821586048783e+02
8.937984581382943361e+01
2.563429521660121736e+03
2.803088961601256415e+02
9.211870022488898258e+02
1.036675357432719011e+03
1.024908437472957075e+03
3.393091460710626279e+02
3.338143744572611809e+02
-7.016294409038337676e+01
7.700475739051974244e+01
2.230646182230082957e+02
1.246462326195446195e+02
4.464477582650665113e+02
2.956901222303595205e+02
1.625105466048147775e+02
4.419164670853825783e+02
3.731263860634120419e+02
2.285648573338065432e+02
2.084527440778678056e+02
1.295921191094954281e+02
4.530078376825697433e+02
-1.841269205627834253e+02
5.277375685737008553e+02
2.926955748194068860e+02
1.601178176342878032e+02
4.445043629020688059e+02
1.690127556422037287e+02
1.546637086983587324e+02
5.131726340516354412e+02
1.057086752597886345e+02
2.102626075637101337e+02
9.641612040172046250e+01
3.929981061863912259e+02
1.337244116189872329e+02
7.978582811358868412e+02
1.827219729780531452e+02
3.315109476816566030e+02
2.404670478842886610e+02
-4.894789127486205871e+01
8.101210164755043479e+02
1.356692814440724533e+02
6.059567776891792619e+02
1.137150252516685214e+02
3.483804682085083755e+02
1.316452189330671217e+03
3.548271389040365875e+02
6.374738154936965628e+01
4.134584145841702139e+02
2.290643911579323344e+02
1.721433307588933417e+02
5.632804695959357559e+02
2.909368770135772024e+02
-1.129191980287443329e+02
7.487048322238976539e+01
3.288323762261024967e+02
4.218556243860106747e+01
2.504501788429054798e+01
6.052118524930335752e+02
1.524673874359925776e+02
1.717993251089066007e+02
-1.021443918324610536e+02
4.527245063344109894e+02
4.424925965440269948e+01
-6.839732587872143199e+01
5.902519488162653261e+02
9.780696559587504169e+01
2.321179234481292610e+02
2.687609142049630577e+02
3.074427776672338837e+02
3.466890223999222940e+02
-7.848635329049926668e+01
3.250580383129747020e+02
3.627473450174595655e+02
1.147711923171092963e+01
-4.312930892154440699e+02
3.442416944899545683e+02
-1.307286413446973938e+02
1.283862451428242935e+02
1.291270732370051064e+02
-1.213961370439690057e+01
1.106068213425783853e+02
2.614467233634654235e+02
1.013969426282593673e+02
-6.685474417324407170e+01
1.674126979785941103e+02
1.116873097791384168e+02
-7.111690678611200838e+02
-7.608337493538127774e+02
3.979803195256639725e+01
1.456078394307369877e+02
1.576871344724182791e+02
1.277236214393226987e+02
5.068361122259964304e+02
-2.475701732249598024e+02
3.202444814541797768e+02
-1.305020253674787796e+02
1.582884026338100796e+02
-7.301881529000274895e+01
1.186976639444552575e+02
1.517638863505579820e+02
9.005939463162386005e+01
1.589714431673019703e+02
2.324710041237570746e+00
1.318848216173905143e+02
1.236729142034817102e+02
1.644103800692187747e+02
-8.279349760699344074e+01
2.554520898816954002e+02
-7.277259517813764944e+01
1.016574745449080694e+02
8.397768819260555517e+01
1.993776267606184405e+01
-4.687161638763156901e+01
1.108726120934248272e+01
7.288234420001631975e+01
6.197073010424032802e+00
5.026073467568219044e+00
-8.917327462179004627e+00
6.528401755489315406e+01
-1.157113346651267705e+02
8.809732593081596974e+01
2.026718885214272348e+00
4.779383195318531818e+01
6.836462381769720764e+00
1.371750365290328233e+00
8.092441533476903714e+01
3.495872765532156023e+01
4.925297255754806258e+01
-3.290963049572399601e+00
1.966151398264077343e+01
-1.650978753885461714e+01
-1.181665701264588719e+01
-9.899367413639541979e+00
-1.568137510805654244e+01
1.601312947906711770e+01
2.232805320273836713e+00
-7.761060628647122428e+00
2.083813395374371780e+01
-3.170408736348941048e+01
-4.983292625302143009e+00
2.225359905812887718e+01
-3.538075778635310087e+01
-2.025803714054435289e+01
2.995681961138899041e+01
2.947552252577261811e+01
-1.063245254356544933e+01
1.123357619411827990e+01
4.086847395159709606e+01
-1.152196029756207452e+01
1.474966894487056202e+01
1.977784041517615066e+01
3.239222899565086067e+01
1.794112744091020062e+01
8.767558858506889763e-01
6.206684552091503271e+00
-2.490883588771759971e+00
2.697036046391751096e+00
9.326267736831914235e+00
-6.594905619099149519e+00
-5.375031882526748461e-03
2.033435470061163386e+01
4.683317628846597636e+00
1.503913544508906686e+00
-3.875696930233543114e+00
7.626113517574104606e+00
-8.979982868195021339e+00
3.689684563153201591e+00
-1.364178240915336104e+01
1.561878757870716683e+01
-3.902973908481215393e+00
7.458277644238924253e+00
-5.168611551720161401e-01
-6.807841974003541630e+00
3.403513226107761191e+00
2.104091590334652206e+00
2.621006013219296271e+00
1.122094982479363168e+01
-1.640490445301772127e+00
5.322902848718406688e+00
-3.318307223219503665e+00
7.866215709196289652e+00
-3.183237242946468371e-01
-1.923160721124569594e+00
-8.964872633208363695e+00
-1.212598149534982239e+00
2.755213538322676126e+00
3.846124581809755583e-01
-1.702928356674353605e+00
1.302084855522145812e+00
2.749734770199242728e+00
-4.372099470607943239e+00
1.030801233394598349e+01
-1.125257295353580211e+00
5.680929179950675589e+00
1.425083588845819538e+00
-1.601315992226009843e+00
4.796523100428225383e+00
5.130986902167149033e+00
-1.568266990516858250e+00
2.646846008428200392e+00
-6.399010777848299636e-01
1.556474724058198422e+00
2.793889909733728860e+00
9.071930773334319076e-01
-2.023014650979585660e+00
9.696356518860280715e-01
-5.403217156521049613e-01
4.798851471092258070e-02
-1.696527325796461483e+00
-4.320226383744572018e-01
-1.749757478333411109e+00
3.612474040591097335e+00
2.953282029581712487e-01
1.210068767049352401e+00
-4.985054077145667506e-04
6.610569376789432461e-01
-4.528414856465716176e-01
2.116197047392776920e+00
8.517160653444266760e-02
1.548128965585967132e+00
-2.216943285820338616e-03
1.984044160532776768e+00
7.909467676052005514e-01
2.386817524918011246e-01
2.492993364178309523e+00
-6.182651478552983471e-02
-1.124629887162810649e+00
6.387758199365288492e-02
1.227623245601110025e+00
5.066807408786888622e-01
1.066579578012698537e-01
2.421957667590625418e-01
-5.809806912117856381e-01
-8.140034343518021132e-01
1.052653186293928345e+00
-4.178401637786959277e-01
2.322536712363129918e-01
-4.708884773427965964e-01
1.355105619167995823e-01
-1.130841464441192240e-02
1.877180735360137187e-01
-5.897873676109515184e-01
8.588960361987236780e-01
6.306101158825931918e-01
1.364126502750504066e+00
3.370265930037756874e-01
1.009784854515864749e+00
2.852940942627293919e-01
5.375541803058205836e-01
1.054409609400954295e+00
-1.444510074005546096e-01
9.149138496824490430e-01
9.871493479997816012e-01
1.278722996162531933e+00
9.498636389956329751e-01
8.229288733242698939e-01
1.518316829606087826e+00
6.416609573150269252e-01
5.188845991156983972e-01
1.559935084140101846e+00
1.759439464036081091e+00
2.062627659820806425e+00
1.738659183094450666e+00
1.549376470989658916e+00
1.688915243563774871e+00
1.941177741467810414e+00
2.198141355177445355e+00
2.497616127663303320e+00
2.186862950248251725e+00
3.012385979632197230e+00
3.218359823790742258e+00
3.073370318466523532e+00
3.053777897075408365e+00
2.975169219554969935e+00
3.987939843174389321e+00
2.480518156486727577e+00
2.979779532915454610e+00
3.906950088063703141e+00
4.236976311689863550e+00
3.608772594248371490e+00
4.273575665363963161e+00
3.815422790333744096e+00
4.362142774154349922e+00
4.478925269670586573e+00
4.215875473107050908e+00
4.417843605130078899e+00
4.312319970453033058e+00
4.499380092809524889e+00
5.381738834277167705e+00
4.500945347033598054e+00
5.002372082455066149e+00
4.602011655671032209e+00
5.559757943849987782e+00
5.104827948133382698e+00
6.008863068292822796e+00
5.626857778591873860e+00
6.281311306186298182e+00
5.631625558520997110e+00
6.566399978124559667e+00
6.182466611844173343e+00
7.030763854971970872e+00
6.969278550375593184e+00
7.477503929609532030e+00
7.256459944260603478e+00
7.370178973548924262e+00
7.518159484779330270e+00
7.090388334288341809e+00
7.070959799405676982e+00
7.967531871659279119e+00
7.300334568445582484e+00
7.987644316881477913e+00
7.993906598844160882e+00
8.075209818951110563e+00
8.120712316940487341e+00
8.156999154093538706e+00
7.958853638934923147e+00
8.241658739343881379e+00
8.255148098609943474e+00
8.377538075861053812e+00
8.715111792185755490e+00
8.387699353798911517e+00
8.443072972640957019e+00
8.365697482958076137e+00
8.331432780926752102e+00
8.841045024314764689e+00
8.810056776147060731e+00
8.571231139223472795e+00
8.732271618421492576e+00
8.801910760869592565e+00
9.092815888427784543e+00
8.493461177261607986e+00
8.561254458600071615e+00
8.786924999028830285e+00
8.718675041579153628e+00
8.948922798902357201e+00
9.054804762007734098e+00
8.421508903059971018e+00
8.663754780648275755e+00
8.608374778253731208e+00
8.574136047188792631e+00
8.297259345710010336e+00
8.149748957617676481e+00
8.364355836663412092e+00
7.859672633858338031e+00
7.801685820356244250e+00
7.634676377328641905e+00
7.884834974452340717e+00
7.644495944017902112e+00
7.542959423830081889e+00
7.911941995933394978e+00
7.254244780324937025e+00
7.479097490035460538e+00
7.416431509251766308e+00
7.501960854132212475e+00
7.088644767228204913e+00
7.804864904546999327e+00
7.437488715660879102e+00
7.259060091866937903e+00
7.287243628181471422e+00
7.383981756298977572e+00
7.230213992626125297e+00
7.236410263188910008e+00
7.530516722856826384e+00
7.094565146418656099e+00
7.121379705490754830e+00
7.031579325056699581e+00
6.819009166221892571e+00
6.860796864963697672e+00
6.112421554110834876e+00
6.369175476379764334e+00
5.950600715789096995e+00
5.238997425511628059e+00
5.903443880352268636e+00
5.243920223481215004e+00
5.133801429251441562e+00
4.324942901666330108e+00
4.497048285663758804e+00
4.469036946970290636e+00
4.548667577498411774e+00
4.047687880797245619e+00
3.965695023641643946e+00
3.869967232396517076e+00
3.983030438354323355e+00
3.560385749722386084e+00
3.728449130023878233e+00
3.412913251257971403e+00
3.047788034722766604e+00
3.087626364267853862e+00
2.825974562828668990e+00
2.769278959550371955e+00
2.267646127794524347e+00
2.498408610993212875e+00
2.258699312398064762e+00
1.686050699390936547e+00
1.988847615240436628e+00
1.406310963618150334e+00
1.341683247348141483e+00
1.325187785684402764e+00
1.595239780152800657e+00
1.512296417290749595e+00
1.183715477688458417e+00
9.290812880185176370e-01
1.113167954301757190e+00
1.145882792087469459e+00
1.004315328992549272e+00
1.203420981420693980e+00
7.670106472553384069e-01
7.320657459255310862e-01
4.040818188987698178e+00
5.943185444751994950e-01
1.315522781069269342e+00
1.285434921371495287e+00
1.683927402017698416e+00
2.064878452763380334e+00
2.761572340711012874e+00
2.826838998811679549e+00
3.431030027848171571e+00
4.156314242427019856e+00
4.873995725058801298e+00
5.867422723644947880e+00
7.011219912824282474e+00
7.622873000883245709e+00
8.792157361193467580e+00
9.450523837759071455e+00
1.071939467974523907e+01
1.151559696268326860e+01
1.215213013291326050e+01
1.299877438651617467e+01
1.353735258133122521e+01
1.404937088058668948e+01
1.478359039699356892e+01
1.442236925131445524e+01
1.506556363762512163e+01
1.504838974612511038e+01
1.534226856986257381e+01
1.544681344003356926e+01
1.566115288542586725e+01
1.539399196425504357e+01
1.561043586511581438e+01
1.553319671097681365e+01
1.535809141770609365e+01
1.514021745759960069e+01
1.503093191886648228e+01
1.486177146632175905e+01
1.499655336755070323e+01
1.386143047463815492e+01
1.376009169822719258e+01
1.361913095532463913e+01
1.380523507537437311e+01
1.275507547796156871e+01
1.289316915759183502e+01
1.197374099737749376e+01
1.198773587613770886e+01
1.160678089634552990e+01
1.127877914018799643e+01
1.127366128207363793e+01
1.086560877962894267e+01
9.744553450106353765e+00
1.057132398880684576e+01
8.858989224946757446e+00
8.463937131837916183e+00
8.017885725478903325e+00
7.651468277629520642e+00
7.360673408532158568e+00
6.931144216165503025e+00
7.132065439128317585e+00
6.603634370984839741e+00
6.099214617019803164e+00
6.709801437305018545e+00
6.623697347273875380e+00
6.466048936466899377e+00
5.765995652093879542e+00
5.598017074949700245e+00
6.253529293010584134e+00
6.270456733674933503e+00
6.506605704273757951e+00
5.967923683033949267e+00
6.200223495729890288e+00
6.067041711198942977e+00
5.600463140979890397e+00
6.488587543373908417e+00
6.689690672932227855e+00
6.655979911079389133e+00
4.940949429124791514e+00
5.466624662274779389e+00
5.221801858082113057e+00
5.279631598595782904e+00
5.581073522333467096e+00
6.296375348109771508e+00
5.820870988233575183e+00
6.218095016356716798e+00
4.972614494521755191e+00
6.483278415572847564e+00
7.298797544081358168e+00
6.880640500276358651e+00
7.091969088370547958e+00
7.479644858917295025e+00
5.629055432660840630e+00
7.889900209065872971e+00
7.930376638095911090e+00
6.652926878681816092e+00
7.846041387601582429e+00
8.263391701111132193e+00
5.520304511608925324e+00
7.331972798913079181e+00
8.508482616770859153e+00
7.822215243975509935e+00
7.638260027901779381e+00
7.413800302629281802e+00
7.942824836671338318e+00
1.063593900755217803e+01
5.976095720884917029e+00
8.063236780029644279e+00
7.013336152424213488e+00
1.045002056141760605e+01
8.003770593952546974e+00
8.927148299709118717e+00
8.531822950400661298e+00
7.433436357319044951e+00
9.127837873392994794e+00
9.059130363191172819e+00
9.624806633754618090e+00
9.354102333107267242e+00
9.814003929134718973e+00
1.050030845209355768e+01
8.213028681762992278e+00
1.117348395835142583e+01
1.113213936899465217e+01
1.144397267619400971e+01
9.946560316403786572e+00
7.789717162151019281e+00
9.072650498038731470e+00
9.621455993648766025e+00
1.076729693351147077e+01
1.248744114247626769e+01
9.026097575471320411e+00
1.115420313434364807e+01
8.736981789047947089e+00
9.703920884599984475e+00
1.054050177174768876e+01
1.285163718043136427e+01
1.121274823861388370e+01
1.105175397459814413e+01
9.856254309961805404e+00
1.097451852204820000e+01
1.129845131530655600e+01
9.511200068267072538e+00
1.347986908680139351e+01
9.567311501343620961e+00
9.970673086091071724e+00
1.174888967967662268e+01
9.113307452062453962e+00
1.204728720146694698e+01
1.178750807222828634e+01
9.277229816646595850e+00
4.040685512381964273e+00
9.989553619502157034e+00
5.187116559918377945e+00
4.550675003720766831e+00
8.914464488365597461e+00
4.159855008118435116e+00
5.307980358695502332e+00
3.808356446181762944e+00
5.050897266953419340e+00
3.425593487122412739e+00
3.628530826822035316e+00
8.889716955005713572e+00
5.477724543445163796e+00
5.835358330479851752e+00
1.604486664738349333e+00
5.618132898119532648e+00
2.933957385923692840e+01
6.138024567667750730e+00
4.589878258187576776e+00
2.696019961068072845e+00
3.963765402267425575e+00
3.922719612773192477e+00
8.211979078216331551e-01
4.252563774994724710e+00
3.991109366618754262e+00
5.889304867285670042e+00
4.421680624031463225e+00
6.250995285465170248e+00
5.229051507347577399e+00
5.312247295566391969e+00
-1.745362207041311953e+00
2.462938118588231529e+00
5.096996970547134076e+00
1.674609802873616493e+00
1.563681175912375432e+00
4.662229361613471568e+00
8.966307591554102396e-01
2.745487360134597044e+00
-7.880807967822582860e-01
5.706559706160417633e+00
2.657532806122596902e+00
3.024905192447298607e-01
6.033680807240841659e+00
4.328683768276659904e+00
5.197767262904099184e+00
-3.565598065807574102e+00
5.812239711432106937e+00
9.139980256568884798e-01
5.698367736263939776e+00
3.342098432375205874e+00
2.078673036870752444e+00
2.638809281199026024e-01
2.650512856433234532e+00
-3.398222985129401685e+00
8.569880473543167732e-02
-4.956868736776891105e+00
3.127252137162894741e-01
-2.520767352517282234e+00
1.437010668689043147e+00
2.798245783810760390e+00
5.795604103537676188e+00
-9.523382931150992547e+00
-2.799803553120196575e+00
6.998105411330581838e+00
-3.797258754947835158e+00
-1.794529818792309328e+00
-5.641800975622582870e-01
5.557093198415303803e-01
3.816203667487538809e-01
-3.811148016573927322e+00
3.546632461299784822e+00
1.409094613415182273e+00
-6.042585159822236207e+00
8.892094201437320322e+00
4.096813126778416358e-01
-2.957853161264375697e+00
-7.706556705474753244e+00
6.339765289996142528e+00
-1.486997472168836598e+00
-1.403292758836940735e+01
-1.158624824229904071e+01
1.030469193643823544e+01
-1.378423371191148217e+00
-1.193365840895439511e+01
7.381525602557222676e+00
1.099122722637467398e+01
-1.141156551812096431e+01
-1.080423853557789826e+01
-3.711351498907556667e+00
-5.642516846309190370e+00
-1.237954137743486527e+01
-4.924462347509665605e+00
-9.682888709368022262e+00
3.156229642310917516e+00
-7.771640033903994826e+00
-1.098530846066949529e+01
7.386408411903885529e+00
-1.649503705775376972e-01
-1.428714443147092616e+00
6.067762568371183107e+00
-1.068956589530751700e+01
-3.437387432360139883e+00
3.983403261737221257e+00
-1.303859234360516872e+01
-4.373483418705563786e+00
-5.083847403022401679e+00
4.064402736366490743e+00
-1.449674570862645950e+01
4.434753060620982623e+00
-4.017128992717815983e+00
2.051033282307465733e+00
-5.986016595533968143e+00
-1.006882120409214565e+01
-1.477472973871616624e+01
-3.753116569584132867e-01
-1.494707261854218538e+00
-4.138079358817865483e-01
-7.070882813746199425e+00
-1.744287717072512844e+00
-1.335085743467919173e+01
-2.495724920028958849e+00
-2.818728325263727186e+00
-1.770112969959610183e+01
-1.130582120100799948e+00
-1.898722737190486454e+00
-1.653811881390053884e+01
-1.107725777783835852e+01
-7.956771620669193190e+00
3.916322164958686791e+00
-7.717257969033036957e+00
-1.633733472659931074e+00
-9.783670968517739652e+00
4.504987628329152116e+00
-1.446405914973020757e+01
-5.705595367061299328e+00
-9.831629056166267588e+00
3.090899269531272253e+00
-7.840723689932394436e+00
9.409697543046644519e-01
-8.577438733584328290e+00
-1.364544339484503865e+01
-6.662136268965453745e+00
-1.152402256961357629e+01
-6.210636862512547651e+00
-6.453515477348978902e-01
1.365701921341874403e+01
-6.614855290606977078e+00
-2.637371944594695350e+01
-1.151696530710166044e+01
1.042307123910784128e+01
-1.234060705968922456e+01
3.127483048749517547e+00
-1.499934467921323744e+01
-1.801439112322744407e+01
-3.448769935501411510e+01
-1.416006063814517546e+00
2.989227556577683487e+01
-1.284932805939552303e+01
-5.013082332416708198e+00
-2.152509488251812897e+01
-1.554648769438539269e+01
-2.224668935605155440e+00
-7.496190468546908292e+00
-1.189228389858759449e+01
-5.842165837056837674e+00
-3.009275296514194409e+01
-2.143697248419429613e+01
-3.408410751702281249e+00
-2.337448023402195219e+01
-1.747546000455451676e+01
-7.947896683357617675e+00
-4.642839236661305335e+01
2.007088047362876893e+01
-4.097773832122474857e+01
-4.001441007284419982e+00
-7.652757891563727100e+00
-2.219432864280383200e+01
1.035327111397776889e+00
5.918260786281361874e+00
-4.109687706706605326e+01
2.169454984431030020e+00
-3.323594688154621224e+00
7.473855265055584951e+00
-1.855036959874723479e+01
-4.572522567264987714e+01
1.961246878674238969e+00
-2.862726134386959131e+01
-4.345202859352227165e+00
-3.090954721312286324e+01
-9.735783050850859155e+00
-2.399067932881896681e+01
-3.203112984235673366e+00
-2.456326002683377041e+01
2.009339753377430426e+00
-3.746111008077745197e+01
3.554153291098244694e+01
-2.123575880508322911e+01
-4.041608977494216504e+01
-3.379716481413957041e+01
-6.814755545984314722e+01
2.034797968574412863e+01
-3.358752154252530886e+01
-5.008536777097258863e+00
-2.005043624666220836e+01
1.049748090530263944e+01
-7.157410463781454268e+01
-4.532096084231529431e+01
-1.021772756617620530e+02
-8.812231945806614419e+01
6.685245493586631937e+01
-7.624947845074208885e+01
-5.656670650686194790e+01
-1.316760288204102025e+01
-6.365067587766729673e+01
-7.026005589400560325e+01
-9.381159415175680749e+01
-1.263741161305117089e+02
-2.277719565416932568e+01
-7.131572723330377528e+01
-2.634751117354949201e+01
-5.739123983214247460e+01
3.775815755668570262e+01
-4.072261740700469090e+01
-6.484846612371275398e+01
-2.967637275140114639e+01
-1.502061613649883896e+02
-1.133484591953999967e+02
-2.256273470622265336e+02
-5.005590388518083955e+01
-9.941945768266614891e+01
-4.850410627911179517e+01
-2.648198518686783132e+01
-9.209020989255044753e+01
-9.534470003130265070e+01
-2.629307038263345362e+02
2.160190814012619853e+01
-1.296741347028394955e+02
-7.396480197661865930e+01
-6.893471817352843800e+01
-1.407046704790207343e+02
-2.800593081057070890e+02
-9.650877046912167145e+01
-2.318017809935354734e+01
-1.140373621375709234e+02
1.036291124891076123e+02
-4.590583215394360650e+02
-2.652981018546526002e+02
-1.698878176320119451e+02
-3.750989445297466887e+02
-1.640326891909435290e+02
-3.018598356671310512e+02
-1.122136028812820143e+02
-8.616490609332976192e+02
-2.099274125613006277e+02
-2.135018019015211053e+02
-1.686804386997930649e+01
-1.525673409057186802e+02
-1.775082664968378594e+03
3.077895797387504899e+02
-7.189838341873084460e+00
-3.487495283741627645e+02
2.763939392864335787e+01
-4.193535854260774727e+02
-6.273855794406832729e+02
-5.419849054839685323e+02
-3.139823410660258105e+02
-3.699032888406808297e+02
-2.216834438561054412e+03
-8.702938878146912884e+02
-1.042658656910149801e+02
-8.693550061470526202e+01
2.566506956514328408e+02
-4.985499821741507276e+02
-4.904942106547462686e+02
2.656108450355728110e+03
3.624527096377514681e+02
-1.367545342853387069e+01
-4.508957594804188602e+02
-1.761659772866154583e+02
4.931684225473646848e+02
-1.350835510758853388e+03
-1.098987861100602231e+03
-1.116032215391724947e+02
-2.501969700015459637e+02
-1.304177701177411564e+01
-3.332956895285367978e+02
-1.988823510335032097e+03
-5.612823489688846166e+03
