2.392921926133709007e+02
2.041525516966189343e+03
2.136804769761568605e+04
1.928915723063886617e+03
-1.416253136488665859e+03
7.840192818265752976e+03
1.175839961975646474e+03
-4.367720155621028425e+03
-2.690000338727733379e+03
8.493169109316188042e+03
2.105286753864582352e+03
5.893678988407593806e+02
1.678500599495203858e+02
8.313003344657572597e+02
8.992716059564372699e+02
1.195732972386172150e+03
1.217140188306444770e+02
4.078345197065506795e+02
5.082256997351646532e+02
1.193841760815223324e+03
7.266309754111498478e+02
3.964584040667422187e+02
2.576042832413819269e+03
7.420339672059177474e+02
1.036289736154879165e+03
3.732386884362504702e+02
4.127806242099862288e+02
6.223685855594942495e+02
4.228365920537737566e+02
1.000275200418437294e+02
-9.846450306781122208e+02
9.499458042544821410e+02
1.568261432383288138e+03
7.388243815790337976e+02
5.847945315108088380e+02
6.546687780130300780e+02
1.911132027436773058e+02
1.064612931219020311e+02
5.593251474063525848e+02
7.207249517989232572e+02
3.440901065109283081e+02
2.565023036900477109e+02
4.419938347889305987e+02
1.021061265081257034e+03
4.114513988155637776e+02
2.563189090963435888e+02
2.994256954423622688e+02
4.207737933753105608e+02
4.783206986037270667e+02
8.097174096336892717e+02
2.991396148418701841e+02
7.766108930052300821e+02
1.273614081013995929e+03
2.143056899225277448e+03
5.559588164391104783e+02
4.311600453015282710e+02
3.337530406548985979e+02
4.764607999486287326e+02
9.694057695860229273e+01
6.810970442125798172e+02
5.116683846481221281e+02
7.606066129158981539e+02
6.948201500686609506e+02
2.561294931594912896e+02
7.980383713323277561e+02
4.365900264241254263e+02
1.699373887429382819e+02
1.054300812045282782e+02
3.669532428214567403e+02
4.291492574541197200e+02
2.981529785261483312e+02
7.558149749929102654e+02
-3.401236622951705613e+01
5.596351141353259209e+02
2.181487056257478798e+02
7.853053655452332293e+01
1.086015225765125024e+03
3.753989736721694044e+02
2.846302799854909154e+02
7.455092137547342190e+01
2.443607944398383097e+03
3.262606628576064622e+02
9.904006270125632909e+02
9.645132862989627256e+02
1.008745152880689943e+03
4.242895185439427337e+02
4.453306257309762941e+02
-5.446017202656179279e+01
6.775475816897248649e+01
2.082826108931515705e+02
1.917589239583077187e+02
5.264125464605982643e+02
3.267701724751752295e+02
2.167077529240859803e+02
4.262818207500862400e+02
3.782918758978258893e+02
1.979838914780095536e+02
1.912003396151471861e+02
1.155145950993898225e+02
3.838128592175659151e+02
-1.790659145093720781e+02
4.673927459428834936e+02
3.280269149033479721e+02
2.346688795102917879e+02
5.010986140948004390e+02
1.744283658145815252e+02
6.157867489140859618e+01
4.878126719668022702e+02
7.329097139404112227e+01
2.127342207826244191e+02
7.746411493614490951e+01
3.896535818111400431e+02
1.471712870001109650e+02
7.690907105622894733e+02
2.172642127265532395e+02
3.498146941254801163e+02
1.765937432922632411e+02
-1.904628639452796506e+02
7.881070660143714122e+02
1.414945033831784826e+02
5.553636035491085750e+02
7.127281253499950253e+01
4.092935249764306604e+02
1.347199862608641979e+03
2.913708593204971180e+02
2.246515822367511817e+01
3.100196234146133065e+02
1.887385623518978264e+02
1.781648446992175820e+02
5.288277273738061695e+02
3.338074633451322484e+02
-1.234153894408886458e+02
8.935279338770502022e+01
3.368810881634033763e+02
3.490669109981556062e+01
-1.696265755587209512e+01
5.569708216661283586e+02
1.206153407436144391e+02
1.991444077908797112e+02
-7.569454109674089182e+01
3.992833471158254497e+02
5.645038611988224631e+01
-5.314956429305242835e+01
6.303469480351390075e+02
7.832512436295088776e+01
2.287359797325229636e+02
2.756315397835323324e+02
2.991675967012437809e+02
3.517557132384678766e+02
-6.367999967185053833e+01
2.954703329871099982e+02
2.372570671471423509e+02
7.685887209709932222e+01
-4.092876098963321851e+02
3.444136271105204514e+02
-1.604085179752531189e+02
5.935039003719306550e+01
1.541047137975714065e+02
-1.691797900163420820e+01
1.861921380872953478e+02
2.038761346877652727e+02
8.045209886127427978e+01
-7.567543946508295960e+01
1.781585809760609891e+02
1.506868288419129840e+02
-5.979248271698410235e+02
-8.114367316415755340e+02
2.963842487949115068e+01
1.743485559830115221e+02
1.112567465293946043e+02
1.735384532119110759e+02
4.740938330827624441e+02
-2.063315426209316854e+02
3.263449850649130326e+02
-1.873451097900887703e+02
9.673081986856894332e+01
-9.972609919678050971e+01
1.102007070279539676e+02
1.643102562117134653e+02
8.808274929321126478e+01
1.739446171349967472e+02
2.450474074962441406e+01
1.293154990068881034e+02
1.393714120864630672e+02
1.741751565795359795e+02
-8.390941510575578377e+01
2.791231840941011910e+02
-7.669955065474744060e+01
1.184693086248895924e+02
9.516971402289567550e+01
1.800762748690574711e+01
-3.280465961399556107e+01
6.902582568917391370e+01
1.057227773332045899e+02
5.590235792815970939e+00
-1.119596025016485541e+01
-4.454459281345812371e+00
8.733122168279733444e+01
-9.656423602976376230e+01
9.423813261038235112e+01
-1.621518458049763467e+01
4.146697026562382149e+01
2.510498836936060840e+01
-3.144192382407254627e+00
6.750547989128011750e+01
3.383514727250165066e+01
6.345745715970210910e+01
-3.837753965255269240e+00
3.149923695290718939e+01
-1.322791450382971412e+01
-2.157152089302932652e+01
-1.023937608039799052e+00
4.112533568478208501e+00
1.089852298703307909e+01
-3.016726804442428467e+00
-6.868347075715075079e+00
1.623056040920538123e+01
-2.518071674823548278e+01
-4.716511780176663393e+00
1.705036064192586309e+01
-3.354280025206502103e+01
-2.048755592798857705e+01
2.772846019075835855e+01
3.836814794978413801e+01
-1.022675777645707740e+01
6.531967160011268980e+00
3.748200806121985806e+01
-1.591379096376907221e+01
1.343987109448855755e+01
1.984623011976530194e+01
2.802330961293417744e+01
1.388489449426641009e+01
5.268030793858342165e+00
7.149824658517053066e+00
-1.687952939295795929e+00
4.376448481315341255e+00
1.114910800894232068e+01
-5.820597319491228383e+00
3.024308699323956517e-01
1.598286735607442921e+01
4.054405264200211967e+00
1.935145747885692824e+00
-4.944841260286241713e+00
5.280682388418193263e+00
-1.292770872258600257e+01
-1.438378161459785476e+00
-1.235844625116923723e+01
1.311516181172058459e+01
-4.119428516105898552e+00
8.588371626565084682e+00
-4.603303574964323630e-02
-5.758471848627507939e+00
2.915733192173388222e+00
-1.003367490558281894e+00
2.690137564980200402e+00
1.072899298765826259e+01
-1.866347198925660589e+00
5.884657223199560860e+00
-3.868772466641142938e+00
7.609677154345806827e+00
-3.335179810506673448e+00
-2.663296458228193941e+00
-1.065672337224636124e+01
-1.843422189015893720e+00
3.286465871395446658e+00
3.030090058658405638e-01
-2.118102354240662066e+00
1.518957188101842215e+00
4.554673843780695286e+00
-3.290393587986361279e+00
1.145749236056534670e+01
-8.699063225321789217e-01
3.814532250687364900e+00
1.565680486848013420e+00
-1.214480208486419244e+00
4.960422218134668881e+00
5.524945622696216141e+00
-2.118211078350587862e+00
2.768691639573945373e+00
-3.712686845704156191e-01
8.629686561344800388e-01
3.081105231861801741e+00
2.345675884447016912e+00
-1.632751316588236357e+00
7.297130287220043865e-01
-7.502405294154471660e-01
-4.469312896672076318e-01
-1.376902710803808993e+00
1.669071399170372061e-01
-7.396965169728249023e-01
3.786697246260471772e+00
3.977608342853076739e-01
1.130100383329283531e+00
1.322717497813826748e-01
9.907492642306705566e-01
-8.590633298124019657e-01
1.865849908320159622e+00
1.222588953777632437e-01
1.410217877183014057e+00
2.091182001699830040e-01
1.633609736083550423e+00
7.491440408669219897e-01
-6.044567287142554868e-02
2.724794536641923060e+00
3.308744946909864537e-01
-1.110728054839745127e+00
3.133528275159245813e-01
1.263728929415663060e+00
5.059572149725742873e-01
5.064030968827426538e-02
2.661238529416170562e-01
-4.530082535896149953e-01
-7.692883926172289222e-01
9.264416562590885862e-01
-5.371482517173153948e-01
3.137321494834621749e-01
-4.993101633371931913e-01
1.724248194576025739e-01
-1.300208109123456024e-02
3.816256041307633518e-01
-6.078465392512739651e-01
8.656602494134300052e-01
7.292400156208507234e-01
1.323134201599236226e+00
4.656118148174688276e-01
1.084871962552329094e+00
3.517096599760224374e-01
4.543160623015988220e-01
1.216319220052354710e+00
1.148072412530383724e-01
1.249946704958152965e+00
1.483036863652384518e+00
1.742970394314749871e+00
1.497856345483029372e+00
1.432135253481409798e+00
1.997644624901586230e+00
1.149712592039511705e+00
1.349057331799841775e+00
2.165540372100343447e+00
2.324025239529110998e+00
2.889749889103514491e+00
2.610398627086904622e+00
2.364503516946393713e+00
2.352077217053223812e+00
2.698899556135876843e+00
2.927642124402511037e+00
3.505245442859073357e+00
3.049667405732636283e+00
3.820218096645744410e+00
4.025757648998206761e+00
4.004349018106008629e+00
3.823116893558116125e+00
3.750355286354994711e+00
4.723745903356393327e+00
3.155595840092958237e+00
3.831719960116895862e+00
4.749100977294827608e+00
5.081786305197997677e+00
4.391276546546429849e+00
4.997207356216781804e+00
4.586031792844307731e+00
5.121718983208428000e+00
5.255999656501753492e+00
5.155006263762706986e+00
4.932818743589528765e+00
4.895909376620295461e+00
5.311024791201012007e+00
6.025754306744423694e+00
5.358708937831689667e+00
5.798779514994951256e+00
5.351970942653724528e+00
6.375207771611494323e+00
6.035081541580116671e+00
6.920382292400833357e+00
6.554568620914015931e+00
7.216767015245762806e+00
6.504892986798889609e+00
7.519216448448988288e+00
7.289537059130990038e+00
8.047033007942831162e+00
7.831823601329675810e+00
8.464103171571114359e+00
8.275862029408504128e+00
8.274709632694349892e+00
8.587324304200279812e+00
8.053614713099053191e+00
8.088435785129723499e+00
9.007255734067516784e+00
8.381594230884655161e+00
9.162736556240369978e+00
9.126575392043910995e+00
9.199913317615632025e+00
9.370499453772247023e+00
9.306328927036590315e+00
9.118503157037256557e+00
9.449016727949146599e+00
9.614198477498513640e+00
9.804967570537625576e+00
1.002767441753585054e+01
9.684509404779458208e+00
9.673612361446334518e+00
9.764280929065289882e+00
9.843631762873195967e+00
1.017746261129380869e+01
1.025067661401792662e+01
9.984392271818801845e+00
1.024840365872242920e+01
1.039491867152823801e+01
1.077720570796401311e+01
1.007310632839932296e+01
1.014161353371292407e+01
1.036942335056089703e+01
1.032248417458043477e+01
1.048126200296458421e+01
1.061174224914567432e+01
9.924794867590549075e+00
1.019775713537516459e+01
1.021218836387851425e+01
1.012487884714863284e+01
9.775331171559420440e+00
9.759519794137636595e+00
9.657143128507051699e+00
9.255021929543200798e+00
9.243497897207085146e+00
9.091501331221818916e+00
9.323745457915906698e+00
9.017201011893630991e+00
8.791320522741241206e+00
9.177953958832018699e+00
8.472907510334275472e+00
8.799357901821402095e+00
8.579659952657893385e+00
8.654925158226919990e+00
8.412152056177511383e+00
9.024691802254045214e+00
8.653005687916474287e+00
8.426799403289237489e+00
8.541856795519839451e+00
8.599689559048798060e+00
8.319428142345756783e+00
8.287502115426388372e+00
8.477656080904267810e+00
8.192363083268471513e+00
8.213764350668597558e+00
8.096864744328993169e+00
7.860252881279146564e+00
7.649283932846898004e+00
6.823880905447823331e+00
7.029372994171774636e+00
6.547411493299951424e+00
5.793450021032457542e+00
6.297793090524610449e+00
5.590024495625049106e+00
5.385945729040187757e+00
4.549866803289533301e+00
4.705902507036983096e+00
4.547799991983839440e+00
4.687325767734668247e+00
4.189451955160080843e+00
4.076612585574959979e+00
3.897555154993725957e+00
4.088700065463708455e+00
3.653384857086233950e+00
3.786692316043386519e+00
3.508050281263479064e+00
3.111830413189701439e+00
3.074689194524954150e+00
2.803102130933445846e+00
2.733921828584808811e+00
2.141511260324914012e+00
2.450022190384395948e+00
2.145901031503131939e+00
1.527881758761723718e+00
1.754452362879246552e+00
1.181645373572718594e+00
1.090171549088240210e+00
1.172085439878268742e+00
1.415568419212495987e+00
1.352402556669095812e+00
1.076953250687537444e+00
8.016036955763873317e-01
9.909171039439530482e-01
1.104134748052585380e+00
9.337688991388153337e-01
1.111947979979298617e+00
6.035435102424555609e-01
6.131694716151107061e-01
4.033936692999581020e+00
5.278513885530760064e-01
1.211830885641821176e+00
1.284316789487264909e+00
1.653233297304569582e+00
2.041225081541559128e+00
2.942227751588322615e+00
3.138491995934699297e+00
3.864923542078715357e+00
4.839777071096603045e+00
5.913543292493308456e+00
7.269330258762418673e+00
8.784249055611130785e+00
9.817127089743783230e+00
1.157816404020657330e+01
1.277921919495329561e+01
1.438944061580401623e+01
1.563215104907468778e+01
1.686701183580587582e+01
1.825505806933603736e+01
1.905319069985848657e+01
1.998311872575070325e+01
2.090777923956616391e+01
2.104252257063694387e+01
2.188271275959696993e+01
2.209819469938789283e+01
2.260549091943518007e+01
2.261034111017756132e+01
2.309684837859510509e+01
2.299117326501911407e+01
2.337068269821509503e+01
2.315944663036672324e+01
2.316754933430988928e+01
2.285644043739754849e+01
2.265839774658518380e+01
2.267961781470897975e+01
2.263524063068946646e+01
2.134661811356814809e+01
2.122850880160768128e+01
2.092713492977728862e+01
2.098330808538448622e+01
2.009766937108776474e+01
1.988070991349495742e+01
1.876540061000272885e+01
1.847569328708181402e+01
1.803735305722660343e+01
1.779873040580952903e+01
1.725742247390548911e+01
1.659678923327826183e+01
1.556015859761325260e+01
1.613080538594137536e+01
1.424592893148283856e+01
1.375047461110514746e+01
1.276627748865960399e+01
1.241133946789549647e+01
1.196988895291710620e+01
1.131437477376467982e+01
1.120512034739299523e+01
1.071344736463932890e+01
9.932328847892540225e+00
1.057763521981641652e+01
1.015936440419741160e+01
1.035636285170233251e+01
9.674271608278676382e+00
9.189166483804134700e+00
9.815395761253295603e+00
1.019896115575691908e+01
1.024265397633039143e+01
9.837693909966867878e+00
9.615161062727477059e+00
9.533133470869131543e+00
9.529636676099720205e+00
1.029683067321435175e+01
9.918417395981091289e+00
1.014423441708280293e+01
8.509699532362178687e+00
8.808300423021929504e+00
8.524760702909954801e+00
8.597112228870347650e+00
9.112547742152388608e+00
9.766327767897674761e+00
9.596278761048750994e+00
9.518325113462157816e+00
8.393947290022815366e+00
9.797294256232905951e+00
1.086759125071287357e+01
1.075386096449828699e+01
1.110114533192285080e+01
1.142213870986361002e+01
9.553975412156606950e+00
1.151031480487275260e+01
1.205001369719250448e+01
1.070080030707256213e+01
1.151958229873848261e+01
1.221071185153034477e+01
9.268993067837314470e+00
1.165232320563083945e+01
1.203398989627827476e+01
1.143926867190406327e+01
1.151243305879491707e+01
1.092066104646571922e+01
1.194078576723799578e+01
1.442573519902930101e+01
9.718197343358168538e+00
1.217543061536949622e+01
1.122600611324958209e+01
1.460355939073731335e+01
1.248093443412905934e+01
1.331276736374039515e+01
1.284252816790005447e+01
1.239429969524504216e+01
1.337909510767703480e+01
1.334718443250450548e+01
1.461220142506920183e+01
1.370761241232108496e+01
1.403281925308561107e+01
1.496038002818500345e+01
1.353013279283084636e+01
1.642289404497142513e+01
1.649992079647925181e+01
1.636284218617669595e+01
1.456288494981921566e+01
1.349593329545125187e+01
1.416550630498192476e+01
1.447758109261603465e+01
1.566392281385297558e+01
1.818253394605024198e+01
1.447949149785901568e+01
1.630228627309509548e+01
1.444248627011767283e+01
1.587826410389686949e+01
1.554030969290612418e+01
1.779677804632112981e+01
1.668428477535158549e+01
1.633388798560334365e+01
1.473491023787122245e+01
1.665686593064608800e+01
1.649607535066029129e+01
1.436596771957690066e+01
1.878400387020566953e+01
1.520439127183153794e+01
1.586537922757544905e+01
1.686593324849654607e+01
1.433498886827736740e+01
1.753032970495665666e+01
1.544563100886415441e+01
1.289765731264344062e+01
7.765433642966925731e+00
1.406647485994393421e+01
9.543675693637922564e+00
8.096410155414977439e+00
1.168070008057717502e+01
7.079657423428231233e+00
8.414336561730722863e+00
6.665186912254256413e+00
7.289358962074244275e+00
4.787941217815443018e+00
5.917502645185501287e+00
1.127362604417866621e+01
7.859004153618780464e+00
8.480705730552928756e+00
3.218802463063756392e+00
7.971598369838376996e+00
3.171694540752598357e+01
7.046870910742593530e+00
5.276199192345050193e+00
5.170390576774316571e+00
6.334226123038910750e+00
5.801767561960094355e+00
2.915360485478735164e+00
6.773790141605113391e+00
6.423970152904264097e+00
7.470969220786596310e+00
6.211320404188217736e+00
8.280896757704379496e+00
7.093016114298429819e+00
6.989011071442702949e+00
6.010882145664918630e-01
3.917900258829435156e+00
7.224043000584979168e+00
3.023480076812354866e+00
2.776877393727886556e+00
4.665006990065191594e+00
1.806153574853765820e+00
3.489201172265492090e+00
4.443614427474396056e-02
5.786837523043040221e+00
4.636049924741893591e+00
1.147525102895431859e+00
7.732944148105591609e+00
4.873996508385899595e+00
5.218488400393573201e+00
-3.614155576776593826e+00
8.223787285902488975e+00
1.838325001069648801e+00
6.711147898577486615e+00
3.232703715848736614e+00
2.765724039954727154e+00
2.251669604707916772e+00
1.879306898453873442e+00
-1.492109523392629811e+00
2.390934783319739410e+00
-6.323035144731141699e+00
9.247586587993872342e-02
-1.644699314661151712e+00
2.642698477542677615e+00
3.539166350629198821e+00
7.056808195701959718e+00
-7.389608331573008115e+00
1.031715979959346274e+00
7.846370356594944084e+00
-2.756206657839654461e+00
-2.077652939625227013e+00
-2.055688732023317922e+00
-1.063544109483178568e+00
1.937212719814658701e+00
-2.301347512648625138e+00
6.570207022173255140e+00
3.613586824693575394e-01
-6.106038504502292241e+00
8.168098901094962727e+00
-3.785125226690950750e-01
-1.442150559581698133e+00
-7.547769784958863859e+00
5.047803114112808132e+00
6.112551172678872824e-01
-1.421892092155466436e+01
-8.557649682592032292e+00
1.121158835553304911e+01
-2.292342509744900170e+00
-1.230328727683399848e+01
5.300187738867457199e+00
8.996225702954655290e+00
-9.302784687970181210e+00
-8.932461032120921018e+00
-3.811141654744814922e+00
-4.631572766628383242e+00
-1.238486007586157811e+01
-1.837710187338396528e+00
-1.296375153247613987e+01
1.012152519498254133e+00
-1.006607604361339980e+01
-1.306723447845406127e+01
5.764146850565542657e+00
-1.181576869407543917e+00
-2.805074387412005876e+00
3.514554499942514454e+00
-1.119689844453252370e+01
-2.770873917436210032e+00
1.281222584562390132e+00
-1.194984970744588182e+01
-1.943058836598828609e+00
-4.742566726101964392e+00
2.275266080289119142e+00
-1.234645991356592809e+01
6.176615193641596946e+00
-7.380484272807429136e+00
-1.909595014005797786e+00
-8.235018648518089179e+00
-6.215381777432336996e+00
-1.335541285946017354e+01
-3.776639926857009666e+00
-1.400824464612654641e+00
-3.166571011504602851e+00
-6.080903395332841299e+00
-3.070715139586388531e-01
-1.217921148150531430e+01
-2.201036643488449407e+00
-7.986477181779694234e-02
-1.819197668386632216e+01
-9.961681600977643214e-01
-1.629679843585508436e+00
-1.500112856074401790e+01
-1.047044271836612950e+01
-6.869160073051172155e+00
5.078398217223071498e+00
-9.120217556338893417e+00
-2.516478584726911993e+00
-9.301556669662696564e+00
7.394386973859338852e+00
-1.286119061431354282e+01
-6.220563969064132337e+00
-1.166955495088904371e+01
1.469596697091765325e+00
-7.775908505485733535e+00
3.102778192383270905e-01
-1.131225876491219395e+01
-1.269283728569735104e+01
-6.666431642685513026e+00
-1.001435490950391127e+01
-6.671738181226831266e+00
-6.980845496635325054e-01
1.825116548716519560e+01
-2.654150749087441419e+00
-2.889805444300465354e+01
-7.729425001917535454e+00
7.708585505526088788e+00
-6.264042760943497434e+00
-1.390105476889574199e+00
-1.849350763894858218e+01
-1.349790972908335718e+01
-3.745240285135521674e+01
-4.374099793843829076e+00
2.603319631332995598e+01
-1.602255711338503374e+01
9.869296510197822503e-02
-1.616374054686161799e+01
-1.150656725378326328e+01
-4.159916087676354124e-01
-5.544042697098992889e+00
-8.257649497885095613e+00
3.425917796865595832e+00
-2.297239173509015231e+01
-2.642599060263284017e+01
-7.688604754873950675e+00
-2.574821757162505520e+01
-1.896170334435323568e+01
-2.597173665036993206e+00
-5.592663226234705576e+01
1.516310340442330862e+01
-4.637174058897453932e+01
4.291984887581918429e+00
2.087291187159403982e+00
-1.785264454170248527e+01
1.029482405657189403e+01
7.474938771722845487e+00
-3.637600597328740548e+01
-2.543049360142850546e+00
-7.230140343005071912e+00
6.839481511358992627e+00
-1.645613240599613647e+01
-4.174664708653162393e+01
1.753149915171399620e+00
-2.012503334627638196e+01
6.253803072327945856e-01
-3.719473964214199668e+01
-5.561697233374170324e+00
-1.941519493000679120e+01
-3.493830686886271408e+00
-2.657514007478734186e+01
2.164695253507529671e+00
-2.700290249551325417e+01
4.728468657625027305e+01
-2.761926106565237760e+01
-3.781250840155485093e+01
-2.271136620798178285e+01
-5.160975795218868711e+01
1.611062454850425141e+01
-4.064734865921573004e+01
-7.940770821245962452e+00
-1.359755399548717492e+01
7.614557922966575632e+00
-6.455970020556057420e+01
-4.205377670233962561e+01
-1.207322012526697961e+02
-8.347164403794725729e+01
9.491940386424491294e+01
-9.812060888550598747e+01
-2.522833500370028403e+01
-1.078302850236515553e+01
-7.090217841820613387e+01
-6.872112805073160757e+01
-1.325482289575035111e+02
-1.476588516800236164e+02
-3.842660256126379892e+01
-7.124819360844369953e+01
-2.583800488134048123e+01
-6.267752682027976618e+01
3.696348351379702279e+01
-3.905342699727921030e+01
-7.522039125983486940e+01
-3.613317726957278353e+01
-1.326259889428962992e+02
-1.387562943410610501e+02
-2.760566921479538678e+02
-1.297970849870255279e+02
-1.215686204080174946e+02
-7.533996190319329855e+01
-4.997621562773859694e+01
-8.266883436703486154e+01
-9.103744928547516224e+01
-2.921174011136653803e+02
6.986229316067642969e+01
-2.038245111885677829e+02
-8.319213521877676953e+01
-7.589121612801237404e+01
-1.171673957022277364e+02
-2.989653055741621870e+02
-9.537888272896915964e+01
-5.544368335271288117e+01
-1.322078912369433397e+02
6.349457610736462243e+01
-4.465231161894065508e+02
-3.597198195696228140e+02
-1.994957703818893151e+02
-4.175308477231531015e+02
-1.583719596947852892e+02
-2.535191418447391811e+02
-4.155617446424358263e+00
-9.181270929944494128e+02
-1.518720884352443079e+02
-2.078193651566288338e+02
2.440588881941810229e+01
-2.232006516491618129e+02
-1.624150412727478852e+03
3.039945755712976734e+02
-1.462446716861265372e+00
-4.513394475665576238e+02
3.278848556659926317e+01
-3.560210349295462606e+02
-6.554904300495096550e+02
-5.079218443667189717e+02
-3.373093712188461950e+02
-3.281945318535238130e+02
-2.113459505002022524e+03
-7.509509070768888250e+02
-1.194102160161886701e+02
-8.062348715453688897e+01
2.257961282035354884e+02
-5.438339252348171158e+02
-5.907792854812277028e+02
2.906757638941215646e+03
3.782699578462301702e+02
-9.174057532562000006e+01
-4.174883476816279426e+02
-1.882149123700534403e+02
4.933724428148677816e+02
-1.374414768651947952e+03
-1.105986022244224387e+03
-1.550216398665629356e+02
-3.646948845856078378e+02
-1.098541782898699921e+02
-3.815650196928671676e+02
-2.199870790773722547e+03
-5.666749000051945586e+03
