1.796549081181992960e+03
1.822937255514598291e+03
1.832586338336566541e+03
1.871755598146430884e+03
1.914777181600496533e+03
1.963594678269396127e+03
1.967350254246350687e+03
1.993733571345451310e+03
2.021488905363969934e+03
2.083660280431291540e+03
2.124717500001584540e+03
2.137069937957857746e+03
2.169300606930774393e+03
1.153496235752583743e+03
1.104436518814487727e+03
1.180966584309659993e+03
7.871622407876990337e+02
7.726188383297738937e+02
1.036916668289787140e+03
1.160916690820017948e+03
6.910341210977454693e+02
6.142553688287364366e+02
6.706145744028386844e+02
6.994528053740417590e+02
6.859834845001887516e+02
6.726834574354573988e+02
6.335307024679563028e+02
6.341456982836549514e+02
6.314352800407626773e+02
6.384370585208819193e+02
5.976750830742707876e+02
5.692126082056415726e+02
5.675352701984645591e+02
4.902306837372127575e+02
4.792596698329021478e+02
4.421360384930094369e+02
4.424562879665091373e+02
4.440079170333268053e+02
4.314329221881114904e+02
4.416835838454824739e+02
4.519226686751133570e+02
5.446372308383848804e+02
5.803519900191794250e+02
5.992575296184912759e+02
5.877195500614302546e+02
5.830540847939341802e+02
5.677536608666233633e+02
5.771674546194049071e+02
5.745924015132466138e+02
5.838170299043550813e+02
5.700010520382568302e+02
5.820729447003195673e+02
5.980825220304180903e+02
5.859565137826740511e+02
5.763947808300549696e+02
5.796408753054710132e+02
5.809615871678494159e+02
5.703181770163703277e+02
5.684262952115439020e+02
5.635385063683187354e+02
5.433685289048473805e+02
5.606413162372818988e+02
5.241496932300608478e+02
4.924535959801354466e+02
4.011591163991633948e+02
3.781458817031889339e+02
4.049664782380475003e+02
4.058952148399601469e+02
4.002661832980946883e+02
4.027268477455916695e+02
4.918973929582806477e+02
4.843043010000326944e+02
4.946890564433973054e+02
5.154502276227167386e+02
5.569682155036051654e+02
5.370049485654312775e+02
5.307176272355740139e+02
5.137481784456526839e+02
5.114567151850956748e+02
5.046584060056601402e+02
4.940949367084182313e+02
5.026898421919365774e+02
4.826037621786889531e+02
4.901436506692461421e+02
4.857170845326783706e+02
4.931265677535075156e+02
5.000745090387910068e+02
4.621457599819823940e+02
4.529669442089744962e+02
4.610892420910680585e+02
4.480651103588484148e+02
3.511273983071140492e+02
3.517172401480322605e+02
3.154758504044797291e+02
2.872772316173059721e+02
2.465202943872700985e+02
2.377276545123794449e+02
2.462685240168734424e+02
2.546433630335482974e+02
2.609889749465573345e+02
2.549580940979245725e+02
2.677367547439648661e+02
2.528451668084373409e+02
2.767579362801291154e+02
2.777203851550452214e+02
2.724629794691535380e+02
2.661458681272904983e+02
2.529309753364015023e+02
2.815818454505746331e+02
2.818712341331735729e+02
2.891545169906312367e+02
3.033374667913194003e+02
2.947966524882149884e+02
3.435469674649418153e+02
3.528188399063584484e+02
3.346875550800394308e+02
3.463278245534664279e+02
3.498707141943984880e+02
3.336312235614108204e+02
3.554203566250369022e+02
3.592619885036019696e+02
3.492936400069131651e+02
3.341447055800559838e+02
3.434355610375376386e+02
3.074511458614764479e+02
2.999427194284401139e+02
3.129760958480294448e+02
3.087856358266820394e+02
3.192974080354329089e+02
2.758561981160059418e+02
2.909540659679267947e+02
2.642060889186517443e+02
2.555340721981569629e+02
2.670517617509073602e+02
2.090210368111551418e+02
2.031777408370643627e+02
2.129402900111402062e+02
2.078919263484289672e+02
2.134930992647142318e+02
2.015583524052193241e+02
1.902144271060306835e+02
1.936339732014536708e+02
1.995576073567134188e+02
1.754545800977689396e+02
1.761883571579523959e+02
1.679543474539858039e+02
1.728753582758207301e+02
1.502046545017241499e+02
1.423662258759913186e+02
1.394522971252137893e+02
1.567661597535912392e+02
1.400362757675840442e+02
1.347456089186484860e+02
1.459746576737587418e+02
1.231858653386574503e+02
8.466319707880055034e+01
3.737978408823188659e+01
2.647678969526060655e+01
1.877036406495123799e+01
9.770274163641527565e+00
1.958979676982352558e+01
2.824589552758646249e+01
-8.168434363382726104e-01
1.388636428854119131e+01
2.820974828130145795e+01
1.935482962148504527e+01
2.210291657647051622e+01
2.164155556702435845e+01
2.271949904862210801e+01
2.758611849319452602e+01
2.988919572294328120e+01
1.755005223140861048e+01
1.900185599279580728e+01
2.807460162978274809e+01
2.793163411028869092e+01
1.867064328237765736e+01
6.470022222251172650e+01
9.746503908802004901e+01
1.004107268305125018e+02
9.747595772393481184e+01
9.091646382887023492e+01
8.260240488472956599e+01
5.899531674107936396e+01
7.425496042798299356e+01
5.930032193066129054e+01
6.575404092280638224e+01
5.779186329918785248e+01
6.437771248227814169e+01
5.321537921515517411e+01
5.018363824278651464e+01
4.599160606438606180e+01
4.069743410180907972e+01
4.091227945135823063e+01
3.469737129649631413e+01
3.266172849322428107e+01
2.649736409256250624e+01
3.278529124325496014e+01
2.046419348462316279e+01
2.486581773037451271e+01
1.923880525019534105e+01
1.467716976423099240e+01
1.325635404567378295e+01
1.474160363041544741e+01
1.497616878611662194e+01
1.161190502993841100e+01
1.094723199950644776e+01
1.170018726075290161e+01
1.061510345592859395e+01
7.269041066395486972e+00
1.383879981512194490e+01
7.958891066685323423e+00
6.897712208315867954e+00
6.048330668230329721e+00
7.126381151278085468e+00
6.554752441332571067e+00
3.236141053682536572e+00
3.517557543981371104e+00
6.235131223094597663e-01
1.482590836330553330e+00
1.488130190260810171e+00
3.816797644284878999e+00
5.233834999216121275e+00
5.746983727763275596e+00
6.789272283008420672e+00
5.908128803587521460e+00
5.930235028640755246e+00
6.743917331758804146e+00
5.437582114004380962e+00
6.947044605985661647e+00
8.152646859600604756e+00
7.315966791539542768e+00
9.072379712056781287e+00
9.852491150643009732e+00
8.789124193794682682e+00
6.957909651224795766e+00
7.639916180116159694e+00
6.455375294246081808e+00
5.253009276489420287e+00
5.615818152159937071e+00
5.268609042606049009e+00
4.302194682113279711e+00
2.435524635939258609e+00
1.743257292377239143e+00
1.801701849733618355e+00
1.630955252644465503e+00
2.283899700909484132e+00
2.077350820352649841e+00
1.886714397109149344e+00
2.042742892151037104e+00
2.417580546488123261e+00
1.434119669111634021e+00
1.119525461970150015e+00
6.210118344598036799e-01
7.478260621121161078e-01
5.158784440525243653e-01
9.618115548323334929e-01
7.050204634119738856e-01
1.416633190301283873e+00
8.038211518009062972e-01
7.814818393186813150e-01
9.171834912094938286e-01
8.882122464389431427e-01
1.482915634722477005e+00
1.388704699614765392e+00
1.212256719492829538e+00
1.315852771264683252e+00
1.025854536853898269e+00
1.029293748986513268e+00
9.018624708774557464e-01
1.029405620660059251e+00
7.289417642249117479e-01
8.771424134643583947e-01
1.011921165771882292e+00
1.342485831592300283e+00
1.446401726898062901e+00
1.289471476708787367e+00
1.273441765114975421e+00
1.273746576109160866e+00
1.191170028780750956e+00
9.769084931363389845e-01
1.357126279383912282e+00
8.803317969559212308e-01
9.915377999274893606e-01
7.209936244342329825e-01
6.846114029500960374e-01
7.393006651681645058e-01
6.116660912140955420e-01
3.713891723744427997e-01
5.197889798079107226e-01
3.936431249643859154e-01
5.185928982176052360e-01
4.821391860055577183e-01
3.604626070892754108e-01
4.359769064628410407e-01
5.293668177101771288e-01
4.296398872792800416e-01
4.584112824052684609e-01
5.145843648286108074e-01
6.194990346702845541e-01
6.451504916310334403e-01
7.400054080640084964e-01
5.403170875019664976e-01
4.874917714395867741e-01
4.799957914036139806e-01
4.601223791002340135e-01
4.397031759362992065e-01
4.388437953793360990e-01
3.445253913090514652e-01
3.399311045862488667e-01
2.751496335362510481e-01
2.471700895207685489e-01
1.935916074096233064e-01
1.859565287561658342e-01
2.395491359113420815e-01
1.368840515696976567e-01
1.879131643935735840e-01
2.550524016043136388e-01
2.776084300953692297e-01
2.693601617048855812e-01
2.383538879773025865e-01
2.768422637811682741e-01
3.123162438402500851e-01
4.008735622866461124e-01
4.848672324460477356e-01
4.739279794474926533e-01
5.661259315134347103e-01
5.856215165648021026e-01
6.327535678247304674e-01
7.005833069782210210e-01
7.849046345344349307e-01
8.741860434051392792e-01
9.850644505815868701e-01
1.017944471285917141e+00
1.068339953556449728e+00
1.095818583971559512e+00
1.184443096456020195e+00
1.255292204701136116e+00
1.345843102605208674e+00
1.463692235906464800e+00
1.566737484210740439e+00
1.719967071156791594e+00
1.821817740080265979e+00
1.916485353011465387e+00
2.045495679059649241e+00
2.118383989416367630e+00
2.221091163682614500e+00
2.334835604561548816e+00
2.506041097627017322e+00
2.653178621204763221e+00
2.782399601263042754e+00
2.880303569181978940e+00
2.989804288912147445e+00
3.120293150177677610e+00
3.247269293135648827e+00
3.377218262734044352e+00
3.490129797447626192e+00
3.599712594477725069e+00
3.737051770983147669e+00
3.847246170830068479e+00
3.942007413821634110e+00
4.007895596292124551e+00
4.126295007024669559e+00
4.223964057075050071e+00
4.368425668919710070e+00
4.446469380130065652e+00
4.627459530115760167e+00
4.753737912287452794e+00
4.880378383242731211e+00
4.973020778488173477e+00
5.135972743284535902e+00
5.264339547332708591e+00
5.438724363488698366e+00
5.576548990636616132e+00
5.714227738440345483e+00
5.871479358043787400e+00
5.998743392765609528e+00
6.130107194144306604e+00
6.295257278851438265e+00
6.386618980478505847e+00
6.552652264756975597e+00
6.695106289346932193e+00
6.860496678074555099e+00
6.982446886316957979e+00
7.127788372315061238e+00
7.220645066155161551e+00
7.345159397619542396e+00
7.439151625830192849e+00
7.569909364751148395e+00
7.672228974944538038e+00
7.777240057894763581e+00
7.844492873021859936e+00
7.910989012668644627e+00
7.951652291302798936e+00
8.027108723686330549e+00
8.095674333333860773e+00
8.145820602593104809e+00
8.224005520885160792e+00
8.306431757145347206e+00
8.360016710324797984e+00
8.416832263125559876e+00
8.444147031778825863e+00
8.481909812740001442e+00
8.512551013817528656e+00
8.551989608196663539e+00
8.594742256192578367e+00
8.616773459246152456e+00
8.636873270736838748e+00
8.653693588815112747e+00
8.663055396973577515e+00
8.643157661427112615e+00
8.631826690180387729e+00
8.628078255133836194e+00
8.603981833748136410e+00
8.578755788006684924e+00
8.521309661959724835e+00
8.477251480926645044e+00
8.433121233535905148e+00
8.376487319507742058e+00
8.334107854510779845e+00
8.246556849363024355e+00
8.198253816637970814e+00
8.143738438097575028e+00
8.082549669292973249e+00
8.004929180038166336e+00
7.950450232687910734e+00
7.873435182861869386e+00
7.818080477566963893e+00
7.752532327449496385e+00
7.694227897832603524e+00
7.630231609520095049e+00
7.579714986542899879e+00
7.550227737268575545e+00
7.489761513923586023e+00
7.454604707810844388e+00
7.417932969939437626e+00
7.379091674172448378e+00
7.330327954672990920e+00
7.257372031344082153e+00
7.201477557655971751e+00
7.108080353839576482e+00
7.012116194086560839e+00
6.937085069815933203e+00
6.833632151445907077e+00
6.720862655023013055e+00
6.589257804281971609e+00
6.431742727192293785e+00
6.290387881064170905e+00
6.161321570856145513e+00
6.007057011456897300e+00
5.844281452758928630e+00
5.684269702271804725e+00
5.529346853470157086e+00
5.340292997606611358e+00
5.180001758730669259e+00
5.003408118052918852e+00
4.813703770894159462e+00
4.636018875563014952e+00
4.443884480223251998e+00
4.284687213815612239e+00
4.089376292454408812e+00
3.924986192226033399e+00
3.783067234458721284e+00
3.582238987746277026e+00
3.427235530211001358e+00
3.249735984228463881e+00
3.107676000689501894e+00
2.956635024500009035e+00
2.819787540365843004e+00
2.675198437498811366e+00
2.538818799255535996e+00
2.394218145178244495e+00
2.262941989078494309e+00
2.127839720208644092e+00
2.006122081126270995e+00
1.885882645478500041e+00
1.759887283383136936e+00
1.649614793440411287e+00
1.695004880331832053e+00
1.588735546124524056e+00
1.519509061434947794e+00
1.472737099224327162e+00
1.433952279749302727e+00
1.424722715004793860e+00
1.475938031258130945e+00
1.515842382856761539e+00
1.612257576391524561e+00
1.746287623776233255e+00
1.915278478032156784e+00
2.118715761055592672e+00
2.380569260842903656e+00
2.687195809566464533e+00
3.061628003527176567e+00
3.458644950358477743e+00
3.914526468818371185e+00
4.415063689470310138e+00
4.936430791922337136e+00
5.518895731887139000e+00
6.128671295477885472e+00
6.605269042696884974e+00
7.280948654721569824e+00
7.905084200923720772e+00
8.561280806459608428e+00
9.197683775226627390e+00
9.829940447469446951e+00
1.043399954743718894e+01
1.104515735156167366e+01
1.161482220567628687e+01
1.216025656866146676e+01
1.266783756799089744e+01
1.311977417246999700e+01
1.350686929364977473e+01
1.385963400402992818e+01
1.414866324713127632e+01
1.441275989140707026e+01
1.456238064354482908e+01
1.466926134523739655e+01
1.473911852725698424e+01
1.477752141720261214e+01
1.474027012656596192e+01
1.468521290166144411e+01
1.455141054929877420e+01
1.443547562667131068e+01
1.427077168661037732e+01
1.409126641966099136e+01
1.389752321548056280e+01
1.367937061260415099e+01
1.339762778235084184e+01
1.316797692637712025e+01
1.284647946732144774e+01
1.250984805879102346e+01
1.216031445439925385e+01
1.180370735059115539e+01
1.143845694533714052e+01
1.106080802866303259e+01
1.068630860350006273e+01
1.034069926523085670e+01
9.975895594697171020e+00
9.646879903362904685e+00
9.304901916310500454e+00
9.005424461953611015e+00
8.666035247406089326e+00
8.362429346338098313e+00
8.089371889998712817e+00
7.835261215585829220e+00
7.608014861494674541e+00
7.355360690111831801e+00
7.133199486116637900e+00
6.958079879501998910e+00
6.721372220081668125e+00
6.608495949530579949e+00
6.524008022916023108e+00
6.459155365087474898e+00
6.330083038968201237e+00
6.239890241527374037e+00
6.158492986380545098e+00
6.070281851117091954e+00
6.021588477371788706e+00
6.030977083614168954e+00
5.988647062229814466e+00
5.969332665519473835e+00
5.898216739712561996e+00
5.932373061782988621e+00
6.013362607932115189e+00
6.043225046373341236e+00
6.082344682311227935e+00
6.128679880151397086e+00
6.112543296800295956e+00
6.193004092673437988e+00
6.281734327287579411e+00
6.331851648130528254e+00
6.396492307379465281e+00
6.471430451578460641e+00
6.417350670651297051e+00
6.531208926355501099e+00
6.676059305141028410e+00
6.799888513993095351e+00
6.912204153483856750e+00
6.999476857307468158e+00
7.077879213905637457e+00
7.307168167206523179e+00
7.295644391231675741e+00
7.442816881017764175e+00
7.468057725629735799e+00
7.618115964550508323e+00
7.671598349963660191e+00
7.758987836217877465e+00
7.809091554859941553e+00
7.895014456034141759e+00
7.953963868621149125e+00
8.007714046006638497e+00
8.149232129581534423e+00
8.221044555557993405e+00
8.294883233082927632e+00
8.532026277867910125e+00
8.573981319908384080e+00
8.700886145697934282e+00
8.858501580222654326e+00
9.039725992046093950e+00
9.160333611749642557e+00
9.153042770105818349e+00
9.078600460128985361e+00
9.252189044546311081e+00
9.380953813759731474e+00
9.641625479952686817e+00
9.573819623479053575e+00
9.723840220640534326e+00
9.714784672513811614e+00
9.770598859856637119e+00
9.918554355781809662e+00
1.009587813230744580e+01
1.019843136447043364e+01
1.026638123784393386e+01
1.029029323674176943e+01
1.034555583640431742e+01
1.038356263941446045e+01
1.044538032448608433e+01
1.055520818774560610e+01
1.048069257500031881e+01
1.041053545166208316e+01
1.049636065943697893e+01
1.055938876848037999e+01
1.070103813531029502e+01
1.080418347238550858e+01
1.073322789539194488e+01
1.033100143681602745e+01
1.037688029605558881e+01
1.009273331632105375e+01
9.893385374162617651e+00
9.855792212437169297e+00
9.551951890359585917e+00
9.192730136943589869e+00
8.840140051589681747e+00
8.554384970273266831e+00
8.248163026328533931e+00
7.898354088460620481e+00
7.783652452255818588e+00
7.591582189169060690e+00
7.227557867439463379e+00
6.848375732363021662e+00
6.641111913888186002e+00
7.478763541486295630e+00
7.337083404134167708e+00
6.981968692549436639e+00
6.549040687256092674e+00
6.296018572285656312e+00
6.290401148494762396e+00
5.853812781271880539e+00
5.809310267704087316e+00
5.782664284984943670e+00
5.638609064933518766e+00
5.651076951405567428e+00
5.695982424108884778e+00
5.763634569878685276e+00
5.776079809336446047e+00
5.529843823900078448e+00
5.474339409222278796e+00
5.293733695676632323e+00
5.112632993744653298e+00
4.909219795908106754e+00
5.054826590997398839e+00
4.829993155808631755e+00
3.563608084422805966e+00
3.233793543258519865e+00
3.286968850304845535e+00
3.285136128640774977e+00
3.110789705639694258e+00
3.211311667281010696e+00
3.378334803493154848e+00
3.423344493393601695e+00
3.063501282325681085e+00
3.059831512999321212e+00
2.892799008314818288e+00
2.866483410733807080e+00
2.776628502401789156e+00
2.622648775797234766e+00
2.718327020328721311e+00
2.727259150702292967e+00
2.322724867098648005e+00
2.247062438615877067e+00
1.936560061821150702e+00
1.729440816683189386e+00
1.566707573270204268e+00
1.504399159391844654e+00
1.675176615610559638e+00
1.679416825009476533e+00
1.099373218472639024e+00
9.516449293124042974e-01
9.975699104595350253e-01
6.106202664964638371e-01
2.776537387966349080e-01
4.205784039511735184e-01
1.702674329230510208e-01
1.449161158321875253e-01
-3.079179676362824303e-01
-2.981782519732072423e-01
-3.300629388044249435e-01
-6.303708477540506117e-01
-3.331526884681417777e-01
-1.518239123820826209e-01
-2.967549583820732195e-01
-4.276924807010190621e-01
-1.406905723067404246e-01
-9.146343514729063373e-02
-8.281271616738834496e-01
-1.513103067679111957e+00
-1.298384599445752130e+00
-9.105293823048070667e-01
-1.345474851630245050e+00
-1.327216747286119158e+00
-6.230031291279046757e-01
-1.080957210048316908e+00
-1.568579040430014171e+00
-1.771772412751398962e+00
-2.058636089563682159e+00
-2.466654821033250400e+00
-2.870040288119414473e+00
-3.398229970156710245e+00
-2.960191170055130883e+00
-3.753702324119002842e+00
-4.296320884754591063e+00
-3.803737000318007322e+00
-3.444612889132425249e+00
-3.814540495472579895e+00
-3.454790017351625941e+00
-3.295582317682012707e+00
-2.907541326732541620e+00
-3.208555073146875269e+00
-3.763801214690400077e+00
-3.403792881821408045e+00
-3.997382072563295363e+00
-4.327230857801779074e+00
-4.474144200206803035e+00
-3.748477933721142907e+00
-3.763038766759726261e+00
-3.396679236825600245e+00
-3.092225675782700023e+00
-3.337195145143770247e+00
-3.579663765588920299e+00
-3.747832398887460226e+00
-3.448930838313660985e+00
-2.945526051419007807e+00
-3.633968490735679069e+00
-3.709175031044963156e+00
-4.276896125879824595e+00
-4.684681244375069831e+00
-4.309879455325365427e+00
-4.989105277574697794e+00
-5.232628390995555101e+00
-4.702158409737713818e+00
-5.281426761889854937e+00
-5.566827255928710194e+00
-6.139264130073266656e+00
-5.262451374188259479e+00
-5.841118566076545449e+00
-5.727623541311884559e+00
-6.291180886589275545e+00
-5.791609256881508294e+00
-6.000906301911892449e+00
-5.569042760404517622e+00
-6.019343588938224521e+00
-5.800981373157963361e+00
-6.154644028112754128e+00
-5.773127239157950896e+00
-6.098515382801370066e+00
-6.112543285666411030e+00
-6.310943826091958364e+00
-6.725481647251474904e+00
-6.178315321676068450e+00
-6.155209103944359050e+00
-5.414459487248681313e+00
-4.941923128996606351e+00
-5.670326065573206620e+00
-5.839859098260465231e+00
-5.530013904253363144e+00
-5.750173384760801198e+00
-5.523448788503208640e+00
-5.771814203298231583e+00
-6.844165572419973920e+00
-7.797672248862065558e+00
-7.593406091564600224e+00
-5.701791585757785441e+00
-6.460850029992394994e+00
-6.326200441539267416e+00
-7.396013043292733791e+00
-7.727872517616592773e+00
-7.184026114795646123e+00
-7.223742981442382138e+00
-7.241279235203049502e+00
-7.223732995895635334e+00
-8.625990206248351555e+00
-1.029713266803944904e+01
-1.014444483285351062e+01
-1.000162391799993955e+01
-1.028536176073578901e+01
-1.116016975704366487e+01
-1.278339762880194641e+01
-1.197656917999817061e+01
-1.321363554390348227e+01
-1.254635220504905213e+01
-1.126849784964665346e+01
-1.225794178197947737e+01
-1.363208218456895615e+01
-1.273838747763196189e+01
-1.445666341737716820e+01
-1.332835151895101689e+01
-1.274630899484479052e+01
-1.228447450909904148e+01
-1.281086399148953170e+01
-1.442195645692106964e+01
-1.405036537521958806e+01
-1.398058005992090713e+01
-1.316668626826175981e+01
-1.447626419499607309e+01
-1.382680242436887852e+01
-1.413705096361956493e+01
-1.391110888270899615e+01
-1.286991210462426771e+01
-1.372998547225528299e+01
-1.356252698461493544e+01
-1.167952822660223156e+01
-1.232633779391268192e+01
-1.319404070496688952e+01
-1.485273079665914508e+01
-1.837967442742698054e+01
-1.545372886776935317e+01
-1.715644203571965676e+01
-1.723667737328835159e+01
-1.854735792146539097e+01
-1.716412694508206371e+01
-1.839502594342323505e+01
-2.064655964442273728e+01
-2.414894127860808837e+01
-2.813832778330875328e+01
-2.348299434764259885e+01
-2.665031317620885432e+01
-2.820155256563946722e+01
-2.867605208458257948e+01
-3.053735760128893872e+01
-3.397875739402146422e+01
-3.666211377835381313e+01
-4.437238278032972971e+01
-4.444578453504811222e+01
-4.591719584258914466e+01
-4.556245043113246851e+01
-4.505024492505148004e+01
-4.422118883595901906e+01
-4.456095530569613317e+01
-4.741047575077306675e+01
-4.786885367957015802e+01
-5.552140807339353756e+01
-5.751066305232617992e+01
-6.609668144375052634e+01
-6.361471135915142128e+01
-6.415267032222760690e+01
-6.964583990389324697e+01
-6.727595927228018979e+01
-6.896755467159867692e+01
-7.288074977394447274e+01
-8.237027491435719639e+01
-7.799589567463662831e+01
-7.970363570087866378e+01
-7.720795407450280834e+01
-7.940593133732942022e+01
-8.271016672998261754e+01
-9.479168086960916639e+01
-9.665442042375102005e+01
-9.955624593118146493e+01
-1.030474242516846175e+02
-9.502468241297890472e+01
-1.154714418790757975e+02
-1.209520104738217015e+02
-1.236443608755651269e+02
-1.307620559930660988e+02
-1.361895219600071698e+02
-1.458295399592674073e+02
-1.488633255117516967e+02
-1.886331862615816988e+02
-1.942444816267602903e+02
-1.998710102872468894e+02
-1.881537407655156926e+02
-1.964475145296035237e+02
-2.748003016851054099e+02
-2.566215216034211153e+02
-2.536812892304851914e+02
-2.635881872254919358e+02
-2.489358680809990574e+02
-2.643094306979969588e+02
-2.930811164761555005e+02
-3.134595709212220527e+02
-3.333458306143236314e+02
-3.291003528667638420e+02
-4.220306546146877054e+02
-4.553833246233867840e+02
-4.424865113453518575e+02
-4.388152166512453505e+02
-4.122194770646470374e+02
-4.306164475071645938e+02
-4.129424070177097974e+02
-2.764645087835655204e+02
-2.490381034721715707e+02
-2.488860753559122543e+02
-2.630921905261361076e+02
-1.869533006365283825e+02
-1.781257366932610466e+02
-2.421088639512124701e+02
-2.778344988429476530e+02
-2.844650995795103654e+02
-2.764100226545326677e+02
-2.471555558722035926e+02
-2.372179741600401996e+02
-3.169723155538023889e+02
-5.666351822608578459e+02
-4.610716375674743972e+02
-4.196290714810604641e+02
-4.146640302576788599e+02
-4.105242445141214489e+02
-4.227457062118087379e+02
-3.990052308701825154e+02
-3.756483636961469870e+02
-5.021297184749911366e+02
-5.193893713148841016e+02
-5.187381592468586859e+02
