1.724475545683677865e+03
1.749125163777628131e+03
1.757987732157430628e+03
1.797344760598422681e+03
1.847400116257925902e+03
1.906414165043142020e+03
1.915412534317850259e+03
1.936843841934461125e+03
1.964460282617065104e+03
2.027266962384256431e+03
2.067446722297373981e+03
2.082616846202636680e+03
2.109884864678839676e+03
1.119776701898009605e+03
1.073322732472781581e+03
1.150158475933810678e+03
7.863256771130536436e+02
7.602835042663831473e+02
1.037637566379815553e+03
1.165076934781051250e+03
7.308438922903734465e+02
7.059988257689187776e+02
7.575177561134321422e+02
7.872460486069631997e+02
7.730071550710246129e+02
7.522608407150931953e+02
7.004763664804521568e+02
6.974859606601785345e+02
7.010534038892370745e+02
7.092603933119593194e+02
6.680689776834580016e+02
6.412077163242191773e+02
6.374698689898148132e+02
5.654949667431618536e+02
5.442741392239387324e+02
5.049210323191854286e+02
5.050963626998448035e+02
5.068813359014349089e+02
4.999708058126616947e+02
5.119963552124987132e+02
5.233501144071444742e+02
5.976873855979795280e+02
5.762198963095220279e+02
5.997757883115945106e+02
5.888548691972557663e+02
5.821411725252614815e+02
5.620672816963196965e+02
5.762951498106515373e+02
5.740785664648650481e+02
5.835570737487181532e+02
5.696908958587259804e+02
5.828917858561593448e+02
5.999689638710527788e+02
5.870916674613157511e+02
5.732372660883297613e+02
5.785729774638673462e+02
5.798551472361100423e+02
5.692191255105987011e+02
5.670183843750827464e+02
5.628555875316410493e+02
5.427392056451423059e+02
5.618632657222921125e+02
5.237686505805367005e+02
4.954356940998740697e+02
4.090796757456383830e+02
3.832115981798116309e+02
4.135866161782658423e+02
4.219649517372737364e+02
4.138502776945966275e+02
4.165075061337670945e+02
5.004944570158244233e+02
4.898766412285796719e+02
5.028363912341665127e+02
5.242629312678486713e+02
5.664182422637065883e+02
5.534612215161295126e+02
5.492392491522740556e+02
5.378516416646593825e+02
5.357541547923208327e+02
5.275518762638273529e+02
5.189544574790053275e+02
5.289774395040166155e+02
5.063334716858923343e+02
5.146974211742957550e+02
5.089046267897466578e+02
5.144221074535141724e+02
5.254823267992987894e+02
4.888066842520493651e+02
4.771862942452614789e+02
4.838501093885878959e+02
4.681615889527813579e+02
3.742616618640139450e+02
3.850850421908832004e+02
3.463083236881932976e+02
3.183103530099955947e+02
2.749974854127482899e+02
2.640911201418557539e+02
2.713791291030706816e+02
2.737797405909455506e+02
2.776281148826734579e+02
2.731992366676828397e+02
2.842089354128507921e+02
2.753586084552627540e+02
2.973042180616258179e+02
3.037760655123004767e+02
3.003422490409792545e+02
2.850079255623708718e+02
2.649137026472577645e+02
2.913430665445939098e+02
2.899439238114641171e+02
3.065049160350667989e+02
3.222275506125107540e+02
3.124248666873581328e+02
3.490358554952079544e+02
3.553845291245391991e+02
3.344511403555841866e+02
3.422889958719050014e+02
3.410393799911091719e+02
3.206591493532542927e+02
3.422464133269675131e+02
3.486152985967924565e+02
3.401090845822457140e+02
3.233554128951811890e+02
3.258179942379364888e+02
2.900991067188645047e+02
2.729038217501022245e+02
2.843224550232204706e+02
2.881227011403127563e+02
3.039788014510502876e+02
2.614963005191212346e+02
2.755450197986548915e+02
2.408599333449908499e+02
2.336531354093770574e+02
2.476389063567052062e+02
1.906291065261466144e+02
1.844978404049767846e+02
1.959702563237083837e+02
1.938627854226426734e+02
2.033193012908868695e+02
1.901592593633368438e+02
1.813469539755056132e+02
1.910624720327900548e+02
1.993980556591596667e+02
1.779189099319553407e+02
1.785431282295685094e+02
1.731777264287207743e+02
1.823746380414690691e+02
1.649092680745232826e+02
1.548865913551938718e+02
1.505460031919866992e+02
1.663258575288472514e+02
1.512862345365848569e+02
1.474468678348175388e+02
1.571839221770496806e+02
1.328786586683064002e+02
1.060933297984554002e+02
6.150187151070616665e+01
4.875182875412585304e+01
4.555583147246773734e+01
3.339708319044012796e+01
4.626131999609271617e+01
5.112403184040753956e+01
1.769988829263120067e+01
2.875943296025061713e+01
3.945139120995430915e+01
3.021663392382887992e+01
3.296966784306066955e+01
3.295167758345807840e+01
3.127955636677958395e+01
3.917383974427368543e+01
4.133592239859885353e+01
2.953811546805781774e+01
3.051732310854459485e+01
3.878184570663610486e+01
3.842602047023623868e+01
2.998013358108766013e+01
6.756024819604131437e+01
9.937583958856180288e+01
1.016177085824376150e+02
9.596715401861199268e+01
8.954964081039182133e+01
8.312261544722980489e+01
6.217785219324292001e+01
7.679651333621981735e+01
6.260388035395981632e+01
7.072644101070996214e+01
6.160893353640990711e+01
6.784773795052160494e+01
5.658675182465004383e+01
5.251597775314731109e+01
4.753087802130952610e+01
4.343241082536847131e+01
4.337982601580477393e+01
3.812005491036858018e+01
3.482428330027009622e+01
2.731342250298626340e+01
3.406833304919533845e+01
2.155656379068342332e+01
2.640479437361079462e+01
2.174664068550543305e+01
1.702776168059489947e+01
1.686335253643531473e+01
1.728695587003310052e+01
1.808892114710118193e+01
1.362584654681393381e+01
1.294625330137225383e+01
1.395919900868434027e+01
1.295813426673484514e+01
9.238502286395778640e+00
1.547323257970682420e+01
9.030066337583685154e+00
8.041552197377848543e+00
7.072145250992355692e+00
8.930497470981784147e+00
9.267128757124520888e+00
6.660995138644330460e+00
7.333687489754331601e+00
3.739325082943088852e+00
4.203884354301610671e+00
3.859755385960657481e+00
6.145295477697117370e+00
7.254533951150323290e+00
7.698235239297729571e+00
7.982487687778333729e+00
5.951662794482240670e+00
5.838712459948116162e+00
6.685423646828446032e+00
5.423542555990397140e+00
7.273299125309207191e+00
8.123664634103743509e+00
7.190367114807804327e+00
8.740739132189339955e+00
9.474020045731112560e+00
8.378272915649429109e+00
6.026170933006525843e+00
6.622626107534603790e+00
5.674046580173504495e+00
4.502592865239444464e+00
5.048823819881342878e+00
4.852895413638802502e+00
3.815607859764228227e+00
2.077250169228932464e+00
1.550838124639335902e+00
1.350270784137440838e+00
1.278511155183136072e+00
2.238898696191637949e+00
2.090715341982019915e+00
1.777464576479334424e+00
1.778402374398761809e+00
2.072591394631262851e+00
1.105576657331500900e+00
6.509446547856819754e-01
5.760576838417658108e-02
-6.073665795286622981e-02
-1.445494818073075338e-01
4.424851833407081325e-01
1.326932222574953024e-01
7.234530509560636036e-01
2.256816181361680218e-01
3.114547858769723954e-01
5.577951901408477742e-01
5.715002515983286235e-01
1.046270242675659601e+00
9.354191423309395903e-01
8.318085279932101450e-01
9.911746155693044180e-01
8.204536591870432716e-01
9.532322974126339332e-01
7.860611309915784828e-01
9.110806974024057148e-01
5.863085044071906227e-01
8.305484424386111453e-01
1.072899781094733607e+00
1.449218550958233598e+00
1.615484462366402418e+00
1.349805121829825705e+00
1.242670372376790233e+00
1.206432761114184071e+00
1.151125864401731480e+00
9.257971667905341429e-01
1.293612393815164685e+00
7.500511806763637823e-01
8.742748845657698498e-01
6.406519196243106729e-01
6.241813205883457449e-01
6.631206339336395139e-01
5.181138162007721260e-01
2.308962136012108202e-01
3.743699000263694399e-01
2.533084955002121164e-01
3.873886091092778594e-01
3.484752592045098352e-01
2.268813014006363926e-01
2.818906290713789620e-01
4.013214684041496172e-01
3.005378786490700005e-01
3.750969964387306232e-01
4.743122473262559313e-01
5.806187236637672111e-01
5.888086241327477044e-01
6.934778235970289195e-01
5.225298518592049746e-01
4.719006488188163817e-01
4.661042390333109964e-01
4.624811961560049145e-01
4.550855595024981270e-01
4.475496875028560639e-01
3.577655498575537107e-01
3.516260018722083824e-01
2.918791094793229957e-01
2.591208646499833512e-01
2.120772021049468492e-01
2.037561007218149367e-01
2.581041310494058272e-01
1.545037165793725076e-01
1.956266342124280688e-01
2.616765490013437945e-01
2.675717518066468847e-01
2.423393042010007492e-01
2.128033597600172133e-01
2.421201288435684829e-01
2.512547621638255846e-01
3.006821970470167638e-01
3.572976252968496080e-01
3.410086553464016790e-01
4.040241133170776044e-01
3.892140282439241483e-01
4.345171759406430412e-01
4.720655971350223301e-01
5.016774232330727390e-01
5.399199063959519984e-01
6.154422395794173495e-01
6.019964648125840645e-01
5.940646492584488181e-01
5.613734346472502024e-01
5.774894081944467183e-01
5.942486354406452120e-01
6.316776604917656579e-01
6.828365901387833947e-01
7.102566890951416134e-01
7.813491916694096373e-01
8.140937843156389464e-01
8.216405913314762666e-01
8.717252680320419778e-01
8.473004484814671278e-01
8.597273775165438225e-01
8.787251566942194669e-01
9.600746955935328675e-01
1.012803829775865916e+00
1.054411995817349901e+00
1.069880997872981077e+00
1.096682366405038689e+00
1.145437812668769428e+00
1.196824382610015336e+00
1.241564787081575805e+00
1.272384775338300189e+00
1.313109397177707915e+00
1.376338049603736735e+00
1.413769551816753900e+00
1.441674954287001320e+00
1.438242321264988854e+00
1.478679974344969228e+00
1.492125817409251543e+00
1.557105988750951964e+00
1.559606288899975324e+00
1.670337865237477626e+00
1.708788943348086953e+00
1.763646980901859340e+00
1.772117600817258332e+00
1.839109650156193876e+00
1.866338570524846974e+00
1.952064357981246001e+00
1.998193393558980624e+00
2.027199412610384055e+00
2.092129594803241677e+00
2.134115760693113817e+00
2.178632323795745673e+00
2.248456236498988403e+00
2.247494776965408558e+00
2.327289608174221591e+00
2.378977045045675975e+00
2.463923133814045929e+00
2.516245615569842276e+00
2.587742169926031011e+00
2.616570883449890417e+00
2.680419261832696520e+00
2.725360950473311394e+00
2.811043965773071029e+00
2.865545395941385909e+00
2.918332307928719782e+00
2.943132089486762748e+00
2.982753492985781296e+00
2.996800530958007691e+00
3.040753028114419276e+00
3.089874911217454834e+00
3.107524404717274535e+00
3.166070218544262183e+00
3.229320660215272198e+00
3.268265175780570964e+00
3.314334287042238092e+00
3.320555014407155170e+00
3.348397323257730207e+00
3.372604891601397092e+00
3.396252851404814699e+00
3.437661618282696896e+00
3.454575176849636886e+00
3.469796541407241364e+00
3.490583920516912020e+00
3.499427999926730148e+00
3.480297241534814567e+00
3.490964073798982437e+00
3.501566808807877074e+00
3.496400861307695784e+00
3.489238291591404639e+00
3.456768275709111382e+00
3.442548016112359832e+00
3.427108592465357706e+00
3.395366470902721812e+00
3.384930742158921202e+00
3.325684793278547158e+00
3.307314449146434576e+00
3.283289414943701523e+00
3.253203033645246212e+00
3.208638244995853928e+00
3.195033050846665112e+00
3.146552092384445221e+00
3.121083381387156130e+00
3.090404795517497138e+00
3.051909590481623802e+00
3.011849634801991193e+00
2.990841854947394296e+00
2.979458297721619964e+00
2.950835831473724635e+00
2.940195051246461855e+00
2.928362937868586702e+00
2.915569057815006637e+00
2.893504371116767171e+00
2.852156215257541483e+00
2.839896117347345150e+00
2.784746651599694811e+00
2.733937732361431117e+00
2.703996389013198165e+00
2.664221019883082686e+00
2.618492090609241707e+00
2.552358593377354712e+00
2.465490176030668223e+00
2.403360916478177511e+00
2.355950826670884179e+00
2.283885708197579856e+00
2.209954901204205235e+00
2.140871741395472316e+00
2.077975842313168453e+00
1.985489346355937101e+00
1.920465405774564038e+00
1.841723813212333472e+00
1.753176579638875854e+00
1.674388441931051963e+00
1.579200897218862254e+00
1.519165750985284502e+00
1.420683144905664053e+00
1.355674976809565058e+00
1.312686430348567912e+00
1.212319944191775134e+00
1.150682423489989947e+00
1.064897976603588425e+00
1.012924922515892723e+00
9.568185167388050250e-01
9.090724685074300648e-01
8.522726032393658224e-01
8.042906784881744819e-01
7.438830025326877982e-01
6.967027753732725204e-01
6.432263160823961101e-01
5.975513381149655245e-01
5.526270850610066621e-01
4.955387839115436011e-01
4.462339738029185154e-01
5.519190527637081178e-01
5.038283630496382948e-01
4.843248645694320786e-01
4.680289574705854827e-01
4.492177887945619785e-01
4.455718962768590585e-01
4.854625783577899978e-01
4.974079543345577004e-01
5.463757788429364215e-01
6.132755336603079588e-01
6.892175988602328163e-01
7.821508790573002967e-01
9.125717180056684974e-01
1.067307880758832983e+00
1.276503804251290175e+00
1.499031350845645649e+00
1.760333316943804682e+00
2.063698713891798153e+00
2.373529800160213199e+00
2.741987870767129021e+00
3.130555204857354834e+00
3.386422660504406768e+00
3.843731567702507679e+00
4.256654149911160978e+00
4.711384437369908973e+00
5.149809892316569382e+00
5.593160150204107950e+00
6.019533852279828068e+00
6.473948566428972207e+00
6.908143425895930001e+00
7.346186846994354092e+00
7.769078069168849687e+00
8.154677269652310656e+00
8.506082599034154867e+00
8.840246160282626775e+00
9.129491348659241723e+00
9.404605533833697351e+00
9.594983796858963743e+00
9.748072150405157288e+00
9.880429838831119582e+00
9.987280323294141837e+00
1.004121925978602548e+01
1.008174582060957114e+01
1.003791553530417779e+01
1.000709664915814656e+01
9.943665303411743039e+00
9.880622316743849609e+00
9.799536596641184261e+00
9.686057386063783525e+00
9.515039570762324317e+00
9.403436649131180047e+00
9.207244790489344410e+00
8.992065362948723717e+00
8.764815371823466705e+00
8.533151801188626706e+00
8.297744702498507152e+00
8.044224514488128364e+00
7.783481574578177131e+00
7.554115464949507697e+00
7.296001600628120976e+00
7.080920378506253776e+00
6.832433903287819632e+00
6.626411560365364828e+00
6.381807114815241988e+00
6.176667821743292208e+00
5.992703456464205658e+00
5.829670871558831458e+00
5.660494472629636675e+00
5.484054440154566556e+00
5.339513542328781170e+00
5.230556001791078380e+00
5.056164651047570402e+00
4.985887125968714528e+00
4.934928129913277672e+00
4.898819190200935481e+00
4.792871144881480028e+00
4.719052855859879436e+00
4.639083133777324619e+00
4.563344173539682025e+00
4.513969381104095291e+00
4.541563170318840825e+00
4.512744381472705513e+00
4.514371295154069763e+00
4.438985704688862555e+00
4.449085752657106596e+00
4.517349736039895980e+00
4.535973645771004037e+00
4.551295727497304711e+00
4.600328077690795325e+00
4.578470464953888097e+00
4.642131925625101019e+00
4.731341006292183238e+00
4.765117179504569478e+00
4.800042462153031764e+00
4.858796581877173004e+00
4.791837937112378931e+00
4.905258692251091013e+00
5.034802184837986694e+00
5.132806884745113152e+00
5.226126729337872590e+00
5.317745858379715251e+00
5.359570930430075819e+00
5.548865924930383109e+00
5.511169428765574807e+00
5.656455401025832330e+00
5.690664010605201106e+00
5.835683480318061278e+00
5.854193150242248400e+00
5.924745538225938191e+00
5.948818735098918786e+00
6.005416154908285620e+00
6.038174956820681949e+00
6.067523819263310081e+00
6.205409062776324980e+00
6.260187787193781439e+00
6.297271422876256075e+00
6.500559345079525819e+00
6.512135938489580056e+00
6.597088833171063982e+00
6.758064697177389668e+00
6.915057507624275956e+00
6.976194299075148209e+00
6.948517421261131588e+00
6.860784897971885954e+00
7.015722648419886909e+00
7.100978468407302735e+00
7.328772584431262338e+00
7.258747636439871087e+00
7.412509921137242053e+00
7.373960711214529340e+00
7.402307930459641305e+00
7.479865968578954138e+00
7.607289070796036334e+00
7.665743057842775876e+00
7.692501891548365833e+00
7.700188516825520857e+00
7.758317532917822668e+00
7.760582335833448475e+00
7.807899187828351018e+00
7.908772943686168233e+00
7.832699622970311637e+00
7.792926682798225535e+00
7.909853625510964825e+00
8.002713276409302523e+00
8.160955819243630671e+00
8.233670421164193343e+00
8.170445193744539480e+00
7.782564381785307184e+00
7.790596811063904781e+00
7.549794124161848252e+00
7.418677541025303412e+00
7.417641767586937718e+00
7.181528090854638613e+00
6.880224665788946758e+00
6.601314022264248571e+00
6.362313970738406432e+00
6.064886664144357731e+00
5.751366337280779284e+00
5.658320601591825927e+00
5.527085282591142068e+00
5.212062039176222683e+00
4.847696407600412094e+00
4.681084109168563323e+00
5.594039309372630164e+00
5.477635590950454159e+00
5.132016349542395162e+00
4.805686049578036467e+00
4.624336255113255412e+00
4.662158098441869569e+00
4.302608997114080402e+00
4.296375020448600424e+00
4.280515022818162763e+00
4.198259377593632102e+00
4.281929092140344117e+00
4.445861624736767936e+00
4.564228333305315743e+00
4.582707174267827810e+00
4.404194981958221788e+00
4.412743351990393137e+00
4.324794072379630094e+00
4.161636443510520422e+00
4.013322271530087804e+00
4.169071639286157982e+00
3.990991513612346164e+00
2.733201016961137597e+00
2.401181244031598272e+00
2.472853749025659909e+00
2.540084323228100960e+00
2.362872767442043553e+00
2.536903279934910937e+00
2.692182624694801074e+00
2.762165146730284793e+00
2.370831176596065237e+00
2.360710774098008891e+00
2.272573804824126853e+00
2.179143815902749193e+00
2.097466598571874563e+00
1.971347965720919637e+00
2.059802757935514705e+00
1.995141610608494931e+00
1.587591722289713125e+00
1.505858740309768296e+00
1.104501322751859860e+00
9.492759690292342789e-01
7.653905544921102422e-01
7.516472290027002012e-01
9.230543536833577534e-01
9.229050375819372043e-01
3.994770375849657773e-01
4.054533704292523355e-01
3.706955826060416848e-01
-2.859014030658424410e-02
-4.207539763780727693e-01
-2.792397322579245333e-01
-5.200827136575976173e-01
-5.106519888910986404e-01
-8.659194750831543663e-01
-8.837731804810255998e-01
-9.200856783507980197e-01
-1.164708922832889293e+00
-9.000021300349102527e-01
-8.194399387908422039e-01
-9.524970992904733258e-01
-9.778436954897284927e-01
-6.561416374753464842e-01
-5.424800670129505953e-01
-1.298723242272009637e+00
-1.778408977562537574e+00
-1.409709625200516570e+00
-1.167901766475572867e+00
-1.718359025628437564e+00
-1.687041121477306227e+00
-1.031764874559405021e+00
-1.301519722686869551e+00
-1.754972427179734229e+00
-1.937351570473430318e+00
-2.293198282493249085e+00
-2.792956727329483524e+00
-3.120658510810116582e+00
-3.694473479117509118e+00
-3.416001848468889879e+00
-4.248798672117108488e+00
-4.738018764765486779e+00
-4.237062678187511366e+00
-4.052619217620298642e+00
-4.388249805367634870e+00
-4.224122295282692008e+00
-4.041194928101808692e+00
-3.725699371020345207e+00
-3.995059740682439298e+00
-4.351347110796223383e+00
-3.747899933429202246e+00
-4.279071242469228764e+00
-4.534877654210131226e+00
-4.739339372568178277e+00
-4.073250612493325207e+00
-4.215905817718452298e+00
-3.855117350201914483e+00
-3.515643253345514641e+00
-3.899242854133654124e+00
-4.036760166078883216e+00
-4.037356368534194218e+00
-3.625010561861327307e+00
-3.071943024015468371e+00
-3.830291948856480833e+00
-3.800237324939551797e+00
-4.191186652708426053e+00
-4.412239902072133901e+00
-4.056915579195759847e+00
-4.516892460872503179e+00
-4.762434920555080886e+00
-4.302890866181398266e+00
-5.105619674749404702e+00
-5.326176995452367890e+00
-5.927853537225891145e+00
-5.065125494471718781e+00
-5.676891170095145434e+00
-5.700159713699796349e+00
-6.359732697837245041e+00
-5.806795168686623043e+00
-6.007855533509288470e+00
-5.471936559558701063e+00
-5.748184014020715438e+00
-5.340762222584245045e+00
-5.615867957443085423e+00
-4.979064154922867580e+00
-5.204116454409594361e+00
-5.323431122168750029e+00
-5.554910209602372362e+00
-5.811030353196343867e+00
-5.300957897912589978e+00
-5.426776703501923649e+00
-4.760793210355473093e+00
-4.242449624829251142e+00
-4.871078246207584783e+00
-4.887086331181548893e+00
-4.672500159649757734e+00
-4.678599606804101363e+00
-4.386012259575040595e+00
-4.902992871367782612e+00
-6.145043900596028230e+00
-7.249008510956850948e+00
-7.078966999609201949e+00
-5.344844632432941722e+00
-6.504666953068327651e+00
-6.420384355657546394e+00
-7.635727697323252627e+00
-7.916300247660102762e+00
-7.777997756836184884e+00
-8.042047579781691269e+00
-8.125746702345026051e+00
-8.316767809277669343e+00
-9.595206852579565293e+00
-1.173625888172786169e+01
-1.171140713419050172e+01
-1.163191031362068273e+01
-1.191659298173074255e+01
-1.315472528665578089e+01
-1.531343513205730744e+01
-1.454248672138915133e+01
-1.567816910806893738e+01
-1.472933241361654488e+01
-1.300145791194040612e+01
-1.388999068941152437e+01
-1.513945805526981481e+01
-1.374795730580913933e+01
-1.526814455092912581e+01
-1.422696661807905016e+01
-1.396446265678522280e+01
-1.296536910793828312e+01
-1.320464893764528469e+01
-1.462100688274746396e+01
-1.460004119820710144e+01
-1.456737020691755546e+01
-1.209899755012335909e+01
-1.258423319389127393e+01
-1.182974411178298091e+01
-1.184066539826047837e+01
-1.151083990571697768e+01
-1.019731941153877308e+01
-1.070715911626502326e+01
-9.668625851308370045e+00
-7.968815219184328669e+00
-8.934958410281687691e+00
-9.432839672576642798e+00
-1.128283207902186369e+01
-1.496330586747164659e+01
-1.242945820175586391e+01
-1.434322192741003121e+01
-1.401388429392028101e+01
-1.588347404274961860e+01
-1.463098841232509528e+01
-1.587015457400096352e+01
-1.757703840847090149e+01
-2.097261109578812110e+01
-2.578686302039816169e+01
-2.078940639625694331e+01
-2.424978696686176960e+01
-2.548767579092905322e+01
-2.583308530712195150e+01
-2.772248160412322804e+01
-3.054917852621859353e+01
-3.346693991590949935e+01
-4.187044823320101017e+01
-4.193081188022011929e+01
-4.512385717405484797e+01
-4.574346494174861277e+01
-4.460725347799718321e+01
-4.273011352337268676e+01
-4.161096514297642557e+01
-4.581522924864325574e+01
-4.701404681548861930e+01
-5.320094265597808203e+01
-5.672481744679765825e+01
-6.657138199094413267e+01
-6.663326724330202921e+01
-6.832218726767023043e+01
-7.370472358787331757e+01
-7.125282820955743546e+01
-7.292099383699098780e+01
-7.548759504431009759e+01
-8.686374411001023077e+01
-8.284185895904572305e+01
-8.388502601300528738e+01
-8.065897103292745385e+01
-8.279701255422963868e+01
-8.546094096566459086e+01
-9.762514640070558869e+01
-1.001954802886390326e+02
-1.047519493223764613e+02
-1.105734306120285311e+02
-1.032455830460245920e+02
-1.255839003304041341e+02
-1.361044144714817321e+02
-1.390242700810044880e+02
-1.439586966680710134e+02
-1.456904501762706445e+02
-1.507886443056498251e+02
-1.528515268753836835e+02
-1.918487848850210753e+02
-1.972109874896207771e+02
-2.032351138333157508e+02
-1.902817150171777030e+02
-1.980948851140567797e+02
-2.775711141958292956e+02
-2.528847768790765826e+02
-2.469206320910554950e+02
-2.566007737925735910e+02
-2.376758916805561341e+02
-2.542313856137537300e+02
-2.900910861107105916e+02
-3.096900189957228235e+02
-3.250562520713440335e+02
-3.127725430793975647e+02
-4.063081970837709491e+02
-4.381346433238632017e+02
-4.310162696188598943e+02
-4.249822753773467525e+02
-4.084185415886112764e+02
-4.282473575139787272e+02
-4.130973380024967128e+02
-2.799391595991510826e+02
-2.616186070231251506e+02
-2.594574596236620323e+02
-2.706273020495939363e+02
-1.920737585854596148e+02
-1.888456500729091374e+02
-2.579982856044779282e+02
-2.953254253912628542e+02
-3.012286714812736932e+02
-2.851088082627910580e+02
-2.505905247808586296e+02
-2.383107224669404332e+02
-3.216088490893204153e+02
-5.781124888269924895e+02
-4.682994247279034425e+02
-4.269164706135936740e+02
-4.173270644961303901e+02
-4.168596806726342834e+02
-4.227956263020329857e+02
-3.997984577297920623e+02
-3.746940344764325346e+02
-4.988152975113620755e+02
-5.077364223568949342e+02
-5.082231885709944663e+02
