2.140301283050242489e+02
2.070311493048540797e+03
2.130983335881522726e+04
2.004223277832679059e+03
-1.150593719578598666e+03
8.653061646150212255e+03
1.148508575192392072e+03
-5.278040014468027948e+03
-2.604120308304196897e+03
8.537467853366792042e+03
2.093716037276673887e+03
4.973100382318957600e+02
2.043305897560278481e+02
8.489514333045065086e+02
9.366295419325143712e+02
1.167135501746412274e+03
1.402405480295714142e+02
6.449280325070649269e+02
5.915507416245280865e+02
1.328442849905139155e+03
8.346435272893493220e+02
4.619680390127803093e+02
2.649862337208982353e+03
8.789070500398602235e+02
1.094907234545744814e+03
3.523707214009724566e+02
4.412018866210758574e+02
7.451557030672538531e+02
5.015983601633375315e+02
1.338867312931006097e+02
-9.432463742909602615e+02
1.630566637224997066e+03
1.645121476800875143e+03
6.746730127152662817e+02
5.338182482253040462e+02
6.436841946574991198e+02
2.147301928263540844e+02
1.796551186844815504e+02
5.449817019467617456e+02
7.881427078164056184e+02
4.353982771407796122e+02
2.700795420444090382e+02
4.089929936926553751e+02
9.676049357649040985e+02
4.376346765759557229e+02
2.635313547808732437e+02
3.471324082747490820e+02
4.276069348958088199e+02
4.737132082814105161e+02
6.758685261527663215e+02
3.201701554528813176e+02
8.269808819383531500e+02
1.266751481600254010e+03
2.074240669511631950e+03
5.416973266640155771e+02
3.978945539054859069e+02
3.378395170989012399e+02
5.644017131030935843e+02
1.310309568108400526e+02
6.701106927098898041e+02
4.167433833765223881e+02
7.452865776290057056e+02
5.377760324326573027e+02
1.022503937236621141e+02
7.144045031222630087e+02
4.497613023102675811e+02
2.924021421757317967e+02
1.255764003632234278e+02
3.718495588943061989e+02
3.738350228417485255e+02
2.659879182023290696e+02
6.932721563697796228e+02
-6.333775602818501049e+00
5.171248728335617670e+02
2.612999994367519889e+02
1.347067140377564556e+02
1.034600006547139401e+03
3.644533293923100246e+02
2.659275234698542363e+02
8.238241357787927654e+01
2.346529253890292694e+03
2.817960604455264502e+02
9.416083566726155141e+02
9.675792144590290036e+02
9.499037185514580415e+02
2.711387763458504878e+02
4.481613052082840341e+02
-2.540190535156676788e+01
1.182572006149822101e+02
1.936931201396685935e+02
2.142391550766027422e+02
5.161890022814194481e+02
3.726202821952602449e+02
1.613611175826154920e+02
3.893789645522961109e+02
3.741858549205512645e+02
2.254527414755392840e+02
2.136017843576595681e+02
2.082765724614696126e+02
4.374774721692628532e+02
-1.918307144735139502e+02
5.241936483153236850e+02
4.140178319615436067e+02
2.745529518967579747e+02
4.675239425746464690e+02
1.447184606343336952e+02
-2.642411619441546833e+01
4.574567112718827957e+02
5.443132509295024590e+01
1.494344512849724538e+02
1.295059125393668182e+02
3.483629312039691968e+02
1.461624790580929130e+02
7.519589543000969343e+02
2.437557710923487662e+02
3.499324722231243641e+02
1.298425227014719781e+02
-1.402656547887046088e+02
7.689782616079837680e+02
9.345008067427750120e+01
5.986644496573503602e+02
1.713470186670132023e+02
4.238357900821043245e+02
1.213781194041698882e+03
2.912866917442883619e+02
3.167949481175485005e+01
3.166623303009151300e+02
2.263803675637558399e+02
1.941882225151946670e+02
5.934508312470335341e+02
3.196317109280808495e+02
-1.770477002919601546e+02
4.340255831386761542e+01
3.691285630891787832e+02
-1.087401173548127531e+01
7.671855069350607437e+01
6.462395277763641843e+02
1.341681152052300376e+02
1.713605220538330514e+02
-1.100958322487451682e+02
3.671256365002715256e+02
6.055638928386320430e+01
-6.748474974757080247e+01
6.205988135232574905e+02
5.278521647095143976e+01
2.065305973619381348e+02
2.944059398347054071e+02
2.408300910990544708e+02
3.056728009210882533e+02
-1.480356497900019406e+02
3.353024997071102575e+02
3.209473103162589496e+02
9.137815094885189637e+01
-4.206485431833095276e+02
3.464831460096152114e+02
-1.285295652907418003e+02
2.362625504118776121e+01
1.450601585158862008e+02
-3.385327047897724384e+01
1.536272880134343382e+02
2.775883710928648043e+02
7.066547348003710738e+01
-6.665314785272143183e+01
2.420616636436653266e+02
1.461005700868076929e+02
-7.218774087131778288e+02
-1.027511168424229481e+03
4.527457832002522764e+01
1.760370471023518348e+02
1.024119136151781788e+02
1.508872176340660758e+02
5.154478630906871786e+02
-1.217385316267243525e+02
3.246632645619466189e+02
-1.251933255506796741e+02
1.469067983013956677e+02
-7.709008405108200179e+01
9.870479714656482884e+01
1.878888751533284278e+02
5.777524813003817172e+01
1.829498245873348878e+02
1.038510560808344962e+01
1.188300797142933760e+02
1.346625965603825250e+02
1.770508385758624286e+02
-5.311112510848748514e+01
2.952889516428801358e+02
-3.354057247853174317e+01
9.554893841005893762e+01
9.572875889493580814e+01
1.979148983742563672e+01
-3.202061810630794270e+01
3.032079539872605167e+01
7.660214083461355017e+01
2.925241194827125923e+01
-3.094781481782215238e+00
3.387591149738532437e+01
1.116106987887677917e+02
-9.473908156975291206e+01
9.362015203189133672e+01
-1.630620804380676248e+01
4.940606475180311463e+01
2.154744043718383750e+01
2.367353665737532253e+00
6.817854660151580504e+01
2.871645134169276758e+01
6.866071684928778041e+01
-4.363282682408300417e+00
2.673059721434802682e+01
-1.310012236229356120e+01
-1.071820282100041410e+01
-7.828087837057529086e+00
-3.758781804372072433e+00
1.960737759191237828e+01
-6.674928859789418745e+00
2.390351823012135668e-01
1.362193867527856206e+01
-2.094267418787256929e+01
2.899569227536398230e+00
2.268937636162871740e+01
-3.105269296896191378e+01
-9.882887922275365611e+00
2.943587334928194821e+01
3.119578358419238739e+01
-1.805153277913858290e+01
5.200670481696413994e+00
3.539674674281764055e+01
-1.590827606778552372e+01
1.298770756393838433e+01
1.511504693068376959e+01
2.555668773679248318e+01
1.743011629072655211e+01
1.020184303316092667e+00
5.907811653105611960e+00
-3.954245727733743720e+00
2.896649894889069987e+00
9.261023400336991784e+00
-7.073888412633695388e+00
-7.837278758481440732e-01
1.694145615987315878e+01
2.905065131080575735e+00
5.389600811320700569e-01
-5.826339345192600661e+00
7.124349267580788236e+00
-1.110858772922449589e+01
-5.325365228092392433e-01
-1.364101103706601847e+01
1.347370102623237109e+01
-4.669848859666739571e+00
6.869796611510655460e+00
3.058674814298769640e-01
-5.781309770212305743e+00
2.040392865793498878e+00
-1.953916520485481367e+00
2.295429592895508186e+00
8.856656171633629171e+00
-2.343030854367030624e+00
6.658248305632699093e+00
-5.011969045963978076e+00
5.436655903059156358e+00
-2.953732929475355817e+00
-1.713781809475779960e+00
-9.157002143844904296e+00
-2.811916213651990404e+00
2.479280453729677980e+00
1.431453225929621098e+00
-2.363082780609091937e+00
5.449185748952218855e-01
3.317456136565371416e+00
-6.603700593830950538e+00
9.996019347214661011e+00
-2.610783412098303113e+00
5.278200261778250635e+00
2.413193283298565195e+00
-1.196069989247031673e+00
5.190160996492332757e+00
4.773590958509163151e+00
-1.288949987881015335e+00
3.181542898368423522e+00
-3.163013043763028276e-01
2.057376851956043140e+00
2.861124136458835565e+00
1.010527265244059114e+00
-2.563424503715095337e+00
7.920207592833072852e-04
-1.756954500607474934e+00
-7.220986803612023941e-01
-1.312416463867498218e+00
-6.157897574600270652e-01
-1.994780614819260611e+00
3.013363555677622596e+00
5.735012697300821971e-01
1.124918946320123680e+00
-2.590401164961866343e-01
5.367111424832832212e-01
-2.567211564252575018e-01
1.732672709967536306e+00
1.732607141563791697e-01
1.521052013858205099e+00
1.506911112322608104e-01
1.765369023187892461e+00
7.386268099080033345e-01
6.743679183872264282e-02
2.811203339339486629e+00
3.747965600731281710e-01
-1.063263092853503844e+00
-2.286326833753586918e-01
1.216349476360325088e+00
5.066201963686444154e-01
-5.705356313447906835e-02
4.433744755392836079e-01
-7.131241132151504569e-01
-6.152238654362598425e-01
1.044526041830385665e+00
-4.497328442591615461e-01
5.054598877111283750e-01
-6.619881326218730599e-01
-2.299527967361821371e-02
1.545809869956710492e-01
5.901384628367970647e-02
-7.189863357719837866e-01
7.435441156636579674e-01
5.104554754358636703e-01
1.120697905477103129e+00
3.887823842606382696e-01
6.435095000057999837e-01
-8.377418488653076700e-02
-2.512354852536868854e-03
4.795599262527799334e-01
-4.860818404155778927e-01
4.350871932569981282e-01
5.459012535483247497e-01
8.286319085900895054e-01
4.083283461631617706e-01
1.751215476262726611e-01
8.191306258536059648e-01
-2.491463100589928481e-01
-4.954224987098413413e-01
6.148762099135979264e-01
3.739469337436592822e-01
7.126482778136169483e-01
5.067585053266571160e-01
6.861533174302901494e-02
-8.223598852528246628e-02
1.916423193668982949e-01
1.902091344993653566e-01
4.559395726392608816e-01
7.563562656203925982e-02
8.527377224513302822e-01
6.942498689320496519e-01
5.745642575374622085e-01
2.695930657271105035e-01
1.317668527579128335e-01
1.128870705818483922e+00
-4.715581420746514096e-01
-7.306234871361684535e-02
6.201006450648942625e-01
9.273796553547654087e-01
3.610510475626624305e-01
9.172902786726789826e-01
2.962561512942861741e-01
9.846192906451260995e-01
1.030229325308605004e+00
7.862521294190669696e-01
7.249996646663281474e-01
5.885360257993192956e-01
8.312388275374411606e-01
1.419311883047319478e+00
7.246466258056281085e-01
1.105425940985221178e+00
4.018268484314833078e-01
1.142427228974094211e+00
7.793293586000311635e-01
1.304243999688326605e+00
7.249050259663450957e-01
1.253558962129223131e+00
4.116493846067976747e-01
1.228315832404704322e+00
8.156568105620709552e-01
1.607883401138124668e+00
1.270178759021873827e+00
1.783173056995464467e+00
1.622217603403766972e+00
1.464899740436981013e+00
1.819674558324882341e+00
1.173438918378351570e+00
1.092385101945463344e+00
1.977554782576680825e+00
1.106145876798855454e+00
1.911097382450831050e+00
1.817266696864398234e+00
1.968510280847142635e+00
1.881312692192805613e+00
1.874628700978048457e+00
1.819403932193409457e+00
1.957022713590548246e+00
2.027843262038403260e+00
2.237473357042663036e+00
2.498261651929029270e+00
2.022277116727454249e+00
1.943133668943500147e+00
2.050567662315432749e+00
2.075323782269774320e+00
2.442288273649801944e+00
2.522494224070626956e+00
2.309249032834278736e+00
2.537080875328614926e+00
2.534491689982978802e+00
2.973523650064239021e+00
2.360284636403277236e+00
2.334477717684614095e+00
2.622170221270118784e+00
2.637859614033041034e+00
2.774582191908614881e+00
3.064705750551403263e+00
2.429312233610374516e+00
2.618599902208591068e+00
2.777206929609991271e+00
2.691996268153134420e+00
2.398264648443527935e+00
2.525046649369729668e+00
2.504431750417007496e+00
2.222108815508216484e+00
2.228710117238041466e+00
2.192595361732654347e+00
2.510474900499078732e+00
2.349575311966090485e+00
2.270965946520699053e+00
2.666365445456944094e+00
1.995380694620101369e+00
2.242167285700385371e+00
2.133362913706268849e+00
2.317300474223532802e+00
2.014860460996313662e+00
2.749810647432298083e+00
2.351518835005133035e+00
2.105004658181987232e+00
2.309329361703888139e+00
2.355633589427621910e+00
2.131093305288852768e+00
2.132040299415307150e+00
2.485480205575040458e+00
2.210729148842817349e+00
2.367333176509480275e+00
2.403257378168765612e+00
2.258466723031085532e+00
2.301268964194866484e+00
1.655266735795208444e+00
2.006223448604957493e+00
1.770517568940506381e+00
1.193428401098440839e+00
1.932670787633568477e+00
1.455180205054581899e+00
1.622571795383757065e+00
8.620690335010714467e-01
1.194659528072393062e+00
1.235492565501368434e+00
1.424922745306564265e+00
1.041295851626662383e+00
1.001255744963031491e+00
8.853863327816047235e-01
1.120954437417470251e+00
7.702824716704903540e-01
1.036834956379412809e+00
8.319649538610858208e-01
5.700133347358670166e-01
6.872956374582037675e-01
5.274038627979578120e-01
6.062390574865479387e-01
3.064854153263663616e-01
6.797136859575985124e-01
5.449340103843253180e-01
1.906647354111502268e-01
4.731996361069989998e-01
6.745354754546850629e-02
6.688848266862341962e-02
1.629975630866176695e-01
4.964459437040877887e-01
4.939239462188309004e-01
2.274126611031099254e-01
-3.962265279320969363e-02
1.774772079024278804e-01
2.922803327242771143e-01
1.002124054636553130e-01
3.379681673633601058e-01
-1.405090369659713345e-01
-2.427302290858999734e-01
2.783355711496222629e+00
-3.989881743438369877e-01
2.321825371328385956e-01
1.637209707397979663e-02
2.360154059976864727e-01
4.267533922739016328e-01
8.537082566695541885e-01
5.692224833247572224e-01
7.117449384499596743e-01
1.056546531206552508e+00
1.260114689614845851e+00
1.883875275418558148e+00
2.572122225354474434e+00
2.722533922231176184e+00
3.657243972750049643e+00
4.114281342680486731e+00
5.095214796954587122e+00
5.755908086820749503e+00
6.394378161001915473e+00
7.298613709363794833e+00
7.733200038969293644e+00
8.400040001857433936e+00
9.210212858632504052e+00
9.033581526676920603e+00
9.798587262821019550e+00
1.001998300997246183e+01
1.040299662011048376e+01
1.066221886249694606e+01
1.127274095705951495e+01
1.112802361148135155e+01
1.152667458429658431e+01
1.151166881209921833e+01
1.172951369258421295e+01
1.159257396732279055e+01
1.150685140473442658e+01
1.148563106977681159e+01
1.188725739187677810e+01
1.090394585223387480e+01
1.063442664549084071e+01
1.085316440098665680e+01
1.108668252048425984e+01
1.017949147467047233e+01
1.046168091217381146e+01
9.503434119719731399e+00
9.561459085670263036e+00
9.262827923903028449e+00
9.226682732816623655e+00
8.971843997582652719e+00
8.747165853263521029e+00
7.855289980154514851e+00
8.697037350369956954e+00
7.226218947821255512e+00
6.799553861639733299e+00
6.334758204297238571e+00
6.128298573440041253e+00
6.069731401884124189e+00
5.475723003566657532e+00
5.614758585753190090e+00
5.284548700327839299e+00
4.467577506981262658e+00
5.577437638150741783e+00
5.329939283733869715e+00
5.286254444569068234e+00
4.444199690486492216e+00
4.183836390828256313e+00
4.762774423431491044e+00
5.103685356891495495e+00
5.078587532223679091e+00
5.062653356890249867e+00
4.812755581472888622e+00
5.016984461779278703e+00
4.590980066428571149e+00
5.489391709862095681e+00
5.619058658176751209e+00
5.591109913952413635e+00
3.762797086221972620e+00
4.292376329161014858e+00
3.992100050434062020e+00
4.083042192151870253e+00
4.186892868224023623e+00
5.311494233637612972e+00
5.029915694171819496e+00
4.923131761013360475e+00
3.427871197696497507e+00
4.990351330930947960e+00
6.467297335792336455e+00
5.703598797692380096e+00
6.043408850419957901e+00
6.486238010947541710e+00
4.441050907431959516e+00
6.654582494034369411e+00
6.748365545879368099e+00
5.824353864181702534e+00
6.382764260322655758e+00
6.977908357948983564e+00
3.906082817883986369e+00
6.714539432507150352e+00
7.255954300141587154e+00
5.921103436329406833e+00
6.010692647624772178e+00
5.996475574091663319e+00
6.361337890771361359e+00
8.972996243483555290e+00
4.069045079311718993e+00
6.401987578541868729e+00
5.483675195529315261e+00
9.499096961537627948e+00
6.459278965121470151e+00
7.654061645832861416e+00
7.116216089476922413e+00
6.077799282608348008e+00
7.838450614676548689e+00
7.594654136172932724e+00
8.753147176069957069e+00
7.838061407833066596e+00
8.076096494368270484e+00
8.452852357542708361e+00
6.685375247272020260e+00
9.516305398830997575e+00
9.372475643382124133e+00
1.008010956182614493e+01
8.322362054786523800e+00
6.618858664140919501e+00
7.508918896488570027e+00
7.693787698335418312e+00
9.710274484549145768e+00
1.073384221959227958e+01
7.346291285993347131e+00
9.855282579588120484e+00
7.162106850945367142e+00
7.524778220646802573e+00
7.980101440760554610e+00
1.012649253959370910e+01
9.883632554561119221e+00
8.874837134798424287e+00
7.436847269458978005e+00
9.696678015404039286e+00
9.343694254608323035e+00
7.937328345034853072e+00
1.076645290447296333e+01
7.656123259710669871e+00
8.958713099676108627e+00
1.087836780656199487e+01
8.001150296070596468e+00
1.008945086395535284e+01
9.659201340825855908e+00
6.801011747900726157e+00
1.736383243229698836e+00
8.072035630506023907e+00
4.232896074880408754e+00
3.510586444189994104e+00
7.103927653732577951e+00
2.848982640839838876e+00
4.150578585960866818e+00
2.240661570528170277e+00
4.345338988514743761e+00
1.479933165220080449e+00
3.175867597355128247e+00
8.394178657880125627e+00
5.134275499767744222e+00
5.097302870278639375e+00
7.974105210706269875e-02
4.750789399013979342e+00
2.868135093859815754e+01
3.668749162317753498e+00
2.355753205335298084e+00
1.568749431247803416e+00
2.992394780365819074e+00
3.451695186354716061e+00
-7.382612738927329943e-02
4.492633003955385007e+00
2.284436664741938738e+00
5.004178181454754792e+00
3.397364420860473189e+00
6.183580808574317800e+00
4.516447655970461383e+00
4.422516190867669117e+00
-2.878318278343173997e+00
1.396274557656835835e+00
3.870985064190609393e+00
1.010351961493527906e+00
1.216147555555687765e+00
2.678212245296817340e+00
4.757575557253939103e-01
1.300328064007931328e+00
-2.149649888173911005e+00
3.903261095255781576e+00
2.442784120983938490e+00
-5.905574591844521271e-01
5.611678526253395916e+00
3.081489255698381946e+00
3.719513339525065021e+00
-5.521800907851670992e+00
5.008788353799557669e+00
1.675615285379197239e-01
5.778477846395452922e+00
1.638238223977356967e+00
-1.378815044065887507e-01
-2.713260663265093520e-01
6.780176217421658436e-01
-4.485606976974101379e+00
1.581612133154662869e+00
-6.163488264356669966e+00
2.427763370174012003e-01
-3.684384191068683645e+00
1.638408387587082959e+00
3.684541509247397428e+00
4.647762008406684409e+00
-8.568218173955377992e+00
-1.829185368085727958e+00
6.909662402475960086e+00
-4.819547496747982329e+00
-2.716023040037778280e+00
-3.513719429269555494e+00
-2.055315986786484750e+00
1.219344910784178282e+00
-5.225658674743133503e+00
3.866506568594864302e+00
1.089648896648236498e+00
-6.611886850791138137e+00
6.637215720440260647e+00
-1.685389543000681112e+00
-4.344922609549902504e+00
-7.471945709361365928e+00
6.641062907105641067e+00
5.453799458061769911e-02
-1.404024406947235448e+01
-8.219959087453858615e+00
1.160675351012959311e+01
-3.457073029546521958e+00
-1.273091633434340508e+01
7.027086791840036817e+00
1.120799546035125616e+01
-1.073778121766275007e+01
-1.009091185060506035e+01
-5.520366475643447401e+00
-2.777320156010707031e+00
-1.217352285194571060e+01
-2.871264359042292824e+00
-1.234487429031139882e+01
1.607368234304234367e+00
-9.495966817364738688e+00
-1.174257766552160653e+01
7.623933582852515656e+00
-4.206578636223284207e+00
-2.239167887461184669e+00
4.418689882998113383e+00
-8.217369216456305026e+00
-1.391341599614737357e+00
3.247878433784615826e+00
-1.362061627123144092e+01
-6.732760541277169608e-01
-3.544526031310983871e+00
3.709998133748939608e+00
-1.393375323162686996e+01
4.482860255117593340e+00
-6.846654813193708833e+00
4.559243778571886452e-01
-1.090120175486701903e+01
-1.507422349903348824e+01
-1.551938587025024852e+01
-2.668862689281768841e+00
-2.983448103670982121e+00
-5.242087119297271336e+00
-6.856354121580277017e+00
-1.942456544826130171e+00
-1.525549945725165912e+01
-2.183310789201974522e+00
-1.629490302578983751e+00
-1.458555938851497480e+01
7.149435387747438142e-02
-2.718176955613984536e+00
-1.723505706909289259e+01
-1.298893078070111073e+01
-1.021097560817778671e+01
7.372939322470527301e+00
-5.466405063758264404e+00
-1.473219480801713610e+00
-8.899552198964263638e+00
5.133990284347969002e+00
-2.004664935321401487e+01
-5.546624774094343735e+00
-9.825324925950560839e+00
5.622174923967291349e+00
-9.152993865761128944e+00
2.083304710646374680e+00
-6.572671517148453546e+00
-1.216113639392979096e+01
-6.472788949934013658e+00
-1.175778958359666859e+01
-5.730788042611285604e+00
-3.248188374516458143e+00
1.687056572651530573e+01
-1.874150927182217430e+00
-2.778682275917536870e+01
-9.888888009357517106e+00
7.891704921162014941e+00
-1.584484426511254185e+01
5.089060767161255328e-01
-1.771263234972572675e+01
-1.448340910493583422e+01
-4.081729644623380437e+01
-4.136315644471283193e+00
3.530768058440581569e+01
-1.811055517261786818e+01
-3.146932392597849848e-01
-1.910650855968922812e+01
-1.367651386343206710e+01
3.051394187996051777e+00
-7.689425479548519959e+00
-1.095016708042837372e+01
-1.955319939319943856e+00
-2.067201717617443890e+01
-2.168742996174980675e+01
4.736985041220951764e+00
-2.126960585741174015e+01
-2.051340885596767549e+01
-1.317023233818065897e+01
-5.905140873284861414e+01
1.443336888409397467e+01
-4.299486262158610117e+01
-6.138072912804210191e+00
-2.857815996675371117e+00
-7.979592107571296111e+00
9.714669459944349938e+00
6.067634493842934518e+00
-3.740550319957759484e+01
-1.514967498521119893e+00
-6.546107887599299069e+00
1.049265573958175857e+01
-1.209223344679123180e+01
-3.582265853705888503e+01
-7.490915822590285877e+00
-1.951658551100468486e+01
1.057063622028046623e+01
-3.631894843586700006e+01
-4.779571691033335235e+00
-1.394675579893102224e+01
-3.433679334814510042e+00
-1.974906070285372550e+01
-9.942417684735751493e-01
-3.262887505907545460e+01
3.818465360816780674e+01
-3.034896193552667754e+01
-3.201898768942088225e+01
-2.682198922685731901e+01
-5.625780113351959244e+01
1.847969326269057433e+01
-4.277259761486406830e+01
-1.099843105584227132e+01
-1.831887967915212911e+01
8.711489509181882696e+00
-5.899754961865362191e+01
-3.957988787156889998e+01
-1.081836487241838256e+02
-1.018216720607867103e+02
8.424642621394563946e+01
-9.000876721980885975e+01
-4.408470683179133687e+01
-3.062689911041763580e+01
-7.632803945282969948e+01
-5.868744156540594759e+01
-9.610010607394760029e+01
-1.509361244448492130e+02
-3.918763479884270851e+01
-8.245079454462080548e+01
-2.943577310136198477e+01
-7.951313310779987376e+01
2.616415044698684511e+01
-6.910272118186092882e+00
-8.647194988571192198e+01
-3.939009338421929840e+01
-1.424002097932463471e+02
-1.379810531699261844e+02
-2.316520986882198656e+02
-1.313601168501438110e+02
-8.698023291526772027e+01
-5.662766078938807368e+01
-4.091610119585732264e+01
-9.333195660620434353e+01
-3.748656201920537967e+01
-2.536853199031902193e+02
8.162576827484997466e+01
-1.601338899102166522e+02
-6.590341140842916445e+01
-8.649195576305216093e+01
-1.276096108872263670e+02
-2.787537886403147240e+02
-9.739284083158381122e+01
-3.657538684121997363e+01
-1.086177433554418741e+02
1.164116626429822929e+02
-5.377926031753286225e+02
-3.291411255422458453e+02
-1.999394009591590589e+02
-3.702088529848078338e+02
-1.260166364740455549e+02
-2.572770022514898187e+02
-2.874113808601407527e+01
-8.905257480677377089e+02
-1.748665221527818687e+02
-2.434027479510905323e+02
-2.212030144871241433e+01
-3.889963646342936840e+02
-1.936165293178459706e+03
4.995478967098855492e+02
-5.427414012925856923e+01
-3.354728100133897897e+02
4.059198182904867735e+01
-5.951026486665543871e+02
-6.318284196503356043e+02
-4.392926776326103777e+02
-2.733533177467454607e+02
-3.215702969187149165e+02
-2.205662649091829735e+03
-7.965694171549947669e+02
-7.956680111272883948e+01
-3.717040293964673481e+01
2.314035967554839601e+02
-5.936652921395983640e+02
-5.445720792261108727e+02
3.498850868654232727e+03
1.909537625994861685e+02
7.561872054369416674e+00
-4.404596190972847580e+02
-2.740244177498415752e+02
5.846368539751783828e+02
-9.654706610927271413e+02
-1.346648369215680304e+03
-7.258617552551780250e+01
-4.514204118210467414e+02
-1.288144994530983922e+02
-4.017236099734131471e+02
-3.378236046794540925e+03
-5.685075320762559386e+03
