1.744544093951795503e+03
1.769728476605779861e+03
1.777187771932724445e+03
1.815124342423998087e+03
1.858112248656621887e+03
1.911494994089476222e+03
1.916725710343930814e+03
1.938724593747088875e+03
1.965940599990277860e+03
2.024276899296742840e+03
2.060502283424756115e+03
2.106089368089161326e+03
2.144271885613357881e+03
1.209943874065054843e+03
1.156435816249562095e+03
1.208638070647822133e+03
7.602204393461449854e+02
7.361501991546174395e+02
9.749849008129300501e+02
1.087939454476009587e+03
6.423801444423551175e+02
5.980787643062599273e+02
6.563740571342877956e+02
6.836532068208541659e+02
6.693409088310428388e+02
6.532678602104027732e+02
6.098213970666237174e+02
6.087137031644929266e+02
6.095546470771133727e+02
6.123515618585906850e+02
5.712467214573827050e+02
5.469247251552795888e+02
5.451765723607848031e+02
4.775345740414940110e+02
4.626524987384196379e+02
4.329337585914471447e+02
4.373701966187513790e+02
4.353633581848685026e+02
4.289924033105575631e+02
4.357790952595112230e+02
4.430275788847902163e+02
5.293280073585343644e+02
5.310089393856558218e+02
5.398288681559706674e+02
5.281983747158534470e+02
5.213589235120759895e+02
5.068501054565410300e+02
5.138352064531879932e+02
5.109651083681143291e+02
5.190322499971210846e+02
5.093238199365137007e+02
5.251659072079200996e+02
5.404874071697684030e+02
5.248355435152669770e+02
5.138234479478397816e+02
5.158193103369671917e+02
5.108541574586287766e+02
4.999118528608443626e+02
5.038073941050432154e+02
4.985515219215368461e+02
4.811285958242785910e+02
5.021472703013446903e+02
4.641953884687811751e+02
4.358543018043745292e+02
3.536335074368962523e+02
3.341173735769758082e+02
3.611989531635626918e+02
3.616364112467955465e+02
3.552200944512829892e+02
3.533588504791213154e+02
4.209487585603601474e+02
4.108381787489723251e+02
4.218903293282879758e+02
4.451950533428164931e+02
4.912020083702697661e+02
4.757740167398921471e+02
4.730095785299480440e+02
4.606097170341679430e+02
4.580628197854614996e+02
4.482437837414060482e+02
4.376066053972566579e+02
4.499817213842492265e+02
4.311477059324384413e+02
4.409146935541253356e+02
4.385686437506463449e+02
4.469512326633562225e+02
4.525092617033344027e+02
4.173583281843930877e+02
4.144027705575364848e+02
4.236435456404830688e+02
4.135365827483557268e+02
3.375725886198869716e+02
3.413781359767521053e+02
3.038268042417058155e+02
2.746236331099696031e+02
2.291692035987665861e+02
2.048617102101675300e+02
2.030871991589221182e+02
2.099511447732435840e+02
2.098415744272065808e+02
2.037851913848005267e+02
2.166023364405572522e+02
2.000045934948809929e+02
2.119575228058362484e+02
2.118763174062071926e+02
2.049994974490424795e+02
1.902085462150936621e+02
1.735890766623418529e+02
1.982391962688888327e+02
1.899658435598414599e+02
1.985927652550349762e+02
2.073443875490801815e+02
1.992254302640459969e+02
2.403799264122217494e+02
2.507671634665234137e+02
2.310441085102153522e+02
2.443448592637781189e+02
2.592207958765253011e+02
2.469670724113500739e+02
2.660227849189680569e+02
2.768392944996274423e+02
2.659688614217174631e+02
2.514789209394484431e+02
2.586325210579082068e+02
2.285370591620094842e+02
2.171419827255945165e+02
2.274064549988463568e+02
2.262695297462403232e+02
2.407984684094613783e+02
2.000773715128634080e+02
2.149010604310390704e+02
1.847074002752203796e+02
1.810411334751276797e+02
1.977437577164569120e+02
1.440701400203371065e+02
1.330073047227592724e+02
1.420796725291296809e+02
1.365479904678163621e+02
1.441690705708599580e+02
1.324611566803458231e+02
1.250728556207284328e+02
1.214305610490988272e+02
1.178371345148201357e+02
9.090568092163637459e+01
9.322462414506352957e+01
8.735225366291041382e+01
9.383354938483222440e+01
7.543519643032506394e+01
7.083508917420745377e+01
6.979302964165037793e+01
8.787844299897489009e+01
7.433170625513123753e+01
7.199377644119451247e+01
8.442837187447162250e+01
5.709700593954918446e+01
8.351234649928422016e+00
-4.841976983567075621e+01
-6.181100332169541645e+01
-6.640922984102412840e+01
-7.772299201307224337e+01
-6.437347718665968443e+01
-5.707620164631274662e+01
-7.917964249611944183e+01
-5.361056304447479448e+01
-3.753688085964327570e+01
-4.824643274151303984e+01
-4.528764108494019069e+01
-4.340558874887575058e+01
-4.067107260205848718e+01
-3.395409058055418683e+01
-3.396378538279964943e+01
-4.599212614048811076e+01
-4.386671323254946486e+01
-3.411978167172657805e+01
-3.312164411908120343e+01
-4.089430880243532584e+01
1.705195024611266064e+01
6.271394439000513188e+01
6.895988988124999253e+01
6.587888451108985066e+01
6.122269243670702821e+01
5.435690913532403812e+01
3.541695526733520438e+01
5.012895587005888842e+01
3.669939537085895864e+01
4.432897486063007619e+01
3.868437189966859080e+01
4.891288989180820579e+01
4.003064865459936073e+01
3.726964006816763941e+01
3.232057207738019855e+01
2.768762172416956702e+01
2.938031306497488160e+01
2.418561972022142115e+01
2.161326663943301796e+01
1.494996089952354801e+01
2.109533613899428417e+01
9.359522211253944235e+00
1.531560885845129683e+01
1.096579521911365163e+01
7.150733166545459873e+00
6.939557479203189772e+00
7.833458607176345012e+00
6.983080867750546261e+00
5.494475940357257393e+00
5.150150322346838117e+00
7.599811202360397644e+00
6.175313344793301518e+00
2.840526391864553801e+00
9.328760338988706380e+00
2.798745767749741820e+00
2.078804734386927144e+00
1.959250601591625784e+00
2.947008690981174794e+00
2.393390749767696501e+00
-3.104395155523599348e-01
2.245942628466617297e-01
-2.687159913916666198e+00
-8.278916006586630738e-01
-7.984135045890260463e-01
1.302473940348571002e+00
2.599599724072119145e+00
3.238051840250815161e+00
4.316389822928919706e+00
3.245652290921366756e+00
2.954220605484330076e+00
4.195552938108990659e+00
3.609374703997722200e+00
5.090558821021319069e+00
6.206636216011661489e+00
5.546694893416082905e+00
7.702953852379840427e+00
8.403125931919122493e+00
7.416770174438090280e+00
5.507186463675177279e+00
6.255513358285440972e+00
5.403553302128065283e+00
4.443065001571500083e+00
5.125143065532228981e+00
4.681817214019459605e+00
3.884611690886043078e+00
2.382002832866910502e+00
1.935995311547842102e+00
2.008356759675062886e+00
1.831124943567447927e+00
2.672669597398997343e+00
2.540104190015074259e+00
2.265849601448199024e+00
2.255192715946995552e+00
2.614860084092403447e+00
1.500493621407068767e+00
1.204390301593395884e+00
6.992263949500638898e-01
1.046980178017824281e+00
1.077965570070298362e+00
1.713352812618094134e+00
1.685725682105818635e+00
2.282281805159177779e+00
1.804595875884847045e+00
1.767945123816911490e+00
1.998575772398729633e+00
2.015887068026060991e+00
2.504191523782422379e+00
2.441340805347402831e+00
2.333441257312729000e+00
2.415754832000059693e+00
2.120917875811214159e+00
2.157680564956011349e+00
2.037686706289974836e+00
2.073919482100232248e+00
1.720801567872659588e+00
2.037386876492120358e+00
2.175716902168991940e+00
2.541503536437203170e+00
2.580809024541431018e+00
2.267778142856815116e+00
2.173256591998510068e+00
2.139079713860368326e+00
2.120378943684645634e+00
1.877821546917037177e+00
2.212345566149632958e+00
1.714194535848143630e+00
1.828918742207907178e+00
1.582411914891362903e+00
1.569487464295987955e+00
1.611921416456282730e+00
1.476804233203876437e+00
1.273609607528448429e+00
1.421028359599624924e+00
1.307015256200766196e+00
1.475832351931702702e+00
1.438540467374754384e+00
1.343891699170208565e+00
1.383463507924849401e+00
1.490100635937670059e+00
1.436211548594767740e+00
1.494924294061421355e+00
1.576164960556859285e+00
1.694420994271648162e+00
1.715785832500596575e+00
1.796645688333654123e+00
1.598415788105872259e+00
1.524526427038706000e+00
1.509658991505260950e+00
1.518569428956364264e+00
1.486711440730511979e+00
1.453348954133146576e+00
1.375664888460399027e+00
1.389303787487926156e+00
1.327010880033532736e+00
1.302619887405888077e+00
1.266248332631145113e+00
1.275825644939956538e+00
1.322736691260794073e+00
1.225153407813903028e+00
1.227575209358920061e+00
1.257681481096310394e+00
1.282537379966212310e+00
1.267705611155479861e+00
1.228738037348438006e+00
1.247370067833821761e+00
1.255751271037045314e+00
1.321155532520779108e+00
1.366118648974947503e+00
1.325132995915419221e+00
1.383246835248939544e+00
1.369039698410889683e+00
1.392009977268866328e+00
1.398728718247116865e+00
1.418566077820768712e+00
1.436953104428278172e+00
1.485199412016096954e+00
1.448692734401052062e+00
1.415825006849317225e+00
1.354295874518938181e+00
1.333002256318368328e+00
1.310756684682178097e+00
1.302994998974941865e+00
1.301310566448367512e+00
1.298786180106424437e+00
1.328454382105461962e+00
1.298020979994098489e+00
1.254792515586558688e+00
1.244198113980501841e+00
1.184903197816541853e+00
1.152070952382254543e+00
1.126311233310864690e+00
1.152575607568272709e+00
1.160003631738311780e+00
1.162719817443518711e+00
1.139549595008815919e+00
1.132341570458312408e+00
1.140473536505760110e+00
1.151964192287751487e+00
1.174024534639185546e+00
1.174826632453767727e+00
1.191180799696882175e+00
1.250311008998394202e+00
1.279564761900408243e+00
1.288740324224155076e+00
1.259140388736974536e+00
1.285172247868844986e+00
1.301532041726041422e+00
1.355915176568026848e+00
1.337916205834107419e+00
1.426729355164567448e+00
1.454727847741722480e+00
1.479007697982404945e+00
1.478081563809924726e+00
1.543123363480543464e+00
1.565381960910950276e+00
1.648918934623920141e+00
1.694834936860526664e+00
1.735795181302874468e+00
1.808413886197714371e+00
1.864183165275119736e+00
1.928771609076589844e+00
2.022308647819468508e+00
2.043895738485290270e+00
2.150249598690483488e+00
2.250924407107794956e+00
2.396303615044051316e+00
2.505101093527419831e+00
2.645006690798146654e+00
2.761994782301200768e+00
2.932629232869932157e+00
3.086918696358118552e+00
3.306286724988324988e+00
3.504258163637459234e+00
3.708239497917619421e+00
3.883375694996044736e+00
4.088346725529839354e+00
4.279752810142125163e+00
4.513077589378085896e+00
4.762483924112745015e+00
4.991256075098715606e+00
5.270923120915085747e+00
5.571879135462873833e+00
5.860266557627333839e+00
6.161255068444602578e+00
6.441125544144852277e+00
6.751097662238739083e+00
7.064269504641241149e+00
7.393518338274376767e+00
7.749897486585404671e+00
8.094765171692918315e+00
8.445400401427908932e+00
8.812849282271839613e+00
9.174475145854680491e+00
9.532019288629179243e+00
9.914781201430040269e+00
1.030849305984116704e+01
1.069671847726180580e+01
1.109382573176253040e+01
1.147751293103592651e+01
1.188198087453252860e+01
1.229002383549489075e+01
1.269820699596589897e+01
1.312985066329231820e+01
1.352461234196481676e+01
1.396487075229289054e+01
1.439694886789906114e+01
1.482110851069228019e+01
1.523745049333451895e+01
1.568305173079103199e+01
1.609700004644437499e+01
1.653205257066847622e+01
1.695984364207314599e+01
1.738273154284378208e+01
1.780812203438224373e+01
1.824620560060986918e+01
1.870161515888590031e+01
1.914063371918631162e+01
1.959505860730704896e+01
2.004153491912254736e+01
2.047619413357383067e+01
2.088966681864599551e+01
2.127540443402276438e+01
2.166641097166426633e+01
2.200718818319515080e+01
2.233109720277469279e+01
2.266361976986629401e+01
2.296916689321101046e+01
2.325143701623160553e+01
2.349299130799713708e+01
2.369338043688706463e+01
2.388836979897994439e+01
2.407844198982353845e+01
2.422351750253171687e+01
2.434240400131499982e+01
2.443560201591748893e+01
2.451409058525430851e+01
2.454005979593532416e+01
2.456755092976825239e+01
2.454828209281566131e+01
2.448381238866974741e+01
2.440832482681354776e+01
2.428942528591572270e+01
2.417044792389262398e+01
2.397639317056377450e+01
2.378246868577625861e+01
2.357195010903281585e+01
2.327348921317484454e+01
2.297508660677380021e+01
2.262368383412988493e+01
2.227466798273296433e+01
2.189737911147398108e+01
2.151972901288429796e+01
2.110066206366774111e+01
2.068118766827656074e+01
2.024412636008528921e+01
1.981566850239562427e+01
1.937046955237105905e+01
1.893568745295169009e+01
1.849882638237923516e+01
1.805139376959317588e+01
1.763508396459468486e+01
1.737834615317262177e+01
1.700826571230101791e+01
1.671108507878176397e+01
1.648907220965245202e+01
1.633247976842080007e+01
1.628218829521728495e+01
1.635957150517073444e+01
1.652543249783503398e+01
1.683001852710608404e+01
1.725797524610496225e+01
1.779245118688092120e+01
1.842370567495384037e+01
1.917812370691186530e+01
2.002643954488741684e+01
2.096732246618165973e+01
2.195470750306832386e+01
2.302591049600188100e+01
2.414668618583622717e+01
2.530355673666628746e+01
2.653659670302356588e+01
2.778285154375237909e+01
2.888823443137929559e+01
3.016845114964873176e+01
3.137434577587488604e+01
3.257178844233589388e+01
3.371187882303106420e+01
3.478687420847140288e+01
3.577474415629865945e+01
3.670241817163991982e+01
3.751354133995033635e+01
3.823176665608949776e+01
3.884063703811658996e+01
3.934424240187039601e+01
3.973331664876159408e+01
4.001816018000383934e+01
4.022171646807865386e+01
4.035747118350729323e+01
4.036657781728779071e+01
4.030591308255638694e+01
4.018842090278294421e+01
4.002471176802772135e+01
3.979315243230679755e+01
3.952912083014317091e+01
3.917780891469386262e+01
3.883163223777769701e+01
3.844664767905714342e+01
3.802964155762202125e+01
3.758886809919438576e+01
3.713007978012715427e+01
3.658830560998968906e+01
3.610086993322056514e+01
3.550767484487266046e+01
3.489447650427567282e+01
3.425673448499090767e+01
3.360157286750379058e+01
3.296919197210066699e+01
3.230774401311219179e+01
3.166095682060398531e+01
3.101938091669505226e+01
3.037022510907048201e+01
2.977049027717653829e+01
2.914700155392685232e+01
2.856457330799221594e+01
2.795604585961854838e+01
2.739102590496676726e+01
2.687412357370621052e+01
2.639306909790707323e+01
2.593958910614015423e+01
2.548173045912298562e+01
2.505341110781317226e+01
2.470470181735174009e+01
2.430036215953266066e+01
2.403763081899483822e+01
2.381344183428357653e+01
2.364382686618356999e+01
2.342667445392100944e+01
2.324210467854726758e+01
2.310562468211101006e+01
2.296208648013492848e+01
2.288295617487690237e+01
2.289156440721507479e+01
2.287503091571144864e+01
2.289351270289893847e+01
2.285370229790243712e+01
2.292682999268214772e+01
2.307138031234207531e+01
2.319289689251569797e+01
2.330625063951252685e+01
2.344356527657032885e+01
2.354349773785653710e+01
2.373907513572124017e+01
2.392475949861070461e+01
2.407977485368660808e+01
2.427520272654488309e+01
2.451550894040662953e+01
2.459899694368515100e+01
2.487043052057002157e+01
2.517645527699470520e+01
2.543791177764257583e+01
2.569787734769892396e+01
2.596338588612672993e+01
2.618184635863110898e+01
2.652436702540853020e+01
2.664360473482118152e+01
2.695207038147895062e+01
2.715279621208792804e+01
2.747499199337343256e+01
2.766402518151921441e+01
2.791411472678813510e+01
2.811320120949956802e+01
2.834848238221132632e+01
2.854923016016504178e+01
2.878536763735525383e+01
2.912624266408863960e+01
2.932421971771029234e+01
2.954325022886418850e+01
2.990228509882012631e+01
3.008405139554096408e+01
3.035444193882731057e+01
3.066521276404846930e+01
3.102459946323669016e+01
3.126397302523584187e+01
3.143624822772516580e+01
3.154467589781248194e+01
3.188576213426751949e+01
3.214346537260215797e+01
3.255049694697535045e+01
3.263098772234668843e+01
3.294278657666246346e+01
3.304742776389026915e+01
3.321177384341345373e+01
3.339152164254127797e+01
3.365017417060280280e+01
3.383071860731430291e+01
3.398484753363339195e+01
3.411697798701725048e+01
3.425437930099534611e+01
3.437289855265412797e+01
3.449093445884345499e+01
3.464990170075301990e+01
3.467485651012876957e+01
3.469472226184627317e+01
3.492960562513363953e+01
3.506475060800944732e+01
3.527856674620656463e+01
3.537638713684467007e+01
3.525103653926510816e+01
3.478675822957610819e+01
3.469983184358840589e+01
3.429505341442937549e+01
3.397273638863089928e+01
3.379118352790429469e+01
3.340031221061929045e+01
3.288098712871376250e+01
3.231528488059649362e+01
3.173687544673938277e+01
3.114245071163535883e+01
3.050875189796969522e+01
3.016249933556097673e+01
2.973354147017726490e+01
2.913519278167399307e+01
2.843973329812968842e+01
2.790704260585354035e+01
2.835711888309561246e+01
2.779485932047084162e+01
2.702189397726566611e+01
2.629306161202260839e+01
2.579552078407996873e+01
2.548735649678856063e+01
2.477009374895904159e+01
2.447296583480421717e+01
2.417553628459442194e+01
2.379249709085284437e+01
2.357354167825016589e+01
2.344781188915771253e+01
2.330933968883077156e+01
2.311361603672457221e+01
2.269810794780769214e+01
2.252626974207036881e+01
2.212888580060747756e+01
2.172419304571519660e+01
2.122437299331908633e+01
2.113438028682882575e+01
2.066619054617460449e+01
1.919680691079267376e+01
1.872346578282881069e+01
1.862777214848068041e+01
1.844327332717878676e+01
1.799937797364450986e+01
1.792971001699416789e+01
1.795582679026359685e+01
1.778064426379503260e+01
1.720793116658713728e+01
1.707639528022152575e+01
1.670172922621501499e+01
1.644871906592913646e+01
1.621062179782159518e+01
1.587049812000931936e+01
1.582948076650155045e+01
1.551222913333835507e+01
1.493755580474596023e+01
1.479587947158148253e+01
1.432244067971039669e+01
1.400907884149832050e+01
1.378163909826772660e+01
1.354413444832972679e+01
1.358352946484525248e+01
1.342652942636707536e+01
1.280536068812807216e+01
1.264499464569738052e+01
1.250116416086575732e+01
1.201255696342406054e+01
1.153396853168310088e+01
1.149452195251739006e+01
1.095825065228327233e+01
1.085500580795709347e+01
1.023884387029346854e+01
1.013196151220058816e+01
9.914034760245844069e+00
9.471179934340343110e+00
9.685127160904887234e+00
9.646674234952220317e+00
9.288533685866287470e+00
9.177233693255912428e+00
9.322364438326591340e+00
9.277544975212126843e+00
8.486878464781398179e+00
7.785989569673736455e+00
7.959732396444173297e+00
8.068861203238368418e+00
7.468413730318768096e+00
7.410060376082202360e+00
7.951721965804718906e+00
7.556607603744206259e+00
7.016164261257621604e+00
6.756825245701626237e+00
6.406731628041167248e+00
6.080750263648012854e+00
5.511127530935285179e+00
4.762527877623044859e+00
4.934627029606067694e+00
3.986608904002516773e+00
3.396056603912949168e+00
3.875130285204359648e+00
3.974503918608508268e+00
3.408630400824517626e+00
3.489178647414449053e+00
3.476885567574254488e+00
3.649057701829750311e+00
3.247222898998820995e+00
2.561400117449925240e+00
2.726725632940141253e+00
1.930641809149975519e+00
1.316691835819571388e+00
6.798821265608117059e-01
1.198946312220059873e+00
1.055537054055037727e+00
9.596776993683435730e-01
6.569409314088499041e-01
1.267072481631855707e-01
5.735347435730120402e-03
-3.269700742020983930e-01
-1.061687094305573537e-01
4.175593115795014354e-01
-4.960029969581333797e-01
-5.591480229778802435e-01
-9.985578970472546168e-01
-1.504729626296517742e+00
-1.170795521216659418e+00
-1.983656489919076282e+00
-2.538874648939267065e+00
-2.272045041792632780e+00
-2.899409932487836628e+00
-3.326515793003446131e+00
-4.049895592366786978e+00
-3.070462193640695059e+00
-3.756805897197012190e+00
-3.840006133670350597e+00
-4.388806550206231449e+00
-3.622761913666018962e+00
-4.047502983932875331e+00
-3.680921543704354537e+00
-4.092417302542164848e+00
-3.832906334557151240e+00
-4.448344138803157044e+00
-4.058602945242928861e+00
-4.449110584528794377e+00
-4.725271792615330924e+00
-4.859700791228496186e+00
-5.366931951220690777e+00
-5.030815489036666754e+00
-5.012181017023179308e+00
-4.000961060031849925e+00
-3.713356311148651834e+00
-4.443915964965174936e+00
-4.586968752374636971e+00
-4.435244470270140127e+00
-4.630576176344231243e+00
-4.574943994618767107e+00
-5.152255285032607546e+00
-6.345598033800285975e+00
-7.451034534200835502e+00
-7.372423358324165399e+00
-5.745402975208494745e+00
-6.947477406621479723e+00
-6.959072950410506664e+00
-8.104128218604357059e+00
-8.416416197368562280e+00
-7.914295867880997370e+00
-8.465866206559368834e+00
-8.378194784063145661e+00
-8.355293873285953410e+00
-9.609254114374232714e+00
-1.132105347825152997e+01
-1.112259963592631351e+01
-1.119463891548331347e+01
-1.154220088389649845e+01
-1.297832191741494157e+01
-1.524328285468720523e+01
-1.435534268558005166e+01
-1.557470919231766970e+01
-1.507697048348803293e+01
-1.360339021838836793e+01
-1.435079128441693541e+01
-1.546532141829573348e+01
-1.496943238561331668e+01
-1.660434867570560868e+01
-1.554157570677101496e+01
-1.548608821163484173e+01
-1.528608962345686351e+01
-1.601572072887869425e+01
-1.783925706549593926e+01
-1.758203183948988269e+01
-1.759390415022124898e+01
-1.654779981466226957e+01
-1.801515254183398085e+01
-1.732250273000741103e+01
-1.710366006236663594e+01
-1.652217538802344166e+01
-1.471565318349777307e+01
-1.560832138369740996e+01
-1.496202221637525120e+01
-1.288728178018310189e+01
-1.413788112171943112e+01
-1.527978927103507978e+01
-1.694113411399823477e+01
-2.025944511907115242e+01
-1.765551468451521799e+01
-2.064725040418888113e+01
-2.090329756856935006e+01
-2.318362070875329906e+01
-2.244478392241108722e+01
-2.407771789049272471e+01
-2.688627385798401903e+01
-3.154709145481891852e+01
-3.639610130388295772e+01
-3.258868509959521020e+01
-3.675375326026353662e+01
-3.862247928461079027e+01
-3.986407837754757821e+01
-4.197733080035384745e+01
-4.566750972985693835e+01
-4.903373093463436305e+01
-5.755584216904144057e+01
-5.744938010417826746e+01
-6.000416579923959404e+01
-5.988105483111708338e+01
-5.955943626967471261e+01
-5.847534091527543865e+01
-5.695990457656557737e+01
-6.255103066949652657e+01
-6.275240393346216194e+01
-7.044498270400487172e+01
-7.429695744606523533e+01
-8.584741051897009356e+01
-8.597915539986605893e+01
-8.764048583324239416e+01
-9.226545338442856803e+01
-9.013147071563153645e+01
-9.262348735262878563e+01
-9.465183493853982100e+01
-1.061279613384794800e+02
-9.979715209850594704e+01
-1.034085789201606218e+02
-1.025828024870042157e+02
-1.065866625461755319e+02
-1.116283704066286191e+02
-1.281598270519588141e+02
-1.317296559843281329e+02
-1.374876648479203425e+02
-1.450198931205568442e+02
-1.390174851449493758e+02
-1.636103979872028162e+02
-1.738478164044237531e+02
-1.758813552609093449e+02
-1.826787989830278036e+02
-1.847053221786508743e+02
-1.914000055202804162e+02
-1.928536974061495073e+02
-2.358400597114072923e+02
-2.364469165642483119e+02
-2.457731481781084995e+02
-2.333722300248270187e+02
-2.558333078345463321e+02
-3.443280719249572144e+02
-3.143091291111473993e+02
-3.075970277384631117e+02
-3.212341448123161740e+02
-3.042084746159193855e+02
-3.291419561859277678e+02
-3.714980496268714205e+02
-3.914397992281057554e+02
-4.084953938663195459e+02
-4.065514759677732854e+02
-5.030951432625818711e+02
-5.504624332684652472e+02
-5.364076171566757694e+02
-5.343404650691122697e+02
-5.176624641083244569e+02
-5.400392114459502864e+02
-5.310015391674045304e+02
-3.287490984887440391e+02
-3.169366457729822741e+02
-3.196777522667615017e+02
-3.271201156241766057e+02
-2.450378614210636385e+02
-2.514678167635946693e+02
-2.923220397660114145e+02
-3.419881453143757426e+02
-3.513929478714920833e+02
-3.439807980052877383e+02
-3.060906545691522069e+02
-2.970281157467865683e+02
-4.440897323209696879e+02
-6.901717905291164925e+02
-5.750151905043164788e+02
-5.179730495224561082e+02
-5.107997647818622227e+02
-5.047885999933121184e+02
-5.084648894984259186e+02
-4.821864614938215254e+02
-4.455807934932144576e+02
-6.421376918687669786e+02
-6.409571029526414350e+02
-6.360124531666950816e+02
