3.228613327037417912e+04
2.937035972472147841e+04
2.731861806560311015e+04
2.415111756819117727e+04
1.366731998231498437e+04
1.039382414103978772e+04
8.317915979209410580e+03
5.132686435063252247e+03
1.596521189944357957e+03
-1.743429527483514448e+03
-5.327069583328771841e+03
-8.853011444257754192e+03
-1.965294288369736023e+04
4.230012164659468908e+03
5.368678509312567257e+02
-1.277024196017745635e+04
-5.718705574638163671e+04
-5.679423038167858613e+04
-1.083717502971523791e+05
-1.299436957163264306e+05
-8.886323204082212760e+04
-1.244809640418235358e+05
-1.284284911850559438e+05
-1.291871580154129188e+05
-1.283228726048206154e+05
-1.203930853719266743e+05
-1.198596735279750428e+05
-1.200854506427449378e+05
-1.194683580916647770e+05
-1.185040532848991716e+05
-1.172381429899294890e+05
-1.152185593534934451e+05
-1.146693851957001316e+05
-1.093726853094585531e+05
-1.040515138532297424e+05
-1.019527840617525653e+05
-1.012898905359562632e+05
-1.008349153357876494e+05
-1.000131593999156757e+05
-1.010975357996643725e+05
-1.016475199250453443e+05
-9.423992267093075498e+04
-5.703308829141323076e+04
-5.772531885224996950e+04
-5.782859259738918627e+04
-5.772103076783944562e+04
-5.795501810428300814e+04
-5.903209809630108066e+04
-5.922745824742179684e+04
-5.861820415580314148e+04
-5.825105510817230243e+04
-5.859745317768928362e+04
-5.946914296596171334e+04
-6.066276864100123203e+04
-6.026459039935284090e+04
-6.073949142356392986e+04
-6.288848010741948383e+04
-6.370833797172411869e+04
-6.405828790675936762e+04
-6.363910957889628480e+04
-6.214190562697021960e+04
-6.213568673405282607e+04
-6.347009988220784726e+04
-6.171099218782761454e+04
-5.610730490765932336e+04
-5.574758913042576023e+04
-5.717879300832840818e+04
-5.633792632675112691e+04
-5.420336934496662434e+04
-5.546140358408125030e+04
-6.178305211054707615e+04
-6.209900978383969777e+04
-6.413957705941236782e+04
-6.762883162050438114e+04
-6.823572116028603341e+04
-7.001166213518574659e+04
-7.250038176386768464e+04
-7.153069701355128200e+04
-7.095606575017662544e+04
-7.015835912547781481e+04
-7.024322873449507460e+04
-7.172195983778052323e+04
-7.138448873993082088e+04
-6.928177920890854148e+04
-6.821295311379763007e+04
-6.864883175426373782e+04
-6.816499764629940910e+04
-6.667889290828179219e+04
-6.811665474010159960e+04
-6.868673402208161133e+04
-6.738879305462729826e+04
-6.144850048716567835e+04
-6.290422937177661515e+04
-6.301769559095208388e+04
-5.979483378732062556e+04
-5.872564264572703541e+04
-6.205441169275683205e+04
-6.276941512285926001e+04
-6.208250166606019047e+04
-6.254881665421582875e+04
-6.336440395339539828e+04
-6.369063903566315275e+04
-6.766673456962246564e+04
-7.345064947541714355e+04
-7.599878743354738981e+04
-7.654787673875971814e+04
-7.857926051530076074e+04
-8.450047006426077860e+04
-8.722359619891739567e+04
-8.924591728791224887e+04
-9.299099087459813745e+04
-9.405016108038192033e+04
-9.442319831166187942e+04
-9.525698929393943399e+04
-9.319881639022010495e+04
-9.193547381380562729e+04
-9.177475609610450920e+04
-8.691938615328817104e+04
-8.339405134125561744e+04
-8.467776799518932239e+04
-8.565729798327926255e+04
-8.600112757914151007e+04
-8.676734506522250012e+04
-8.375925474984245375e+04
-7.970883553601082531e+04
-7.857471070989531290e+04
-7.894722488852198876e+04
-7.674899382545372646e+04
-7.048744626336502552e+04
-6.747621274032488873e+04
-6.493913388465261232e+04
-6.347215652727856650e+04
-6.320198641812753340e+04
-6.340416146436086274e+04
-6.097532419505894359e+04
-6.098849992641316931e+04
-6.214294370610334590e+04
-6.188483292565189186e+04
-6.197139983490882878e+04
-6.248244501977807522e+04
-6.093209770431362267e+04
-6.212113765573300043e+04
-6.727179548324743519e+04
-6.726786158652942686e+04
-6.485172598547706730e+04
-6.326824695232239901e+04
-6.376132004445646453e+04
-6.332358207138709258e+04
-6.286908491424222302e+04
-6.293462809929286595e+04
-6.281396874309359555e+04
-6.136716333921743353e+04
-5.851689858784891840e+04
-5.790991087927326589e+04
-5.787797824947964546e+04
-6.639101370209678134e+04
-7.322133879355064710e+04
-7.265801038617358427e+04
-7.209494001857165131e+04
-7.100629903833515709e+04
-7.033446780502753973e+04
-7.192857193228634424e+04
-6.943587892602429201e+04
-6.296197073714980070e+04
-6.146978844202622713e+04
-6.114788018800028658e+04
-6.028331555758868490e+04
-5.823576753895667207e+04
-5.722007104049665213e+04
-5.695805836290123261e+04
-5.641354307542504830e+04
-5.611181386056495830e+04
-5.606045667526822217e+04
-5.538311832388139737e+04
-5.382453673495051044e+04
-5.211637530316535413e+04
-4.244024931448636198e+04
-3.446142708479434805e+04
-3.374128467560737772e+04
-3.346888555114885821e+04
-3.288960542930879456e+04
-3.179840169856324064e+04
-2.921370417354427991e+04
-2.791338560901999881e+04
-2.716648231582576409e+04
-2.629331657224093578e+04
-2.563605838297279479e+04
-2.464943960396400507e+04
-2.384475168054956157e+04
-2.324961612799861541e+04
-2.239286426226147887e+04
-2.178710702610043154e+04
-2.101616951459089978e+04
-2.028229046852053216e+04
-1.984342931180191226e+04
-1.923220874008691681e+04
-1.852747138890590213e+04
-1.781699342261754282e+04
-1.689842164722559392e+04
-1.601189904498783108e+04
-1.512340559612922880e+04
-1.436993430468423139e+04
-1.375544606184284203e+04
-1.322329872309573875e+04
-1.270750360419036770e+04
-1.212019371462568233e+04
-1.140279639631358259e+04
-1.079814168997486377e+04
-1.035426395301816956e+04
-9.910020382815257108e+03
-9.391326642417507173e+03
-8.987489977505443676e+03
-8.564406458601577469e+03
-8.117373277798297750e+03
-7.673936592141340952e+03
-7.290662820070925591e+03
-6.999668403514626334e+03
-6.706380283775942189e+03
-6.364310031142079424e+03
-6.057646383496330600e+03
-5.781844136925290513e+03
-5.487497374144822061e+03
-5.217107132156178523e+03
-4.934562843405286912e+03
-4.655161585237588952e+03
-4.401027551114128983e+03
-4.164536001841319376e+03
-3.946168987097726131e+03
-3.715825959727448208e+03
-3.496847046046027117e+03
-3.280041929624232125e+03
-3.082751432600798125e+03
-2.917857994776641135e+03
-2.767372796854509943e+03
-2.621789780207769127e+03
-2.492742426046734636e+03
-2.373007895008903688e+03
-2.249015711306689809e+03
-2.124491404365680864e+03
-2.007758124559296448e+03
-1.898599332664839949e+03
-1.794399796905461699e+03
-1.692705063088765428e+03
-1.597858904648465341e+03
-1.511336622179027700e+03
-1.423955726361518145e+03
-1.342583768333118996e+03
-1.267746287089734551e+03
-1.194941209110477985e+03
-1.124039597397693569e+03
-1.061654689339339029e+03
-1.003140526515262536e+03
-9.471074379063105653e+02
-8.902724477695713858e+02
-8.398066725682493825e+02
-7.915753539297755879e+02
-7.422777205168330283e+02
-6.947838918618039088e+02
-6.521512331125196624e+02
-6.095522153262757001e+02
-5.683603241327853084e+02
-5.284596313465939375e+02
-4.897687324380200380e+02
-4.520485274444318406e+02
-4.148037035723434087e+02
-3.776156842591676082e+02
-3.403707322907363277e+02
-3.035745560783847736e+02
-2.679004775093679314e+02
-2.327778349547603227e+02
-2.000081543094650556e+02
-1.663825514247880903e+02
-1.340257982741502474e+02
-1.021307615426775897e+02
-7.176923616093799296e+01
-4.200337322023851527e+01
-1.376397283570762475e+01
1.277840668044577654e+01
3.757631581872469440e+01
6.080196093444914140e+01
8.322960759613876291e+01
1.035021012921445873e+02
1.231131590417465986e+02
1.411446195093402594e+02
1.579954683004463334e+02
1.737574378205079313e+02
1.881244984833659828e+02
2.007971917006612443e+02
2.121569650421519384e+02
2.227943216628759160e+02
2.321276848324333457e+02
2.404418690002904100e+02
2.476390412221325050e+02
2.539990099892246462e+02
2.596047055763856974e+02
2.638414615145562152e+02
2.673374991062092363e+02
2.695069340957105055e+02
2.709151724987831358e+02
2.713398501946929287e+02
2.710708529686172596e+02
2.698756142592383185e+02
2.681721164712913605e+02
2.657158803407167511e+02
2.624904681495721661e+02
2.587817042825894305e+02
2.548545180554600904e+02
2.507239787032639811e+02
2.466240509365588025e+02
2.424806576163374814e+02
2.382027696113015054e+02
2.337352833418816260e+02
2.292087621983928329e+02
2.246709325606713605e+02
2.200719459710072670e+02
2.155983640613965520e+02
2.113398993647419104e+02
2.072379679621461435e+02
2.032565646039600438e+02
1.994256557012759572e+02
1.956361544304719473e+02
1.918445513868673515e+02
1.881026308550014505e+02
1.844977539373566060e+02
1.810864742739970268e+02
1.777355739016010716e+02
1.743888177734886824e+02
1.710718471746552893e+02
1.677945366961304501e+02
1.645598783665116400e+02
1.613653837157985151e+02
1.582923251066994226e+02
1.553816562309417293e+02
1.525622045490723337e+02
1.497836429016645923e+02
1.470926456961172164e+02
1.445043382801717939e+02
1.419983737450208423e+02
1.395922778148462271e+02
1.373022247264039208e+02
1.351098271009213931e+02
1.330407005711851980e+02
1.311064450623150890e+02
1.292464043131104461e+02
1.274169758006638205e+02
1.256290548676773540e+02
1.239485158172463599e+02
1.223282094169006911e+02
1.207836942098068533e+02
1.193411746696322240e+02
1.179515589263052959e+02
1.165805255890907830e+02
1.151832701503762593e+02
1.137915529224104176e+02
1.124129528007780152e+02
1.110906535425306174e+02
1.097744068796177004e+02
1.084472438268837351e+02
1.071544661184036613e+02
1.058798024459157574e+02
1.045977422811939448e+02
1.033004194375952380e+02
1.019968441044728991e+02
1.006796800606191908e+02
9.941653321041212621e+01
9.816168637141474562e+01
9.693573164465331615e+01
9.574164238455307441e+01
9.459040615379082340e+01
9.343949153785659689e+01
9.229452774655389646e+01
9.115460300078147782e+01
9.006070746826846118e+01
8.901823741980089721e+01
8.800132136314218201e+01
8.703959883073389392e+01
8.608613083697032664e+01
8.516691879560950440e+01
8.429715641836175166e+01
8.344905673284294778e+01
8.263330955812429579e+01
8.185429550639703677e+01
8.110955943741355156e+01
8.042028573387489132e+01
7.976309545176221150e+01
7.909520648793882458e+01
7.847597415253058273e+01
7.787070669229774467e+01
7.726253379439889102e+01
7.665664818252176360e+01
7.607130370987660228e+01
7.552011254377147509e+01
7.499742253534020620e+01
7.446086478085712201e+01
7.392071217047119092e+01
7.338023373638233693e+01
7.281903902860031508e+01
7.227716171936695844e+01
7.175414323592872279e+01
7.123499364092283770e+01
7.071488833013822273e+01
7.016194485244368195e+01
6.960221824033685323e+01
6.904962095063041261e+01
6.848749707782974383e+01
6.793978764947914328e+01
6.739284267285331964e+01
6.682777219257596357e+01
6.627803368378704363e+01
6.573327547564272777e+01
6.518046819912885326e+01
6.465384431750223371e+01
6.413520494083869039e+01
6.362061320437297951e+01
6.311621508759966304e+01
6.261967760227665991e+01
6.213374441911969370e+01
6.167227405901896020e+01
6.122669267250336844e+01
6.078581676200899153e+01
6.035088965986812326e+01
5.993721593406833392e+01
5.956253095418525589e+01
5.921447611243952736e+01
5.887684933091482975e+01
5.856529980616747366e+01
5.826523600119708846e+01
5.799368169050929112e+01
5.774767086253690707e+01
5.751375888875605114e+01
5.729015311114747533e+01
5.707613457044745076e+01
5.685708811562506071e+01
5.663726249117363665e+01
5.642049580150312238e+01
5.622678993306976025e+01
5.604774224343643851e+01
5.588868446537947676e+01
5.573890600929029659e+01
5.559576916234264843e+01
5.547006069189581723e+01
5.531748070815967111e+01
5.513979257348940877e+01
5.496658742008852272e+01
5.480131706546843873e+01
5.464523663419461741e+01
5.448030523916811063e+01
5.429481443748392167e+01
5.410871519098490978e+01
5.393225608575657049e+01
5.376633694226251947e+01
5.360801905073892470e+01
5.345423004229613895e+01
5.330182901538551477e+01
5.316016427400316502e+01
5.304856872397908063e+01
5.294029931747401463e+01
5.282547225626469611e+01
5.270476480228648342e+01
5.259415569691991266e+01
5.248328270999076750e+01
5.236835398001078801e+01
5.229471854382569518e+01
5.224628950121333304e+01
5.220319423283885385e+01
5.216704598259740067e+01
5.213409542794300222e+01
5.211656213097609935e+01
5.215451272236531821e+01
5.223722454088097322e+01
5.233699269437790491e+01
5.241129259749575908e+01
5.247993156756908206e+01
5.256545590325099226e+01
5.266594250894712559e+01
5.277539451532272352e+01
5.285882966757910140e+01
5.294128186019856486e+01
5.308955185101895324e+01
5.326859822322693816e+01
5.346353374952645510e+01
5.367830449142957150e+01
5.389903083561146957e+01
5.412603694758378481e+01
5.437066628572384985e+01
5.463314173864746692e+01
5.491207413998061782e+01
5.521343612306676363e+01
5.552197943435111682e+01
5.582555526521162648e+01
5.612869995869007766e+01
5.643975581094446170e+01
5.679942679074663658e+01
5.718525652354649225e+01
5.758040626378915761e+01
5.798961991079807632e+01
5.840215240377232675e+01
5.886432115340662108e+01
5.937629045047913223e+01
5.986200243398115362e+01
6.033453492374042781e+01
6.080647841413689747e+01
6.129453796307690538e+01
6.182455109435422003e+01
6.238507092470266002e+01
6.295591199330709031e+01
6.353154812429576737e+01
6.410824797274082698e+01
6.470103532013975212e+01
6.531964953873445268e+01
6.595230602225524308e+01
6.660388880502041786e+01
6.728401716562058255e+01
6.799408376156709721e+01
6.874453244806085195e+01
6.950996082419474931e+01
7.030894470258546392e+01
7.114815866138918921e+01
7.201775880209791580e+01
7.290301880474054030e+01
7.384623904416591245e+01
7.483088405969110113e+01
7.586267153315040446e+01
7.695630136247234532e+01
7.808181962321057767e+01
7.925691668139859303e+01
8.049380611484242820e+01
8.178599813292120757e+01
8.317603807632394819e+01
8.461761670017106951e+01
8.612275950485938836e+01
8.771026437523674701e+01
8.935944529838035066e+01
9.110876348776571376e+01
9.291847706323012801e+01
9.478844727348128174e+01
9.677965254558523611e+01
9.884021782072592543e+01
1.009860125444355532e+02
1.032392071328591783e+02
1.056034045914801283e+02
1.080126437865191065e+02
1.105135553527693872e+02
1.131133190919536986e+02
1.158211782159633856e+02
1.186252767753049113e+02
1.215010880404086606e+02
1.244500274881600177e+02
1.274938596710912009e+02
1.305583034628680821e+02
1.337237626103090520e+02
1.370400220211368776e+02
1.404090465346937435e+02
1.438405561732991202e+02
1.473493915775245284e+02
1.509728291130504090e+02
1.547015485253724592e+02
1.584762432665384324e+02
1.623251302699032408e+02
1.662245202642074844e+02
1.701381776836316249e+02
1.740899386744246158e+02
1.781755553238616017e+02
1.823341148270826011e+02
1.865389031646286355e+02
1.908269231428936621e+02
1.951694740456862291e+02
1.995359954570692764e+02
2.039224623928680273e+02
2.083655054027656774e+02
2.129323694316655917e+02
2.176114393752691853e+02
2.221849998647867324e+02
2.267644404758341636e+02
2.314923761944246507e+02
2.362248460497735607e+02
2.408660272771274151e+02
2.454159561908288936e+02
2.499767912093584528e+02
2.545960741190809244e+02
2.593832076198784193e+02
2.641332953572091924e+02
2.687799544846160416e+02
2.734352342289407147e+02
2.780871683872812810e+02
2.827134937169327031e+02
2.874351813522212069e+02
2.921802811923158743e+02
2.969879050881899616e+02
3.020038580587179808e+02
3.071442562491950525e+02
3.121900787602011178e+02
3.170463434945036738e+02
3.220700193820183017e+02
3.271905694584475555e+02
3.322456093563176296e+02
3.374221566701168626e+02
3.426612992461272142e+02
3.480562231962345550e+02
3.536991005166337345e+02
3.594141613712008052e+02
3.650413530715740080e+02
3.707513294007010245e+02
3.768165668055426067e+02
3.830831176357764889e+02
3.894820697521734587e+02
3.960646520555898746e+02
4.024009225510652641e+02
4.087047583933682517e+02
4.149970594049371471e+02
4.212113564364973399e+02
4.276108865174432481e+02
4.342392157696491495e+02
4.410525945268914256e+02
4.478640731244277617e+02
4.546363071016103845e+02
4.612642386119460980e+02
4.681956491480455043e+02
4.755054856231433860e+02
4.829510088512140555e+02
4.899885790954108984e+02
4.967449614985638391e+02
5.038690041448229522e+02
5.113226252600968564e+02
5.186134792319932103e+02
5.256907606603491558e+02
5.327189474840082539e+02
5.396313796341373745e+02
5.464431979651175197e+02
5.534601407523266516e+02
5.606559654831703483e+02
5.678197109888445766e+02
5.748481863229214923e+02
5.817485944938310922e+02
5.884863373883072200e+02
5.951704927851892535e+02
6.018880945521279955e+02
6.089105135914262519e+02
6.156728425166187435e+02
6.218744356675834979e+02
6.268606625897201639e+02
6.325332266818727476e+02
6.392408777454581923e+02
6.455402067396356642e+02
6.517069811256428693e+02
6.581374991763394746e+02
6.649476761235185904e+02
6.714864119285149400e+02
6.778792121192983586e+02
6.845570068706193751e+02
6.914704398838860016e+02
6.984332369761664268e+02
7.053806791803694978e+02
7.123346854382999709e+02
7.196358569793832203e+02
7.271664215271740659e+02
7.348521680964096277e+02
7.430981590356960851e+02
7.511758275017900814e+02
7.593275042715588370e+02
7.678222275471625835e+02
7.780833778359005919e+02
7.882613000640512837e+02
7.980476264182925661e+02
8.082882532043200854e+02
8.185148750386554184e+02
8.286072861044427782e+02
8.388915699651329305e+02
8.502914982789827718e+02
8.622683350586362394e+02
8.738957343936378948e+02
8.860124957622340389e+02
8.993737138027499896e+02
9.131207122772913181e+02
9.270303355276429329e+02
9.413181844697858196e+02
9.566825026658694924e+02
9.724661146399096197e+02
9.883905174611833218e+02
1.005130960538727436e+03
1.022997922809156762e+03
1.040954681620586371e+03
1.059241412083109708e+03
1.077489840888812523e+03
1.095168229625079221e+03
1.114621858051077879e+03
1.135108592343592818e+03
1.155546153208186979e+03
1.175832373281464470e+03
1.196249759655427852e+03
1.217160832215789242e+03
1.239229255311580800e+03
1.262790601267947523e+03
1.287507247038272908e+03
1.312666339470808225e+03
1.338546299873980388e+03
1.365338105826791434e+03
1.390714331026664013e+03
1.416882521110485413e+03
1.443007745376641878e+03
1.468220144988236825e+03
1.493051147502286994e+03
1.519744459429850167e+03
1.546129329897320531e+03
1.573906676714455671e+03
1.603547851149225153e+03
1.631984417412837729e+03
1.660347758699217138e+03
1.687863272145443034e+03
1.714344011162269226e+03
1.743966418883705046e+03
1.776603003254281020e+03
1.806302913867534016e+03
1.833240208566517822e+03
1.858329165346883428e+03
1.884508430005330865e+03
1.913914630313651060e+03
1.942068438090795098e+03
1.972166664210479894e+03
2.000233157947836162e+03
2.026458326353589655e+03
2.054567772738366784e+03
2.080412868358470860e+03
2.107052555285189555e+03
2.137757110086906323e+03
2.165950515887490837e+03
2.193413447517399163e+03
2.220955471129245780e+03
2.246157817893093124e+03
2.273122389342616771e+03
2.301588362586254334e+03
2.327362449709330576e+03
2.352505101152751195e+03
2.381614877764990524e+03
2.411311063857203408e+03
2.440160008426886634e+03
2.468955469389664358e+03
2.492090783068502788e+03
2.512159630314550668e+03
2.532628279820276930e+03
2.553546476574053941e+03
2.574328874156145957e+03
2.592752539139906730e+03
2.614207919230822426e+03
2.635015598136985318e+03
2.647607844712372298e+03
2.659928763723752581e+03
2.671287214756502635e+03
2.680035302303153458e+03
2.691667215370365739e+03
2.703542560291603422e+03
2.715421893594882931e+03
2.726403829114364271e+03
2.733417142711788983e+03
2.741090827601809906e+03
2.750286792381609303e+03
2.767348466398000710e+03
2.782378293889524230e+03
2.795507627066900568e+03
2.808272985657213212e+03
2.825220740450620724e+03
2.843488541712117694e+03
2.858725765100198259e+03
2.881008057246055614e+03
2.905906992589102629e+03
2.928177461520347606e+03
2.958636001324548488e+03
2.993433204817042224e+03
3.028932487823956762e+03
3.072595485783749609e+03
3.116794987429310822e+03
3.161549368227344985e+03
3.202427182951464602e+03
3.242391712938519049e+03
3.291024428310944586e+03
3.339133507774589361e+03
3.399181595484435093e+03
3.456929838157229369e+03
3.519592826284036619e+03
3.581906105086755815e+03
3.648984393369874851e+03
3.722370216199489278e+03
3.801204252505184741e+03
3.896428947215964854e+03
3.989497922176542943e+03
4.079229625319364914e+03
4.177114179720318134e+03
4.256642271995284318e+03
4.346201370650172976e+03
4.440294026326230778e+03
4.520842482289094733e+03
4.604190926502836192e+03
4.688442147024338738e+03
4.783536763162965144e+03
4.893844058100878101e+03
4.993094794260867275e+03
5.085164796021867005e+03
5.163269100551511656e+03
5.230364886457069588e+03
5.305786549786573232e+03
5.383766567138961364e+03
5.460165528848373469e+03
5.548167080671666554e+03
5.657450784718313116e+03
5.736997677513528288e+03
5.799778536062352032e+03
5.879492091533172243e+03
5.987531033898888381e+03
6.097256977640668993e+03
6.192557506869898134e+03
6.309760376170656855e+03
6.447311491267992096e+03
6.575861254416751763e+03
6.675805160582245662e+03
6.776576795532255346e+03
6.893914126557174313e+03
7.042015417925610564e+03
7.219594754578557513e+03
7.407732120219673561e+03
7.613637253594446520e+03
7.816385122518528988e+03
8.062213353111145807e+03
8.333508709641657333e+03
8.590929630175956845e+03
8.837314071422959387e+03
9.087690619510394754e+03
9.375803521407142398e+03
9.640649109037643939e+03
9.877014299194315754e+03
1.018776435459026834e+04
1.062605087779808309e+04
1.106065688092529308e+04
1.132661338425944814e+04
1.167978969764432259e+04
1.217725332561386858e+04
1.251588792944086163e+04
1.291834103724623128e+04
1.323362830766787010e+04
1.364141742213371253e+04
1.413475539756794569e+04
1.450592500112718699e+04
1.484177131347642353e+04
1.512553271212024629e+04
1.541706663786870740e+04
1.571139516538467251e+04
1.600521425571824693e+04
1.643659985359370694e+04
1.694806030313183874e+04
1.761596478103290428e+04
1.815600463978137850e+04
1.882123469200023101e+04
1.987909244678034884e+04
2.075724721931158274e+04
2.142913123985909260e+04
2.189099035186765468e+04
2.212303915953209071e+04
2.258645941372227026e+04
2.389294824536860324e+04
2.514097064154909822e+04
2.585079126870852633e+04
2.646963083520196597e+04
2.731828591704765495e+04
2.809492163870573859e+04
2.921663765360348407e+04
3.112421593492871034e+04
3.188798032297807367e+04
3.227250968564039067e+04
3.290458374186802394e+04
3.372128350977104856e+04
3.541896274645147787e+04
3.822279289476166741e+04
3.944169180291688826e+04
4.076633809003383067e+04
4.161172963207318389e+04
4.285324559580275672e+04
4.498471536772506806e+04
4.776155364273708983e+04
4.988610644330752257e+04
4.985688098229788739e+04
5.045123500734440313e+04
5.592069409738144168e+04
5.869447972828217462e+04
5.297344069366023905e+04
5.487455299570571515e+04
5.859669618522477685e+04
5.966122744740398775e+04
6.474751846514426870e+04
7.173123150225458085e+04
7.491931074511878251e+04
7.620936922925410909e+04
7.918641614830003527e+04
8.339238683297444368e+04
8.954777746996331553e+04
8.975721238737681415e+04
9.091147211604681797e+04
9.157047298180837242e+04
9.183337243442598265e+04
9.546273069262900390e+04
4.664904708552195370e+04
5.180460891692978475e+04
5.377216659614848322e+04
5.214028156810679502e+04
5.186868605107443727e+04
6.029791489217388880e+04
4.285190835782669456e+04
5.008516630256609642e+04
4.956808880567183223e+04
5.032281204585082742e+04
4.682660758522050310e+04
4.498373610446535167e+04
8.906466197989984357e+04
8.349859110033299658e+04
7.535113809007068630e+04
6.665125450242783700e+04
6.327224267861805856e+04
5.958361672124383767e+04
5.635535654107930895e+04
5.275979534395903465e+04
4.526354547105011443e+04
9.078113671839704330e+04
8.354467326024455542e+04
7.899029623965112842e+04
