2.440981767180917359e+02
2.073695212477598034e+03
2.193039644378032972e+04
2.090314198532733826e+03
-1.404294215531381951e+03
7.674625445388736807e+03
1.122921882483672562e+03
-6.608424969467154369e+03
-2.383304464442849621e+03
7.910306426069289955e+03
2.088096486172605182e+03
5.814140037634448390e+02
2.138352659131591338e+02
8.876066631587375468e+02
1.028914237997623104e+03
1.197172017550308965e+03
1.451426191193049817e+02
4.623169805064870843e+02
4.997317702751749948e+02
1.262193962516453894e+03
9.442032362911768359e+02
5.065748040609671534e+02
2.595025015789050485e+03
7.470985972413218406e+02
1.112224462687177265e+03
3.985064158719405327e+02
4.053147755706871180e+02
6.819363402387024280e+02
5.003612057965457893e+02
1.350283472469939454e+02
-1.106517623234041139e+03
7.646309490763700296e+02
1.675467837298086579e+03
8.263895811915781451e+02
5.451960404404464953e+02
6.109970523630586285e+02
1.703643268416426793e+02
1.337611016785595552e+02
4.992263402718393195e+02
7.123771884360420472e+02
4.253584624141007566e+02
2.613177000207660967e+02
4.094544068682448597e+02
9.339151482547264322e+02
3.903874181995408890e+02
2.110539121947344938e+02
3.437754673803431729e+02
3.616350394569292348e+02
4.372323955304048013e+02
7.543649988882201569e+02
3.966135497874016664e+02
7.954995318407942477e+02
1.292737926418258439e+03
2.289403698054290999e+03
4.977564738319533717e+02
4.343839240285637970e+02
3.143708207039805416e+02
5.496484020072791736e+02
1.598398916996805497e+01
6.424881106094458119e+02
5.025282704688459035e+02
7.449249737597164085e+02
6.120124683659266793e+02
1.200556081202669532e+02
7.735619020063486460e+02
4.987474744981446975e+02
2.900682578418504818e+02
6.433811559168307781e+01
4.060974389061378247e+02
3.928229204374201800e+02
2.733511530763378232e+02
6.921710939928095740e+02
4.555609567605645793e+01
5.229036711925897407e+02
2.370616907025516014e+02
7.400882688039119728e+01
1.000841891167380368e+03
3.325678131500619656e+02
2.479104107489337991e+02
1.226157703611562511e+02
2.398469988271832790e+03
2.624845190267713519e+02
8.682647092629276813e+02
9.967876064590366241e+02
1.020017434823656004e+03
3.727264487963461761e+02
3.025181096840155419e+02
-7.759800193243364674e+00
7.475542322628014347e+01
1.690325262621729507e+02
1.204302196690224207e+02
4.865245879649946232e+02
2.766737325838828383e+02
1.894573055455965971e+02
4.211625233136689417e+02
3.677264005437069727e+02
1.716931753354361661e+02
2.466426092919284940e+02
2.469435712088584296e+02
3.894715731638649459e+02
-1.174600934753425321e+02
4.999306388651957036e+02
3.037982998459358441e+02
1.550727149625575976e+02
4.091358768431089743e+02
1.894508483002759931e+02
4.447767957835469588e+01
3.307905326573728644e+02
2.876046849557320684e+01
2.234302432361819228e+02
1.373013003058228776e+02
3.803282074554253995e+02
2.347789669924854934e+02
4.643161415736774984e+02
1.474764722485919890e+02
3.597951745513067863e+02
2.103252747059850662e+02
-2.498523168984066558e+02
7.068526992367033017e+02
1.101297574941654318e+02
6.250955245955408373e+02
2.344732476036793116e+02
3.980433793038414478e+02
1.334560455128028934e+03
3.247591221985301218e+02
3.273161278749428504e+01
3.137774837609627525e+02
1.975274485810790566e+02
1.852587787538781186e+02
4.775500820118999172e+02
2.876218056109578356e+02
-1.098411835323681203e+02
7.120828158578598277e+01
3.006174245350825913e+02
-6.168097730785621025e+01
-1.014178118316600603e+02
5.081176808159790994e+02
1.209521157344491229e+02
1.893455709614828208e+02
-7.949799655480883587e+01
3.240061251460793414e+02
5.162569665196583912e+01
-4.565299194628925505e+01
6.217045659591569802e+02
6.402090997713416698e+01
1.950655836940967447e+02
2.446367497972403839e+02
2.774264190152156289e+02
3.339109011627670611e+02
-2.159920085986839240e+02
3.082695549785416915e+02
3.104489919536648586e+02
-1.694462037550075024e+02
-5.234380899227033979e+02
3.252322014035498796e+02
-1.386842669168850648e+02
8.322317227728355249e+01
1.362212915028642044e+02
-5.211651762638656749e+01
1.003119773394237626e+02
2.391778900285537759e+02
5.495231972864592507e+01
-8.587003034822612335e+01
2.178182881381738127e+02
1.262277038258130801e+02
-6.164429942318473650e+02
-7.702000646944190976e+02
6.410490783848283058e+01
2.118061795987475193e+02
1.280005217303539666e+02
1.576304082681959926e+02
5.034052996989560143e+02
-2.253616805649208175e+02
2.804658420018624838e+02
-9.599491766072183907e+01
1.768793931462615205e+02
-5.526648182888914107e+01
1.345361949866925784e+02
1.643618294150298880e+02
6.364925796788966750e+01
1.625350941542989744e+02
1.569297086506414551e+01
1.361869836118679586e+02
1.203200462534074973e+02
1.532598898042973303e+02
-7.844859015273111424e+01
2.574431147483693962e+02
-5.527238082271841790e+01
1.038372763738825739e+02
9.161350142863803114e+01
2.227916857749058011e+00
-7.294640666127544470e+00
3.842601988081599984e+01
9.646801986392421213e+01
3.703749339680326358e+01
-3.626543738738716272e+00
1.896551180721816365e+01
1.066084101942563933e+02
-9.578916442164275225e+01
1.169340845685375996e+02
1.034281320545979099e+01
5.050885080381291203e+01
2.416754384159626667e+01
1.340077970124623974e+01
6.304887688528800993e+01
2.691848285379334271e+01
7.238533590028050924e+01
9.475963846234931154e+00
3.272348887551484609e+01
-2.295668933614588525e+01
-2.439459357238424531e+01
7.642816079228671455e+00
5.646503028888109732e+00
2.221896791682137007e+01
1.500921084933101035e+01
-4.318855670769803368e+00
1.413865517717569276e+01
-2.142611578656789462e+01
-1.524155437722567186e+01
2.458997001705578356e+01
-3.491279954454130063e+01
-2.084023245023205106e+01
2.740531779073184993e+01
3.364652251326679533e+01
-1.183332821055311257e+01
6.490788624365102066e+00
4.584810079347655432e+01
-1.215706581213239090e+01
1.291476856396759665e+01
1.693311176811062069e+01
2.858953547086348124e+01
1.674791424196627787e+01
3.748239298826273824e+00
1.253803766717037860e+01
-5.887529146250881418e+00
-2.042776252670306825e+00
7.029293666483764191e+00
-4.506330019415308641e+00
3.294971170175369224e-01
1.667992717190169216e+01
2.413127737516447713e+00
4.709700637741209839e+00
-6.557527466396376070e+00
6.334540922461869172e+00
-9.869149759803807598e+00
4.279840308096486190e+00
-1.150635895888646054e+01
1.468041724002074133e+01
-5.853348758022291598e+00
6.636986336824927335e+00
-2.871565068950521216e+00
-7.414358012262991515e+00
2.152509844994601629e+00
-5.634591273406757139e-01
3.203094447059785743e+00
1.042520955290146745e+01
-4.595227814021709989e+00
7.166976639120005821e+00
-2.911541645166617620e+00
6.544395706942795599e+00
-2.847950684770691687e+00
-1.721944220384783675e+00
-8.508337114411574476e+00
-1.620084089308486464e+00
6.319784186759662248e+00
6.391056279668729800e-01
-3.775952039970435159e+00
9.385322422453854507e-01
2.933792641082745511e+00
-5.382369901099536946e+00
9.721378892831150864e+00
-1.981677545878228974e+00
5.572849843899635225e+00
7.492275225215501155e-01
-2.095908853795704907e+00
5.151106211085074271e+00
5.761085559986586446e+00
-1.240359597413037918e+00
2.553185972992431108e+00
-8.882304304280459473e-01
1.313151424105220233e+00
2.579662914232955018e+00
1.559180141873275360e+00
-1.920762425855076394e+00
8.881922400095554337e-02
-9.492195043670835775e-01
1.280565731292748755e-01
-9.591864617690986083e-01
-6.158048881154987164e-01
-1.495190216895421642e+00
3.420801632336226028e+00
5.366256156101435471e-01
1.030571730594719071e+00
-4.431123527844410548e-01
6.860033272088743583e-01
-2.452115043915404913e-01
1.761941572715953974e+00
1.754909712819592293e-01
1.176166084160278125e+00
2.440963140367458095e-03
1.940268398227947610e+00
9.642390734423850196e-01
2.065828432027707606e-01
2.470501574349008411e+00
8.522868271031446008e-02
-1.317215991608789549e+00
-1.644936119734067836e-01
1.347467513941363659e+00
5.619561940307683523e-01
1.930137080561685758e-01
7.337511194860568686e-01
-2.303746772371366158e-01
-7.651161445426265528e-01
1.452484116259280089e+00
-9.625355921952127858e-02
6.944223269035135759e-01
-5.780472938666033622e-01
2.612891467218145247e-01
-2.882567999512050325e-02
3.660648977151917394e-01
-4.348765918895979854e-01
9.314763824676219883e-01
3.467637989798493248e-01
9.788045840222396876e-01
2.314015279726926999e-01
5.893139075239678393e-01
-1.435972469165235355e-01
1.867478371282694227e-01
8.161011812224889805e-01
-4.905985275403930701e-01
3.441897223350760537e-01
5.504613925222305859e-01
7.074837380855292235e-01
3.236194144786085358e-01
1.725467154971358497e-01
6.132817520920346155e-01
-3.297800002857496082e-01
-3.992908101026557688e-01
4.922320736229793825e-01
4.215520320504624330e-01
6.605302433860460454e-01
2.982033290369486278e-01
-9.419803801849187253e-02
-8.582369486235497114e-02
5.094285781239232813e-02
-8.299021009016316341e-02
1.168949654265647176e-01
-3.711576568650037933e-01
4.351095422081269759e-01
3.155260218780152059e-01
9.916540876880541866e-03
-7.785905150638214312e-02
-3.638861530896448926e-01
5.798551281265176272e-01
-1.009372984188596112e+00
-6.462910988281167501e-01
1.847209044903538877e-02
4.813576588100050291e-01
-2.627247731264452102e-01
2.279385716520033467e-01
-2.064329279634449510e-01
4.902327145984408108e-01
5.765645993554817661e-01
1.009668507881996136e-01
3.091115874264679930e-02
-4.093404303962247526e-02
1.988073197331537423e-01
9.356634222028216152e-01
4.118909048187015254e-02
4.037856699824659001e-01
-2.070394556603940561e-01
5.062495300006020216e-01
-5.753814992123765237e-02
5.121214437530829944e-01
-6.649348212112984879e-02
3.793509229172552510e-01
-4.949339859979486334e-01
3.602269173648360301e-01
-1.899963716837370642e-01
4.976437946813025426e-01
3.560859726148936089e-01
7.286518510638675394e-01
6.247114389569490278e-01
4.382207624615740427e-01
7.713094682351764320e-01
2.690208457336934478e-01
2.508886307017407780e-01
1.128532918192831858e+00
3.422437686624072439e-01
8.946767821151070388e-01
9.675258261910049118e-01
1.184331992932994737e+00
1.001872455535183448e+00
1.095136775015123742e+00
8.772698204539184363e-01
1.194643500167011485e+00
1.293808122183394360e+00
1.573172676970409078e+00
1.791524920966774959e+00
1.381530036770360459e+00
1.431640021081239667e+00
1.545027962843777081e+00
1.613854830351018510e+00
2.005528795025167454e+00
2.086230350975468273e+00
1.885393920847620253e+00
2.160653072393278862e+00
2.306424223097733872e+00
2.650508216049667354e+00
2.214735377320179666e+00
2.326892374214176495e+00
2.599980797655160103e+00
2.668533237936493663e+00
2.871266342617684764e+00
3.226399652702644172e+00
2.668617332605817793e+00
2.995649851296360300e+00
3.268567085936457062e+00
3.343719646309155191e+00
3.139002966477440815e+00
3.360970367791837443e+00
3.425739690535882787e+00
3.328356998794063770e+00
3.389855251811448866e+00
3.518383732511998652e+00
3.928450526739441617e+00
3.727328968427420008e+00
3.867724471819593113e+00
4.326582515001157425e+00
3.767131319356615382e+00
4.215205832329567137e+00
4.169121755799983120e+00
4.468772253636235092e+00
4.197825346885796449e+00
4.966796712753260401e+00
4.685532601540922215e+00
4.563474383569829484e+00
4.691447728065694101e+00
4.913706008011448745e+00
4.755607870295524009e+00
4.889362279190836880e+00
5.271619483198270117e+00
5.085489216052218708e+00
5.408153134873917800e+00
5.468245368411094098e+00
5.391275111597440883e+00
5.616489634704878497e+00
5.043434067513056007e+00
5.602773054981842193e+00
5.410737209949636473e+00
4.835129979967549119e+00
5.737130978831313399e+00
5.275843192910027568e+00
5.430579781433674924e+00
4.820467341390615168e+00
5.077601708022047688e+00
5.147888102398758825e+00
5.414353415757122256e+00
4.909613986200971780e+00
4.984807258944804254e+00
4.826367886275819252e+00
5.081175151477345331e+00
4.595976967670062585e+00
4.839036437023255033e+00
4.614570968651587002e+00
4.388266712019396998e+00
4.414801491643012277e+00
4.113747622533354686e+00
4.122366470196094035e+00
3.729747334447625740e+00
3.945814565770621840e+00
3.655090578346070984e+00
3.142356568386398319e+00
3.423309479335393757e+00
2.738122531114894009e+00
2.731765236426477728e+00
2.692907597156088961e+00
2.929492529591756877e+00
2.886202902556943339e+00
2.538974622650731927e+00
2.215630747772909359e+00
2.409916019344178206e+00
2.450501777913915546e+00
2.213263848387625909e+00
2.415975028200513020e+00
1.861661756296141057e+00
1.926021902641235739e+00
5.264409263733782929e+00
1.849433838801425312e+00
2.528191766744995128e+00
2.432743292767511001e+00
2.853270437032715545e+00
3.257464148649339197e+00
3.876509538349177220e+00
3.915285999436815878e+00
4.387663077246386933e+00
4.958262396403290140e+00
5.216581279674082694e+00
5.932565886888067297e+00
6.602095404070146500e+00
6.803101368553321038e+00
7.393203157869499442e+00
7.728963495538650363e+00
8.121687473120054790e+00
8.376938570877667800e+00
8.595701896236889183e+00
8.984477558834836231e+00
9.028158575799952956e+00
9.223078057651743933e+00
9.632763143768006131e+00
8.994086326685343025e+00
9.495519465323891239e+00
9.179596922239888102e+00
9.331580416031780345e+00
9.194699342715162871e+00
9.474867260348659670e+00
9.241377813080314141e+00
9.417693721922510974e+00
9.102551002017460036e+00
9.139210692564862626e+00
8.831395423846775117e+00
8.671564050232099419e+00
8.643831894031958285e+00
8.872244857250388250e+00
7.814679756927838561e+00
7.703759880680301819e+00
7.678253066258902138e+00
7.874202689697600732e+00
7.336132970172678291e+00
7.397675554362559858e+00
6.391346856494459772e+00
6.587487881507356313e+00
6.342647055805735512e+00
6.345683425209665884e+00
6.314488947995391399e+00
5.915890426914101496e+00
5.286366126385396491e+00
6.254082008323904596e+00
4.912303761419998693e+00
4.626784122784222575e+00
4.425151127846467247e+00
4.431462523083240512e+00
4.329467643439001812e+00
3.746468315061931786e+00
3.954065370797961165e+00
3.752138962838927227e+00
3.012406182414239186e+00
4.020444636769243019e+00
3.686216599840641983e+00
3.711094161528447177e+00
2.958539259493811358e+00
2.895231054575935659e+00
3.416213078875499409e+00
3.921347719208875038e+00
3.853047199439374459e+00
3.456872288489291734e+00
3.511190992337356320e+00
3.658775615718177665e+00
3.151824007741709899e+00
3.839659622925436278e+00
4.115051633265228048e+00
4.305704267921710127e+00
2.710753939087621411e+00
3.104999369570318635e+00
2.608625031645951164e+00
2.883822703221039951e+00
3.094017753403103477e+00
3.834613477370583112e+00
3.502244990978982564e+00
3.863474346851552887e+00
2.393385369287589270e+00
3.602641977443300725e+00
4.502965834316997373e+00
4.067726406526612770e+00
4.714716216131941806e+00
5.329132343282457995e+00
3.500504374286063314e+00
5.273548006273310662e+00
5.450910784704188217e+00
4.258853991730386923e+00
5.124875523898069218e+00
5.936004184829687169e+00
3.022085495578433090e+00
5.422236287439705649e+00
6.158066129725526139e+00
4.927172418067474524e+00
4.574379423220159779e+00
4.858048636917487784e+00
5.093342876614451065e+00
7.867498044804108304e+00
3.222959154486789046e+00
4.815896079821279763e+00
4.568659674041419372e+00
7.437579879451206466e+00
5.116501727224664009e+00
5.751919524161820618e+00
5.652270027471494984e+00
4.190644082564717543e+00
5.820979526557604089e+00
6.152803353738165448e+00
7.024248448853263938e+00
6.039570628069807157e+00
6.402958559551673368e+00
7.104397585840451335e+00
5.197512903882126167e+00
7.315737704963399146e+00
7.435117762180744272e+00
8.359973550007282483e+00
6.029638507428910721e+00
4.249191733405855764e+00
5.228478975701683851e+00
6.506354470421563896e+00
7.284479678352889565e+00
8.751259391787082009e+00
5.945406011030639704e+00
7.195286888846148088e+00
5.385201194074939579e+00
5.807036420248129716e+00
6.181132048784789390e+00
8.569669190928967950e+00
6.913461477504437624e+00
6.935127104235808915e+00
6.262371516917058401e+00
6.761003056941738087e+00
6.383916637743672240e+00
5.692503731190200256e+00
9.521597217408114489e+00
6.771893197373157314e+00
6.562396095570959709e+00
9.586305473941619582e+00
6.343677006178388922e+00
8.675206583525326920e+00
8.291339425159907961e+00
5.145579585101431874e+00
1.460341017334496838e+00
7.000894559062986744e+00
3.332999347940533763e+00
1.908606572624338638e+00
6.290679187263955363e+00
2.122820294840020772e+00
3.746250286048001144e+00
3.039281854121954840e+00
3.086870689247739552e+00
1.762750888930599835e+00
1.984830470103194022e+00
7.026239787284369598e+00
4.575550562726963477e+00
4.576287739666319965e+00
-1.506992476921742707e-01
3.291010075191938888e+00
2.869739714243309692e+01
4.030724971233610177e+00
2.617834772754092487e+00
1.402020654238918640e+00
3.089459966944130720e+00
2.521483042067134583e+00
-9.950348637125916440e-01
3.106346784722142207e+00
3.261938875138274962e+00
4.265121714504987338e+00
4.442883265432028495e+00
5.819419021113239054e+00
4.405605436636912842e+00
5.615103975895753052e+00
-2.622915475694992615e+00
1.401181014599993002e+00
4.720841038473103879e+00
1.268428134770193338e+00
2.875822006423883748e-02
3.040918222159050721e+00
7.107268185873896194e-01
2.559877068106344300e+00
-2.513116675847169468e+00
3.615677799069913156e+00
3.005226410383453839e+00
-2.015141459523398515e-01
5.690962568869204929e+00
2.621210822415449559e+00
4.193389237838629491e+00
-5.350834608278194793e+00
4.844282940041133578e+00
6.580713747183271067e-01
4.246007658570852605e+00
2.647848054375787186e+00
5.965997826567206452e-01
-5.500894998160577032e-02
1.782550309641384390e+00
-3.664233524777408491e+00
-1.351172212774942594e-01
-5.842430938563049736e+00
-4.085473381514135305e-01
-3.529182853016562760e+00
7.009084653669344078e-01
1.890952170664496057e+00
3.966560119318482958e+00
-8.275258233945864461e+00
-2.164152955973621673e-01
5.995252691810877721e+00
-4.963942565884585711e+00
-3.831015114832929225e+00
-3.243002813563573117e+00
3.449939757926996364e+00
2.610415284192228569e+00
-4.213787813347510181e+00
5.385982286988942214e+00
1.392011911635098187e-01
-4.906313518697736242e+00
6.469781039069934181e+00
-4.511428911510700246e+00
-2.120273466342086355e+00
-7.407143701463640539e+00
6.128249315712513301e+00
-1.520111160393938565e+00
-1.380226831053372649e+01
-7.768078495381688597e+00
1.092684841208330937e+01
-4.160412438422145698e+00
-1.118111241189950711e+01
5.969371160686206323e+00
1.050989254228468894e+01
-1.017436166770085748e+01
-1.099042662049573771e+01
-1.651220728560298889e+00
-3.674157370666972788e+00
-1.216134069922507877e+01
-2.164998078389341440e+00
-1.434070240663199947e+01
1.086629749762209884e-01
-9.056508065539091490e+00
-1.410630935520726936e+01
8.270270214524449770e+00
-2.201550219900978878e+00
5.944224578410226556e-01
6.836165109829847708e+00
-1.017166804690172555e+01
-1.664224727132624371e-01
7.127587195219014404e+00
-1.190352609432239461e+01
-2.737132788459621491e+00
-3.637419002696766324e+00
4.744971741209565330e+00
-1.324881412753178012e+01
3.982801560174874744e+00
-3.442369292722653906e+00
1.354953823911511535e+00
-1.051401112728024145e+01
-1.246990163839774013e+01
-1.142838707346303906e+01
-3.081022782906389867e+00
-3.384923319744472803e+00
-4.637154409441242464e+00
-6.086953676131112267e+00
6.835524616836707867e-01
-7.948379320104684176e+00
-1.114585572705329319e+00
-3.325954133671660706e+00
-1.174964880236101195e+01
1.247376069337939430e+00
-9.924855135179395660e-01
-1.576706887766138721e+01
-7.643050008473963430e+00
-5.802927067016515394e+00
7.363576700889615800e+00
-6.789674442015479983e+00
-2.491122487411228548e+00
-1.088607081719236014e+01
4.639763371704268557e+00
-1.739661370462770051e+01
-2.982552360168534644e+00
-9.298474022699650732e+00
1.350586386118113325e-01
-5.934380457151479327e+00
-2.851985479503896137e+00
-6.041046120323005475e+00
-1.289476309551206157e+01
-8.343944597803913510e+00
-1.250038615411350662e+01
-9.301234844226460297e+00
-7.808988261459978375e+00
1.316023077794144314e+01
-2.972150540020206400e+00
-2.558370732833544992e+01
-9.163562595486784090e+00
9.325172443697045566e+00
-1.218367228010646741e+01
2.411001670046262646e+00
-1.615593765163843187e+01
-1.718376579711644325e+01
-3.658698371267360017e+01
-1.182672128451601523e+00
-3.164507477629002352e+01
-1.445735472492464346e+01
-8.739196579924923824e-01
-2.159329361893571431e+01
-6.948438169733613279e+00
-6.777833190086310466e+00
-5.530397824181273236e+00
-8.731383609307897586e+00
-4.929857772528793092e+00
-2.080010353184520255e+01
-2.326342560489493394e+01
-1.426201871062023230e+00
-2.648120727411463804e+01
-2.082155246253541847e+01
-8.759007329126124120e+00
-5.430227880457654521e+01
2.239979639458302429e+01
-4.644270043177215967e+01
-5.300386283221613093e-01
1.084729014088017784e+01
-1.132579890516390897e+01
1.058965105786167271e+01
3.755449845840524326e+00
-4.350882236004906645e+01
1.907011090266800935e+00
-6.336096977711520140e+00
1.284815162272623468e+01
-1.484182690617758560e+01
-4.168070661988008396e+01
-4.380324613024755287e+00
-3.040877084586058032e+01
1.483211144331736620e+01
-2.540504820264291652e+01
-7.239249218943930586e+00
-1.809748579055237627e+01
-1.175755752027623835e+01
-2.816413847265009096e+01
-5.248949597453419713e+00
-2.985734471952402203e+01
4.637039506719738569e+01
-2.188275777541885248e+01
-3.843397580862919938e+01
-2.903997280493131328e+01
-4.814712700541824120e+01
1.538882625156025519e+01
-4.102739780126287172e+01
-2.289526916848401150e+00
-1.302630352975207018e+01
-5.020302386999057731e+00
-7.334331985379967023e+01
-5.878155617670103794e+01
-1.167767183417244610e+02
-1.022579474664702843e+02
7.301293718000420085e+01
-6.619836757175666264e+01
-3.163226280089516251e+01
-2.261364656647571181e+01
-8.025762613432708292e+01
-5.713621480212933790e+01
-1.025025866896585569e+02
-1.433503166878998059e+02
-3.217575485227834520e+01
-9.044698399936902433e+01
-2.827497280212618946e+01
-4.274025282702337591e+01
5.346330830234418130e+01
-8.778667307874449932e+00
-1.127508782935229590e+02
-4.132363629641928071e+01
-1.297473524134395859e+02
-1.306860471074766679e+02
-2.321221813731821726e+02
-8.932646572602627089e+01
-1.359102122326149811e+02
-3.443452800597469832e+01
-1.996401797988156446e+01
-9.010390957103723508e+01
-4.263686305163093948e+01
-2.906293851424927652e+02
4.871610110104441560e+01
-1.516351555099899713e+02
-9.477311221582523615e+01
-6.462247739321762197e+01
-7.483355273386611373e+01
-2.642182807273299545e+02
-1.110276328173637523e+02
-3.469592960093923040e+01
-1.112897454521018261e+02
1.272127888303945582e+02
-4.803964079761599351e+02
-3.583751735955327149e+02
-1.978130007763955973e+02
-4.150424086923453046e+02
-1.386570095239399052e+02
-2.363234648583746207e+02
-9.533932112396222180e+01
-7.857127336560445201e+02
-1.661440385455590558e+02
-2.035879856699266952e+02
-2.688120636116867246e+00
-1.638939389145865988e+01
-1.789031515273521563e+03
4.289352586093579589e+02
8.585382972727201434e+01
-2.404871135652668954e+02
-5.868704683491799301e+01
-3.761915051160814301e+02
-7.565828211253426616e+02
-4.880218380854396969e+02
-2.689087556728030108e+02
-2.335274005483530004e+02
-2.045662298734995375e+03
-6.611895405245898019e+02
-1.570685543165860736e+02
-4.733494824373035215e+01
2.713477893317271992e+02
-5.189092589388453689e+02
-6.006480098352230925e+02
3.012481139128404720e+03
3.364203776444959999e+02
-3.061108767287464616e+00
-5.026940722965384225e+02
-2.254729320856444872e+02
5.573200426450025589e+02
-1.481103582997310468e+03
-1.356500848019839850e+03
-1.530236009339930092e+02
-5.507625504328055968e+02
-8.781924376098196205e+01
-2.967769896951336932e+02
-1.309721130029876576e+03
-5.613578775128560665e+03
