1.801166666666666515e+03
2.038499999999999773e+03
7.060000000000000000e+02
8.245000000000000000e+02
9.821666666666666288e+02
1.130166666666666515e+03
1.182166666666666515e+03
1.198833333333333258e+03
1.215166666666666515e+03
1.234500000000000000e+03
1.239833333333333258e+03
1.264000000000000000e+03
1.255500000000000000e+03
1.273000000000000000e+03
1.277833333333333258e+03
1.311166666666666515e+03
1.326166666666666515e+03
1.332666666666666515e+03
1.296500000000000000e+03
1.277333333333333258e+03
1.278333333333333258e+03
1.315833333333333258e+03
1.305500000000000000e+03
1.336833333333333258e+03
1.329166666666666515e+03
1.302166666666666515e+03
1.234666666666666515e+03
1.207500000000000000e+03
1.256333333333333258e+03
1.277333333333333258e+03
1.298000000000000000e+03
1.291000000000000000e+03
1.300500000000000000e+03
1.298666666666666515e+03
1.307666666666666515e+03
1.311500000000000000e+03
1.297666666666666515e+03
1.266666666666666515e+03
1.277500000000000000e+03
1.257333333333333258e+03
1.293000000000000000e+03
1.265166666666666515e+03
1.321333333333333258e+03
1.287666666666666515e+03
1.289000000000000000e+03
1.272500000000000000e+03
1.265666666666666515e+03
1.288833333333333258e+03
1.286833333333333258e+03
1.301333333333333258e+03
1.271666666666666515e+03
1.265000000000000000e+03
1.261833333333333258e+03
1.280833333333333258e+03
1.310666666666666515e+03
1.296166666666666515e+03
1.294500000000000000e+03
1.264000000000000000e+03
1.283666666666666515e+03
1.284000000000000000e+03
1.268166666666666515e+03
1.256666666666666515e+03
1.235333333333333258e+03
1.245500000000000000e+03
1.275833333333333258e+03
1.281666666666666515e+03
1.261500000000000000e+03
1.241166666666666515e+03
1.240166666666666515e+03
1.227166666666666515e+03
1.200333333333333258e+03
1.211666666666666515e+03
1.230666666666666515e+03
1.236666666666666515e+03
1.241666666666666515e+03
1.246500000000000000e+03
1.280500000000000000e+03
1.279833333333333258e+03
1.279500000000000000e+03
1.256833333333333258e+03
1.270833333333333258e+03
1.281500000000000000e+03
1.289333333333333258e+03
1.311833333333333258e+03
1.323666666666666515e+03
1.330000000000000000e+03
1.293833333333333258e+03
1.259000000000000000e+03
1.270000000000000000e+03
1.282666666666666515e+03
1.301166666666666515e+03
1.261500000000000000e+03
1.241833333333333258e+03
1.224000000000000000e+03
1.270000000000000000e+03
1.276666666666666515e+03
1.328833333333333258e+03
1.296666666666666515e+03
1.293833333333333258e+03
1.266166666666666515e+03
1.294000000000000000e+03
1.249666666666666515e+03
1.267666666666666515e+03
1.267666666666666515e+03
1.317166666666666515e+03
1.300833333333333258e+03
1.285166666666666515e+03
1.281500000000000000e+03
1.263666666666666515e+03
1.286833333333333258e+03
1.286500000000000000e+03
1.293000000000000000e+03
1.298666666666666515e+03
1.283166666666666515e+03
1.305333333333333258e+03
1.271500000000000000e+03
1.310666666666666515e+03
1.288333333333333258e+03
1.261500000000000000e+03
1.213500000000000000e+03
1.239666666666666515e+03
1.289833333333333258e+03
1.289500000000000000e+03
1.267666666666666515e+03
1.228833333333333258e+03
1.210166666666666515e+03
1.209833333333333258e+03
1.226666666666666515e+03
1.287166666666666515e+03
1.285333333333333258e+03
1.289166666666666515e+03
1.262833333333333258e+03
1.257500000000000000e+03
1.292666666666666515e+03
1.309166666666666515e+03
1.330333333333333258e+03
1.306166666666666515e+03
1.284000000000000000e+03
1.288000000000000000e+03
1.281333333333333258e+03
1.316000000000000000e+03
1.267666666666666515e+03
1.235500000000000000e+03
1.244833333333333258e+03
1.269000000000000000e+03
1.288166666666666515e+03
1.283000000000000000e+03
1.277333333333333258e+03
1.301000000000000000e+03
1.312833333333333258e+03
1.317333333333333258e+03
1.313333333333333258e+03
1.313833333333333258e+03
1.343666666666666515e+03
1.355500000000000000e+03
1.309166666666666515e+03
1.319833333333333258e+03
1.316833333333333258e+03
1.325666666666666515e+03
1.310333333333333258e+03
1.256333333333333258e+03
1.260166666666666515e+03
1.258333333333333258e+03
1.286833333333333258e+03
1.284333333333333258e+03
1.284833333333333258e+03
1.273166666666666515e+03
1.264500000000000000e+03
1.279000000000000000e+03
1.287000000000000000e+03
1.324833333333333258e+03
1.331000000000000000e+03
1.332833333333333258e+03
1.292833333333333258e+03
1.253500000000000000e+03
1.256000000000000000e+03
1.233666666666666515e+03
1.262833333333333258e+03
1.242166666666666515e+03
1.260833333333333258e+03
1.249666666666666515e+03
1.255833333333333258e+03
1.286666666666666515e+03
1.293166666666666515e+03
1.326166666666666515e+03
1.310500000000000000e+03
1.278833333333333258e+03
1.265833333333333258e+03
1.276500000000000000e+03
1.266500000000000000e+03
1.285666666666666515e+03
1.300166666666666515e+03
1.335833333333333258e+03
1.317166666666666515e+03
1.287833333333333258e+03
1.272166666666666515e+03
1.304500000000000000e+03
1.281333333333333258e+03
1.253666666666666515e+03
1.202000000000000000e+03
1.245000000000000000e+03
1.274000000000000000e+03
1.331500000000000000e+03
1.306166666666666515e+03
1.306000000000000000e+03
1.242666666666666515e+03
1.258500000000000000e+03
1.269666666666666515e+03
1.303833333333333258e+03
1.291000000000000000e+03
1.268333333333333258e+03
1.264166666666666515e+03
1.321166666666666515e+03
1.324166666666666515e+03
1.307666666666666515e+03
1.248833333333333258e+03
1.284500000000000000e+03
1.286666666666666515e+03
1.285166666666666515e+03
1.260500000000000000e+03
1.301833333333333258e+03
1.330000000000000000e+03
1.336666666666666515e+03
1.332666666666666515e+03
1.339166666666666515e+03
1.323333333333333258e+03
1.268000000000000000e+03
1.257000000000000000e+03
1.240333333333333258e+03
1.257333333333333258e+03
1.234000000000000000e+03
1.265666666666666515e+03
1.287833333333333258e+03
1.308333333333333258e+03
1.326666666666666515e+03
1.310666666666666515e+03
1.308333333333333258e+03
1.304000000000000000e+03
1.296333333333333258e+03
1.281833333333333258e+03
1.259333333333333258e+03
1.294166666666666515e+03
1.325833333333333258e+03
1.333666666666666515e+03
1.322000000000000000e+03
1.328166666666666515e+03
1.303166666666666515e+03
1.303833333333333258e+03
1.250000000000000000e+03
1.280333333333333258e+03
1.269333333333333258e+03
1.299166666666666515e+03
1.305833333333333258e+03
1.321666666666666515e+03
1.313500000000000000e+03
1.295166666666666515e+03
1.280000000000000000e+03
1.264166666666666515e+03
1.286666666666666515e+03
1.280833333333333258e+03
1.314500000000000000e+03
1.292666666666666515e+03
1.282166666666666515e+03
1.269000000000000000e+03
1.259333333333333258e+03
1.287833333333333258e+03
1.262166666666666515e+03
1.271666666666666515e+03
1.253666666666666515e+03
1.245500000000000000e+03
1.231000000000000000e+03
1.226833333333333258e+03
1.283500000000000000e+03
1.286833333333333258e+03
1.274000000000000000e+03
1.248333333333333258e+03
1.267166666666666515e+03
1.285666666666666515e+03
1.320833333333333258e+03
1.358666666666666515e+03
1.397666666666666515e+03
1.358500000000000000e+03
1.300666666666666515e+03
1.242833333333333258e+03
1.253833333333333258e+03
1.282666666666666515e+03
1.292333333333333258e+03
1.280166666666666515e+03
1.291500000000000000e+03
1.292500000000000000e+03
1.311500000000000000e+03
1.306166666666666515e+03
1.296333333333333258e+03
1.227166666666666515e+03
1.185166666666666515e+03
1.195000000000000000e+03
1.281166666666666515e+03
1.286666666666666515e+03
1.279666666666666515e+03
1.248666666666666515e+03
1.268333333333333258e+03
1.275833333333333258e+03
1.282333333333333258e+03
1.254833333333333258e+03
1.246000000000000000e+03
1.225166666666666515e+03
1.255000000000000000e+03
1.262000000000000000e+03
1.275000000000000000e+03
1.268166666666666515e+03
1.282666666666666515e+03
1.289166666666666515e+03
1.316333333333333258e+03
1.318666666666666515e+03
1.307666666666666515e+03
1.262500000000000000e+03
1.279500000000000000e+03
1.269500000000000000e+03
1.285166666666666515e+03
1.283666666666666515e+03
1.320833333333333258e+03
1.357666666666666515e+03
1.341000000000000000e+03
1.328500000000000000e+03
1.326333333333333258e+03
1.335500000000000000e+03
1.312500000000000000e+03
1.304833333333333258e+03
1.303500000000000000e+03
1.321333333333333258e+03
1.298500000000000000e+03
1.297000000000000000e+03
1.303500000000000000e+03
1.318833333333333258e+03
1.340000000000000000e+03
1.335500000000000000e+03
1.354833333333333258e+03
1.356500000000000000e+03
1.346333333333333258e+03
1.306000000000000000e+03
1.308500000000000000e+03
1.258166666666666515e+03
1.243833333333333258e+03
1.212666666666666515e+03
1.273166666666666515e+03
1.288333333333333258e+03
1.305666666666666515e+03
1.294166666666666515e+03
1.277000000000000000e+03
1.239333333333333258e+03
1.249833333333333258e+03
1.236500000000000000e+03
1.232333333333333258e+03
1.263666666666666515e+03
1.313000000000000000e+03
1.353833333333333258e+03
1.296333333333333258e+03
1.286000000000000000e+03
1.285166666666666515e+03
1.281166666666666515e+03
1.270666666666666515e+03
1.271833333333333258e+03
1.298666666666666515e+03
1.310000000000000000e+03
1.267666666666666515e+03
1.283500000000000000e+03
1.300166666666666515e+03
1.358833333333333258e+03
1.331833333333333258e+03
1.317000000000000000e+03
1.256000000000000000e+03
1.290833333333333258e+03
1.295500000000000000e+03
1.300500000000000000e+03
1.258666666666666515e+03
1.277166666666666515e+03
1.309833333333333258e+03
1.323833333333333258e+03
1.279166666666666515e+03
1.252000000000000000e+03
1.266000000000000000e+03
1.272333333333333258e+03
1.296666666666666515e+03
1.299166666666666515e+03
1.320500000000000000e+03
1.341666666666666515e+03
1.348833333333333258e+03
1.358166666666666515e+03
1.322833333333333258e+03
1.290166666666666515e+03
1.253333333333333258e+03
1.271333333333333258e+03
1.285500000000000000e+03
1.326333333333333258e+03
1.302166666666666515e+03
1.319500000000000000e+03
1.265833333333333258e+03
1.284000000000000000e+03
1.246000000000000000e+03
1.270166666666666515e+03
1.284500000000000000e+03
1.312333333333333258e+03
1.327333333333333258e+03
1.331666666666666515e+03
1.309000000000000000e+03
1.295666666666666515e+03
1.254166666666666515e+03
1.272166666666666515e+03
1.273500000000000000e+03
1.257000000000000000e+03
1.274500000000000000e+03
1.291500000000000000e+03
1.329833333333333258e+03
1.307166666666666515e+03
1.322500000000000000e+03
1.296000000000000000e+03
1.329666666666666515e+03
1.328333333333333258e+03
1.345333333333333258e+03
1.333000000000000000e+03
1.318833333333333258e+03
1.358666666666666515e+03
1.351833333333333258e+03
1.352666666666666515e+03
1.325166666666666515e+03
1.309333333333333258e+03
1.305166666666666515e+03
1.285666666666666515e+03
1.280666666666666515e+03
1.257166666666666515e+03
1.253833333333333258e+03
1.267000000000000000e+03
1.266666666666666515e+03
1.296666666666666515e+03
1.280666666666666515e+03
1.279666666666666515e+03
1.242666666666666515e+03
1.236833333333333258e+03
1.244666666666666515e+03
1.281333333333333258e+03
1.295833333333333258e+03
1.291000000000000000e+03
1.272666666666666515e+03
1.276166666666666515e+03
1.299333333333333258e+03
1.302166666666666515e+03
1.273500000000000000e+03
1.222000000000000000e+03
1.221333333333333258e+03
1.235500000000000000e+03
1.269666666666666515e+03
1.282333333333333258e+03
1.299166666666666515e+03
1.289500000000000000e+03
1.250666666666666515e+03
1.244666666666666515e+03
1.287333333333333258e+03
1.335666666666666515e+03
1.300500000000000000e+03
1.269666666666666515e+03
1.252833333333333258e+03
1.289500000000000000e+03
1.294833333333333258e+03
1.306333333333333258e+03
1.327000000000000000e+03
1.318500000000000000e+03
1.297000000000000000e+03
1.278166666666666515e+03
1.282166666666666515e+03
1.311166666666666515e+03
1.293166666666666515e+03
1.279666666666666515e+03
1.276333333333333258e+03
1.293333333333333258e+03
1.308666666666666515e+03
1.287500000000000000e+03
1.284666666666666515e+03
1.307666666666666515e+03
1.313333333333333258e+03
1.290500000000000000e+03
1.256500000000000000e+03
1.256166666666666515e+03
1.301166666666666515e+03
1.342000000000000000e+03
1.311166666666666515e+03
1.276166666666666515e+03
1.242500000000000000e+03
1.256666666666666515e+03
1.254333333333333258e+03
1.289333333333333258e+03
1.324333333333333258e+03
1.354000000000000000e+03
1.296500000000000000e+03
1.253000000000000000e+03
1.260500000000000000e+03
1.309666666666666515e+03
1.306833333333333258e+03
1.288166666666666515e+03
1.280000000000000000e+03
1.313500000000000000e+03
1.306500000000000000e+03
1.309000000000000000e+03
1.306666666666666515e+03
1.307500000000000000e+03
1.304833333333333258e+03
1.294166666666666515e+03
1.310333333333333258e+03
1.292666666666666515e+03
1.270500000000000000e+03
1.232333333333333258e+03
1.232833333333333258e+03
1.222500000000000000e+03
1.209000000000000000e+03
1.200166666666666515e+03
1.226166666666666515e+03
1.274000000000000000e+03
1.261833333333333258e+03
1.288666666666666515e+03
1.273666666666666515e+03
1.277000000000000000e+03
1.262000000000000000e+03
1.273500000000000000e+03
1.253166666666666515e+03
1.271500000000000000e+03
1.250500000000000000e+03
1.287833333333333258e+03
1.256333333333333258e+03
1.274166666666666515e+03
1.280000000000000000e+03
1.263500000000000000e+03
1.207666666666666515e+03
1.210666666666666515e+03
1.230500000000000000e+03
1.252833333333333258e+03
1.206833333333333258e+03
1.232166666666666515e+03
1.300833333333333258e+03
1.329000000000000000e+03
1.306666666666666515e+03
1.285166666666666515e+03
1.330000000000000000e+03
1.325666666666666515e+03
1.312000000000000000e+03
1.267166666666666515e+03
1.287000000000000000e+03
1.308666666666666515e+03
1.335000000000000000e+03
1.368500000000000000e+03
1.375500000000000000e+03
1.394000000000000000e+03
1.353500000000000000e+03
1.340833333333333258e+03
1.326166666666666515e+03
1.331000000000000000e+03
1.308666666666666515e+03
1.292666666666666515e+03
1.283833333333333258e+03
1.285333333333333258e+03
1.288333333333333258e+03
1.302000000000000000e+03
1.311666666666666515e+03
1.323500000000000000e+03
1.300500000000000000e+03
1.272500000000000000e+03
1.262666666666666515e+03
1.262833333333333258e+03
1.280833333333333258e+03
1.251166666666666515e+03
1.263833333333333258e+03
1.261166666666666515e+03
1.271000000000000000e+03
1.322666666666666515e+03
1.335666666666666515e+03
1.326833333333333258e+03
1.264833333333333258e+03
1.253000000000000000e+03
1.268333333333333258e+03
1.294333333333333258e+03
1.294000000000000000e+03
1.292666666666666515e+03
1.250833333333333258e+03
1.224500000000000000e+03
1.239166666666666515e+03
1.294000000000000000e+03
1.309000000000000000e+03
1.292666666666666515e+03
1.250666666666666515e+03
1.282500000000000000e+03
1.295833333333333258e+03
1.308000000000000000e+03
1.266500000000000000e+03
1.234000000000000000e+03
1.231166666666666515e+03
1.243833333333333258e+03
1.264666666666666515e+03
1.285500000000000000e+03
1.316833333333333258e+03
1.336166666666666515e+03
1.318000000000000000e+03
1.273666666666666515e+03
1.292666666666666515e+03
1.299666666666666515e+03
1.349333333333333258e+03
1.336000000000000000e+03
1.335000000000000000e+03
1.296833333333333258e+03
1.288166666666666515e+03
1.294500000000000000e+03
1.316666666666666515e+03
1.302333333333333258e+03
1.285500000000000000e+03
1.267166666666666515e+03
1.245333333333333258e+03
1.268000000000000000e+03
1.281666666666666515e+03
1.333166666666666515e+03
1.314666666666666515e+03
1.292833333333333258e+03
1.221333333333333258e+03
1.197500000000000000e+03
1.203666666666666515e+03
1.254666666666666515e+03
1.254500000000000000e+03
1.261833333333333258e+03
1.250333333333333258e+03
1.274333333333333258e+03
1.271333333333333258e+03
1.265500000000000000e+03
1.262833333333333258e+03
1.262666666666666515e+03
1.270333333333333258e+03
1.269833333333333258e+03
1.286333333333333258e+03
1.286333333333333258e+03
1.290333333333333258e+03
1.287833333333333258e+03
1.266833333333333258e+03
1.239666666666666515e+03
1.235166666666666515e+03
1.239500000000000000e+03
1.239000000000000000e+03
1.253500000000000000e+03
1.263833333333333258e+03
1.297833333333333258e+03
1.287666666666666515e+03
1.290500000000000000e+03
1.293000000000000000e+03
1.276000000000000000e+03
1.309000000000000000e+03
1.302833333333333258e+03
1.331000000000000000e+03
1.330666666666666515e+03
1.306500000000000000e+03
1.311166666666666515e+03
1.282500000000000000e+03
1.318500000000000000e+03
1.318333333333333258e+03
1.316000000000000000e+03
1.275833333333333258e+03
1.277000000000000000e+03
1.323666666666666515e+03
1.375333333333333258e+03
1.350833333333333258e+03
1.310500000000000000e+03
1.313000000000000000e+03
1.316000000000000000e+03
1.319000000000000000e+03
1.285166666666666515e+03
1.278666666666666515e+03
1.306833333333333258e+03
1.340500000000000000e+03
1.341500000000000000e+03
1.299333333333333258e+03
1.283833333333333258e+03
1.304666666666666515e+03
1.315500000000000000e+03
1.294333333333333258e+03
1.287833333333333258e+03
1.297666666666666515e+03
1.303000000000000000e+03
1.273833333333333258e+03
1.240833333333333258e+03
1.244666666666666515e+03
1.264166666666666515e+03
1.291833333333333258e+03
1.290000000000000000e+03
1.252333333333333258e+03
1.236666666666666515e+03
1.257500000000000000e+03
1.291166666666666515e+03
1.297500000000000000e+03
1.276166666666666515e+03
1.295333333333333258e+03
1.307833333333333258e+03
1.299000000000000000e+03
1.266666666666666515e+03
1.254166666666666515e+03
1.253833333333333258e+03
1.280000000000000000e+03
1.287166666666666515e+03
1.295333333333333258e+03
1.276833333333333258e+03
1.297166666666666515e+03
1.303500000000000000e+03
1.315833333333333258e+03
1.306333333333333258e+03
1.285000000000000000e+03
1.332500000000000000e+03
1.336500000000000000e+03
1.346166666666666515e+03
1.271166666666666515e+03
1.238833333333333258e+03
1.261166666666666515e+03
1.260666666666666515e+03
1.295000000000000000e+03
1.251000000000000000e+03
1.251833333333333258e+03
1.187333333333333258e+03
1.216500000000000000e+03
1.233000000000000000e+03
1.269666666666666515e+03
1.268166666666666515e+03
1.270333333333333258e+03
1.286500000000000000e+03
1.317333333333333258e+03
1.319166666666666515e+03
1.349666666666666515e+03
1.348666666666666515e+03
1.328500000000000000e+03
1.245000000000000000e+03
1.216500000000000000e+03
1.235666666666666515e+03
1.270500000000000000e+03
1.245500000000000000e+03
1.242500000000000000e+03
1.252833333333333258e+03
1.237666666666666515e+03
1.223166666666666515e+03
1.253666666666666515e+03
1.303166666666666515e+03
1.316500000000000000e+03
1.278333333333333258e+03
1.247333333333333258e+03
1.249833333333333258e+03
1.255833333333333258e+03
1.240833333333333258e+03
1.243666666666666515e+03
1.225000000000000000e+03
1.264500000000000000e+03
1.259166666666666515e+03
1.282833333333333258e+03
1.261500000000000000e+03
1.287166666666666515e+03
1.256500000000000000e+03
1.261333333333333258e+03
1.231833333333333258e+03
1.234166666666666515e+03
1.226500000000000000e+03
1.226000000000000000e+03
1.264166666666666515e+03
1.265000000000000000e+03
1.267333333333333258e+03
1.268666666666666515e+03
1.269000000000000000e+03
1.314000000000000000e+03
1.342833333333333258e+03
1.343166666666666515e+03
1.330500000000000000e+03
1.299833333333333258e+03
1.300166666666666515e+03
1.273000000000000000e+03
1.229000000000000000e+03
1.320500000000000000e+03
1.293000000000000000e+03
1.316833333333333258e+03
1.234166666666666515e+03
1.256166666666666515e+03
1.274166666666666515e+03
1.280000000000000000e+03
1.286833333333333258e+03
1.274333333333333258e+03
1.274666666666666515e+03
1.267166666666666515e+03
1.263333333333333258e+03
1.268833333333333258e+03
1.260666666666666515e+03
1.277166666666666515e+03
1.259166666666666515e+03
1.307000000000000000e+03
1.294000000000000000e+03
1.300000000000000000e+03
1.278500000000000000e+03
1.284500000000000000e+03
1.307166666666666515e+03
1.332000000000000000e+03
1.334833333333333258e+03
1.339166666666666515e+03
1.340500000000000000e+03
1.347333333333333258e+03
1.332333333333333258e+03
1.308333333333333258e+03
1.271166666666666515e+03
1.247000000000000000e+03
1.268833333333333258e+03
1.300500000000000000e+03
1.334833333333333258e+03
1.298000000000000000e+03
1.301500000000000000e+03
1.265833333333333258e+03
1.253833333333333258e+03
1.247666666666666515e+03
1.256666666666666515e+03
1.309333333333333258e+03
1.312166666666666515e+03
1.320333333333333258e+03
1.322333333333333258e+03
1.347333333333333258e+03
1.356000000000000000e+03
1.315000000000000000e+03
1.266333333333333258e+03
1.251333333333333258e+03
1.255500000000000000e+03
1.260000000000000000e+03
1.263333333333333258e+03
1.260166666666666515e+03
1.272666666666666515e+03
1.280000000000000000e+03
1.272000000000000000e+03
1.248000000000000000e+03
1.233000000000000000e+03
1.234666666666666515e+03
1.259000000000000000e+03
1.270833333333333258e+03
1.261833333333333258e+03
1.250833333333333258e+03
1.236500000000000000e+03
1.257833333333333258e+03
1.267333333333333258e+03
1.256666666666666515e+03
1.225666666666666515e+03
1.184833333333333258e+03
1.228000000000000000e+03
1.260000000000000000e+03
1.284166666666666515e+03
1.256166666666666515e+03
1.249833333333333258e+03
1.255500000000000000e+03
1.239666666666666515e+03
1.255333333333333258e+03
1.258500000000000000e+03
1.263833333333333258e+03
1.229166666666666515e+03
1.242833333333333258e+03
1.247166666666666515e+03
1.237000000000000000e+03
1.222500000000000000e+03
1.257666666666666515e+03
1.276500000000000000e+03
1.282666666666666515e+03
1.240666666666666515e+03
1.237666666666666515e+03
1.196500000000000000e+03
1.201000000000000000e+03
1.206166666666666515e+03
1.253666666666666515e+03
1.250666666666666515e+03
1.274000000000000000e+03
1.294500000000000000e+03
1.334000000000000000e+03
1.336833333333333258e+03
1.336833333333333258e+03
1.304000000000000000e+03
1.293166666666666515e+03
1.242000000000000000e+03
1.272833333333333258e+03
1.271166666666666515e+03
1.310666666666666515e+03
1.293166666666666515e+03
1.294833333333333258e+03
1.278500000000000000e+03
1.314333333333333258e+03
1.326000000000000000e+03
1.347500000000000000e+03
1.328833333333333258e+03
1.338333333333333258e+03
1.352166666666666515e+03
1.358500000000000000e+03
1.355166666666666515e+03
1.331166666666666515e+03
1.326333333333333258e+03
1.288333333333333258e+03
1.249833333333333258e+03
1.236000000000000000e+03
1.269500000000000000e+03
1.321666666666666515e+03
1.337166666666666515e+03
1.332500000000000000e+03
1.329833333333333258e+03
1.331833333333333258e+03
1.324500000000000000e+03
1.334666666666666515e+03
1.318833333333333258e+03
1.320333333333333258e+03
1.306833333333333258e+03
1.331000000000000000e+03
1.319166666666666515e+03
1.313500000000000000e+03
1.275833333333333258e+03
1.261833333333333258e+03
1.259000000000000000e+03
1.270666666666666515e+03
1.289500000000000000e+03
1.277666666666666515e+03
1.277166666666666515e+03
1.274833333333333258e+03
1.284333333333333258e+03
1.286833333333333258e+03
1.262666666666666515e+03
1.228833333333333258e+03
1.223833333333333258e+03
1.232000000000000000e+03
1.270666666666666515e+03
1.294833333333333258e+03
1.360833333333333258e+03
1.397000000000000000e+03
1.387500000000000000e+03
1.367666666666666515e+03
1.346000000000000000e+03
1.375500000000000000e+03
1.359833333333333258e+03
1.330666666666666515e+03
1.296000000000000000e+03
1.289500000000000000e+03
1.258833333333333258e+03
1.247500000000000000e+03
1.237500000000000000e+03
1.266833333333333258e+03
1.276666666666666515e+03
1.286500000000000000e+03
1.276000000000000000e+03
1.262333333333333258e+03
1.225500000000000000e+03
1.241666666666666515e+03
1.234666666666666515e+03
1.260500000000000000e+03
1.251000000000000000e+03
1.225500000000000000e+03
1.215833333333333258e+03
1.194666666666666515e+03
1.252666666666666515e+03
1.259500000000000000e+03
1.276666666666666515e+03
1.263000000000000000e+03
1.258500000000000000e+03
1.251500000000000000e+03
1.232500000000000000e+03
1.237666666666666515e+03
1.258666666666666515e+03
1.323666666666666515e+03
1.353500000000000000e+03
1.347000000000000000e+03
1.299666666666666515e+03
1.295500000000000000e+03
1.318333333333333258e+03
1.322000000000000000e+03
1.291833333333333258e+03
1.289666666666666515e+03
1.309833333333333258e+03
1.337833333333333258e+03
1.343333333333333258e+03
1.334333333333333258e+03
1.300333333333333258e+03
1.259666666666666515e+03
1.259666666666666515e+03
1.291666666666666515e+03
1.291333333333333258e+03
1.274666666666666515e+03
1.270833333333333258e+03
1.306166666666666515e+03
1.310833333333333258e+03
1.301333333333333258e+03
1.295833333333333258e+03
1.270000000000000000e+03
1.276166666666666515e+03
1.277500000000000000e+03
1.329833333333333258e+03
1.340333333333333258e+03
1.338500000000000000e+03
1.316833333333333258e+03
1.297000000000000000e+03
1.276166666666666515e+03
1.276666666666666515e+03
1.267833333333333258e+03
1.273833333333333258e+03
1.243000000000000000e+03
1.265000000000000000e+03
1.291666666666666515e+03
1.304833333333333258e+03
1.295666666666666515e+03
1.294166666666666515e+03
1.302500000000000000e+03
1.279666666666666515e+03
1.275333333333333258e+03
1.264666666666666515e+03
1.286833333333333258e+03
1.250666666666666515e+03
1.279333333333333258e+03
1.293500000000000000e+03
1.335000000000000000e+03
1.301000000000000000e+03
1.278333333333333258e+03
1.298833333333333258e+03
1.306666666666666515e+03
1.315333333333333258e+03
1.261666666666666515e+03
1.279500000000000000e+03
1.328500000000000000e+03
1.356666666666666515e+03
1.348333333333333258e+03
1.309166666666666515e+03
1.295333333333333258e+03
1.310166666666666515e+03
1.275000000000000000e+03
1.271333333333333258e+03
1.255833333333333258e+03
1.276166666666666515e+03
1.284000000000000000e+03
1.297000000000000000e+03
1.285166666666666515e+03
1.286333333333333258e+03
1.278500000000000000e+03
1.272666666666666515e+03
1.282333333333333258e+03
1.285833333333333258e+03
1.298000000000000000e+03
1.280166666666666515e+03
1.256333333333333258e+03
1.260500000000000000e+03
1.223000000000000000e+03
1.214666666666666515e+03
1.205500000000000000e+03
1.209833333333333258e+03
1.212333333333333258e+03
1.253333333333333258e+03
1.303333333333333258e+03
1.337500000000000000e+03
1.301833333333333258e+03
1.292333333333333258e+03
1.291500000000000000e+03
1.325500000000000000e+03
1.337500000000000000e+03
1.367000000000000000e+03
1.353500000000000000e+03
1.355000000000000000e+03
1.316000000000000000e+03
1.305333333333333258e+03
1.280666666666666515e+03
1.274666666666666515e+03
1.260666666666666515e+03
1.251833333333333258e+03
1.260166666666666515e+03
1.248333333333333258e+03
1.278666666666666515e+03
1.274166666666666515e+03
1.273500000000000000e+03
1.246000000000000000e+03
1.236833333333333258e+03
1.243166666666666515e+03
1.250166666666666515e+03
1.262666666666666515e+03
1.340500000000000000e+03
1.362833333333333258e+03
1.366833333333333258e+03
1.322666666666666515e+03
1.292666666666666515e+03
1.315000000000000000e+03
1.298166666666666515e+03
1.291666666666666515e+03
1.248500000000000000e+03
1.280166666666666515e+03
1.291833333333333258e+03
1.331000000000000000e+03
1.309833333333333258e+03
1.342000000000000000e+03
1.336333333333333258e+03
1.326000000000000000e+03
1.287333333333333258e+03
1.273000000000000000e+03
1.306166666666666515e+03
1.312833333333333258e+03
1.291666666666666515e+03
1.244000000000000000e+03
1.268000000000000000e+03
1.287666666666666515e+03
1.302166666666666515e+03
1.261833333333333258e+03
1.252500000000000000e+03
1.235000000000000000e+03
1.283166666666666515e+03
1.296833333333333258e+03
1.331333333333333258e+03
1.292000000000000000e+03
1.289000000000000000e+03
1.271833333333333258e+03
1.297833333333333258e+03
1.308666666666666515e+03
1.322333333333333258e+03
1.308166666666666515e+03
1.313500000000000000e+03
1.312333333333333258e+03
1.301666666666666515e+03
1.282666666666666515e+03
1.280833333333333258e+03
1.279166666666666515e+03
1.256000000000000000e+03
1.230000000000000000e+03
1.251833333333333258e+03
1.300166666666666515e+03
1.298166666666666515e+03
1.286333333333333258e+03
1.252666666666666515e+03
1.294166666666666515e+03
1.296000000000000000e+03
1.303000000000000000e+03
1.265333333333333258e+03
1.278333333333333258e+03
1.298000000000000000e+03
1.344333333333333258e+03
1.373833333333333258e+03
1.359000000000000000e+03
1.327833333333333258e+03
1.316000000000000000e+03
1.334666666666666515e+03
1.310500000000000000e+03
1.279333333333333258e+03
1.224333333333333258e+03
1.246500000000000000e+03
1.258833333333333258e+03
1.298000000000000000e+03
1.310833333333333258e+03
1.274000000000000000e+03
1.256166666666666515e+03
1.262166666666666515e+03
1.272333333333333258e+03
1.297000000000000000e+03
1.280833333333333258e+03
1.300666666666666515e+03
1.285333333333333258e+03
1.313166666666666515e+03
1.326666666666666515e+03
1.330833333333333258e+03
1.313000000000000000e+03
1.290833333333333258e+03
1.282666666666666515e+03
1.267166666666666515e+03
1.276166666666666515e+03
1.280666666666666515e+03
1.318666666666666515e+03
1.321000000000000000e+03
1.310666666666666515e+03
1.285833333333333258e+03
1.249000000000000000e+03
1.241666666666666515e+03
1.237666666666666515e+03
1.288500000000000000e+03
1.308666666666666515e+03
1.303666666666666515e+03
1.302666666666666515e+03
1.306666666666666515e+03
1.308166666666666515e+03
1.320833333333333258e+03
1.330500000000000000e+03
1.339666666666666515e+03
1.311000000000000000e+03
1.307833333333333258e+03
1.277166666666666515e+03
1.248000000000000000e+03
1.225833333333333258e+03
1.231333333333333258e+03
1.244833333333333258e+03
1.257333333333333258e+03
1.274000000000000000e+03
1.282500000000000000e+03
1.274500000000000000e+03
1.286166666666666515e+03
1.303166666666666515e+03
1.306666666666666515e+03
1.317000000000000000e+03
1.298666666666666515e+03
1.310000000000000000e+03
1.288666666666666515e+03
1.324500000000000000e+03
1.301666666666666515e+03
1.309000000000000000e+03
1.281833333333333258e+03
1.304833333333333258e+03
1.319000000000000000e+03
1.338000000000000000e+03
1.331500000000000000e+03
1.310166666666666515e+03
1.304000000000000000e+03
1.306333333333333258e+03
1.307333333333333258e+03
1.293833333333333258e+03
1.301500000000000000e+03
1.323000000000000000e+03
1.312000000000000000e+03
1.262000000000000000e+03
1.212166666666666515e+03
1.227500000000000000e+03
1.240333333333333258e+03
1.276833333333333258e+03
1.277500000000000000e+03
1.303500000000000000e+03
1.293500000000000000e+03
1.300500000000000000e+03
1.326333333333333258e+03
1.322333333333333258e+03
1.291833333333333258e+03
1.249166666666666515e+03
1.250333333333333258e+03
1.274000000000000000e+03
1.292166666666666515e+03
1.294166666666666515e+03
1.285000000000000000e+03
1.270333333333333258e+03
1.265833333333333258e+03
1.259833333333333258e+03
1.284166666666666515e+03
1.263000000000000000e+03
1.250000000000000000e+03
1.203000000000000000e+03
1.206666666666666515e+03
1.203833333333333258e+03
1.212500000000000000e+03
1.236333333333333258e+03
1.253500000000000000e+03
1.284500000000000000e+03
1.249666666666666515e+03
1.258166666666666515e+03
1.240166666666666515e+03
1.301500000000000000e+03
1.306500000000000000e+03
1.301333333333333258e+03
1.255000000000000000e+03
1.237833333333333258e+03
1.245166666666666515e+03
1.244833333333333258e+03
1.237666666666666515e+03
1.232333333333333258e+03
1.211666666666666515e+03
1.237333333333333258e+03
1.253833333333333258e+03
1.289666666666666515e+03
1.269333333333333258e+03
1.259500000000000000e+03
1.251333333333333258e+03
1.252500000000000000e+03
1.279500000000000000e+03
1.309000000000000000e+03
1.310333333333333258e+03
1.292000000000000000e+03
1.284666666666666515e+03
1.272833333333333258e+03
1.259833333333333258e+03
1.221833333333333258e+03
1.248500000000000000e+03
1.218000000000000000e+03
1.237166666666666515e+03
1.206500000000000000e+03
1.243666666666666515e+03
1.225666666666666515e+03
1.258666666666666515e+03
1.267666666666666515e+03
1.312333333333333258e+03
1.324666666666666515e+03
1.322000000000000000e+03
1.284166666666666515e+03
1.267500000000000000e+03
1.249166666666666515e+03
1.266500000000000000e+03
1.262666666666666515e+03
1.280666666666666515e+03
1.285333333333333258e+03
1.285666666666666515e+03
1.289833333333333258e+03
1.272833333333333258e+03
1.256333333333333258e+03
1.247000000000000000e+03
1.266166666666666515e+03
1.287333333333333258e+03
1.296166666666666515e+03
1.298666666666666515e+03
1.276500000000000000e+03
1.275500000000000000e+03
1.294166666666666515e+03
1.291500000000000000e+03
1.292333333333333258e+03
1.258166666666666515e+03
1.262000000000000000e+03
1.266000000000000000e+03
1.247000000000000000e+03
1.260166666666666515e+03
1.245000000000000000e+03
1.252666666666666515e+03
1.236000000000000000e+03
1.217000000000000000e+03
1.227000000000000000e+03
1.244000000000000000e+03
1.281333333333333258e+03
1.304500000000000000e+03
1.296666666666666515e+03
1.271666666666666515e+03
1.230166666666666515e+03
1.242000000000000000e+03
1.225333333333333258e+03
1.234000000000000000e+03
1.221500000000000000e+03
1.255333333333333258e+03
1.284833333333333258e+03
1.260333333333333258e+03
1.237333333333333258e+03
1.244666666666666515e+03
1.309333333333333258e+03
1.343166666666666515e+03
1.309333333333333258e+03
1.264500000000000000e+03
1.251833333333333258e+03
1.280833333333333258e+03
1.307500000000000000e+03
1.301500000000000000e+03
1.302666666666666515e+03
1.285500000000000000e+03
1.270333333333333258e+03
1.238333333333333258e+03
1.249333333333333258e+03
1.258000000000000000e+03
1.257000000000000000e+03
1.282833333333333258e+03
1.309833333333333258e+03
1.330166666666666515e+03
1.301833333333333258e+03
1.263166666666666515e+03
1.226166666666666515e+03
1.209000000000000000e+03
1.214000000000000000e+03
1.256333333333333258e+03
1.286000000000000000e+03
1.306333333333333258e+03
1.329500000000000000e+03
1.316166666666666515e+03
1.312500000000000000e+03
1.291500000000000000e+03
1.285333333333333258e+03
1.281666666666666515e+03
1.238333333333333258e+03
1.249666666666666515e+03
1.258833333333333258e+03
1.280000000000000000e+03
1.281333333333333258e+03
1.286666666666666515e+03
1.285000000000000000e+03
1.311000000000000000e+03
1.303500000000000000e+03
1.351833333333333258e+03
1.304000000000000000e+03
1.307833333333333258e+03
1.306333333333333258e+03
1.305166666666666515e+03
1.303000000000000000e+03
1.260166666666666515e+03
1.285666666666666515e+03
1.269833333333333258e+03
1.290666666666666515e+03
1.264833333333333258e+03
1.268333333333333258e+03
1.262000000000000000e+03
1.258833333333333258e+03
1.275833333333333258e+03
1.249166666666666515e+03
1.272000000000000000e+03
1.256000000000000000e+03
1.258333333333333258e+03
1.216166666666666515e+03
1.196666666666666515e+03
1.178000000000000000e+03
1.201500000000000000e+03
1.218333333333333258e+03
1.236166666666666515e+03
1.239000000000000000e+03
1.242166666666666515e+03
1.253666666666666515e+03
1.286333333333333258e+03
1.286666666666666515e+03
1.310500000000000000e+03
1.300166666666666515e+03
1.300166666666666515e+03
1.284000000000000000e+03
1.269500000000000000e+03
1.284833333333333258e+03
1.282333333333333258e+03
1.317166666666666515e+03
1.296500000000000000e+03
1.310333333333333258e+03
1.291500000000000000e+03
1.301833333333333258e+03
1.294166666666666515e+03
1.283833333333333258e+03
1.272000000000000000e+03
1.286666666666666515e+03
1.283000000000000000e+03
1.297000000000000000e+03
1.276833333333333258e+03
1.253000000000000000e+03
1.238666666666666515e+03
1.224333333333333258e+03
1.257500000000000000e+03
1.245000000000000000e+03
1.238500000000000000e+03
1.201333333333333258e+03
1.246000000000000000e+03
1.304666666666666515e+03
1.324000000000000000e+03
1.297666666666666515e+03
1.274333333333333258e+03
1.279166666666666515e+03
1.265166666666666515e+03
1.230666666666666515e+03
1.224666666666666515e+03
1.221333333333333258e+03
1.241500000000000000e+03
1.237166666666666515e+03
1.250333333333333258e+03
1.305000000000000000e+03
1.327166666666666515e+03
1.319166666666666515e+03
1.273500000000000000e+03
1.268000000000000000e+03
1.297166666666666515e+03
1.255333333333333258e+03
1.245833333333333258e+03
1.218833333333333258e+03
1.225166666666666515e+03
1.228500000000000000e+03
1.248000000000000000e+03
1.275500000000000000e+03
1.288500000000000000e+03
1.298833333333333258e+03
1.302500000000000000e+03
1.277000000000000000e+03
1.265833333333333258e+03
1.274666666666666515e+03
1.332166666666666515e+03
1.344333333333333258e+03
1.335666666666666515e+03
1.274666666666666515e+03
1.270666666666666515e+03
1.265666666666666515e+03
1.285166666666666515e+03
1.272000000000000000e+03
1.290500000000000000e+03
1.282500000000000000e+03
1.277666666666666515e+03
1.242000000000000000e+03
1.267333333333333258e+03
1.268500000000000000e+03
1.286000000000000000e+03
1.269000000000000000e+03
1.297000000000000000e+03
1.321833333333333258e+03
1.326333333333333258e+03
1.285500000000000000e+03
1.276666666666666515e+03
1.320833333333333258e+03
1.345333333333333258e+03
1.349833333333333258e+03
1.279500000000000000e+03
1.273666666666666515e+03
1.243500000000000000e+03
1.232833333333333258e+03
1.219000000000000000e+03
1.241000000000000000e+03
1.277833333333333258e+03
1.289500000000000000e+03
1.291833333333333258e+03
1.276166666666666515e+03
1.273000000000000000e+03
1.262333333333333258e+03
1.266333333333333258e+03
1.281500000000000000e+03
1.291666666666666515e+03
1.328500000000000000e+03
1.335833333333333258e+03
1.319000000000000000e+03
1.297000000000000000e+03
1.257833333333333258e+03
1.269833333333333258e+03
1.272833333333333258e+03
1.276666666666666515e+03
1.316833333333333258e+03
1.332666666666666515e+03
1.375833333333333258e+03
1.341666666666666515e+03
1.306166666666666515e+03
1.257500000000000000e+03
1.240666666666666515e+03
1.267166666666666515e+03
1.297833333333333258e+03
1.293666666666666515e+03
1.275666666666666515e+03
1.252000000000000000e+03
1.242833333333333258e+03
1.228333333333333258e+03
1.220666666666666515e+03
1.229000000000000000e+03
1.228166666666666515e+03
1.285666666666666515e+03
1.271500000000000000e+03
1.261666666666666515e+03
1.221333333333333258e+03
1.236166666666666515e+03
1.278333333333333258e+03
1.290666666666666515e+03
1.296000000000000000e+03
1.292333333333333258e+03
1.285000000000000000e+03
1.294666666666666515e+03
1.280333333333333258e+03
1.288166666666666515e+03
1.291166666666666515e+03
1.294833333333333258e+03
1.266166666666666515e+03
1.249666666666666515e+03
1.237500000000000000e+03
1.289000000000000000e+03
1.311000000000000000e+03
1.358666666666666515e+03
1.328833333333333258e+03
1.274666666666666515e+03
1.230666666666666515e+03
1.215666666666666515e+03
1.263833333333333258e+03
1.274000000000000000e+03
1.273000000000000000e+03
1.244833333333333258e+03
1.232000000000000000e+03
1.236833333333333258e+03
1.247333333333333258e+03
1.275833333333333258e+03
1.268333333333333258e+03
1.264500000000000000e+03
1.263500000000000000e+03
1.281833333333333258e+03
1.280833333333333258e+03
1.287833333333333258e+03
1.294833333333333258e+03
1.337000000000000000e+03
1.298833333333333258e+03
1.255666666666666515e+03
1.221833333333333258e+03
1.239000000000000000e+03
1.283666666666666515e+03
1.283333333333333258e+03
1.293000000000000000e+03
1.274666666666666515e+03
1.282833333333333258e+03
1.243166666666666515e+03
1.268166666666666515e+03
1.279333333333333258e+03
1.289833333333333258e+03
1.243166666666666515e+03
1.218166666666666515e+03
1.231833333333333258e+03
1.266166666666666515e+03
1.262666666666666515e+03
1.273666666666666515e+03
1.271333333333333258e+03
1.280833333333333258e+03
1.281500000000000000e+03
1.287166666666666515e+03
1.273333333333333258e+03
1.263833333333333258e+03
1.269833333333333258e+03
1.281833333333333258e+03
1.282666666666666515e+03
1.279666666666666515e+03
1.283666666666666515e+03
1.281000000000000000e+03
1.272833333333333258e+03
1.255166666666666515e+03
1.256666666666666515e+03
1.256500000000000000e+03
1.251666666666666515e+03
1.220166666666666515e+03
1.220833333333333258e+03
1.246833333333333258e+03
1.286333333333333258e+03
1.301500000000000000e+03
1.308166666666666515e+03
1.304833333333333258e+03
1.285000000000000000e+03
1.278000000000000000e+03
1.245833333333333258e+03
1.233333333333333258e+03
1.239000000000000000e+03
1.246666666666666515e+03
1.241833333333333258e+03
1.244666666666666515e+03
1.249666666666666515e+03
1.270666666666666515e+03
1.292833333333333258e+03
1.325666666666666515e+03
1.305500000000000000e+03
1.259166666666666515e+03
1.202166666666666515e+03
1.210833333333333258e+03
1.224666666666666515e+03
1.247000000000000000e+03
1.241500000000000000e+03
1.265333333333333258e+03
1.295500000000000000e+03
1.286333333333333258e+03
1.264500000000000000e+03
1.286666666666666515e+03
1.321666666666666515e+03
1.313000000000000000e+03
1.276166666666666515e+03
1.282833333333333258e+03
1.274500000000000000e+03
1.252666666666666515e+03
1.220000000000000000e+03
1.236666666666666515e+03
1.270000000000000000e+03
1.295166666666666515e+03
1.300000000000000000e+03
1.301000000000000000e+03
1.291333333333333258e+03
1.276666666666666515e+03
1.251666666666666515e+03
1.262333333333333258e+03
1.244500000000000000e+03
1.267166666666666515e+03
1.235000000000000000e+03
1.279000000000000000e+03
1.289333333333333258e+03
1.311166666666666515e+03
1.288333333333333258e+03
1.270666666666666515e+03
1.249666666666666515e+03
1.224666666666666515e+03
1.225000000000000000e+03
1.220166666666666515e+03
1.244500000000000000e+03
1.262666666666666515e+03
1.287500000000000000e+03
1.301000000000000000e+03
1.250166666666666515e+03
1.232166666666666515e+03
1.214000000000000000e+03
1.197833333333333258e+03
1.246500000000000000e+03
1.273500000000000000e+03
1.301500000000000000e+03
1.285833333333333258e+03
1.266000000000000000e+03
1.287833333333333258e+03
1.270166666666666515e+03
1.256833333333333258e+03
1.263333333333333258e+03
1.253500000000000000e+03
1.280500000000000000e+03
1.270166666666666515e+03
1.294500000000000000e+03
1.251833333333333258e+03
1.243333333333333258e+03
1.223166666666666515e+03
1.258833333333333258e+03
1.295666666666666515e+03
1.348166666666666515e+03
1.342500000000000000e+03
1.328333333333333258e+03
1.282666666666666515e+03
1.309000000000000000e+03
1.315833333333333258e+03
1.315833333333333258e+03
1.252500000000000000e+03
1.214000000000000000e+03
1.171166666666666515e+03
1.208666666666666515e+03
1.259333333333333258e+03
1.293333333333333258e+03
1.341166666666666515e+03
1.319666666666666515e+03
1.343166666666666515e+03
1.313333333333333258e+03
1.336500000000000000e+03
1.328666666666666515e+03
1.311166666666666515e+03
1.243666666666666515e+03
1.209833333333333258e+03
1.229833333333333258e+03
1.225000000000000000e+03
1.227500000000000000e+03
1.189833333333333258e+03
1.237333333333333258e+03
1.262500000000000000e+03
1.257833333333333258e+03
1.221500000000000000e+03
1.214166666666666515e+03
1.217666666666666515e+03
1.254833333333333258e+03
1.247333333333333258e+03
1.243333333333333258e+03
1.220000000000000000e+03
1.215500000000000000e+03
1.215666666666666515e+03
1.250666666666666515e+03
1.289000000000000000e+03
1.300500000000000000e+03
1.290500000000000000e+03
1.282666666666666515e+03
1.240166666666666515e+03
1.222166666666666515e+03
1.203833333333333258e+03
1.251833333333333258e+03
1.235000000000000000e+03
1.240833333333333258e+03
1.275333333333333258e+03
1.285500000000000000e+03
1.273166666666666515e+03
1.218333333333333258e+03
1.234666666666666515e+03
1.231500000000000000e+03
1.251500000000000000e+03
1.253666666666666515e+03
1.286833333333333258e+03
1.290500000000000000e+03
1.292333333333333258e+03
1.254333333333333258e+03
1.233833333333333258e+03
1.228166666666666515e+03
1.244666666666666515e+03
1.255666666666666515e+03
1.245000000000000000e+03
1.248333333333333258e+03
1.257833333333333258e+03
1.241666666666666515e+03
1.250666666666666515e+03
1.267500000000000000e+03
1.294166666666666515e+03
1.288666666666666515e+03
1.268666666666666515e+03
1.274833333333333258e+03
1.284000000000000000e+03
1.305166666666666515e+03
1.302166666666666515e+03
1.294500000000000000e+03
1.299000000000000000e+03
1.269833333333333258e+03
1.266666666666666515e+03
1.230166666666666515e+03
1.240500000000000000e+03
1.237166666666666515e+03
1.228500000000000000e+03
1.284833333333333258e+03
1.275666666666666515e+03
1.311000000000000000e+03
1.260166666666666515e+03
1.248833333333333258e+03
1.227666666666666515e+03
1.224500000000000000e+03
1.247166666666666515e+03
1.245666666666666515e+03
1.293833333333333258e+03
1.294166666666666515e+03
1.300666666666666515e+03
1.238333333333333258e+03
1.248166666666666515e+03
1.272500000000000000e+03
1.289833333333333258e+03
1.286500000000000000e+03
1.266833333333333258e+03
1.253000000000000000e+03
1.270833333333333258e+03
1.261666666666666515e+03
1.248666666666666515e+03
1.203500000000000000e+03
1.200166666666666515e+03
1.226666666666666515e+03
1.241333333333333258e+03
1.239500000000000000e+03
1.241666666666666515e+03
1.224500000000000000e+03
1.241166666666666515e+03
1.244833333333333258e+03
1.290166666666666515e+03
1.277833333333333258e+03
1.288166666666666515e+03
1.279833333333333258e+03
1.297833333333333258e+03
1.311333333333333258e+03
1.298666666666666515e+03
1.259666666666666515e+03
1.214833333333333258e+03
1.220166666666666515e+03
1.225500000000000000e+03
1.266500000000000000e+03
1.242333333333333258e+03
1.307166666666666515e+03
1.330666666666666515e+03
1.403000000000000000e+03
1.370833333333333258e+03
1.331500000000000000e+03
1.245500000000000000e+03
1.222166666666666515e+03
1.209000000000000000e+03
1.252833333333333258e+03
1.271000000000000000e+03
1.277833333333333258e+03
1.254833333333333258e+03
1.240000000000000000e+03
1.241000000000000000e+03
1.235833333333333258e+03
1.247333333333333258e+03
1.253500000000000000e+03
1.285500000000000000e+03
1.318666666666666515e+03
1.327166666666666515e+03
1.320333333333333258e+03
1.297500000000000000e+03
1.282333333333333258e+03
1.272666666666666515e+03
1.252666666666666515e+03
1.249166666666666515e+03
1.261333333333333258e+03
1.261000000000000000e+03
1.259166666666666515e+03
1.251000000000000000e+03
1.233166666666666515e+03
1.211500000000000000e+03
1.217833333333333258e+03
1.244166666666666515e+03
1.273500000000000000e+03
1.250500000000000000e+03
1.233833333333333258e+03
1.214833333333333258e+03
1.212666666666666515e+03
1.241500000000000000e+03
1.229833333333333258e+03
1.247666666666666515e+03
1.224000000000000000e+03
1.257166666666666515e+03
1.270500000000000000e+03
1.290000000000000000e+03
1.268000000000000000e+03
1.247000000000000000e+03
1.259500000000000000e+03
1.280000000000000000e+03
1.288000000000000000e+03
1.272000000000000000e+03
1.271000000000000000e+03
1.280500000000000000e+03
1.284333333333333258e+03
1.323666666666666515e+03
1.300000000000000000e+03
1.293500000000000000e+03
1.258500000000000000e+03
1.239333333333333258e+03
1.227500000000000000e+03
1.195000000000000000e+03
1.210833333333333258e+03
1.222500000000000000e+03
1.261666666666666515e+03
1.278833333333333258e+03
1.275833333333333258e+03
1.254166666666666515e+03
1.263666666666666515e+03
1.270166666666666515e+03
1.287500000000000000e+03
1.277333333333333258e+03
1.268166666666666515e+03
1.280666666666666515e+03
1.274000000000000000e+03
1.258833333333333258e+03
1.249666666666666515e+03
1.246666666666666515e+03
1.249333333333333258e+03
1.243666666666666515e+03
1.264833333333333258e+03
1.260166666666666515e+03
1.243333333333333258e+03
1.234666666666666515e+03
1.264166666666666515e+03
1.275333333333333258e+03
1.261166666666666515e+03
1.262166666666666515e+03
1.286333333333333258e+03
1.308000000000000000e+03
1.267833333333333258e+03
1.257333333333333258e+03
1.253333333333333258e+03
1.274833333333333258e+03
1.266500000000000000e+03
1.269166666666666515e+03
1.293166666666666515e+03
1.309166666666666515e+03
1.295500000000000000e+03
1.274833333333333258e+03
1.279000000000000000e+03
1.285500000000000000e+03
1.289666666666666515e+03
1.256000000000000000e+03
1.235666666666666515e+03
1.226166666666666515e+03
1.229500000000000000e+03
1.218500000000000000e+03
1.239000000000000000e+03
1.258333333333333258e+03
1.314166666666666515e+03
1.325166666666666515e+03
1.344166666666666515e+03
1.332666666666666515e+03
1.300166666666666515e+03
1.261000000000000000e+03
1.244500000000000000e+03
1.276166666666666515e+03
1.320333333333333258e+03
1.298833333333333258e+03
1.302333333333333258e+03
1.277166666666666515e+03
1.309166666666666515e+03
1.266166666666666515e+03
1.228833333333333258e+03
1.212166666666666515e+03
1.241666666666666515e+03
1.266833333333333258e+03
1.255833333333333258e+03
1.260000000000000000e+03
1.241500000000000000e+03
1.282500000000000000e+03
1.242166666666666515e+03
1.227666666666666515e+03
1.210333333333333258e+03
1.253833333333333258e+03
1.283833333333333258e+03
1.272000000000000000e+03
1.264166666666666515e+03
1.253166666666666515e+03
1.232500000000000000e+03
1.236166666666666515e+03
1.237666666666666515e+03
1.255000000000000000e+03
1.251166666666666515e+03
1.256333333333333258e+03
1.257166666666666515e+03
1.215333333333333258e+03
1.211833333333333258e+03
1.205333333333333258e+03
1.257333333333333258e+03
1.263333333333333258e+03
1.279333333333333258e+03
1.264833333333333258e+03
1.248000000000000000e+03
1.257166666666666515e+03
1.262333333333333258e+03
1.288166666666666515e+03
1.270500000000000000e+03
1.287166666666666515e+03
1.282500000000000000e+03
1.270666666666666515e+03
1.209500000000000000e+03
1.204833333333333258e+03
1.218000000000000000e+03
1.264666666666666515e+03
1.281000000000000000e+03
1.285166666666666515e+03
1.243500000000000000e+03
1.242833333333333258e+03
1.233500000000000000e+03
1.250500000000000000e+03
1.267000000000000000e+03
1.273500000000000000e+03
1.275166666666666515e+03
1.248333333333333258e+03
1.229333333333333258e+03
1.244166666666666515e+03
1.259500000000000000e+03
1.321166666666666515e+03
1.334833333333333258e+03
1.323666666666666515e+03
1.289666666666666515e+03
1.297666666666666515e+03
1.302666666666666515e+03
1.286000000000000000e+03
1.259666666666666515e+03
1.235833333333333258e+03
1.244333333333333258e+03
1.241000000000000000e+03
1.252166666666666515e+03
1.266333333333333258e+03
1.290500000000000000e+03
1.303333333333333258e+03
1.318166666666666515e+03
1.316666666666666515e+03
1.306166666666666515e+03
1.264833333333333258e+03
1.257000000000000000e+03
1.269166666666666515e+03
1.264833333333333258e+03
1.268000000000000000e+03
1.264666666666666515e+03
1.294500000000000000e+03
1.286333333333333258e+03
1.262666666666666515e+03
1.226833333333333258e+03
1.234333333333333258e+03
1.236833333333333258e+03
1.271000000000000000e+03
1.273500000000000000e+03
1.295666666666666515e+03
1.290666666666666515e+03
1.259833333333333258e+03
1.234833333333333258e+03
1.234166666666666515e+03
1.256333333333333258e+03
1.299666666666666515e+03
1.304500000000000000e+03
1.301833333333333258e+03
1.274666666666666515e+03
1.271500000000000000e+03
1.280333333333333258e+03
1.267166666666666515e+03
1.249833333333333258e+03
1.228500000000000000e+03
1.232500000000000000e+03
1.234833333333333258e+03
1.240000000000000000e+03
1.235500000000000000e+03
1.256166666666666515e+03
1.268333333333333258e+03
1.282666666666666515e+03
1.302000000000000000e+03
1.325333333333333258e+03
1.321333333333333258e+03
1.310166666666666515e+03
1.279000000000000000e+03
1.275666666666666515e+03
1.239666666666666515e+03
1.233000000000000000e+03
1.225333333333333258e+03
1.253500000000000000e+03
1.213666666666666515e+03
1.211000000000000000e+03
1.179166666666666515e+03
1.227833333333333258e+03
1.259333333333333258e+03
1.297833333333333258e+03
1.285000000000000000e+03
1.255166666666666515e+03
1.244500000000000000e+03
1.255833333333333258e+03
1.272500000000000000e+03
1.271166666666666515e+03
1.307833333333333258e+03
1.286000000000000000e+03
1.299666666666666515e+03
1.276500000000000000e+03
1.285000000000000000e+03
1.268166666666666515e+03
1.255166666666666515e+03
1.252833333333333258e+03
1.225166666666666515e+03
1.211666666666666515e+03
1.215000000000000000e+03
1.204000000000000000e+03
1.200166666666666515e+03
1.237666666666666515e+03
1.275500000000000000e+03
1.273000000000000000e+03
1.258666666666666515e+03
1.292666666666666515e+03
1.332333333333333258e+03
1.334666666666666515e+03
1.298166666666666515e+03
1.267333333333333258e+03
1.246500000000000000e+03
1.237833333333333258e+03
1.228166666666666515e+03
1.244833333333333258e+03
1.247833333333333258e+03
1.252166666666666515e+03
1.218500000000000000e+03
1.228000000000000000e+03
1.241833333333333258e+03
1.232666666666666515e+03
1.221333333333333258e+03
1.213166666666666515e+03
1.231500000000000000e+03
1.244166666666666515e+03
1.230666666666666515e+03
1.217000000000000000e+03
1.210500000000000000e+03
1.222000000000000000e+03
1.274166666666666515e+03
1.289333333333333258e+03
1.323333333333333258e+03
1.302166666666666515e+03
1.276666666666666515e+03
1.219833333333333258e+03
1.213166666666666515e+03
1.227500000000000000e+03
1.236000000000000000e+03
1.233166666666666515e+03
1.216333333333333258e+03
1.201000000000000000e+03
1.200833333333333258e+03
1.207000000000000000e+03
1.250000000000000000e+03
1.237500000000000000e+03
1.226666666666666515e+03
1.224833333333333258e+03
1.254666666666666515e+03
1.256833333333333258e+03
1.233666666666666515e+03
1.195500000000000000e+03
1.231000000000000000e+03
1.241166666666666515e+03
1.239333333333333258e+03
1.194666666666666515e+03
1.214666666666666515e+03
1.236333333333333258e+03
1.237833333333333258e+03
1.232833333333333258e+03
1.213500000000000000e+03
1.233666666666666515e+03
1.228166666666666515e+03
1.220166666666666515e+03
1.229166666666666515e+03
1.221333333333333258e+03
1.250500000000000000e+03
1.248166666666666515e+03
1.263500000000000000e+03
1.281833333333333258e+03
1.267000000000000000e+03
1.279166666666666515e+03
1.241333333333333258e+03
1.267500000000000000e+03
1.252666666666666515e+03
1.274833333333333258e+03
1.235500000000000000e+03
1.239166666666666515e+03
1.269333333333333258e+03
1.293000000000000000e+03
1.271333333333333258e+03
1.225666666666666515e+03
1.229333333333333258e+03
1.250833333333333258e+03
1.281000000000000000e+03
1.279833333333333258e+03
1.263166666666666515e+03
1.256000000000000000e+03
1.264833333333333258e+03
1.285166666666666515e+03
1.272333333333333258e+03
1.261333333333333258e+03
1.238833333333333258e+03
1.223500000000000000e+03
1.238333333333333258e+03
1.246500000000000000e+03
1.256166666666666515e+03
1.207333333333333258e+03
1.194500000000000000e+03
1.238000000000000000e+03
1.260000000000000000e+03
1.277000000000000000e+03
1.269166666666666515e+03
1.271166666666666515e+03
1.247000000000000000e+03
1.226666666666666515e+03
1.244833333333333258e+03
1.243000000000000000e+03
1.242666666666666515e+03
1.251500000000000000e+03
1.299333333333333258e+03
1.291333333333333258e+03
1.254166666666666515e+03
1.221833333333333258e+03
1.229500000000000000e+03
1.248666666666666515e+03
1.264500000000000000e+03
1.254333333333333258e+03
1.245333333333333258e+03
1.246666666666666515e+03
1.249666666666666515e+03
1.254333333333333258e+03
1.230500000000000000e+03
1.239000000000000000e+03
1.225833333333333258e+03
1.262500000000000000e+03
1.235000000000000000e+03
1.262166666666666515e+03
1.237666666666666515e+03
1.263166666666666515e+03
1.272166666666666515e+03
1.308000000000000000e+03
1.323666666666666515e+03
1.312833333333333258e+03
1.316166666666666515e+03
1.310666666666666515e+03
1.287500000000000000e+03
1.240000000000000000e+03
1.237666666666666515e+03
1.271166666666666515e+03
1.270166666666666515e+03
1.258000000000000000e+03
1.241333333333333258e+03
1.261833333333333258e+03
1.266000000000000000e+03
1.223166666666666515e+03
1.211500000000000000e+03
1.188666666666666515e+03
1.238000000000000000e+03
1.227833333333333258e+03
1.232666666666666515e+03
1.236166666666666515e+03
1.245000000000000000e+03
1.251666666666666515e+03
1.246000000000000000e+03
1.236166666666666515e+03
1.252500000000000000e+03
1.289500000000000000e+03
1.298000000000000000e+03
1.276000000000000000e+03
1.232166666666666515e+03
1.241000000000000000e+03
1.251500000000000000e+03
1.258000000000000000e+03
1.292166666666666515e+03
1.320500000000000000e+03
1.322166666666666515e+03
1.273666666666666515e+03
1.204166666666666515e+03
1.167666666666666515e+03
1.148833333333333258e+03
1.163666666666666515e+03
1.194500000000000000e+03
1.195833333333333258e+03
1.207666666666666515e+03
1.191666666666666515e+03
1.205333333333333258e+03
1.230666666666666515e+03
1.255666666666666515e+03
1.266000000000000000e+03
1.274166666666666515e+03
1.243166666666666515e+03
1.263333333333333258e+03
1.251833333333333258e+03
1.293333333333333258e+03
1.270166666666666515e+03
1.258166666666666515e+03
1.262333333333333258e+03
1.273500000000000000e+03
1.291166666666666515e+03
1.272833333333333258e+03
1.245000000000000000e+03
1.216166666666666515e+03
1.172166666666666515e+03
1.174833333333333258e+03
1.176000000000000000e+03
1.221833333333333258e+03
1.239500000000000000e+03
1.225333333333333258e+03
1.215333333333333258e+03
1.220333333333333258e+03
1.206500000000000000e+03
1.226500000000000000e+03
1.203833333333333258e+03
1.239000000000000000e+03
1.204666666666666515e+03
1.200833333333333258e+03
1.211666666666666515e+03
1.233333333333333258e+03
1.267666666666666515e+03
1.268833333333333258e+03
1.249166666666666515e+03
1.221333333333333258e+03
1.198833333333333258e+03
1.191000000000000000e+03
1.196666666666666515e+03
1.209833333333333258e+03
1.218833333333333258e+03
1.245166666666666515e+03
1.240000000000000000e+03
1.223666666666666515e+03
1.208833333333333258e+03
1.234666666666666515e+03
1.243000000000000000e+03
1.270166666666666515e+03
1.243500000000000000e+03
1.290000000000000000e+03
1.261166666666666515e+03
1.263166666666666515e+03
1.223500000000000000e+03
1.230000000000000000e+03
1.239166666666666515e+03
1.245833333333333258e+03
1.237500000000000000e+03
1.248500000000000000e+03
1.242166666666666515e+03
1.245166666666666515e+03
1.227500000000000000e+03
1.246000000000000000e+03
1.220666666666666515e+03
1.218500000000000000e+03
1.197333333333333258e+03
1.211333333333333258e+03
1.205000000000000000e+03
1.217500000000000000e+03
1.213333333333333258e+03
1.221666666666666515e+03
1.210000000000000000e+03
1.230500000000000000e+03
1.259166666666666515e+03
1.295666666666666515e+03
1.292666666666666515e+03
1.251666666666666515e+03
1.234166666666666515e+03
1.214666666666666515e+03
1.212500000000000000e+03
1.213000000000000000e+03
1.222500000000000000e+03
1.263166666666666515e+03
1.262333333333333258e+03
1.296333333333333258e+03
1.293166666666666515e+03
1.274666666666666515e+03
1.216000000000000000e+03
1.200333333333333258e+03
1.218166666666666515e+03
1.254000000000000000e+03
1.238833333333333258e+03
1.227000000000000000e+03
1.199166666666666515e+03
1.193833333333333258e+03
1.197833333333333258e+03
1.220833333333333258e+03
1.220166666666666515e+03
1.202333333333333258e+03
1.203666666666666515e+03
1.240000000000000000e+03
1.240333333333333258e+03
1.242500000000000000e+03
1.205500000000000000e+03
1.228166666666666515e+03
1.215833333333333258e+03
1.270166666666666515e+03
1.270833333333333258e+03
1.301166666666666515e+03
1.253666666666666515e+03
1.264666666666666515e+03
1.237166666666666515e+03
1.245333333333333258e+03
1.208666666666666515e+03
1.221333333333333258e+03
1.209666666666666515e+03
1.210833333333333258e+03
1.208666666666666515e+03
1.220333333333333258e+03
1.233666666666666515e+03
1.224500000000000000e+03
1.258833333333333258e+03
1.256833333333333258e+03
1.289500000000000000e+03
1.245333333333333258e+03
1.238833333333333258e+03
1.222500000000000000e+03
1.217833333333333258e+03
1.231666666666666515e+03
1.243000000000000000e+03
1.276666666666666515e+03
1.263666666666666515e+03
1.242833333333333258e+03
1.194833333333333258e+03
1.207000000000000000e+03
1.198666666666666515e+03
1.252666666666666515e+03
1.252500000000000000e+03
1.251166666666666515e+03
1.241666666666666515e+03
1.225000000000000000e+03
1.218500000000000000e+03
1.199166666666666515e+03
1.224666666666666515e+03
1.252166666666666515e+03
1.265166666666666515e+03
1.257666666666666515e+03
1.255333333333333258e+03
1.271500000000000000e+03
1.281666666666666515e+03
1.285333333333333258e+03
1.252666666666666515e+03
1.240500000000000000e+03
1.226833333333333258e+03
1.234166666666666515e+03
1.216166666666666515e+03
1.211833333333333258e+03
1.194333333333333258e+03
1.234500000000000000e+03
1.220333333333333258e+03
1.235500000000000000e+03
1.214500000000000000e+03
1.207333333333333258e+03
1.193666666666666515e+03
1.194833333333333258e+03
1.226833333333333258e+03
1.259333333333333258e+03
1.263166666666666515e+03
1.266500000000000000e+03
1.278000000000000000e+03
1.296166666666666515e+03
1.290166666666666515e+03
1.279666666666666515e+03
1.242333333333333258e+03
1.257833333333333258e+03
1.279333333333333258e+03
1.286666666666666515e+03
1.305666666666666515e+03
1.264500000000000000e+03
1.279833333333333258e+03
1.226500000000000000e+03
1.237333333333333258e+03
1.224333333333333258e+03
1.238500000000000000e+03
1.216333333333333258e+03
1.225666666666666515e+03
1.224833333333333258e+03
1.222333333333333258e+03
1.194333333333333258e+03
1.202500000000000000e+03
1.231666666666666515e+03
1.268833333333333258e+03
1.250500000000000000e+03
1.251833333333333258e+03
1.271666666666666515e+03
1.286166666666666515e+03
1.274000000000000000e+03
1.227666666666666515e+03
1.212666666666666515e+03
1.186000000000000000e+03
1.217500000000000000e+03
1.236333333333333258e+03
1.283333333333333258e+03
1.261666666666666515e+03
1.239333333333333258e+03
1.227333333333333258e+03
1.217500000000000000e+03
1.237500000000000000e+03
1.246333333333333258e+03
1.266500000000000000e+03
1.248666666666666515e+03
1.218666666666666515e+03
1.205166666666666515e+03
1.234166666666666515e+03
1.244333333333333258e+03
1.289666666666666515e+03
1.278666666666666515e+03
1.281833333333333258e+03
1.245833333333333258e+03
1.238000000000000000e+03
1.231666666666666515e+03
1.221166666666666515e+03
1.224500000000000000e+03
1.224333333333333258e+03
1.220500000000000000e+03
1.202500000000000000e+03
1.193333333333333258e+03
1.248333333333333258e+03
1.264000000000000000e+03
1.305000000000000000e+03
1.267666666666666515e+03
1.252333333333333258e+03
1.214333333333333258e+03
1.182333333333333258e+03
1.200500000000000000e+03
1.243833333333333258e+03
1.276500000000000000e+03
1.292000000000000000e+03
1.275166666666666515e+03
1.271500000000000000e+03
1.218166666666666515e+03
1.182666666666666515e+03
1.176833333333333258e+03
1.215166666666666515e+03
1.226666666666666515e+03
1.195666666666666515e+03
1.170833333333333258e+03
1.184166666666666515e+03
1.215166666666666515e+03
1.228333333333333258e+03
1.217333333333333258e+03
1.174333333333333258e+03
1.180166666666666515e+03
1.196666666666666515e+03
1.207833333333333258e+03
1.228166666666666515e+03
1.227833333333333258e+03
1.259500000000000000e+03
1.265666666666666515e+03
1.252000000000000000e+03
1.295666666666666515e+03
1.281333333333333258e+03
1.300333333333333258e+03
1.245500000000000000e+03
1.238500000000000000e+03
1.213000000000000000e+03
1.221000000000000000e+03
1.244166666666666515e+03
1.249166666666666515e+03
1.263500000000000000e+03
1.240333333333333258e+03
1.271500000000000000e+03
1.280000000000000000e+03
1.297833333333333258e+03
1.275833333333333258e+03
1.223666666666666515e+03
1.196333333333333258e+03
1.178666666666666515e+03
1.197666666666666515e+03
1.203666666666666515e+03
1.187666666666666515e+03
1.179666666666666515e+03
1.186333333333333258e+03
1.185666666666666515e+03
1.206833333333333258e+03
1.213166666666666515e+03
1.237333333333333258e+03
1.242666666666666515e+03
1.221166666666666515e+03
1.222500000000000000e+03
1.221333333333333258e+03
1.218500000000000000e+03
1.242166666666666515e+03
1.227833333333333258e+03
1.239000000000000000e+03
1.215166666666666515e+03
1.221666666666666515e+03
1.240833333333333258e+03
1.244500000000000000e+03
1.250500000000000000e+03
1.226666666666666515e+03
1.238833333333333258e+03
1.258833333333333258e+03
1.261000000000000000e+03
1.225500000000000000e+03
1.196666666666666515e+03
1.181666666666666515e+03
1.219000000000000000e+03
1.236500000000000000e+03
1.291666666666666515e+03
1.273333333333333258e+03
1.285833333333333258e+03
1.263500000000000000e+03
1.273333333333333258e+03
1.245000000000000000e+03
1.232000000000000000e+03
1.208333333333333258e+03
1.222500000000000000e+03
1.227166666666666515e+03
1.241833333333333258e+03
1.209833333333333258e+03
1.203333333333333258e+03
1.216000000000000000e+03
1.244333333333333258e+03
1.243333333333333258e+03
1.243333333333333258e+03
1.230666666666666515e+03
1.238666666666666515e+03
1.259666666666666515e+03
1.248666666666666515e+03
1.246500000000000000e+03
1.201333333333333258e+03
1.210833333333333258e+03
1.207500000000000000e+03
1.223000000000000000e+03
1.256666666666666515e+03
1.280166666666666515e+03
1.296833333333333258e+03
1.265000000000000000e+03
1.271333333333333258e+03
1.265666666666666515e+03
1.278166666666666515e+03
1.246833333333333258e+03
1.226666666666666515e+03
1.192666666666666515e+03
1.181333333333333258e+03
1.192833333333333258e+03
1.194500000000000000e+03
1.204333333333333258e+03
1.177500000000000000e+03
1.206333333333333258e+03
1.201833333333333258e+03
1.218000000000000000e+03
1.222833333333333258e+03
1.223000000000000000e+03
1.237000000000000000e+03
1.202500000000000000e+03
1.201000000000000000e+03
1.179500000000000000e+03
1.175166666666666515e+03
1.181666666666666515e+03
1.173166666666666515e+03
1.216333333333333258e+03
1.197000000000000000e+03
1.212666666666666515e+03
1.208500000000000000e+03
1.230500000000000000e+03
1.237666666666666515e+03
1.213500000000000000e+03
1.194000000000000000e+03
1.206000000000000000e+03
1.248666666666666515e+03
1.291500000000000000e+03
1.278166666666666515e+03
1.290333333333333258e+03
1.285166666666666515e+03
1.288500000000000000e+03
1.254000000000000000e+03
1.252500000000000000e+03
1.302833333333333258e+03
1.309500000000000000e+03
1.290500000000000000e+03
1.238333333333333258e+03
1.207500000000000000e+03
1.195000000000000000e+03
1.190833333333333258e+03
1.230333333333333258e+03
1.252500000000000000e+03
1.249166666666666515e+03
1.225000000000000000e+03
1.210000000000000000e+03
1.203833333333333258e+03
1.238000000000000000e+03
1.253333333333333258e+03
1.262000000000000000e+03
1.235833333333333258e+03
1.237666666666666515e+03
1.232000000000000000e+03
1.247833333333333258e+03
1.219833333333333258e+03
1.218333333333333258e+03
1.187000000000000000e+03
1.215000000000000000e+03
1.208833333333333258e+03
1.232666666666666515e+03
1.234666666666666515e+03
1.269333333333333258e+03
1.276666666666666515e+03
1.260500000000000000e+03
1.259333333333333258e+03
1.229166666666666515e+03
1.206500000000000000e+03
1.199666666666666515e+03
1.204666666666666515e+03
1.221833333333333258e+03
1.217333333333333258e+03
1.214500000000000000e+03
1.226666666666666515e+03
1.224000000000000000e+03
1.229833333333333258e+03
1.237833333333333258e+03
1.222000000000000000e+03
1.257333333333333258e+03
1.278000000000000000e+03
1.320000000000000000e+03
1.309166666666666515e+03
1.320666666666666515e+03
1.312333333333333258e+03
1.296500000000000000e+03
1.269833333333333258e+03
1.268500000000000000e+03
1.268500000000000000e+03
1.256666666666666515e+03
1.222833333333333258e+03
1.239333333333333258e+03
1.240833333333333258e+03
1.254166666666666515e+03
1.210500000000000000e+03
1.220166666666666515e+03
1.220000000000000000e+03
1.248833333333333258e+03
1.227333333333333258e+03
1.182000000000000000e+03
1.178500000000000000e+03
1.171500000000000000e+03
1.201666666666666515e+03
1.154333333333333258e+03
1.165166666666666515e+03
1.162500000000000000e+03
1.185000000000000000e+03
1.210166666666666515e+03
1.243666666666666515e+03
1.261500000000000000e+03
1.217666666666666515e+03
1.179333333333333258e+03
1.152833333333333258e+03
1.155666666666666515e+03
1.178333333333333258e+03
1.188666666666666515e+03
1.232000000000000000e+03
1.249166666666666515e+03
1.267000000000000000e+03
1.261833333333333258e+03
1.242500000000000000e+03
1.236166666666666515e+03
1.207000000000000000e+03
1.203000000000000000e+03
1.198666666666666515e+03
1.212666666666666515e+03
1.234333333333333258e+03
1.268833333333333258e+03
1.267833333333333258e+03
1.245833333333333258e+03
1.201666666666666515e+03
1.218666666666666515e+03
1.227500000000000000e+03
1.252666666666666515e+03
1.234666666666666515e+03
1.257000000000000000e+03
1.254666666666666515e+03
1.249000000000000000e+03
1.244666666666666515e+03
1.254000000000000000e+03
1.243833333333333258e+03
1.205500000000000000e+03
1.196333333333333258e+03
1.217333333333333258e+03
1.231333333333333258e+03
1.238500000000000000e+03
1.280833333333333258e+03
1.288833333333333258e+03
1.296166666666666515e+03
1.292833333333333258e+03
1.258166666666666515e+03
1.228333333333333258e+03
1.176333333333333258e+03
1.183166666666666515e+03
1.203833333333333258e+03
1.186500000000000000e+03
1.201166666666666515e+03
1.176833333333333258e+03
1.186333333333333258e+03
1.178666666666666515e+03
1.183500000000000000e+03
1.192333333333333258e+03
1.200500000000000000e+03
1.230000000000000000e+03
1.210666666666666515e+03
1.205166666666666515e+03
1.172666666666666515e+03
1.196666666666666515e+03
1.208333333333333258e+03
1.201333333333333258e+03
1.188000000000000000e+03
1.158166666666666515e+03
1.151500000000000000e+03
1.149666666666666515e+03
1.178833333333333258e+03
1.204000000000000000e+03
1.226000000000000000e+03
1.237666666666666515e+03
1.269666666666666515e+03
1.275166666666666515e+03
1.266833333333333258e+03
1.231833333333333258e+03
1.214666666666666515e+03
1.216500000000000000e+03
1.206666666666666515e+03
1.188000000000000000e+03
1.179166666666666515e+03
1.219000000000000000e+03
1.250166666666666515e+03
1.261666666666666515e+03
1.263166666666666515e+03
1.254500000000000000e+03
1.265000000000000000e+03
1.253500000000000000e+03
1.252000000000000000e+03
1.265500000000000000e+03
1.252833333333333258e+03
1.265666666666666515e+03
1.227833333333333258e+03
1.196166666666666515e+03
1.188833333333333258e+03
1.186000000000000000e+03
1.224333333333333258e+03
1.232000000000000000e+03
1.222166666666666515e+03
1.221000000000000000e+03
1.204500000000000000e+03
1.241833333333333258e+03
1.253500000000000000e+03
1.236000000000000000e+03
1.223333333333333258e+03
1.204833333333333258e+03
1.230500000000000000e+03
1.216166666666666515e+03
1.200333333333333258e+03
1.217833333333333258e+03
1.221666666666666515e+03
1.227333333333333258e+03
1.218500000000000000e+03
1.210833333333333258e+03
1.214500000000000000e+03
1.223500000000000000e+03
1.250000000000000000e+03
1.239166666666666515e+03
1.199833333333333258e+03
1.232500000000000000e+03
1.206833333333333258e+03
1.198333333333333258e+03
1.122666666666666515e+03
1.160333333333333258e+03
1.147833333333333258e+03
1.162166666666666515e+03
1.188500000000000000e+03
1.217000000000000000e+03
1.237666666666666515e+03
1.241666666666666515e+03
1.239166666666666515e+03
1.222166666666666515e+03
1.200166666666666515e+03
1.214166666666666515e+03
1.220666666666666515e+03
1.196666666666666515e+03
1.190500000000000000e+03
1.230166666666666515e+03
1.261500000000000000e+03
1.263833333333333258e+03
1.250166666666666515e+03
1.238000000000000000e+03
1.266833333333333258e+03
1.231500000000000000e+03
1.249666666666666515e+03
1.197500000000000000e+03
1.227500000000000000e+03
1.206166666666666515e+03
1.219500000000000000e+03
1.210500000000000000e+03
1.204666666666666515e+03
1.222666666666666515e+03
1.184166666666666515e+03
1.189666666666666515e+03
1.183166666666666515e+03
1.229666666666666515e+03
1.267666666666666515e+03
1.287000000000000000e+03
1.273666666666666515e+03
1.235500000000000000e+03
1.204500000000000000e+03
1.201833333333333258e+03
1.211666666666666515e+03
1.210166666666666515e+03
1.196166666666666515e+03
1.186500000000000000e+03
1.215833333333333258e+03
1.210833333333333258e+03
1.222333333333333258e+03
1.189500000000000000e+03
1.208333333333333258e+03
1.193666666666666515e+03
1.210500000000000000e+03
1.206166666666666515e+03
1.197666666666666515e+03
1.178500000000000000e+03
1.193833333333333258e+03
1.214833333333333258e+03
1.224833333333333258e+03
1.192833333333333258e+03
1.160500000000000000e+03
1.160333333333333258e+03
1.196500000000000000e+03
1.236333333333333258e+03
1.217000000000000000e+03
1.184666666666666515e+03
1.197166666666666515e+03
1.193333333333333258e+03
1.209166666666666515e+03
1.173333333333333258e+03
1.194666666666666515e+03
1.181833333333333258e+03
1.189166666666666515e+03
1.179333333333333258e+03
1.177166666666666515e+03
1.180833333333333258e+03
1.187333333333333258e+03
1.203666666666666515e+03
1.217500000000000000e+03
1.255166666666666515e+03
1.214833333333333258e+03
1.171833333333333258e+03
1.124333333333333258e+03
1.148833333333333258e+03
1.165666666666666515e+03
1.192000000000000000e+03
1.200333333333333258e+03
1.189833333333333258e+03
1.153166666666666515e+03
1.178000000000000000e+03
1.209000000000000000e+03
1.218166666666666515e+03
1.160000000000000000e+03
1.139666666666666515e+03
1.151333333333333258e+03
1.175833333333333258e+03
1.180833333333333258e+03
1.181500000000000000e+03
1.188333333333333258e+03
1.195166666666666515e+03
1.225500000000000000e+03
1.239000000000000000e+03
1.228500000000000000e+03
1.188166666666666515e+03
1.176500000000000000e+03
1.181000000000000000e+03
1.187166666666666515e+03
1.187666666666666515e+03
1.177333333333333258e+03
1.216833333333333258e+03
1.220000000000000000e+03
1.219000000000000000e+03
1.186333333333333258e+03
1.174833333333333258e+03
1.196166666666666515e+03
1.193000000000000000e+03
1.209000000000000000e+03
1.208166666666666515e+03
1.231333333333333258e+03
1.219500000000000000e+03
1.190666666666666515e+03
1.176833333333333258e+03
1.198833333333333258e+03
1.221500000000000000e+03
1.240333333333333258e+03
1.226166666666666515e+03
1.239500000000000000e+03
1.226500000000000000e+03
1.224500000000000000e+03
1.251500000000000000e+03
1.221166666666666515e+03
1.229000000000000000e+03
1.174000000000000000e+03
1.207666666666666515e+03
1.206666666666666515e+03
1.242833333333333258e+03
1.231333333333333258e+03
1.242833333333333258e+03
1.213666666666666515e+03
1.210666666666666515e+03
1.196833333333333258e+03
1.227500000000000000e+03
1.230333333333333258e+03
1.232500000000000000e+03
1.172000000000000000e+03
1.186500000000000000e+03
1.200000000000000000e+03
1.228000000000000000e+03
1.234666666666666515e+03
1.204500000000000000e+03
1.188666666666666515e+03
1.156166666666666515e+03
1.169500000000000000e+03
1.208166666666666515e+03
1.218000000000000000e+03
1.245000000000000000e+03
1.268000000000000000e+03
1.255166666666666515e+03
1.236666666666666515e+03
1.176666666666666515e+03
1.188666666666666515e+03
1.198166666666666515e+03
1.241166666666666515e+03
1.247666666666666515e+03
1.239333333333333258e+03
1.204500000000000000e+03
1.214500000000000000e+03
1.206833333333333258e+03
1.221166666666666515e+03
1.213000000000000000e+03
1.211500000000000000e+03
1.200666666666666515e+03
1.198166666666666515e+03
1.207500000000000000e+03
1.188666666666666515e+03
1.191666666666666515e+03
1.180333333333333258e+03
1.187333333333333258e+03
1.161000000000000000e+03
1.159000000000000000e+03
1.176000000000000000e+03
1.167166666666666515e+03
1.170833333333333258e+03
1.184000000000000000e+03
1.215333333333333258e+03
1.217000000000000000e+03
1.195833333333333258e+03
1.196333333333333258e+03
1.195833333333333258e+03
1.196500000000000000e+03
1.178666666666666515e+03
1.157666666666666515e+03
1.154666666666666515e+03
1.155000000000000000e+03
1.181166666666666515e+03
1.182833333333333258e+03
1.200000000000000000e+03
1.194666666666666515e+03
1.193666666666666515e+03
1.188166666666666515e+03
1.166666666666666515e+03
1.219500000000000000e+03
1.227166666666666515e+03
1.237333333333333258e+03
1.206500000000000000e+03
1.179000000000000000e+03
1.208500000000000000e+03
1.194500000000000000e+03
1.240666666666666515e+03
1.239166666666666515e+03
1.252166666666666515e+03
1.251333333333333258e+03
1.223333333333333258e+03
1.217500000000000000e+03
1.188833333333333258e+03
1.235166666666666515e+03
1.221000000000000000e+03
1.202833333333333258e+03
1.167166666666666515e+03
1.181166666666666515e+03
1.231666666666666515e+03
1.242500000000000000e+03
1.227333333333333258e+03
1.179833333333333258e+03
1.156500000000000000e+03
1.130500000000000000e+03
1.153000000000000000e+03
1.178166666666666515e+03
1.235500000000000000e+03
1.266333333333333258e+03
1.285666666666666515e+03
1.280000000000000000e+03
1.238333333333333258e+03
1.200833333333333258e+03
1.206833333333333258e+03
1.198666666666666515e+03
1.204000000000000000e+03
1.198333333333333258e+03
1.187000000000000000e+03
1.179333333333333258e+03
1.176833333333333258e+03
1.175333333333333258e+03
1.167666666666666515e+03
1.153500000000000000e+03
1.190666666666666515e+03
1.217666666666666515e+03
1.213166666666666515e+03
1.230000000000000000e+03
1.228666666666666515e+03
1.251000000000000000e+03
1.229166666666666515e+03
1.236000000000000000e+03
1.251500000000000000e+03
1.262500000000000000e+03
1.246166666666666515e+03
1.218166666666666515e+03
1.206333333333333258e+03
1.206833333333333258e+03
1.192166666666666515e+03
1.225166666666666515e+03
1.199500000000000000e+03
1.205333333333333258e+03
1.184000000000000000e+03
1.242000000000000000e+03
1.264166666666666515e+03
1.239500000000000000e+03
1.198666666666666515e+03
1.180000000000000000e+03
1.174666666666666515e+03
1.202000000000000000e+03
1.226500000000000000e+03
1.254000000000000000e+03
1.233666666666666515e+03
1.229500000000000000e+03
1.248833333333333258e+03
1.271333333333333258e+03
1.266666666666666515e+03
1.213333333333333258e+03
1.157000000000000000e+03
1.141500000000000000e+03
1.133000000000000000e+03
1.170333333333333258e+03
1.177666666666666515e+03
1.197000000000000000e+03
1.183166666666666515e+03
1.188333333333333258e+03
1.222000000000000000e+03
1.223833333333333258e+03
1.219666666666666515e+03
1.183666666666666515e+03
1.200333333333333258e+03
1.192333333333333258e+03
1.216666666666666515e+03
1.212333333333333258e+03
1.231666666666666515e+03
1.209500000000000000e+03
1.212666666666666515e+03
1.200166666666666515e+03
1.194666666666666515e+03
1.168500000000000000e+03
1.106666666666666515e+03
1.105666666666666515e+03
1.151333333333333258e+03
1.193500000000000000e+03
1.214666666666666515e+03
1.194333333333333258e+03
1.203666666666666515e+03
1.187500000000000000e+03
1.163333333333333258e+03
1.176000000000000000e+03
1.174333333333333258e+03
1.170833333333333258e+03
1.160500000000000000e+03
1.147833333333333258e+03
1.160833333333333258e+03
1.162500000000000000e+03
1.186500000000000000e+03
1.213500000000000000e+03
1.196833333333333258e+03
1.214000000000000000e+03
1.189500000000000000e+03
1.222666666666666515e+03
1.188666666666666515e+03
1.189000000000000000e+03
1.153833333333333258e+03
1.175500000000000000e+03
1.178833333333333258e+03
1.225833333333333258e+03
1.237500000000000000e+03
1.231833333333333258e+03
1.227000000000000000e+03
1.187833333333333258e+03
1.205500000000000000e+03
1.182000000000000000e+03
1.182000000000000000e+03
1.162833333333333258e+03
1.155833333333333258e+03
1.192500000000000000e+03
1.216333333333333258e+03
1.259333333333333258e+03
1.248166666666666515e+03
1.227000000000000000e+03
1.204333333333333258e+03
1.181000000000000000e+03
1.200500000000000000e+03
1.179833333333333258e+03
1.236666666666666515e+03
1.236500000000000000e+03
1.274500000000000000e+03
1.237666666666666515e+03
1.250000000000000000e+03
1.239833333333333258e+03
1.228833333333333258e+03
1.217000000000000000e+03
1.195333333333333258e+03
1.236333333333333258e+03
1.229000000000000000e+03
1.203500000000000000e+03
1.201833333333333258e+03
1.203000000000000000e+03
1.223333333333333258e+03
1.189833333333333258e+03
1.181500000000000000e+03
1.170833333333333258e+03
1.156666666666666515e+03
1.158000000000000000e+03
1.179166666666666515e+03
1.196333333333333258e+03
1.175500000000000000e+03
1.202500000000000000e+03
1.181833333333333258e+03
1.221333333333333258e+03
1.197500000000000000e+03
1.226666666666666515e+03
1.198500000000000000e+03
1.178666666666666515e+03
1.175500000000000000e+03
1.149000000000000000e+03
1.160000000000000000e+03
1.136666666666666515e+03
1.178166666666666515e+03
1.160333333333333258e+03
1.152166666666666515e+03
1.163500000000000000e+03
1.191666666666666515e+03
1.229666666666666515e+03
1.212833333333333258e+03
1.207166666666666515e+03
1.207000000000000000e+03
1.192166666666666515e+03
1.172166666666666515e+03
1.162000000000000000e+03
1.170500000000000000e+03
1.178333333333333258e+03
1.192000000000000000e+03
1.186166666666666515e+03
1.195333333333333258e+03
1.179500000000000000e+03
1.200666666666666515e+03
1.200166666666666515e+03
1.192333333333333258e+03
1.180333333333333258e+03
1.171666666666666515e+03
1.164500000000000000e+03
1.176333333333333258e+03
1.190166666666666515e+03
1.202166666666666515e+03
1.183833333333333258e+03
1.184166666666666515e+03
1.184500000000000000e+03
1.154500000000000000e+03
1.131500000000000000e+03
1.126166666666666515e+03
1.177000000000000000e+03
1.192833333333333258e+03
1.213500000000000000e+03
1.191500000000000000e+03
1.180000000000000000e+03
1.152500000000000000e+03
1.145833333333333258e+03
1.164666666666666515e+03
1.159333333333333258e+03
1.152166666666666515e+03
1.147333333333333258e+03
1.167000000000000000e+03
1.180166666666666515e+03
1.184833333333333258e+03
1.181166666666666515e+03
1.185833333333333258e+03
1.188833333333333258e+03
1.202666666666666515e+03
1.190166666666666515e+03
1.165833333333333258e+03
1.187166666666666515e+03
1.221333333333333258e+03
1.216166666666666515e+03
1.174666666666666515e+03
1.166833333333333258e+03
1.198000000000000000e+03
1.193166666666666515e+03
1.173166666666666515e+03
1.145000000000000000e+03
1.143000000000000000e+03
1.148500000000000000e+03
1.159500000000000000e+03
1.185166666666666515e+03
1.178333333333333258e+03
1.170333333333333258e+03
1.151500000000000000e+03
1.134666666666666515e+03
1.147166666666666515e+03
1.137500000000000000e+03
1.173833333333333258e+03
1.195500000000000000e+03
1.188000000000000000e+03
1.181500000000000000e+03
1.153500000000000000e+03
1.195000000000000000e+03
1.187666666666666515e+03
1.177000000000000000e+03
1.145833333333333258e+03
1.183500000000000000e+03
1.169833333333333258e+03
1.193000000000000000e+03
1.131666666666666515e+03
1.178333333333333258e+03
1.162500000000000000e+03
1.177833333333333258e+03
1.138500000000000000e+03
1.140166666666666515e+03
1.143833333333333258e+03
1.168500000000000000e+03
1.183333333333333258e+03
1.203166666666666515e+03
1.204000000000000000e+03
1.191500000000000000e+03
1.171166666666666515e+03
1.150666666666666515e+03
1.125833333333333258e+03
1.130333333333333258e+03
1.118833333333333258e+03
1.151666666666666515e+03
1.154000000000000000e+03
1.164500000000000000e+03
1.159333333333333258e+03
1.146500000000000000e+03
1.149000000000000000e+03
1.134000000000000000e+03
1.144000000000000000e+03
1.133333333333333258e+03
1.158833333333333258e+03
1.170500000000000000e+03
1.196666666666666515e+03
1.201000000000000000e+03
1.176333333333333258e+03
1.158833333333333258e+03
1.172500000000000000e+03
1.203833333333333258e+03
1.249666666666666515e+03
1.230666666666666515e+03
1.256000000000000000e+03
1.236000000000000000e+03
1.223500000000000000e+03
1.167500000000000000e+03
1.147333333333333258e+03
1.159333333333333258e+03
1.173166666666666515e+03
1.186500000000000000e+03
1.162000000000000000e+03
1.151833333333333258e+03
1.148500000000000000e+03
1.163666666666666515e+03
1.187666666666666515e+03
1.174333333333333258e+03
1.181666666666666515e+03
1.170500000000000000e+03
1.190166666666666515e+03
1.160000000000000000e+03
1.129000000000000000e+03
1.124666666666666515e+03
1.139666666666666515e+03
1.171666666666666515e+03
1.156666666666666515e+03
1.171666666666666515e+03
1.176500000000000000e+03
1.194333333333333258e+03
1.180500000000000000e+03
1.151000000000000000e+03
1.154000000000000000e+03
1.163666666666666515e+03
1.190666666666666515e+03
1.178166666666666515e+03
1.171000000000000000e+03
1.163833333333333258e+03
1.170833333333333258e+03
1.167500000000000000e+03
1.188166666666666515e+03
1.177500000000000000e+03
1.173833333333333258e+03
1.138833333333333258e+03
1.147333333333333258e+03
1.152166666666666515e+03
1.176000000000000000e+03
1.183833333333333258e+03
1.194833333333333258e+03
1.177500000000000000e+03
1.198833333333333258e+03
1.194666666666666515e+03
1.249166666666666515e+03
1.254500000000000000e+03
1.260000000000000000e+03
1.240166666666666515e+03
1.200000000000000000e+03
1.183666666666666515e+03
1.178666666666666515e+03
1.163666666666666515e+03
1.167000000000000000e+03
1.141000000000000000e+03
1.164833333333333258e+03
1.150166666666666515e+03
1.158500000000000000e+03
1.171166666666666515e+03
1.216833333333333258e+03
1.211333333333333258e+03
1.172000000000000000e+03
1.139166666666666515e+03
1.125166666666666515e+03
1.140000000000000000e+03
1.114666666666666515e+03
1.127666666666666515e+03
1.124166666666666515e+03
1.115833333333333258e+03
1.109833333333333258e+03
1.105833333333333258e+03
1.130666666666666515e+03
1.132000000000000000e+03
1.146833333333333258e+03
1.172666666666666515e+03
1.167666666666666515e+03
1.171166666666666515e+03
1.143000000000000000e+03
1.171000000000000000e+03
1.147666666666666515e+03
1.172166666666666515e+03
1.161666666666666515e+03
1.174000000000000000e+03
1.167000000000000000e+03
1.171166666666666515e+03
1.175166666666666515e+03
1.181333333333333258e+03
1.154500000000000000e+03
1.177166666666666515e+03
1.154833333333333258e+03
1.184500000000000000e+03
1.161333333333333258e+03
1.193166666666666515e+03
1.183500000000000000e+03
1.179500000000000000e+03
1.154333333333333258e+03
1.168666666666666515e+03
1.189666666666666515e+03
1.190166666666666515e+03
1.145833333333333258e+03
1.129166666666666515e+03
1.142166666666666515e+03
1.170166666666666515e+03
1.186666666666666515e+03
1.160333333333333258e+03
1.170000000000000000e+03
1.177666666666666515e+03
1.185000000000000000e+03
1.180500000000000000e+03
1.152666666666666515e+03
1.164500000000000000e+03
1.130166666666666515e+03
1.114333333333333258e+03
1.104000000000000000e+03
1.147000000000000000e+03
1.159166666666666515e+03
1.158500000000000000e+03
1.143833333333333258e+03
1.209000000000000000e+03
1.214166666666666515e+03
1.240333333333333258e+03
1.185333333333333258e+03
1.221166666666666515e+03
1.224000000000000000e+03
1.253166666666666515e+03
1.232166666666666515e+03
1.212000000000000000e+03
1.181166666666666515e+03
1.194500000000000000e+03
1.182166666666666515e+03
1.188000000000000000e+03
1.194833333333333258e+03
1.213500000000000000e+03
1.205000000000000000e+03
1.175500000000000000e+03
1.158500000000000000e+03
1.131166666666666515e+03
1.130833333333333258e+03
1.127166666666666515e+03
1.150833333333333258e+03
1.169500000000000000e+03
1.179166666666666515e+03
1.173000000000000000e+03
1.177666666666666515e+03
1.179500000000000000e+03
1.202000000000000000e+03
1.179166666666666515e+03
1.144000000000000000e+03
1.146666666666666515e+03
1.163000000000000000e+03
1.198500000000000000e+03
1.164500000000000000e+03
1.114333333333333258e+03
1.112500000000000000e+03
1.135166666666666515e+03
1.180500000000000000e+03
1.177333333333333258e+03
1.157000000000000000e+03
1.144000000000000000e+03
1.152833333333333258e+03
1.156500000000000000e+03
1.141833333333333258e+03
1.116166666666666515e+03
1.133833333333333258e+03
1.177000000000000000e+03
1.191833333333333258e+03
1.171500000000000000e+03
1.151000000000000000e+03
1.128333333333333258e+03
1.144666666666666515e+03
1.138000000000000000e+03
1.147000000000000000e+03
1.188666666666666515e+03
1.232000000000000000e+03
1.257833333333333258e+03
1.205000000000000000e+03
1.209333333333333258e+03
1.188333333333333258e+03
1.208500000000000000e+03
1.186500000000000000e+03
1.182666666666666515e+03
1.191833333333333258e+03
1.171666666666666515e+03
1.214000000000000000e+03
1.172833333333333258e+03
1.207833333333333258e+03
1.190166666666666515e+03
1.213000000000000000e+03
1.184000000000000000e+03
1.170666666666666515e+03
1.145666666666666515e+03
1.116500000000000000e+03
1.116333333333333258e+03
1.160833333333333258e+03
1.199666666666666515e+03
1.226833333333333258e+03
1.208000000000000000e+03
1.199500000000000000e+03
1.182500000000000000e+03
1.170333333333333258e+03
1.146333333333333258e+03
1.109000000000000000e+03
1.124166666666666515e+03
1.135000000000000000e+03
1.166166666666666515e+03
1.170166666666666515e+03
1.183333333333333258e+03
1.167833333333333258e+03
1.158500000000000000e+03
1.133333333333333258e+03
1.136500000000000000e+03
1.121666666666666515e+03
1.147000000000000000e+03
1.166166666666666515e+03
1.181666666666666515e+03
1.163333333333333258e+03
1.164833333333333258e+03
1.177166666666666515e+03
1.178833333333333258e+03
1.162166666666666515e+03
1.164000000000000000e+03
1.177500000000000000e+03
1.192333333333333258e+03
1.164500000000000000e+03
1.138000000000000000e+03
1.118000000000000000e+03
1.139333333333333258e+03
1.146000000000000000e+03
1.158500000000000000e+03
1.133666666666666515e+03
1.153166666666666515e+03
1.166833333333333258e+03
1.188666666666666515e+03
1.169333333333333258e+03
1.163666666666666515e+03
1.146500000000000000e+03
1.146166666666666515e+03
1.130333333333333258e+03
1.131666666666666515e+03
1.121500000000000000e+03
1.156500000000000000e+03
1.159833333333333258e+03
1.155500000000000000e+03
1.103166666666666515e+03
1.132166666666666515e+03
1.176166666666666515e+03
1.205166666666666515e+03
1.193333333333333258e+03
1.167500000000000000e+03
1.139333333333333258e+03
1.143333333333333258e+03
1.156500000000000000e+03
1.180333333333333258e+03
1.166833333333333258e+03
1.134666666666666515e+03
1.124500000000000000e+03
1.116666666666666515e+03
1.118333333333333258e+03
1.127666666666666515e+03
1.121500000000000000e+03
1.154000000000000000e+03
1.127666666666666515e+03
1.160666666666666515e+03
1.165166666666666515e+03
1.212666666666666515e+03
1.157833333333333258e+03
1.129000000000000000e+03
1.137500000000000000e+03
1.174666666666666515e+03
1.166000000000000000e+03
1.122333333333333258e+03
1.118833333333333258e+03
1.134333333333333258e+03
1.144000000000000000e+03
1.179000000000000000e+03
1.177166666666666515e+03
1.187166666666666515e+03
1.141500000000000000e+03
1.179333333333333258e+03
1.162000000000000000e+03
1.170500000000000000e+03
1.146000000000000000e+03
1.153666666666666515e+03
1.157333333333333258e+03
1.149166666666666515e+03
1.156166666666666515e+03
1.160166666666666515e+03
1.149166666666666515e+03
1.124166666666666515e+03
1.116166666666666515e+03
1.136000000000000000e+03
1.154000000000000000e+03
1.146833333333333258e+03
1.122500000000000000e+03
1.119833333333333258e+03
1.132666666666666515e+03
1.192000000000000000e+03
1.177333333333333258e+03
1.172833333333333258e+03
1.132666666666666515e+03
1.138666666666666515e+03
1.122500000000000000e+03
1.147333333333333258e+03
1.206500000000000000e+03
1.254500000000000000e+03
1.223500000000000000e+03
1.192166666666666515e+03
1.181166666666666515e+03
1.218333333333333258e+03
1.212166666666666515e+03
1.190000000000000000e+03
1.159000000000000000e+03
1.156166666666666515e+03
1.174666666666666515e+03
1.162833333333333258e+03
1.146166666666666515e+03
1.121666666666666515e+03
1.110000000000000000e+03
1.123833333333333258e+03
1.124833333333333258e+03
1.170666666666666515e+03
1.152500000000000000e+03
1.162333333333333258e+03
1.158666666666666515e+03
1.213333333333333258e+03
1.215666666666666515e+03
8.140000000000000000e+02
