3.163499999999999545e+03
3.403999999999999545e+03
7.068333333333332575e+02
8.386666666666666288e+02
1.007000000000000000e+03
1.165500000000000000e+03
1.214666666666666515e+03
1.222666666666666515e+03
1.238833333333333258e+03
1.261333333333333258e+03
1.267000000000000000e+03
1.291166666666666515e+03
1.269833333333333258e+03
1.294833333333333258e+03
1.301000000000000000e+03
1.340333333333333258e+03
1.374000000000000000e+03
1.417833333333333258e+03
1.423166666666666515e+03
1.412500000000000000e+03
1.409333333333333258e+03
1.435166666666666515e+03
1.428666666666666515e+03
1.468333333333333258e+03
1.475666666666666515e+03
1.449666666666666515e+03
1.382333333333333258e+03
1.359333333333333258e+03
1.415666666666666515e+03
1.433333333333333258e+03
1.456333333333333258e+03
1.434333333333333258e+03
1.444666666666666515e+03
1.435333333333333258e+03
1.467000000000000000e+03
1.470833333333333258e+03
1.455333333333333258e+03
1.413666666666666515e+03
1.428166666666666515e+03
1.416666666666666515e+03
1.454000000000000000e+03
1.420000000000000000e+03
1.465500000000000000e+03
1.426500000000000000e+03
1.424833333333333258e+03
1.413666666666666515e+03
1.420000000000000000e+03
1.454500000000000000e+03
1.458000000000000000e+03
1.476500000000000000e+03
1.455000000000000000e+03
1.450666666666666515e+03
1.431000000000000000e+03
1.438833333333333258e+03
1.454833333333333258e+03
1.446000000000000000e+03
1.443500000000000000e+03
1.424666666666666515e+03
1.453666666666666515e+03
1.459166666666666515e+03
1.441500000000000000e+03
1.426000000000000000e+03
1.408166666666666515e+03
1.408000000000000000e+03
1.437666666666666515e+03
1.434666666666666515e+03
1.425833333333333258e+03
1.405166666666666515e+03
1.396166666666666515e+03
1.389666666666666515e+03
1.368500000000000000e+03
1.393500000000000000e+03
1.403333333333333258e+03
1.396666666666666515e+03
1.403666666666666515e+03
1.401666666666666515e+03
1.437333333333333258e+03
1.434666666666666515e+03
1.440000000000000000e+03
1.420666666666666515e+03
1.431500000000000000e+03
1.454000000000000000e+03
1.467833333333333258e+03
1.502833333333333258e+03
1.520833333333333258e+03
1.525333333333333258e+03
1.478500000000000000e+03
1.434500000000000000e+03
1.442333333333333258e+03
1.462333333333333258e+03
1.472666666666666515e+03
1.436666666666666515e+03
1.415166666666666515e+03
1.405333333333333258e+03
1.448833333333333258e+03
1.448500000000000000e+03
1.505333333333333258e+03
1.478666666666666515e+03
1.488500000000000000e+03
1.458000000000000000e+03
1.482833333333333258e+03
1.427500000000000000e+03
1.445000000000000000e+03
1.460500000000000000e+03
1.511499999999999773e+03
1.498999999999999773e+03
1.473666666666666515e+03
1.471666666666666515e+03
1.450333333333333258e+03
1.470333333333333258e+03
1.456000000000000000e+03
1.452500000000000000e+03
1.459333333333333258e+03
1.458666666666666515e+03
1.492499999999999773e+03
1.459666666666666515e+03
1.502833333333333258e+03
1.474166666666666515e+03
1.444333333333333258e+03
1.394000000000000000e+03
1.428333333333333258e+03
1.477833333333333258e+03
1.483333333333333258e+03
1.463833333333333258e+03
1.435500000000000000e+03
1.418000000000000000e+03
1.413000000000000000e+03
1.418666666666666515e+03
1.474833333333333258e+03
1.471666666666666515e+03
1.486333333333333258e+03
1.462833333333333258e+03
1.458500000000000000e+03
1.486666666666666515e+03
1.499000000000000000e+03
1.525500000000000000e+03
1.496666666666666515e+03
1.475166666666666515e+03
1.481833333333333258e+03
1.484500000000000000e+03
1.512500000000000000e+03
1.461666666666666515e+03
1.437000000000000000e+03
1.459833333333333258e+03
1.482000000000000000e+03
1.484333333333333258e+03
1.489166666666666515e+03
1.488999999999999773e+03
1.536499999999999773e+03
1.542166666666666515e+03
1.543500000000000000e+03
1.521666666666666515e+03
1.520166666666666515e+03
1.554833333333333258e+03
1.571333333333333258e+03
1.518333333333333258e+03
1.533000000000000000e+03
1.524833333333333258e+03
1.541333333333333258e+03
1.519500000000000000e+03
1.478666666666666515e+03
1.478333333333333258e+03
1.476500000000000000e+03
1.502500000000000000e+03
1.507166666666666515e+03
1.518000000000000000e+03
1.511833333333333258e+03
1.505000000000000000e+03
1.505500000000000000e+03
1.513000000000000000e+03
1.549666666666666515e+03
1.565833333333333258e+03
1.561333333333333258e+03
1.529499999999999773e+03
1.497000000000000000e+03
1.513166666666666515e+03
1.493666666666666515e+03
1.522833333333333258e+03
1.498500000000000000e+03
1.508833333333333258e+03
1.493166666666666515e+03
1.507333333333333258e+03
1.536499999999999773e+03
1.541833333333333030e+03
1.578833333333333258e+03
1.583000000000000000e+03
1.571000000000000000e+03
1.546833333333333030e+03
1.551166666666666515e+03
1.537166666666666515e+03
1.559833333333333258e+03
1.575500000000000000e+03
1.606000000000000000e+03
1.596499999999999773e+03
1.577833333333333258e+03
1.565166666666666515e+03
1.593833333333333258e+03
1.559166666666666515e+03
1.533666666666666515e+03
1.487500000000000000e+03
1.537666666666666515e+03
1.577833333333333030e+03
1.637333333333333258e+03
1.608000000000000000e+03
1.617000000000000000e+03
1.562666666666666515e+03
1.588666666666666515e+03
1.588166666666666515e+03
1.628999999999999773e+03
1.616666666666666515e+03
1.598833333333333258e+03
1.585166666666666515e+03
1.648500000000000000e+03
1.656666666666666515e+03
1.645500000000000000e+03
1.586500000000000000e+03
1.628500000000000000e+03
1.630666666666666515e+03
1.644499999999999773e+03
1.620500000000000000e+03
1.681166666666666515e+03
1.694833333333333258e+03
1.702833333333333258e+03
1.677000000000000000e+03
1.689666666666666515e+03
1.676999999999999773e+03
1.640000000000000000e+03
1.635833333333333258e+03
1.630166666666666515e+03
1.633833333333333030e+03
1.607666666666666515e+03
1.628666666666666515e+03
1.671333333333333258e+03
1.697833333333333258e+03
1.729666666666666515e+03
1.711000000000000000e+03
1.717666666666666515e+03
1.699333333333333030e+03
1.689499999999999773e+03
1.674333333333333258e+03
1.657999999999999773e+03
1.695666666666666515e+03
1.731666666666666515e+03
1.751666666666666515e+03
1.744333333333333030e+03
1.748333333333333258e+03
1.722166666666666515e+03
1.724500000000000000e+03
1.669833333333333030e+03
1.701666666666666515e+03
1.693333333333333030e+03
1.732166666666666515e+03
1.741499999999999773e+03
1.749666666666666515e+03
1.733499999999999773e+03
1.714999999999999773e+03
1.711499999999999773e+03
1.699499999999999773e+03
1.712166666666666515e+03
1.707333333333333258e+03
1.735833333333333258e+03
1.715500000000000000e+03
1.707666666666666515e+03
1.702666666666666515e+03
1.699000000000000000e+03
1.728500000000000000e+03
1.700499999999999773e+03
1.720333333333333258e+03
1.703166666666666515e+03
1.703833333333333258e+03
1.685333333333333258e+03
1.680333333333333258e+03
1.733833333333333258e+03
1.746833333333333258e+03
1.734000000000000000e+03
1.710166666666666515e+03
1.721666666666666515e+03
1.740000000000000000e+03
1.769833333333333258e+03
1.803000000000000000e+03
1.846000000000000000e+03
1.804666666666666515e+03
1.748333333333333030e+03
1.693000000000000000e+03
1.725333333333333258e+03
1.758666666666666515e+03
1.768000000000000000e+03
1.736000000000000000e+03
1.754333333333333258e+03
1.746666666666666515e+03
1.760833333333333030e+03
1.732500000000000000e+03
1.727666666666666515e+03
1.671833333333333258e+03
1.653000000000000000e+03
1.659500000000000000e+03
1.745166666666666515e+03
1.756166666666666515e+03
1.764666666666666515e+03
1.738499999999999773e+03
1.760666666666666515e+03
1.761166666666666515e+03
1.773666666666666515e+03
1.744333333333333258e+03
1.735500000000000000e+03
1.701499999999999773e+03
1.731500000000000000e+03
1.751000000000000000e+03
1.768499999999999773e+03
1.753166666666666515e+03
1.768000000000000000e+03
1.784999999999999773e+03
1.818666666666666515e+03
1.820999999999999773e+03
1.813499999999999773e+03
1.771333333333333030e+03
1.779166666666666515e+03
1.759666666666666515e+03
1.775666666666666515e+03
1.781000000000000000e+03
1.825333333333333030e+03
1.874333333333333030e+03
1.857166666666666515e+03
1.855333333333333258e+03
1.841333333333333030e+03
1.853000000000000000e+03
1.823166666666666515e+03
1.820000000000000000e+03
1.819166666666666515e+03
1.841999999999999773e+03
1.820166666666666515e+03
1.817833333333333258e+03
1.819000000000000000e+03
1.845333333333333258e+03
1.877166666666666515e+03
1.879499999999999773e+03
1.894333333333333258e+03
1.882833333333333030e+03
1.886666666666666515e+03
1.843833333333333258e+03
1.855666666666666515e+03
1.801500000000000000e+03
1.794166666666666515e+03
1.770999999999999773e+03
1.826833333333333258e+03
1.842333333333333030e+03
1.859500000000000000e+03
1.846333333333333030e+03
1.835166666666666515e+03
1.802999999999999773e+03
1.825166666666666515e+03
1.807333333333333030e+03
1.793333333333333258e+03
1.825333333333333258e+03
1.890166666666666515e+03
1.939833333333333258e+03
1.890000000000000000e+03
1.860333333333333258e+03
1.859166666666666515e+03
1.839166666666666515e+03
1.849666666666666515e+03
1.857666666666666515e+03
1.879666666666666515e+03
1.881000000000000000e+03
1.848333333333333030e+03
1.880833333333333258e+03
1.906499999999999773e+03
1.950500000000000000e+03
1.930666666666666515e+03
1.914333333333333258e+03
1.862166666666666515e+03
1.889000000000000000e+03
1.888666666666666515e+03
1.901833333333333030e+03
1.853500000000000000e+03
1.866166666666666515e+03
1.891000000000000000e+03
1.922000000000000000e+03
1.902499999999999773e+03
1.872500000000000000e+03
1.876500000000000000e+03
1.876499999999999773e+03
1.912166666666666515e+03
1.932333333333333258e+03
1.946500000000000000e+03
1.958166666666666515e+03
1.943333333333333258e+03
1.960500000000000000e+03
1.936333333333333030e+03
1.910500000000000000e+03
1.865333333333333258e+03
1.874666666666666515e+03
1.894833333333333258e+03
1.951166666666666515e+03
1.934499999999999773e+03
1.951333333333333030e+03
1.891833333333333258e+03
1.913666666666666515e+03
1.883666666666666515e+03
1.912666666666666515e+03
1.934166666666666515e+03
1.965333333333333258e+03
1.975333333333333258e+03
1.967499999999999773e+03
1.948499999999999773e+03
1.952833333333333030e+03
1.914666666666666515e+03
1.923000000000000000e+03
1.915166666666666515e+03
1.904166666666666515e+03
1.934500000000000000e+03
1.954166666666666515e+03
1.988000000000000000e+03
1.957333333333333258e+03
1.967166666666666515e+03
1.949999999999999773e+03
1.981166666666666515e+03
1.979833333333333258e+03
1.998000000000000000e+03
1.984666666666666515e+03
1.971666666666666515e+03
2.010666666666666515e+03
2.015833333333333258e+03
2.025333333333333258e+03
1.999666666666666515e+03
1.973000000000000000e+03
1.961333333333333258e+03
1.940333333333333258e+03
1.942499999999999773e+03
1.919666666666666515e+03
1.908333333333333258e+03
1.918833333333333258e+03
1.911833333333333258e+03
1.950000000000000000e+03
1.935833333333333030e+03
1.946500000000000000e+03
1.909500000000000000e+03
1.896666666666666515e+03
1.896000000000000000e+03
1.926500000000000000e+03
1.951833333333333030e+03
1.946666666666666515e+03
1.934500000000000000e+03
1.937166666666666515e+03
1.967500000000000000e+03
1.973166666666666515e+03
1.939333333333333258e+03
1.890166666666666515e+03
1.890833333333333258e+03
1.914833333333333258e+03
1.949166666666666515e+03
1.949666666666666515e+03
1.958999999999999773e+03
1.943833333333333030e+03
1.906500000000000000e+03
1.901333333333333030e+03
1.950499999999999773e+03
2.005833333333333258e+03
1.969666666666666515e+03
1.942000000000000000e+03
1.929333333333333030e+03
1.975000000000000000e+03
1.981166666666666515e+03
1.990166666666666515e+03
2.013833333333333258e+03
1.998333333333333258e+03
1.978499999999999773e+03
1.946999999999999773e+03
1.947333333333333030e+03
1.970666666666666515e+03
1.948500000000000000e+03
1.937333333333333258e+03
1.939999999999999773e+03
1.966166666666666515e+03
1.980833333333333030e+03
1.959333333333333258e+03
1.949666666666666515e+03
1.971166666666666515e+03
1.978333333333333258e+03
1.969833333333333030e+03
1.934666666666666515e+03
1.929999999999999773e+03
1.978166666666666515e+03
2.027833333333333030e+03
1.998666666666666515e+03
1.959166666666666515e+03
1.926500000000000000e+03
1.943833333333333258e+03
1.932333333333333258e+03
1.964833333333333258e+03
2.003666666666666515e+03
2.036333333333333258e+03
1.980500000000000000e+03
1.921499999999999773e+03
1.926833333333333258e+03
1.972166666666666515e+03
1.981833333333333258e+03
1.972333333333333258e+03
1.977500000000000000e+03
2.013166666666666515e+03
2.005666666666666515e+03
2.007500000000000000e+03
2.001333333333333258e+03
2.005000000000000000e+03
2.008333333333333258e+03
1.993666666666666515e+03
2.004999999999999773e+03
1.993499999999999773e+03
1.977999999999999773e+03
1.942333333333333030e+03
1.939500000000000000e+03
1.936999999999999773e+03
1.934000000000000000e+03
1.913833333333333258e+03
1.935333333333333258e+03
1.980499999999999773e+03
1.980333333333333030e+03
2.006166666666666515e+03
1.986666666666666515e+03
1.988833333333333258e+03
1.982666666666666515e+03
1.998500000000000000e+03
1.972166666666666515e+03
1.984166666666666515e+03
1.956666666666666515e+03
1.999333333333333030e+03
1.974166666666666515e+03
1.991166666666666515e+03
1.994333333333333258e+03
1.977500000000000000e+03
1.930666666666666515e+03
1.929333333333333258e+03
1.946166666666666515e+03
1.967000000000000000e+03
1.925000000000000000e+03
1.951999999999999773e+03
2.017166666666666515e+03
2.058166666666666515e+03
2.041666666666666515e+03
2.022833333333333258e+03
2.054500000000000000e+03
2.051333333333333030e+03
2.055000000000000000e+03
2.025666666666666515e+03
2.050500000000000000e+03
2.076333333333333030e+03
2.112000000000000000e+03
2.144500000000000000e+03
2.143000000000000000e+03
2.147500000000000000e+03
2.112500000000000000e+03
2.098500000000000000e+03
2.089000000000000000e+03
2.095333333333333030e+03
2.080333333333333030e+03
2.063500000000000000e+03
2.050500000000000000e+03
2.057833333333333030e+03
2.064500000000000000e+03
2.073333333333333030e+03
2.062333333333333030e+03
2.064833333333333030e+03
2.051166666666666515e+03
2.033166666666666515e+03
2.021000000000000000e+03
2.020833333333333258e+03
2.050166666666666515e+03
2.038833333333333258e+03
2.063833333333333030e+03
2.055666666666666515e+03
2.063166666666666515e+03
2.100500000000000000e+03
2.115333333333333030e+03
2.103666666666666515e+03
2.059333333333333030e+03
2.053000000000000000e+03
2.069833333333333030e+03
2.092500000000000000e+03
2.101000000000000000e+03
2.106666666666666515e+03
2.069833333333333030e+03
2.047500000000000000e+03
2.071500000000000000e+03
2.128666666666666515e+03
2.145666666666666515e+03
2.123500000000000000e+03
2.082666666666666515e+03
2.116666666666666515e+03
2.130000000000000000e+03
2.137833333333333030e+03
2.098666666666666515e+03
2.072333333333333030e+03
2.073000000000000000e+03
2.074166666666666515e+03
2.091500000000000000e+03
2.110000000000000000e+03
2.149166666666666515e+03
2.174000000000000000e+03
2.160666666666666515e+03
2.115333333333333030e+03
2.136333333333333030e+03
2.151333333333333030e+03
2.208666666666666515e+03
2.200166666666666515e+03
2.199166666666666515e+03
2.155333333333333030e+03
2.154333333333333030e+03
2.168000000000000000e+03
2.194166666666666515e+03
2.167833333333333030e+03
2.146166666666666515e+03
2.137166666666666515e+03
2.123000000000000000e+03
2.151500000000000000e+03
2.168666666666666515e+03
2.226333333333333030e+03
2.202833333333333030e+03
2.171500000000000000e+03
2.099166666666666515e+03
2.078833333333333030e+03
2.094000000000000000e+03
2.151500000000000000e+03
2.144500000000000000e+03
2.153666666666666515e+03
2.127500000000000000e+03
2.155000000000000000e+03
2.159166666666666515e+03
2.158333333333333030e+03
2.168833333333333030e+03
2.156833333333333030e+03
2.165000000000000000e+03
2.160333333333333030e+03
2.180833333333333030e+03
2.191833333333333030e+03
2.205500000000000000e+03
2.210666666666666515e+03
2.181166666666666515e+03
2.164166666666666515e+03
2.148000000000000000e+03
2.160333333333333030e+03
2.142500000000000000e+03
2.172333333333333030e+03
2.193000000000000000e+03
2.231500000000000000e+03
2.220333333333333030e+03
2.215666666666666515e+03
2.216833333333333030e+03
2.200000000000000000e+03
2.232000000000000000e+03
2.224000000000000000e+03
2.249833333333333030e+03
2.262000000000000000e+03
2.239500000000000000e+03
2.241833333333333030e+03
2.217333333333333030e+03
2.263500000000000000e+03
2.271000000000000000e+03
2.272666666666666515e+03
2.240666666666666515e+03
2.248333333333333030e+03
2.285166666666666515e+03
2.332666666666666515e+03
2.312666666666666515e+03
2.282333333333333030e+03
2.281500000000000000e+03
2.276500000000000000e+03
2.276000000000000000e+03
2.257666666666666515e+03
2.265166666666666515e+03
2.288333333333333030e+03
2.315666666666666515e+03
2.312333333333333030e+03
2.294166666666666515e+03
2.280833333333333030e+03
2.306333333333333030e+03
2.306000000000000000e+03
2.284333333333333030e+03
2.278166666666666515e+03
2.286333333333333030e+03
2.308833333333333030e+03
2.293000000000000000e+03
2.254666666666666515e+03
2.241166666666666515e+03
2.259666666666666515e+03
2.307833333333333030e+03
2.321000000000000000e+03
2.286666666666666515e+03
2.263833333333333030e+03
2.296000000000000000e+03
2.320666666666666515e+03
2.322666666666666515e+03
2.283666666666666515e+03
2.311833333333333030e+03
2.339166666666666515e+03
2.339000000000000000e+03
2.310666666666666515e+03
2.299833333333333030e+03
2.310500000000000000e+03
2.343000000000000000e+03
2.354000000000000000e+03
2.361666666666666515e+03
2.350333333333333030e+03
2.365000000000000000e+03
2.384666666666666515e+03
2.388500000000000000e+03
2.391500000000000000e+03
2.364833333333333030e+03
2.411166666666666515e+03
2.428166666666666515e+03
2.442166666666666515e+03
2.382166666666666515e+03
2.339333333333333030e+03
2.360166666666666515e+03
2.356333333333333030e+03
2.399666666666666515e+03
2.365333333333333030e+03
2.375333333333333030e+03
2.316000000000000000e+03
2.352666666666666515e+03
2.365833333333333030e+03
2.400166666666666515e+03
2.403000000000000000e+03
2.414500000000000000e+03
2.442333333333333030e+03
2.470833333333333030e+03
2.480166666666666515e+03
2.515333333333333030e+03
2.519833333333333030e+03
2.505500000000000000e+03
2.423500000000000000e+03
2.408500000000000000e+03
2.440500000000000000e+03
2.480833333333333030e+03
2.466666666666666515e+03
2.464166666666666515e+03
2.484666666666666515e+03
2.481000000000000000e+03
2.483000000000000000e+03
2.535166666666666515e+03
2.595333333333333030e+03
2.619666666666666515e+03
2.580166666666666515e+03
2.554000000000000000e+03
2.566666666666666515e+03
2.601000000000000000e+03
2.597833333333333030e+03
2.619500000000000000e+03
2.597000000000000000e+03
2.657166666666666515e+03
2.682166666666666515e+03
2.750333333333333030e+03
2.754333333333333030e+03
2.788666666666666515e+03
2.765833333333333030e+03
2.791666666666666515e+03
2.778166666666666515e+03
2.814166666666666515e+03
2.824666666666666515e+03
2.861833333333333030e+03
2.933166666666666515e+03
2.985166666666666515e+03
3.021333333333333030e+03
3.062666666666666515e+03
3.099166666666666515e+03
3.191500000000000000e+03
3.266499999999999545e+03
3.329333333333333030e+03
3.375500000000000000e+03
3.404833333333333030e+03
3.457166666666666515e+03
3.485666666666666515e+03
3.514833333333333030e+03
3.685333333333333030e+03
3.732833333333333030e+03
3.838500000000000000e+03
3.855166666666666060e+03
3.978333333333333030e+03
4.080500000000000000e+03
4.159000000000000000e+03
4.272833333333333030e+03
4.373833333333333030e+03
4.487166666666666060e+03
4.633833333333333030e+03
4.770666666666666060e+03
4.940166666666666060e+03
5.109666666666666060e+03
5.306500000000000000e+03
5.475166666666666060e+03
5.676000000000000000e+03
5.886500000000000000e+03
6.118333333333333030e+03
6.343166666666666060e+03
6.616833333333333030e+03
6.887999999999999091e+03
7.156166666666666060e+03
7.322666666666666060e+03
7.600000000000000000e+03
7.951000000000000000e+03
8.355333333333332121e+03
8.632333333333332121e+03
8.880666666666666060e+03
9.216000000000000000e+03
9.590333333333332121e+03
1.007216666666666606e+04
1.055366666666666606e+04
1.118433333333333212e+04
1.168516666666666606e+04
1.222433333333333212e+04
1.268366666666666606e+04
1.323966666666666606e+04
1.375400000000000000e+04
1.439366666666666606e+04
1.504200000000000000e+04
1.564133333333333212e+04
1.605050000000000000e+04
1.625566666666666606e+04
1.636133333333333212e+04
1.638300000000000000e+04
1.638300000000000000e+04
1.638300000000000000e+04
1.638300000000000000e+04
1.638300000000000000e+04
1.638300000000000000e+04
1.638300000000000000e+04
1.638300000000000000e+04
1.638300000000000000e+04
1.638300000000000000e+04
1.638300000000000000e+04
1.638300000000000000e+04
1.638300000000000000e+04
1.638300000000000000e+04
1.638300000000000000e+04
1.638300000000000000e+04
1.638300000000000000e+04
1.638300000000000000e+04
1.638300000000000000e+04
1.638300000000000000e+04
1.638300000000000000e+04
1.638300000000000000e+04
1.638300000000000000e+04
1.638300000000000000e+04
1.638300000000000000e+04
1.638300000000000000e+04
1.638300000000000000e+04
1.638300000000000000e+04
1.638300000000000000e+04
1.638300000000000000e+04
1.638300000000000000e+04
1.638300000000000000e+04
1.638300000000000000e+04
1.638300000000000000e+04
1.638300000000000000e+04
1.638300000000000000e+04
1.638300000000000000e+04
1.638300000000000000e+04
1.638300000000000000e+04
1.638300000000000000e+04
1.638300000000000000e+04
1.638300000000000000e+04
1.638300000000000000e+04
1.638300000000000000e+04
1.638300000000000000e+04
1.638300000000000000e+04
1.638300000000000000e+04
1.638300000000000000e+04
1.638300000000000000e+04
1.638300000000000000e+04
1.638300000000000000e+04
1.638300000000000000e+04
1.638300000000000000e+04
1.638300000000000000e+04
1.638300000000000000e+04
1.638300000000000000e+04
1.638300000000000000e+04
1.638300000000000000e+04
1.638300000000000000e+04
1.638300000000000000e+04
1.638300000000000000e+04
1.638300000000000000e+04
1.638300000000000000e+04
1.638300000000000000e+04
1.638300000000000000e+04
1.638300000000000000e+04
1.638300000000000000e+04
1.638300000000000000e+04
1.638300000000000000e+04
1.638300000000000000e+04
1.638300000000000000e+04
1.638300000000000000e+04
1.638300000000000000e+04
1.638300000000000000e+04
1.638300000000000000e+04
1.638300000000000000e+04
1.638300000000000000e+04
1.638300000000000000e+04
1.638300000000000000e+04
1.638300000000000000e+04
1.638300000000000000e+04
1.638300000000000000e+04
1.638300000000000000e+04
1.638300000000000000e+04
1.638300000000000000e+04
1.638300000000000000e+04
1.638300000000000000e+04
1.638300000000000000e+04
1.638300000000000000e+04
1.638300000000000000e+04
1.638300000000000000e+04
1.638300000000000000e+04
1.638300000000000000e+04
1.638300000000000000e+04
1.638300000000000000e+04
1.638300000000000000e+04
1.638300000000000000e+04
1.638300000000000000e+04
1.638300000000000000e+04
1.638300000000000000e+04
1.638300000000000000e+04
1.638300000000000000e+04
1.638300000000000000e+04
1.638300000000000000e+04
1.638300000000000000e+04
1.638300000000000000e+04
1.638300000000000000e+04
1.638300000000000000e+04
1.638300000000000000e+04
1.638300000000000000e+04
1.638300000000000000e+04
1.638300000000000000e+04
1.638300000000000000e+04
1.638300000000000000e+04
1.638300000000000000e+04
1.638300000000000000e+04
1.638300000000000000e+04
1.638300000000000000e+04
1.638300000000000000e+04
1.638300000000000000e+04
1.638300000000000000e+04
1.638300000000000000e+04
1.638300000000000000e+04
1.638300000000000000e+04
1.638300000000000000e+04
1.638300000000000000e+04
1.638300000000000000e+04
1.638300000000000000e+04
1.638300000000000000e+04
1.638300000000000000e+04
1.638300000000000000e+04
1.638300000000000000e+04
1.638300000000000000e+04
1.638300000000000000e+04
1.638300000000000000e+04
1.638300000000000000e+04
1.638300000000000000e+04
1.638300000000000000e+04
1.638300000000000000e+04
1.638300000000000000e+04
1.638300000000000000e+04
1.638300000000000000e+04
1.638300000000000000e+04
1.638300000000000000e+04
1.638300000000000000e+04
1.638300000000000000e+04
1.638300000000000000e+04
1.638300000000000000e+04
1.638300000000000000e+04
1.638300000000000000e+04
1.638300000000000000e+04
1.638300000000000000e+04
1.638300000000000000e+04
1.638300000000000000e+04
1.638300000000000000e+04
1.638300000000000000e+04
1.638300000000000000e+04
1.638300000000000000e+04
1.638300000000000000e+04
1.638300000000000000e+04
1.638300000000000000e+04
1.638300000000000000e+04
1.638300000000000000e+04
1.638300000000000000e+04
1.638300000000000000e+04
1.638300000000000000e+04
1.638300000000000000e+04
1.638300000000000000e+04
1.638300000000000000e+04
1.638300000000000000e+04
1.638300000000000000e+04
1.638300000000000000e+04
1.638300000000000000e+04
1.638300000000000000e+04
1.638300000000000000e+04
1.638300000000000000e+04
1.638300000000000000e+04
1.638300000000000000e+04
1.638300000000000000e+04
1.638300000000000000e+04
1.638300000000000000e+04
1.638300000000000000e+04
1.638300000000000000e+04
1.638300000000000000e+04
1.638300000000000000e+04
1.638300000000000000e+04
1.638300000000000000e+04
1.638300000000000000e+04
1.638300000000000000e+04
1.638300000000000000e+04
1.638300000000000000e+04
1.638300000000000000e+04
1.638300000000000000e+04
1.638300000000000000e+04
1.638300000000000000e+04
1.638300000000000000e+04
1.638300000000000000e+04
1.638300000000000000e+04
1.638300000000000000e+04
1.638300000000000000e+04
1.638300000000000000e+04
1.638300000000000000e+04
1.638300000000000000e+04
1.638300000000000000e+04
1.638300000000000000e+04
1.638300000000000000e+04
1.638300000000000000e+04
1.638300000000000000e+04
1.638300000000000000e+04
1.638300000000000000e+04
1.638300000000000000e+04
1.638300000000000000e+04
1.638300000000000000e+04
1.638300000000000000e+04
1.638300000000000000e+04
1.638300000000000000e+04
1.638300000000000000e+04
1.638300000000000000e+04
1.638300000000000000e+04
1.638300000000000000e+04
1.638300000000000000e+04
1.638300000000000000e+04
1.638300000000000000e+04
1.638300000000000000e+04
1.638300000000000000e+04
1.638300000000000000e+04
1.638300000000000000e+04
1.638300000000000000e+04
1.638300000000000000e+04
1.638300000000000000e+04
1.638300000000000000e+04
1.638300000000000000e+04
1.638300000000000000e+04
1.638300000000000000e+04
1.638300000000000000e+04
1.638300000000000000e+04
1.638300000000000000e+04
1.638300000000000000e+04
1.638300000000000000e+04
1.638300000000000000e+04
1.638300000000000000e+04
1.638300000000000000e+04
1.638300000000000000e+04
1.638300000000000000e+04
1.638300000000000000e+04
1.638300000000000000e+04
1.638300000000000000e+04
1.638300000000000000e+04
1.638300000000000000e+04
1.638300000000000000e+04
1.638300000000000000e+04
1.638300000000000000e+04
1.638300000000000000e+04
1.638300000000000000e+04
1.638300000000000000e+04
1.638300000000000000e+04
1.638300000000000000e+04
1.638300000000000000e+04
1.638300000000000000e+04
1.638300000000000000e+04
1.638300000000000000e+04
1.638300000000000000e+04
1.638300000000000000e+04
1.638300000000000000e+04
1.638300000000000000e+04
1.638300000000000000e+04
1.638300000000000000e+04
1.638300000000000000e+04
1.638300000000000000e+04
1.638300000000000000e+04
1.638300000000000000e+04
1.638300000000000000e+04
1.638300000000000000e+04
1.638300000000000000e+04
1.638300000000000000e+04
1.638300000000000000e+04
1.638300000000000000e+04
1.638300000000000000e+04
1.638300000000000000e+04
1.638300000000000000e+04
1.638300000000000000e+04
1.638300000000000000e+04
1.638300000000000000e+04
1.638300000000000000e+04
1.638300000000000000e+04
1.638300000000000000e+04
1.638300000000000000e+04
1.638300000000000000e+04
1.638300000000000000e+04
1.638300000000000000e+04
1.638300000000000000e+04
1.638300000000000000e+04
1.638300000000000000e+04
1.638300000000000000e+04
1.638300000000000000e+04
1.638300000000000000e+04
1.638300000000000000e+04
1.638300000000000000e+04
1.638300000000000000e+04
1.638300000000000000e+04
1.638300000000000000e+04
1.638300000000000000e+04
1.638300000000000000e+04
1.638300000000000000e+04
1.638300000000000000e+04
1.638300000000000000e+04
1.638300000000000000e+04
1.638300000000000000e+04
1.638300000000000000e+04
1.638300000000000000e+04
1.638300000000000000e+04
1.638300000000000000e+04
1.638300000000000000e+04
1.638300000000000000e+04
1.638300000000000000e+04
1.638300000000000000e+04
1.638300000000000000e+04
1.638300000000000000e+04
1.638300000000000000e+04
1.638300000000000000e+04
1.638300000000000000e+04
1.638300000000000000e+04
1.638300000000000000e+04
1.638300000000000000e+04
1.638300000000000000e+04
1.638300000000000000e+04
1.638300000000000000e+04
1.638300000000000000e+04
1.638300000000000000e+04
1.638300000000000000e+04
1.638300000000000000e+04
1.638300000000000000e+04
1.638300000000000000e+04
1.638300000000000000e+04
1.638300000000000000e+04
1.638300000000000000e+04
1.638300000000000000e+04
1.638300000000000000e+04
1.638300000000000000e+04
1.638300000000000000e+04
1.638300000000000000e+04
1.638300000000000000e+04
1.638300000000000000e+04
1.638300000000000000e+04
1.638300000000000000e+04
1.638300000000000000e+04
1.638300000000000000e+04
1.638300000000000000e+04
1.638300000000000000e+04
1.638300000000000000e+04
1.638300000000000000e+04
1.638300000000000000e+04
1.638300000000000000e+04
1.638300000000000000e+04
1.638300000000000000e+04
1.638300000000000000e+04
1.638300000000000000e+04
1.638300000000000000e+04
1.638300000000000000e+04
1.638300000000000000e+04
1.638300000000000000e+04
1.638300000000000000e+04
1.638300000000000000e+04
1.638300000000000000e+04
1.638300000000000000e+04
1.638300000000000000e+04
1.638300000000000000e+04
1.638300000000000000e+04
1.638300000000000000e+04
1.638300000000000000e+04
1.638300000000000000e+04
1.638300000000000000e+04
1.638300000000000000e+04
1.638300000000000000e+04
1.638300000000000000e+04
1.638300000000000000e+04
1.638300000000000000e+04
1.638300000000000000e+04
1.638300000000000000e+04
1.638300000000000000e+04
1.638300000000000000e+04
1.638300000000000000e+04
1.638300000000000000e+04
1.638300000000000000e+04
1.638300000000000000e+04
1.638300000000000000e+04
1.638300000000000000e+04
1.638300000000000000e+04
1.638300000000000000e+04
1.638300000000000000e+04
1.638300000000000000e+04
1.638300000000000000e+04
1.638300000000000000e+04
1.638300000000000000e+04
1.638300000000000000e+04
1.638300000000000000e+04
1.638300000000000000e+04
1.638300000000000000e+04
1.638300000000000000e+04
1.638300000000000000e+04
1.638300000000000000e+04
1.638300000000000000e+04
1.638300000000000000e+04
1.638300000000000000e+04
1.638300000000000000e+04
1.638300000000000000e+04
1.638300000000000000e+04
1.638300000000000000e+04
1.638300000000000000e+04
1.638300000000000000e+04
1.638300000000000000e+04
1.638300000000000000e+04
1.638300000000000000e+04
1.638300000000000000e+04
1.638300000000000000e+04
1.638300000000000000e+04
1.638300000000000000e+04
1.638300000000000000e+04
1.638300000000000000e+04
1.638300000000000000e+04
1.638300000000000000e+04
1.638300000000000000e+04
1.638300000000000000e+04
1.638300000000000000e+04
1.638300000000000000e+04
1.638300000000000000e+04
1.638300000000000000e+04
1.638300000000000000e+04
1.638300000000000000e+04
1.638300000000000000e+04
1.638300000000000000e+04
1.638300000000000000e+04
1.638300000000000000e+04
1.638300000000000000e+04
1.638300000000000000e+04
1.638300000000000000e+04
1.638300000000000000e+04
1.638300000000000000e+04
1.638300000000000000e+04
1.638300000000000000e+04
1.638300000000000000e+04
1.638300000000000000e+04
1.638300000000000000e+04
1.638300000000000000e+04
1.638300000000000000e+04
1.638300000000000000e+04
1.638300000000000000e+04
1.638300000000000000e+04
1.638300000000000000e+04
1.638300000000000000e+04
1.638300000000000000e+04
1.638300000000000000e+04
1.638300000000000000e+04
1.638300000000000000e+04
1.638300000000000000e+04
1.638300000000000000e+04
1.638300000000000000e+04
1.638300000000000000e+04
1.638300000000000000e+04
1.638300000000000000e+04
1.638300000000000000e+04
1.638300000000000000e+04
1.638300000000000000e+04
1.638300000000000000e+04
1.638300000000000000e+04
1.638300000000000000e+04
1.638300000000000000e+04
1.638300000000000000e+04
1.638300000000000000e+04
1.638300000000000000e+04
1.638300000000000000e+04
1.638300000000000000e+04
1.638300000000000000e+04
1.638300000000000000e+04
1.638300000000000000e+04
1.638300000000000000e+04
1.638300000000000000e+04
1.638300000000000000e+04
1.638300000000000000e+04
1.638300000000000000e+04
1.638300000000000000e+04
1.638300000000000000e+04
1.638300000000000000e+04
1.638300000000000000e+04
1.638300000000000000e+04
1.638300000000000000e+04
1.638300000000000000e+04
1.638300000000000000e+04
1.638300000000000000e+04
1.638300000000000000e+04
1.638300000000000000e+04
1.638300000000000000e+04
1.638300000000000000e+04
1.638300000000000000e+04
1.638300000000000000e+04
1.638300000000000000e+04
1.638300000000000000e+04
1.638300000000000000e+04
1.638300000000000000e+04
1.638300000000000000e+04
1.638300000000000000e+04
1.638300000000000000e+04
1.638300000000000000e+04
1.638300000000000000e+04
1.638300000000000000e+04
1.638300000000000000e+04
1.638300000000000000e+04
1.638300000000000000e+04
1.638300000000000000e+04
1.638300000000000000e+04
1.638300000000000000e+04
1.638300000000000000e+04
1.638300000000000000e+04
1.638300000000000000e+04
1.638300000000000000e+04
1.638300000000000000e+04
1.638300000000000000e+04
1.638300000000000000e+04
1.638300000000000000e+04
1.638300000000000000e+04
1.638300000000000000e+04
1.638300000000000000e+04
1.638300000000000000e+04
1.638300000000000000e+04
1.638300000000000000e+04
1.638300000000000000e+04
1.638300000000000000e+04
1.638300000000000000e+04
1.638300000000000000e+04
1.638300000000000000e+04
1.638300000000000000e+04
1.638300000000000000e+04
1.638300000000000000e+04
1.638300000000000000e+04
1.638300000000000000e+04
1.638300000000000000e+04
1.638300000000000000e+04
1.638300000000000000e+04
1.638300000000000000e+04
1.638300000000000000e+04
1.638300000000000000e+04
1.638300000000000000e+04
1.638300000000000000e+04
1.638300000000000000e+04
1.638300000000000000e+04
1.638300000000000000e+04
1.638300000000000000e+04
1.638300000000000000e+04
1.638300000000000000e+04
1.638300000000000000e+04
1.638300000000000000e+04
1.638300000000000000e+04
1.638300000000000000e+04
1.638300000000000000e+04
1.638300000000000000e+04
1.638300000000000000e+04
1.638300000000000000e+04
1.638300000000000000e+04
1.638300000000000000e+04
1.638300000000000000e+04
1.638300000000000000e+04
1.638300000000000000e+04
1.638300000000000000e+04
1.638300000000000000e+04
1.638300000000000000e+04
1.638300000000000000e+04
1.638300000000000000e+04
1.638300000000000000e+04
1.638300000000000000e+04
1.638300000000000000e+04
1.638300000000000000e+04
1.638300000000000000e+04
1.638300000000000000e+04
1.638300000000000000e+04
1.638300000000000000e+04
1.638300000000000000e+04
1.638300000000000000e+04
1.638300000000000000e+04
1.638300000000000000e+04
1.638300000000000000e+04
1.638300000000000000e+04
1.638300000000000000e+04
1.638300000000000000e+04
1.638300000000000000e+04
1.638300000000000000e+04
1.638300000000000000e+04
1.638300000000000000e+04
1.638300000000000000e+04
1.638300000000000000e+04
1.638300000000000000e+04
1.638300000000000000e+04
1.638300000000000000e+04
1.638300000000000000e+04
1.638300000000000000e+04
1.638300000000000000e+04
1.638300000000000000e+04
1.638300000000000000e+04
1.638300000000000000e+04
1.638300000000000000e+04
1.638300000000000000e+04
1.638300000000000000e+04
1.638300000000000000e+04
1.638300000000000000e+04
1.638300000000000000e+04
1.638300000000000000e+04
1.638300000000000000e+04
1.638300000000000000e+04
1.638300000000000000e+04
1.638300000000000000e+04
1.638300000000000000e+04
1.638300000000000000e+04
1.638300000000000000e+04
1.638300000000000000e+04
1.638300000000000000e+04
1.638300000000000000e+04
1.638300000000000000e+04
1.638300000000000000e+04
1.638300000000000000e+04
1.638300000000000000e+04
1.638300000000000000e+04
1.638300000000000000e+04
1.638300000000000000e+04
1.638300000000000000e+04
1.638300000000000000e+04
1.638300000000000000e+04
1.638300000000000000e+04
1.638300000000000000e+04
1.638300000000000000e+04
1.638300000000000000e+04
1.638300000000000000e+04
1.638300000000000000e+04
1.638300000000000000e+04
1.638300000000000000e+04
1.638300000000000000e+04
1.638300000000000000e+04
1.638300000000000000e+04
1.638300000000000000e+04
1.638300000000000000e+04
1.638300000000000000e+04
1.638300000000000000e+04
1.638300000000000000e+04
1.638300000000000000e+04
1.638300000000000000e+04
1.638300000000000000e+04
1.638300000000000000e+04
1.638300000000000000e+04
1.638300000000000000e+04
1.638300000000000000e+04
1.638300000000000000e+04
1.638300000000000000e+04
1.638300000000000000e+04
1.638300000000000000e+04
1.638300000000000000e+04
1.638300000000000000e+04
1.638300000000000000e+04
1.638300000000000000e+04
1.638300000000000000e+04
1.638300000000000000e+04
1.638300000000000000e+04
1.638300000000000000e+04
1.638300000000000000e+04
1.638300000000000000e+04
1.638300000000000000e+04
1.638300000000000000e+04
1.638300000000000000e+04
1.638300000000000000e+04
1.638300000000000000e+04
1.638300000000000000e+04
1.638300000000000000e+04
1.638300000000000000e+04
1.638300000000000000e+04
1.638300000000000000e+04
1.638300000000000000e+04
1.638300000000000000e+04
1.638300000000000000e+04
1.638300000000000000e+04
1.638300000000000000e+04
1.638300000000000000e+04
1.638300000000000000e+04
1.638300000000000000e+04
1.638300000000000000e+04
1.638300000000000000e+04
1.638300000000000000e+04
1.638300000000000000e+04
1.638300000000000000e+04
1.638300000000000000e+04
1.638300000000000000e+04
1.638300000000000000e+04
1.638300000000000000e+04
1.638300000000000000e+04
1.638300000000000000e+04
1.638300000000000000e+04
1.638300000000000000e+04
1.638300000000000000e+04
1.638300000000000000e+04
1.638300000000000000e+04
1.638300000000000000e+04
1.638300000000000000e+04
1.638300000000000000e+04
1.638300000000000000e+04
1.638300000000000000e+04
1.638300000000000000e+04
1.638300000000000000e+04
1.638300000000000000e+04
1.638300000000000000e+04
1.638300000000000000e+04
1.638300000000000000e+04
1.638300000000000000e+04
1.638300000000000000e+04
1.638300000000000000e+04
1.638300000000000000e+04
1.638300000000000000e+04
1.638300000000000000e+04
1.638300000000000000e+04
1.638300000000000000e+04
1.638300000000000000e+04
1.638300000000000000e+04
1.638300000000000000e+04
1.638300000000000000e+04
1.638300000000000000e+04
1.638300000000000000e+04
1.638300000000000000e+04
1.638300000000000000e+04
1.638300000000000000e+04
1.638300000000000000e+04
1.638300000000000000e+04
1.638300000000000000e+04
1.638300000000000000e+04
1.638300000000000000e+04
1.638300000000000000e+04
1.638300000000000000e+04
1.638300000000000000e+04
1.638300000000000000e+04
1.638300000000000000e+04
1.638300000000000000e+04
1.638300000000000000e+04
1.638300000000000000e+04
1.638300000000000000e+04
1.638300000000000000e+04
1.638300000000000000e+04
1.638300000000000000e+04
1.638300000000000000e+04
1.638300000000000000e+04
1.638300000000000000e+04
1.638300000000000000e+04
1.638300000000000000e+04
1.638300000000000000e+04
1.638300000000000000e+04
1.638300000000000000e+04
1.638300000000000000e+04
1.638300000000000000e+04
1.638300000000000000e+04
1.638300000000000000e+04
1.638300000000000000e+04
1.638300000000000000e+04
1.638300000000000000e+04
1.638300000000000000e+04
1.638300000000000000e+04
1.638300000000000000e+04
1.638300000000000000e+04
1.638300000000000000e+04
1.638300000000000000e+04
1.638300000000000000e+04
1.638300000000000000e+04
1.638300000000000000e+04
1.638300000000000000e+04
1.638300000000000000e+04
1.638300000000000000e+04
1.638300000000000000e+04
1.638300000000000000e+04
1.638300000000000000e+04
1.638300000000000000e+04
1.638300000000000000e+04
1.638300000000000000e+04
1.638300000000000000e+04
1.638300000000000000e+04
1.638300000000000000e+04
1.638300000000000000e+04
1.638300000000000000e+04
1.638300000000000000e+04
1.638300000000000000e+04
1.638300000000000000e+04
1.638300000000000000e+04
1.638300000000000000e+04
1.638300000000000000e+04
1.638300000000000000e+04
1.638300000000000000e+04
1.638300000000000000e+04
1.638300000000000000e+04
1.638300000000000000e+04
1.638300000000000000e+04
1.638300000000000000e+04
1.638300000000000000e+04
1.638300000000000000e+04
1.638300000000000000e+04
1.638300000000000000e+04
1.638300000000000000e+04
1.638300000000000000e+04
1.638300000000000000e+04
1.638300000000000000e+04
1.638300000000000000e+04
1.638300000000000000e+04
1.638300000000000000e+04
1.638300000000000000e+04
1.638300000000000000e+04
1.638300000000000000e+04
1.638300000000000000e+04
1.638300000000000000e+04
1.638300000000000000e+04
1.638300000000000000e+04
1.638300000000000000e+04
1.638300000000000000e+04
1.638300000000000000e+04
1.638300000000000000e+04
1.638300000000000000e+04
1.638300000000000000e+04
1.638300000000000000e+04
1.638300000000000000e+04
1.638300000000000000e+04
1.638300000000000000e+04
1.638300000000000000e+04
1.638300000000000000e+04
1.638300000000000000e+04
1.638300000000000000e+04
1.638300000000000000e+04
1.638300000000000000e+04
1.638300000000000000e+04
1.638300000000000000e+04
1.638300000000000000e+04
1.638300000000000000e+04
1.638300000000000000e+04
1.638300000000000000e+04
1.638300000000000000e+04
1.638300000000000000e+04
1.638300000000000000e+04
1.638300000000000000e+04
1.638300000000000000e+04
1.638300000000000000e+04
1.638300000000000000e+04
1.638300000000000000e+04
1.638300000000000000e+04
1.638300000000000000e+04
1.638300000000000000e+04
1.638300000000000000e+04
1.638300000000000000e+04
1.638300000000000000e+04
1.638300000000000000e+04
1.638300000000000000e+04
1.638300000000000000e+04
1.638300000000000000e+04
1.638300000000000000e+04
1.638300000000000000e+04
1.638300000000000000e+04
1.638300000000000000e+04
1.638300000000000000e+04
1.638300000000000000e+04
1.638300000000000000e+04
1.638300000000000000e+04
1.638300000000000000e+04
1.638300000000000000e+04
1.638300000000000000e+04
1.638300000000000000e+04
1.638300000000000000e+04
1.638300000000000000e+04
1.638300000000000000e+04
1.638300000000000000e+04
1.638300000000000000e+04
1.638300000000000000e+04
1.638300000000000000e+04
1.638300000000000000e+04
1.638300000000000000e+04
1.638300000000000000e+04
1.638300000000000000e+04
1.638300000000000000e+04
1.638300000000000000e+04
1.638300000000000000e+04
1.638300000000000000e+04
1.638300000000000000e+04
1.638300000000000000e+04
1.638300000000000000e+04
1.638300000000000000e+04
1.638300000000000000e+04
1.638300000000000000e+04
1.638300000000000000e+04
1.638300000000000000e+04
1.638300000000000000e+04
1.638300000000000000e+04
1.638300000000000000e+04
1.638300000000000000e+04
1.638300000000000000e+04
1.638300000000000000e+04
1.638300000000000000e+04
1.638300000000000000e+04
1.638300000000000000e+04
1.638300000000000000e+04
1.638300000000000000e+04
1.638300000000000000e+04
1.638300000000000000e+04
1.638300000000000000e+04
1.638300000000000000e+04
1.638300000000000000e+04
1.638300000000000000e+04
1.638300000000000000e+04
1.638300000000000000e+04
1.638300000000000000e+04
1.638300000000000000e+04
1.638300000000000000e+04
1.638300000000000000e+04
1.638300000000000000e+04
1.638300000000000000e+04
1.638300000000000000e+04
1.638300000000000000e+04
1.638300000000000000e+04
1.638300000000000000e+04
1.638300000000000000e+04
1.638300000000000000e+04
1.638300000000000000e+04
1.638300000000000000e+04
1.638300000000000000e+04
1.638300000000000000e+04
1.638300000000000000e+04
1.638300000000000000e+04
1.638300000000000000e+04
1.638300000000000000e+04
1.638300000000000000e+04
1.638300000000000000e+04
1.638300000000000000e+04
1.638300000000000000e+04
1.638300000000000000e+04
1.638300000000000000e+04
1.638300000000000000e+04
1.638300000000000000e+04
1.638300000000000000e+04
1.638300000000000000e+04
1.638300000000000000e+04
1.638300000000000000e+04
1.638300000000000000e+04
1.638300000000000000e+04
1.638300000000000000e+04
1.638300000000000000e+04
1.638300000000000000e+04
1.638300000000000000e+04
1.638300000000000000e+04
1.638300000000000000e+04
1.638300000000000000e+04
1.638300000000000000e+04
1.638300000000000000e+04
1.638300000000000000e+04
1.638300000000000000e+04
1.638300000000000000e+04
1.638300000000000000e+04
1.638300000000000000e+04
1.638300000000000000e+04
1.638300000000000000e+04
1.638300000000000000e+04
1.638300000000000000e+04
1.638300000000000000e+04
1.638300000000000000e+04
1.638300000000000000e+04
1.638300000000000000e+04
1.638300000000000000e+04
1.638300000000000000e+04
1.638300000000000000e+04
1.638300000000000000e+04
1.638300000000000000e+04
1.638300000000000000e+04
1.638300000000000000e+04
1.638300000000000000e+04
1.638300000000000000e+04
1.638300000000000000e+04
1.638300000000000000e+04
1.638300000000000000e+04
1.638300000000000000e+04
1.638300000000000000e+04
1.638300000000000000e+04
1.638300000000000000e+04
1.638300000000000000e+04
1.638300000000000000e+04
1.638300000000000000e+04
1.638300000000000000e+04
1.638300000000000000e+04
1.638300000000000000e+04
1.638300000000000000e+04
1.638300000000000000e+04
1.638300000000000000e+04
1.638300000000000000e+04
1.638300000000000000e+04
1.638300000000000000e+04
1.638300000000000000e+04
1.638300000000000000e+04
1.638300000000000000e+04
1.638300000000000000e+04
1.638300000000000000e+04
1.638300000000000000e+04
1.638300000000000000e+04
1.638300000000000000e+04
1.638300000000000000e+04
1.638300000000000000e+04
1.638300000000000000e+04
1.638300000000000000e+04
1.638300000000000000e+04
1.638300000000000000e+04
1.638300000000000000e+04
1.638300000000000000e+04
1.638300000000000000e+04
1.638300000000000000e+04
1.638300000000000000e+04
1.638300000000000000e+04
1.638300000000000000e+04
1.638300000000000000e+04
1.638300000000000000e+04
1.638300000000000000e+04
1.638300000000000000e+04
1.638300000000000000e+04
1.638300000000000000e+04
1.638300000000000000e+04
1.638300000000000000e+04
1.638300000000000000e+04
1.638300000000000000e+04
1.638300000000000000e+04
1.638300000000000000e+04
1.638300000000000000e+04
1.638300000000000000e+04
1.638300000000000000e+04
1.638300000000000000e+04
1.638300000000000000e+04
1.638300000000000000e+04
1.638300000000000000e+04
1.638300000000000000e+04
1.638300000000000000e+04
1.638300000000000000e+04
1.638300000000000000e+04
1.638300000000000000e+04
1.638300000000000000e+04
1.638300000000000000e+04
1.638300000000000000e+04
1.638300000000000000e+04
1.638300000000000000e+04
1.638300000000000000e+04
1.638300000000000000e+04
1.638300000000000000e+04
1.638300000000000000e+04
1.638300000000000000e+04
1.638300000000000000e+04
1.638300000000000000e+04
1.638300000000000000e+04
1.638300000000000000e+04
1.638300000000000000e+04
1.638300000000000000e+04
1.638300000000000000e+04
1.638300000000000000e+04
1.638300000000000000e+04
1.638300000000000000e+04
1.638300000000000000e+04
1.638300000000000000e+04
1.638300000000000000e+04
1.638300000000000000e+04
1.638300000000000000e+04
1.638300000000000000e+04
1.638300000000000000e+04
1.638300000000000000e+04
1.638300000000000000e+04
1.638300000000000000e+04
1.638300000000000000e+04
1.638300000000000000e+04
1.638300000000000000e+04
1.638300000000000000e+04
1.638300000000000000e+04
1.638300000000000000e+04
1.638300000000000000e+04
1.638300000000000000e+04
1.638300000000000000e+04
1.638300000000000000e+04
1.638300000000000000e+04
1.638300000000000000e+04
1.638300000000000000e+04
1.638300000000000000e+04
1.638300000000000000e+04
1.638300000000000000e+04
1.638300000000000000e+04
1.638300000000000000e+04
1.638300000000000000e+04
1.638300000000000000e+04
1.638300000000000000e+04
1.638300000000000000e+04
1.638300000000000000e+04
1.638300000000000000e+04
1.638300000000000000e+04
1.638300000000000000e+04
1.638300000000000000e+04
1.638300000000000000e+04
1.638300000000000000e+04
1.638300000000000000e+04
1.638300000000000000e+04
1.638300000000000000e+04
1.638300000000000000e+04
1.638300000000000000e+04
1.638300000000000000e+04
1.638300000000000000e+04
1.638300000000000000e+04
1.638300000000000000e+04
1.638300000000000000e+04
1.638300000000000000e+04
1.638300000000000000e+04
1.638300000000000000e+04
1.638300000000000000e+04
1.638300000000000000e+04
1.638300000000000000e+04
1.638300000000000000e+04
1.638300000000000000e+04
1.638300000000000000e+04
1.638300000000000000e+04
1.638300000000000000e+04
1.638300000000000000e+04
1.638300000000000000e+04
1.638300000000000000e+04
1.638300000000000000e+04
1.638300000000000000e+04
1.638300000000000000e+04
1.638300000000000000e+04
1.638300000000000000e+04
1.638300000000000000e+04
1.638300000000000000e+04
1.638300000000000000e+04
1.638300000000000000e+04
1.638300000000000000e+04
1.638300000000000000e+04
1.638300000000000000e+04
1.638300000000000000e+04
1.638300000000000000e+04
1.638300000000000000e+04
1.638300000000000000e+04
1.638300000000000000e+04
1.638300000000000000e+04
1.638300000000000000e+04
1.638300000000000000e+04
1.638300000000000000e+04
1.638300000000000000e+04
1.638300000000000000e+04
1.638300000000000000e+04
1.638300000000000000e+04
1.638300000000000000e+04
1.638300000000000000e+04
1.638300000000000000e+04
1.638300000000000000e+04
1.638300000000000000e+04
1.638300000000000000e+04
1.638300000000000000e+04
1.638300000000000000e+04
1.638300000000000000e+04
1.638300000000000000e+04
1.638300000000000000e+04
1.638300000000000000e+04
1.638300000000000000e+04
1.638300000000000000e+04
1.638300000000000000e+04
1.638300000000000000e+04
1.638300000000000000e+04
1.638300000000000000e+04
1.638300000000000000e+04
1.638300000000000000e+04
1.638300000000000000e+04
1.638300000000000000e+04
1.638300000000000000e+04
1.638300000000000000e+04
1.638300000000000000e+04
1.638300000000000000e+04
1.638300000000000000e+04
1.638300000000000000e+04
1.638300000000000000e+04
1.638300000000000000e+04
1.638300000000000000e+04
1.638300000000000000e+04
1.638300000000000000e+04
1.638300000000000000e+04
1.638300000000000000e+04
1.638300000000000000e+04
1.638300000000000000e+04
1.638300000000000000e+04
1.638300000000000000e+04
1.638300000000000000e+04
1.638300000000000000e+04
1.638300000000000000e+04
1.638300000000000000e+04
1.638300000000000000e+04
1.638300000000000000e+04
1.638300000000000000e+04
1.638300000000000000e+04
1.638300000000000000e+04
1.638300000000000000e+04
1.638300000000000000e+04
1.638300000000000000e+04
1.638300000000000000e+04
1.638300000000000000e+04
1.638300000000000000e+04
1.638300000000000000e+04
1.638300000000000000e+04
1.638300000000000000e+04
1.638300000000000000e+04
1.638300000000000000e+04
1.638300000000000000e+04
1.638300000000000000e+04
1.638300000000000000e+04
1.638300000000000000e+04
1.638300000000000000e+04
1.638300000000000000e+04
1.638300000000000000e+04
1.638300000000000000e+04
1.638300000000000000e+04
1.638300000000000000e+04
1.638300000000000000e+04
1.638300000000000000e+04
1.638300000000000000e+04
1.638300000000000000e+04
1.638300000000000000e+04
1.638300000000000000e+04
1.638300000000000000e+04
1.638300000000000000e+04
1.638300000000000000e+04
1.638300000000000000e+04
1.638300000000000000e+04
1.638300000000000000e+04
1.638300000000000000e+04
1.638300000000000000e+04
1.638300000000000000e+04
1.638300000000000000e+04
1.638300000000000000e+04
1.638300000000000000e+04
1.638300000000000000e+04
1.638300000000000000e+04
1.638300000000000000e+04
1.638300000000000000e+04
1.638300000000000000e+04
1.638300000000000000e+04
1.638300000000000000e+04
1.638300000000000000e+04
1.638300000000000000e+04
1.638300000000000000e+04
1.638300000000000000e+04
1.638300000000000000e+04
1.638300000000000000e+04
1.638300000000000000e+04
1.638300000000000000e+04
1.638300000000000000e+04
1.638300000000000000e+04
1.638300000000000000e+04
1.638300000000000000e+04
1.638300000000000000e+04
1.638300000000000000e+04
1.638300000000000000e+04
1.638300000000000000e+04
1.638300000000000000e+04
1.638300000000000000e+04
1.638300000000000000e+04
1.638300000000000000e+04
1.638300000000000000e+04
1.638300000000000000e+04
1.638300000000000000e+04
1.638300000000000000e+04
1.638300000000000000e+04
1.638300000000000000e+04
1.638300000000000000e+04
1.638300000000000000e+04
1.638300000000000000e+04
1.638300000000000000e+04
1.638300000000000000e+04
1.638300000000000000e+04
1.638300000000000000e+04
1.638300000000000000e+04
1.638300000000000000e+04
1.638300000000000000e+04
1.638300000000000000e+04
1.638300000000000000e+04
1.638300000000000000e+04
1.638300000000000000e+04
1.638300000000000000e+04
1.638300000000000000e+04
1.638300000000000000e+04
1.638300000000000000e+04
1.638300000000000000e+04
1.638300000000000000e+04
1.638300000000000000e+04
1.638300000000000000e+04
1.638300000000000000e+04
1.638300000000000000e+04
1.638300000000000000e+04
1.638300000000000000e+04
1.638300000000000000e+04
1.638300000000000000e+04
1.638300000000000000e+04
1.638300000000000000e+04
1.638300000000000000e+04
1.638300000000000000e+04
1.638300000000000000e+04
1.638300000000000000e+04
1.638300000000000000e+04
1.638300000000000000e+04
1.638300000000000000e+04
1.638300000000000000e+04
1.638300000000000000e+04
1.638300000000000000e+04
1.638300000000000000e+04
1.638300000000000000e+04
1.638300000000000000e+04
1.638300000000000000e+04
1.638300000000000000e+04
1.638300000000000000e+04
1.638300000000000000e+04
1.638300000000000000e+04
1.638300000000000000e+04
1.638300000000000000e+04
1.638300000000000000e+04
1.638300000000000000e+04
1.638300000000000000e+04
1.638300000000000000e+04
1.638300000000000000e+04
1.638300000000000000e+04
1.638300000000000000e+04
1.638300000000000000e+04
1.638300000000000000e+04
1.638300000000000000e+04
1.638300000000000000e+04
1.638300000000000000e+04
1.638300000000000000e+04
1.638300000000000000e+04
1.638300000000000000e+04
1.638300000000000000e+04
1.638300000000000000e+04
1.638300000000000000e+04
1.638300000000000000e+04
1.638300000000000000e+04
1.638300000000000000e+04
1.638300000000000000e+04
1.638300000000000000e+04
1.638300000000000000e+04
1.638300000000000000e+04
1.638300000000000000e+04
1.638300000000000000e+04
1.638300000000000000e+04
1.638300000000000000e+04
1.638300000000000000e+04
1.638300000000000000e+04
1.638300000000000000e+04
1.638300000000000000e+04
1.638300000000000000e+04
1.638300000000000000e+04
1.638300000000000000e+04
1.638300000000000000e+04
1.638300000000000000e+04
1.638300000000000000e+04
1.638300000000000000e+04
1.638300000000000000e+04
1.638300000000000000e+04
1.638300000000000000e+04
1.638300000000000000e+04
1.638300000000000000e+04
1.638300000000000000e+04
1.638300000000000000e+04
1.638300000000000000e+04
1.638300000000000000e+04
1.638300000000000000e+04
1.638300000000000000e+04
1.638300000000000000e+04
1.638300000000000000e+04
1.638300000000000000e+04
1.638300000000000000e+04
1.638300000000000000e+04
1.638300000000000000e+04
1.638300000000000000e+04
1.638300000000000000e+04
1.638300000000000000e+04
1.638300000000000000e+04
1.638300000000000000e+04
1.638300000000000000e+04
1.638300000000000000e+04
1.638300000000000000e+04
1.638300000000000000e+04
1.638300000000000000e+04
1.638300000000000000e+04
1.638300000000000000e+04
1.638300000000000000e+04
1.638300000000000000e+04
1.638300000000000000e+04
1.638300000000000000e+04
1.638300000000000000e+04
1.638300000000000000e+04
1.638300000000000000e+04
1.638300000000000000e+04
1.638300000000000000e+04
1.638300000000000000e+04
1.638300000000000000e+04
1.638300000000000000e+04
1.638300000000000000e+04
1.638300000000000000e+04
1.638300000000000000e+04
1.638300000000000000e+04
1.638300000000000000e+04
1.638300000000000000e+04
1.638300000000000000e+04
1.638300000000000000e+04
1.638300000000000000e+04
1.638300000000000000e+04
1.638300000000000000e+04
1.638300000000000000e+04
1.638300000000000000e+04
1.638300000000000000e+04
1.638300000000000000e+04
1.638300000000000000e+04
1.638300000000000000e+04
1.638300000000000000e+04
1.638300000000000000e+04
1.638300000000000000e+04
1.638300000000000000e+04
1.638300000000000000e+04
1.638300000000000000e+04
1.638300000000000000e+04
1.638300000000000000e+04
1.638300000000000000e+04
1.638300000000000000e+04
1.638300000000000000e+04
1.638300000000000000e+04
1.638300000000000000e+04
1.638300000000000000e+04
1.638300000000000000e+04
1.638300000000000000e+04
1.638300000000000000e+04
1.638300000000000000e+04
1.638300000000000000e+04
1.638300000000000000e+04
1.638300000000000000e+04
1.638300000000000000e+04
1.638300000000000000e+04
1.638300000000000000e+04
1.638300000000000000e+04
1.638300000000000000e+04
1.638300000000000000e+04
1.638300000000000000e+04
1.638300000000000000e+04
1.638300000000000000e+04
1.638300000000000000e+04
1.638300000000000000e+04
1.638300000000000000e+04
1.638300000000000000e+04
1.638300000000000000e+04
1.638300000000000000e+04
1.638300000000000000e+04
1.638300000000000000e+04
1.638300000000000000e+04
1.638300000000000000e+04
1.638300000000000000e+04
1.638300000000000000e+04
1.638300000000000000e+04
1.638300000000000000e+04
1.638300000000000000e+04
1.638300000000000000e+04
1.638300000000000000e+04
1.638300000000000000e+04
1.638300000000000000e+04
1.638300000000000000e+04
1.638300000000000000e+04
1.638300000000000000e+04
1.638300000000000000e+04
1.638300000000000000e+04
1.638300000000000000e+04
1.638300000000000000e+04
1.638300000000000000e+04
1.638300000000000000e+04
1.638300000000000000e+04
1.638300000000000000e+04
1.638300000000000000e+04
1.638300000000000000e+04
1.638300000000000000e+04
1.638300000000000000e+04
1.638300000000000000e+04
1.638300000000000000e+04
1.638300000000000000e+04
1.638300000000000000e+04
1.638300000000000000e+04
1.638300000000000000e+04
1.638300000000000000e+04
1.638300000000000000e+04
1.638300000000000000e+04
1.638300000000000000e+04
1.638300000000000000e+04
1.638300000000000000e+04
1.638300000000000000e+04
1.638300000000000000e+04
1.638300000000000000e+04
1.638300000000000000e+04
1.638300000000000000e+04
1.638300000000000000e+04
1.638300000000000000e+04
1.638300000000000000e+04
1.638300000000000000e+04
1.638300000000000000e+04
1.638300000000000000e+04
1.638300000000000000e+04
1.638300000000000000e+04
1.638300000000000000e+04
1.638300000000000000e+04
1.638300000000000000e+04
1.638300000000000000e+04
1.638300000000000000e+04
1.638300000000000000e+04
1.638300000000000000e+04
1.638300000000000000e+04
1.638300000000000000e+04
1.638300000000000000e+04
1.638300000000000000e+04
1.638300000000000000e+04
1.638300000000000000e+04
1.638300000000000000e+04
1.638300000000000000e+04
1.638300000000000000e+04
1.638300000000000000e+04
1.638300000000000000e+04
1.638300000000000000e+04
1.638300000000000000e+04
1.638300000000000000e+04
1.638300000000000000e+04
1.638300000000000000e+04
1.638300000000000000e+04
1.638300000000000000e+04
1.638300000000000000e+04
1.638300000000000000e+04
1.638300000000000000e+04
1.638300000000000000e+04
1.638300000000000000e+04
1.638300000000000000e+04
1.638300000000000000e+04
1.638300000000000000e+04
1.638300000000000000e+04
1.638300000000000000e+04
1.638300000000000000e+04
1.638300000000000000e+04
1.638300000000000000e+04
1.638300000000000000e+04
1.638300000000000000e+04
1.638300000000000000e+04
1.638300000000000000e+04
1.638300000000000000e+04
1.638300000000000000e+04
1.638300000000000000e+04
1.638300000000000000e+04
1.638300000000000000e+04
1.638300000000000000e+04
1.638300000000000000e+04
1.638300000000000000e+04
1.638300000000000000e+04
1.638300000000000000e+04
1.638300000000000000e+04
1.638300000000000000e+04
1.638300000000000000e+04
1.638300000000000000e+04
1.638300000000000000e+04
1.638300000000000000e+04
1.638300000000000000e+04
1.638300000000000000e+04
1.638300000000000000e+04
1.638300000000000000e+04
1.638300000000000000e+04
1.638300000000000000e+04
1.638300000000000000e+04
1.638300000000000000e+04
1.638300000000000000e+04
1.638300000000000000e+04
1.638300000000000000e+04
1.638300000000000000e+04
1.638300000000000000e+04
1.638300000000000000e+04
1.638300000000000000e+04
1.638300000000000000e+04
1.638300000000000000e+04
1.638300000000000000e+04
1.638300000000000000e+04
1.638300000000000000e+04
1.638300000000000000e+04
1.638300000000000000e+04
1.638300000000000000e+04
1.638300000000000000e+04
1.638300000000000000e+04
1.638300000000000000e+04
1.638300000000000000e+04
1.638300000000000000e+04
1.638300000000000000e+04
1.638300000000000000e+04
1.638300000000000000e+04
1.638300000000000000e+04
1.638300000000000000e+04
1.638300000000000000e+04
1.638300000000000000e+04
1.638300000000000000e+04
1.638300000000000000e+04
1.638300000000000000e+04
1.638300000000000000e+04
1.638300000000000000e+04
1.638300000000000000e+04
1.638300000000000000e+04
1.638300000000000000e+04
1.638300000000000000e+04
1.638300000000000000e+04
1.638300000000000000e+04
1.638300000000000000e+04
1.638300000000000000e+04
1.638300000000000000e+04
1.638300000000000000e+04
1.638300000000000000e+04
1.638300000000000000e+04
1.638300000000000000e+04
1.638300000000000000e+04
1.638300000000000000e+04
1.638300000000000000e+04
1.638300000000000000e+04
1.638300000000000000e+04
1.638300000000000000e+04
1.638300000000000000e+04
1.638300000000000000e+04
1.638300000000000000e+04
1.638300000000000000e+04
1.638300000000000000e+04
1.638300000000000000e+04
1.638300000000000000e+04
1.638300000000000000e+04
1.638300000000000000e+04
1.638300000000000000e+04
1.638300000000000000e+04
1.638300000000000000e+04
1.638300000000000000e+04
1.638300000000000000e+04
1.638300000000000000e+04
1.638300000000000000e+04
1.638300000000000000e+04
1.638300000000000000e+04
1.638300000000000000e+04
1.638300000000000000e+04
1.638300000000000000e+04
1.638300000000000000e+04
1.638300000000000000e+04
1.638300000000000000e+04
1.638300000000000000e+04
1.638300000000000000e+04
1.638300000000000000e+04
1.638300000000000000e+04
1.638300000000000000e+04
1.638300000000000000e+04
1.638300000000000000e+04
1.638300000000000000e+04
1.638300000000000000e+04
1.638300000000000000e+04
1.638300000000000000e+04
1.638300000000000000e+04
1.638300000000000000e+04
1.638300000000000000e+04
1.638300000000000000e+04
1.638300000000000000e+04
1.638300000000000000e+04
1.638300000000000000e+04
1.638300000000000000e+04
1.638300000000000000e+04
1.638300000000000000e+04
1.638300000000000000e+04
1.638300000000000000e+04
1.638300000000000000e+04
1.638300000000000000e+04
1.638300000000000000e+04
1.638300000000000000e+04
1.638300000000000000e+04
1.638300000000000000e+04
1.638300000000000000e+04
1.638300000000000000e+04
1.638300000000000000e+04
1.638300000000000000e+04
1.638300000000000000e+04
1.638300000000000000e+04
1.638300000000000000e+04
1.638300000000000000e+04
1.638300000000000000e+04
1.638300000000000000e+04
1.638300000000000000e+04
1.638300000000000000e+04
1.638300000000000000e+04
1.638300000000000000e+04
1.638300000000000000e+04
1.638300000000000000e+04
1.638300000000000000e+04
1.638300000000000000e+04
1.638300000000000000e+04
1.638300000000000000e+04
1.638300000000000000e+04
1.638300000000000000e+04
1.638300000000000000e+04
1.638300000000000000e+04
1.638300000000000000e+04
1.638300000000000000e+04
1.638300000000000000e+04
1.638300000000000000e+04
1.638300000000000000e+04
1.638300000000000000e+04
1.638300000000000000e+04
1.638300000000000000e+04
1.638300000000000000e+04
1.638300000000000000e+04
1.638300000000000000e+04
1.638300000000000000e+04
1.638300000000000000e+04
1.638300000000000000e+04
1.638300000000000000e+04
1.638300000000000000e+04
1.638300000000000000e+04
1.638300000000000000e+04
1.638300000000000000e+04
1.638300000000000000e+04
1.638300000000000000e+04
1.638300000000000000e+04
1.638300000000000000e+04
1.638300000000000000e+04
1.638300000000000000e+04
1.638300000000000000e+04
1.638300000000000000e+04
1.638300000000000000e+04
1.638300000000000000e+04
1.638300000000000000e+04
1.638300000000000000e+04
1.638300000000000000e+04
1.638300000000000000e+04
1.638300000000000000e+04
1.638300000000000000e+04
1.638300000000000000e+04
1.638300000000000000e+04
1.638300000000000000e+04
1.638300000000000000e+04
1.638300000000000000e+04
1.638300000000000000e+04
1.638300000000000000e+04
1.638300000000000000e+04
1.638300000000000000e+04
1.638300000000000000e+04
1.638300000000000000e+04
1.638300000000000000e+04
1.638300000000000000e+04
1.638300000000000000e+04
1.638300000000000000e+04
1.638300000000000000e+04
1.638300000000000000e+04
1.638300000000000000e+04
1.638300000000000000e+04
1.638300000000000000e+04
1.638300000000000000e+04
1.638300000000000000e+04
1.638300000000000000e+04
1.638300000000000000e+04
1.638300000000000000e+04
1.638300000000000000e+04
1.638300000000000000e+04
1.638300000000000000e+04
1.638300000000000000e+04
1.638300000000000000e+04
1.638300000000000000e+04
1.638300000000000000e+04
1.638300000000000000e+04
1.638300000000000000e+04
1.638300000000000000e+04
1.638300000000000000e+04
1.638300000000000000e+04
1.638300000000000000e+04
1.638300000000000000e+04
1.638300000000000000e+04
1.638300000000000000e+04
1.638300000000000000e+04
1.638300000000000000e+04
1.638300000000000000e+04
1.638300000000000000e+04
1.638300000000000000e+04
1.638300000000000000e+04
1.638300000000000000e+04
1.638300000000000000e+04
1.638300000000000000e+04
1.638300000000000000e+04
1.638300000000000000e+04
1.638300000000000000e+04
1.638300000000000000e+04
1.638300000000000000e+04
1.638300000000000000e+04
1.638300000000000000e+04
1.638300000000000000e+04
1.638300000000000000e+04
1.638300000000000000e+04
1.638300000000000000e+04
1.638300000000000000e+04
1.638300000000000000e+04
1.638300000000000000e+04
1.638300000000000000e+04
1.638300000000000000e+04
1.638300000000000000e+04
1.638300000000000000e+04
1.638300000000000000e+04
1.638300000000000000e+04
1.638300000000000000e+04
1.638300000000000000e+04
1.638300000000000000e+04
1.638300000000000000e+04
1.638300000000000000e+04
1.638300000000000000e+04
1.638300000000000000e+04
1.638300000000000000e+04
1.638300000000000000e+04
1.638300000000000000e+04
1.638300000000000000e+04
1.638300000000000000e+04
1.638300000000000000e+04
1.638300000000000000e+04
1.638300000000000000e+04
1.638300000000000000e+04
1.638300000000000000e+04
1.638300000000000000e+04
1.638300000000000000e+04
1.638300000000000000e+04
1.638300000000000000e+04
1.638300000000000000e+04
1.638300000000000000e+04
1.638300000000000000e+04
1.638300000000000000e+04
1.638300000000000000e+04
1.638300000000000000e+04
1.638300000000000000e+04
1.638300000000000000e+04
1.638300000000000000e+04
1.638300000000000000e+04
1.638300000000000000e+04
1.638300000000000000e+04
1.638300000000000000e+04
1.638300000000000000e+04
1.638300000000000000e+04
1.638300000000000000e+04
1.638300000000000000e+04
1.638300000000000000e+04
1.638300000000000000e+04
1.638300000000000000e+04
1.638300000000000000e+04
1.638300000000000000e+04
1.638300000000000000e+04
1.638300000000000000e+04
1.638300000000000000e+04
1.638300000000000000e+04
1.638300000000000000e+04
1.638300000000000000e+04
1.638300000000000000e+04
1.638300000000000000e+04
1.638300000000000000e+04
1.638300000000000000e+04
1.638300000000000000e+04
1.638300000000000000e+04
1.638300000000000000e+04
1.638300000000000000e+04
1.638300000000000000e+04
1.638300000000000000e+04
1.638300000000000000e+04
1.638300000000000000e+04
1.638300000000000000e+04
1.638300000000000000e+04
1.638300000000000000e+04
1.638300000000000000e+04
1.638300000000000000e+04
1.638300000000000000e+04
1.638300000000000000e+04
1.638300000000000000e+04
1.638300000000000000e+04
1.638300000000000000e+04
1.638300000000000000e+04
1.638300000000000000e+04
1.638300000000000000e+04
1.638300000000000000e+04
1.638300000000000000e+04
1.638300000000000000e+04
1.638300000000000000e+04
1.638300000000000000e+04
1.638300000000000000e+04
1.638300000000000000e+04
1.638300000000000000e+04
1.638300000000000000e+04
1.638300000000000000e+04
1.638300000000000000e+04
1.638300000000000000e+04
1.638300000000000000e+04
1.638300000000000000e+04
1.638300000000000000e+04
1.638300000000000000e+04
1.638300000000000000e+04
1.638300000000000000e+04
1.638300000000000000e+04
1.638300000000000000e+04
1.638300000000000000e+04
1.638300000000000000e+04
1.638300000000000000e+04
1.638300000000000000e+04
1.638300000000000000e+04
1.638300000000000000e+04
1.638300000000000000e+04
1.638300000000000000e+04
1.638300000000000000e+04
1.638300000000000000e+04
1.638300000000000000e+04
1.638300000000000000e+04
1.638300000000000000e+04
1.638300000000000000e+04
1.638300000000000000e+04
1.638300000000000000e+04
1.638300000000000000e+04
1.638300000000000000e+04
1.638300000000000000e+04
1.638300000000000000e+04
1.638300000000000000e+04
1.638300000000000000e+04
1.638300000000000000e+04
1.638300000000000000e+04
1.638300000000000000e+04
1.638300000000000000e+04
1.638300000000000000e+04
1.638300000000000000e+04
1.638300000000000000e+04
1.638300000000000000e+04
1.638300000000000000e+04
1.638300000000000000e+04
1.638300000000000000e+04
1.638300000000000000e+04
1.638300000000000000e+04
1.638300000000000000e+04
1.638300000000000000e+04
1.638300000000000000e+04
1.638300000000000000e+04
1.638300000000000000e+04
1.638300000000000000e+04
1.638300000000000000e+04
1.638300000000000000e+04
1.638300000000000000e+04
1.638300000000000000e+04
1.638300000000000000e+04
1.638300000000000000e+04
1.638300000000000000e+04
1.638300000000000000e+04
1.638300000000000000e+04
1.638300000000000000e+04
1.638300000000000000e+04
1.638300000000000000e+04
1.638300000000000000e+04
1.638300000000000000e+04
1.638300000000000000e+04
1.638300000000000000e+04
1.638300000000000000e+04
1.638300000000000000e+04
1.638300000000000000e+04
1.638300000000000000e+04
1.638300000000000000e+04
1.638300000000000000e+04
1.638300000000000000e+04
1.638300000000000000e+04
1.638300000000000000e+04
1.638300000000000000e+04
1.638300000000000000e+04
1.638300000000000000e+04
1.638300000000000000e+04
1.638300000000000000e+04
1.638300000000000000e+04
1.638300000000000000e+04
1.638300000000000000e+04
1.638300000000000000e+04
1.638300000000000000e+04
1.638300000000000000e+04
1.638300000000000000e+04
1.638300000000000000e+04
1.638300000000000000e+04
1.638300000000000000e+04
1.638300000000000000e+04
1.638300000000000000e+04
1.638300000000000000e+04
1.638300000000000000e+04
1.638300000000000000e+04
1.638300000000000000e+04
1.638300000000000000e+04
1.638300000000000000e+04
1.638300000000000000e+04
1.638300000000000000e+04
1.638300000000000000e+04
1.638300000000000000e+04
1.638300000000000000e+04
1.638300000000000000e+04
1.638300000000000000e+04
1.638300000000000000e+04
1.638300000000000000e+04
1.638300000000000000e+04
1.638300000000000000e+04
1.638300000000000000e+04
1.638300000000000000e+04
1.638300000000000000e+04
1.638300000000000000e+04
1.638300000000000000e+04
1.638300000000000000e+04
1.638300000000000000e+04
1.638300000000000000e+04
1.638300000000000000e+04
1.638300000000000000e+04
1.638300000000000000e+04
1.638300000000000000e+04
1.638300000000000000e+04
1.638300000000000000e+04
1.638300000000000000e+04
1.638300000000000000e+04
1.638300000000000000e+04
1.638300000000000000e+04
1.638300000000000000e+04
1.638300000000000000e+04
1.638300000000000000e+04
1.638300000000000000e+04
1.638300000000000000e+04
1.638300000000000000e+04
1.638300000000000000e+04
1.638300000000000000e+04
1.638300000000000000e+04
1.638300000000000000e+04
1.638300000000000000e+04
1.638300000000000000e+04
1.638300000000000000e+04
1.638300000000000000e+04
1.638300000000000000e+04
1.638300000000000000e+04
1.638300000000000000e+04
1.638300000000000000e+04
1.638300000000000000e+04
1.638300000000000000e+04
1.638300000000000000e+04
1.638300000000000000e+04
1.638300000000000000e+04
1.638300000000000000e+04
1.638300000000000000e+04
1.638300000000000000e+04
1.638300000000000000e+04
1.638300000000000000e+04
1.638300000000000000e+04
1.638300000000000000e+04
1.638300000000000000e+04
1.638300000000000000e+04
1.638300000000000000e+04
1.638300000000000000e+04
1.638300000000000000e+04
1.638300000000000000e+04
1.638300000000000000e+04
1.638300000000000000e+04
1.638300000000000000e+04
1.638300000000000000e+04
1.638300000000000000e+04
1.638300000000000000e+04
1.638300000000000000e+04
1.638300000000000000e+04
1.638300000000000000e+04
1.638300000000000000e+04
1.638300000000000000e+04
1.638300000000000000e+04
1.638300000000000000e+04
1.638300000000000000e+04
1.638300000000000000e+04
1.638300000000000000e+04
1.638300000000000000e+04
1.638300000000000000e+04
1.638300000000000000e+04
1.638300000000000000e+04
1.638300000000000000e+04
1.638300000000000000e+04
1.638300000000000000e+04
1.638300000000000000e+04
1.638300000000000000e+04
1.638300000000000000e+04
1.638300000000000000e+04
1.638300000000000000e+04
1.638300000000000000e+04
1.638300000000000000e+04
1.638300000000000000e+04
1.638300000000000000e+04
1.638300000000000000e+04
1.638300000000000000e+04
1.638300000000000000e+04
1.638300000000000000e+04
1.638300000000000000e+04
1.638300000000000000e+04
1.638300000000000000e+04
1.638300000000000000e+04
1.638300000000000000e+04
1.638300000000000000e+04
1.638300000000000000e+04
1.638300000000000000e+04
1.638300000000000000e+04
1.638300000000000000e+04
1.638300000000000000e+04
1.638300000000000000e+04
1.638300000000000000e+04
1.638300000000000000e+04
1.638300000000000000e+04
1.638300000000000000e+04
1.638300000000000000e+04
1.638300000000000000e+04
1.638300000000000000e+04
1.638300000000000000e+04
1.638300000000000000e+04
1.638300000000000000e+04
1.638300000000000000e+04
1.638300000000000000e+04
1.638300000000000000e+04
1.638300000000000000e+04
1.638300000000000000e+04
1.638300000000000000e+04
1.638300000000000000e+04
1.638300000000000000e+04
1.638300000000000000e+04
1.638300000000000000e+04
1.638300000000000000e+04
1.638300000000000000e+04
1.638300000000000000e+04
1.638300000000000000e+04
1.638300000000000000e+04
1.638300000000000000e+04
1.638300000000000000e+04
1.638300000000000000e+04
1.638300000000000000e+04
1.638300000000000000e+04
1.638300000000000000e+04
1.638300000000000000e+04
1.638300000000000000e+04
1.638300000000000000e+04
1.638300000000000000e+04
1.638300000000000000e+04
1.638300000000000000e+04
1.638300000000000000e+04
1.638300000000000000e+04
1.638300000000000000e+04
1.638300000000000000e+04
1.638300000000000000e+04
1.638300000000000000e+04
1.638300000000000000e+04
1.638300000000000000e+04
1.638300000000000000e+04
1.638300000000000000e+04
1.638300000000000000e+04
1.638300000000000000e+04
1.638300000000000000e+04
1.638300000000000000e+04
1.638300000000000000e+04
1.638300000000000000e+04
1.638300000000000000e+04
1.638300000000000000e+04
1.638300000000000000e+04
1.638300000000000000e+04
1.638300000000000000e+04
1.638300000000000000e+04
1.638300000000000000e+04
1.638300000000000000e+04
1.638300000000000000e+04
1.638300000000000000e+04
1.638300000000000000e+04
1.638300000000000000e+04
1.638300000000000000e+04
1.638300000000000000e+04
1.638300000000000000e+04
1.638300000000000000e+04
1.638300000000000000e+04
1.638300000000000000e+04
1.638300000000000000e+04
1.638300000000000000e+04
1.638300000000000000e+04
1.638300000000000000e+04
1.638300000000000000e+04
1.638300000000000000e+04
1.638300000000000000e+04
1.638300000000000000e+04
1.638300000000000000e+04
1.638300000000000000e+04
1.638300000000000000e+04
1.638300000000000000e+04
1.638300000000000000e+04
1.638300000000000000e+04
1.638300000000000000e+04
1.638300000000000000e+04
1.638300000000000000e+04
1.638300000000000000e+04
1.638300000000000000e+04
1.638300000000000000e+04
1.638300000000000000e+04
1.638300000000000000e+04
1.638300000000000000e+04
1.638300000000000000e+04
1.638300000000000000e+04
1.638300000000000000e+04
1.638300000000000000e+04
1.638300000000000000e+04
1.638300000000000000e+04
1.638300000000000000e+04
1.638300000000000000e+04
1.638300000000000000e+04
1.638300000000000000e+04
1.638300000000000000e+04
1.638300000000000000e+04
1.638300000000000000e+04
1.638300000000000000e+04
1.638300000000000000e+04
1.638300000000000000e+04
1.638300000000000000e+04
1.638300000000000000e+04
1.638300000000000000e+04
1.638300000000000000e+04
1.638300000000000000e+04
1.638300000000000000e+04
1.638300000000000000e+04
1.638300000000000000e+04
1.638300000000000000e+04
1.638300000000000000e+04
1.638300000000000000e+04
1.638300000000000000e+04
1.638300000000000000e+04
1.638300000000000000e+04
1.638300000000000000e+04
1.638300000000000000e+04
1.638300000000000000e+04
1.638300000000000000e+04
1.638300000000000000e+04
1.638300000000000000e+04
1.638300000000000000e+04
1.638300000000000000e+04
1.638300000000000000e+04
1.638300000000000000e+04
1.638300000000000000e+04
1.638300000000000000e+04
1.638300000000000000e+04
1.638300000000000000e+04
1.638300000000000000e+04
1.638300000000000000e+04
1.638300000000000000e+04
1.638300000000000000e+04
1.638300000000000000e+04
1.638300000000000000e+04
1.638300000000000000e+04
1.638300000000000000e+04
1.638300000000000000e+04
1.638300000000000000e+04
1.638300000000000000e+04
1.638300000000000000e+04
1.638300000000000000e+04
1.638300000000000000e+04
1.638300000000000000e+04
1.638300000000000000e+04
1.638300000000000000e+04
1.638300000000000000e+04
1.638300000000000000e+04
1.638300000000000000e+04
1.638300000000000000e+04
1.638300000000000000e+04
1.638300000000000000e+04
1.638300000000000000e+04
1.638300000000000000e+04
1.638300000000000000e+04
1.638300000000000000e+04
1.638300000000000000e+04
1.638300000000000000e+04
1.638300000000000000e+04
1.638300000000000000e+04
1.638300000000000000e+04
1.638300000000000000e+04
1.638300000000000000e+04
1.638300000000000000e+04
1.638300000000000000e+04
1.638300000000000000e+04
1.638300000000000000e+04
1.638300000000000000e+04
1.638300000000000000e+04
1.638300000000000000e+04
1.638300000000000000e+04
1.638300000000000000e+04
1.638300000000000000e+04
1.638300000000000000e+04
1.638300000000000000e+04
1.638300000000000000e+04
1.638300000000000000e+04
1.638300000000000000e+04
1.638300000000000000e+04
1.638300000000000000e+04
1.638300000000000000e+04
1.638300000000000000e+04
1.638300000000000000e+04
1.638300000000000000e+04
1.638300000000000000e+04
1.638300000000000000e+04
1.638300000000000000e+04
1.638300000000000000e+04
1.638300000000000000e+04
1.638300000000000000e+04
1.638300000000000000e+04
1.638300000000000000e+04
1.638300000000000000e+04
1.638300000000000000e+04
1.638300000000000000e+04
1.638300000000000000e+04
1.638300000000000000e+04
1.638300000000000000e+04
1.638300000000000000e+04
1.638300000000000000e+04
1.638300000000000000e+04
1.638300000000000000e+04
1.638300000000000000e+04
1.638300000000000000e+04
1.638300000000000000e+04
1.638300000000000000e+04
1.638300000000000000e+04
1.638300000000000000e+04
1.638300000000000000e+04
1.638300000000000000e+04
1.638300000000000000e+04
1.638300000000000000e+04
1.638300000000000000e+04
1.638300000000000000e+04
1.638300000000000000e+04
1.638300000000000000e+04
1.638300000000000000e+04
1.638300000000000000e+04
1.638300000000000000e+04
1.638300000000000000e+04
1.638300000000000000e+04
1.638300000000000000e+04
1.638300000000000000e+04
1.638300000000000000e+04
1.638300000000000000e+04
1.638300000000000000e+04
1.638300000000000000e+04
1.638300000000000000e+04
1.638300000000000000e+04
1.638300000000000000e+04
1.638300000000000000e+04
1.638300000000000000e+04
1.638300000000000000e+04
1.638300000000000000e+04
1.638300000000000000e+04
1.638300000000000000e+04
1.638300000000000000e+04
1.638300000000000000e+04
1.638300000000000000e+04
1.638300000000000000e+04
1.638300000000000000e+04
1.638300000000000000e+04
1.638300000000000000e+04
1.638300000000000000e+04
1.638300000000000000e+04
1.638300000000000000e+04
1.638300000000000000e+04
1.638300000000000000e+04
1.638300000000000000e+04
1.638300000000000000e+04
1.638300000000000000e+04
1.638300000000000000e+04
1.638300000000000000e+04
1.638300000000000000e+04
1.638300000000000000e+04
1.638300000000000000e+04
1.638300000000000000e+04
1.638300000000000000e+04
1.638300000000000000e+04
1.638300000000000000e+04
1.638300000000000000e+04
1.638300000000000000e+04
1.638300000000000000e+04
1.638300000000000000e+04
1.638300000000000000e+04
1.638300000000000000e+04
1.638300000000000000e+04
1.638300000000000000e+04
1.638300000000000000e+04
1.638300000000000000e+04
1.638300000000000000e+04
1.638300000000000000e+04
1.638300000000000000e+04
1.638300000000000000e+04
1.638300000000000000e+04
1.638300000000000000e+04
1.638300000000000000e+04
1.638300000000000000e+04
1.638300000000000000e+04
1.638300000000000000e+04
1.638300000000000000e+04
1.638300000000000000e+04
1.638300000000000000e+04
1.638300000000000000e+04
1.638300000000000000e+04
1.638300000000000000e+04
1.638300000000000000e+04
1.638300000000000000e+04
1.638300000000000000e+04
1.638300000000000000e+04
1.638300000000000000e+04
1.638300000000000000e+04
1.638300000000000000e+04
1.638300000000000000e+04
1.638300000000000000e+04
1.638300000000000000e+04
1.638300000000000000e+04
1.638300000000000000e+04
1.638300000000000000e+04
1.638300000000000000e+04
1.638300000000000000e+04
1.638300000000000000e+04
1.638300000000000000e+04
1.638300000000000000e+04
1.638300000000000000e+04
1.638300000000000000e+04
1.638300000000000000e+04
1.638300000000000000e+04
1.638300000000000000e+04
1.638300000000000000e+04
1.638300000000000000e+04
1.638300000000000000e+04
1.638300000000000000e+04
1.638300000000000000e+04
1.638300000000000000e+04
1.638300000000000000e+04
1.638300000000000000e+04
1.638300000000000000e+04
1.638300000000000000e+04
1.638300000000000000e+04
1.638300000000000000e+04
1.638300000000000000e+04
1.638300000000000000e+04
1.638300000000000000e+04
1.638300000000000000e+04
1.638300000000000000e+04
1.638300000000000000e+04
1.638300000000000000e+04
1.638300000000000000e+04
1.638300000000000000e+04
1.638300000000000000e+04
1.638300000000000000e+04
1.638300000000000000e+04
1.638300000000000000e+04
1.638300000000000000e+04
1.638300000000000000e+04
1.638300000000000000e+04
1.638300000000000000e+04
1.638300000000000000e+04
1.638300000000000000e+04
1.638300000000000000e+04
1.638300000000000000e+04
1.638300000000000000e+04
1.638300000000000000e+04
1.638300000000000000e+04
1.638300000000000000e+04
1.638300000000000000e+04
1.638300000000000000e+04
1.638300000000000000e+04
1.638300000000000000e+04
1.638300000000000000e+04
1.638300000000000000e+04
1.638300000000000000e+04
1.638300000000000000e+04
1.638300000000000000e+04
1.638300000000000000e+04
1.638300000000000000e+04
1.638300000000000000e+04
1.638300000000000000e+04
1.638300000000000000e+04
1.638300000000000000e+04
1.638300000000000000e+04
1.638300000000000000e+04
1.638300000000000000e+04
1.638300000000000000e+04
1.638300000000000000e+04
1.638300000000000000e+04
1.638300000000000000e+04
1.638300000000000000e+04
1.638300000000000000e+04
1.638300000000000000e+04
1.638300000000000000e+04
1.638300000000000000e+04
1.638300000000000000e+04
1.638300000000000000e+04
1.638300000000000000e+04
1.638300000000000000e+04
1.638300000000000000e+04
1.638300000000000000e+04
1.638300000000000000e+04
1.638300000000000000e+04
1.638300000000000000e+04
1.638300000000000000e+04
1.638300000000000000e+04
1.638300000000000000e+04
1.638300000000000000e+04
1.638300000000000000e+04
1.638300000000000000e+04
1.638300000000000000e+04
1.638300000000000000e+04
1.638300000000000000e+04
1.638300000000000000e+04
1.638300000000000000e+04
1.638300000000000000e+04
1.638300000000000000e+04
1.638300000000000000e+04
1.638300000000000000e+04
1.638300000000000000e+04
1.638300000000000000e+04
1.638300000000000000e+04
1.638300000000000000e+04
1.638300000000000000e+04
1.638300000000000000e+04
1.638300000000000000e+04
1.638300000000000000e+04
1.638300000000000000e+04
1.638300000000000000e+04
1.638300000000000000e+04
1.638300000000000000e+04
1.638300000000000000e+04
1.638300000000000000e+04
1.638300000000000000e+04
1.638300000000000000e+04
1.638300000000000000e+04
1.638300000000000000e+04
1.638300000000000000e+04
1.638300000000000000e+04
1.638300000000000000e+04
1.638300000000000000e+04
1.638300000000000000e+04
1.638300000000000000e+04
1.638300000000000000e+04
1.638300000000000000e+04
1.638300000000000000e+04
1.638300000000000000e+04
1.638300000000000000e+04
1.638300000000000000e+04
1.638300000000000000e+04
1.638300000000000000e+04
1.638300000000000000e+04
1.638300000000000000e+04
1.638300000000000000e+04
1.638300000000000000e+04
1.638300000000000000e+04
1.638300000000000000e+04
1.638300000000000000e+04
1.638300000000000000e+04
1.638300000000000000e+04
1.638300000000000000e+04
1.638300000000000000e+04
1.638300000000000000e+04
1.638300000000000000e+04
1.638300000000000000e+04
1.638300000000000000e+04
1.638300000000000000e+04
1.638300000000000000e+04
1.638300000000000000e+04
1.638300000000000000e+04
1.638300000000000000e+04
1.638300000000000000e+04
1.638300000000000000e+04
1.638300000000000000e+04
1.638300000000000000e+04
1.638300000000000000e+04
1.638300000000000000e+04
1.638300000000000000e+04
1.638300000000000000e+04
1.638300000000000000e+04
1.638300000000000000e+04
1.638300000000000000e+04
1.638300000000000000e+04
1.638300000000000000e+04
1.638300000000000000e+04
1.638300000000000000e+04
1.638300000000000000e+04
1.638300000000000000e+04
1.638300000000000000e+04
1.638300000000000000e+04
1.638300000000000000e+04
1.638300000000000000e+04
1.638300000000000000e+04
1.638300000000000000e+04
1.638300000000000000e+04
1.638300000000000000e+04
1.638300000000000000e+04
1.638300000000000000e+04
1.638300000000000000e+04
1.638300000000000000e+04
1.638300000000000000e+04
1.638300000000000000e+04
1.638300000000000000e+04
1.638300000000000000e+04
1.638300000000000000e+04
1.638300000000000000e+04
1.638300000000000000e+04
1.638300000000000000e+04
1.638300000000000000e+04
1.638300000000000000e+04
1.638300000000000000e+04
1.638300000000000000e+04
1.638300000000000000e+04
1.638300000000000000e+04
1.638300000000000000e+04
1.638300000000000000e+04
1.638300000000000000e+04
1.638300000000000000e+04
1.638300000000000000e+04
1.638300000000000000e+04
1.638300000000000000e+04
1.638300000000000000e+04
1.638300000000000000e+04
1.638300000000000000e+04
1.638300000000000000e+04
1.638300000000000000e+04
1.638300000000000000e+04
1.638300000000000000e+04
1.638300000000000000e+04
1.638300000000000000e+04
1.638300000000000000e+04
1.638300000000000000e+04
1.638300000000000000e+04
1.638300000000000000e+04
1.638300000000000000e+04
1.638300000000000000e+04
1.638300000000000000e+04
1.638300000000000000e+04
1.638300000000000000e+04
1.638300000000000000e+04
1.638300000000000000e+04
1.638300000000000000e+04
1.638300000000000000e+04
1.638300000000000000e+04
1.638300000000000000e+04
1.638300000000000000e+04
1.638300000000000000e+04
1.638300000000000000e+04
1.638300000000000000e+04
1.638300000000000000e+04
1.638300000000000000e+04
1.638300000000000000e+04
1.638300000000000000e+04
1.638300000000000000e+04
1.638300000000000000e+04
1.638300000000000000e+04
1.638300000000000000e+04
1.638300000000000000e+04
1.638300000000000000e+04
1.638300000000000000e+04
1.638300000000000000e+04
1.638300000000000000e+04
1.638300000000000000e+04
1.638300000000000000e+04
1.638300000000000000e+04
1.638300000000000000e+04
1.638300000000000000e+04
1.638300000000000000e+04
1.638300000000000000e+04
1.638300000000000000e+04
1.638300000000000000e+04
1.638300000000000000e+04
1.638300000000000000e+04
1.638300000000000000e+04
1.638300000000000000e+04
1.638300000000000000e+04
1.638300000000000000e+04
1.638300000000000000e+04
1.638300000000000000e+04
1.638300000000000000e+04
1.638300000000000000e+04
1.638300000000000000e+04
1.638300000000000000e+04
1.638300000000000000e+04
1.638300000000000000e+04
1.638300000000000000e+04
1.638300000000000000e+04
1.638300000000000000e+04
1.638300000000000000e+04
1.638300000000000000e+04
1.638300000000000000e+04
1.638300000000000000e+04
1.638300000000000000e+04
1.638300000000000000e+04
1.638300000000000000e+04
1.638300000000000000e+04
1.638300000000000000e+04
1.638300000000000000e+04
1.638300000000000000e+04
1.638300000000000000e+04
1.638300000000000000e+04
1.638300000000000000e+04
1.638300000000000000e+04
1.638300000000000000e+04
1.638300000000000000e+04
1.638300000000000000e+04
1.638300000000000000e+04
1.638300000000000000e+04
1.638300000000000000e+04
1.638300000000000000e+04
1.638300000000000000e+04
1.638300000000000000e+04
1.638300000000000000e+04
1.638300000000000000e+04
1.638300000000000000e+04
1.638300000000000000e+04
1.638300000000000000e+04
1.638300000000000000e+04
1.638300000000000000e+04
1.638300000000000000e+04
1.638300000000000000e+04
1.638300000000000000e+04
1.638300000000000000e+04
1.638300000000000000e+04
1.638300000000000000e+04
1.638300000000000000e+04
1.638300000000000000e+04
1.638300000000000000e+04
1.638300000000000000e+04
1.638300000000000000e+04
1.638300000000000000e+04
1.638300000000000000e+04
1.638300000000000000e+04
1.638300000000000000e+04
1.638300000000000000e+04
1.638300000000000000e+04
1.638300000000000000e+04
1.638300000000000000e+04
1.638300000000000000e+04
1.638300000000000000e+04
1.638300000000000000e+04
1.638300000000000000e+04
1.638300000000000000e+04
1.638300000000000000e+04
1.638300000000000000e+04
1.638300000000000000e+04
1.638300000000000000e+04
1.638300000000000000e+04
1.638300000000000000e+04
1.638300000000000000e+04
1.638300000000000000e+04
1.638300000000000000e+04
1.638300000000000000e+04
1.638300000000000000e+04
1.638300000000000000e+04
1.638300000000000000e+04
1.638300000000000000e+04
1.638300000000000000e+04
1.638300000000000000e+04
1.638300000000000000e+04
1.638300000000000000e+04
1.638300000000000000e+04
1.638300000000000000e+04
1.638300000000000000e+04
1.638300000000000000e+04
1.638300000000000000e+04
1.638300000000000000e+04
1.638300000000000000e+04
1.638300000000000000e+04
1.638300000000000000e+04
1.638300000000000000e+04
1.638300000000000000e+04
1.638300000000000000e+04
1.638300000000000000e+04
1.638300000000000000e+04
1.638300000000000000e+04
1.638300000000000000e+04
1.638300000000000000e+04
1.638300000000000000e+04
1.638300000000000000e+04
1.638300000000000000e+04
1.638300000000000000e+04
1.638300000000000000e+04
1.638300000000000000e+04
1.638300000000000000e+04
1.638300000000000000e+04
1.638300000000000000e+04
1.638300000000000000e+04
1.638300000000000000e+04
1.638300000000000000e+04
1.638300000000000000e+04
1.638300000000000000e+04
1.638300000000000000e+04
1.638300000000000000e+04
1.638300000000000000e+04
1.638300000000000000e+04
1.638300000000000000e+04
1.638300000000000000e+04
1.638300000000000000e+04
1.638300000000000000e+04
1.638300000000000000e+04
1.638300000000000000e+04
1.638300000000000000e+04
1.638300000000000000e+04
1.638300000000000000e+04
1.638300000000000000e+04
1.638300000000000000e+04
1.638300000000000000e+04
1.638300000000000000e+04
1.638300000000000000e+04
1.638300000000000000e+04
1.638300000000000000e+04
1.638300000000000000e+04
1.638300000000000000e+04
1.638300000000000000e+04
1.638300000000000000e+04
1.638300000000000000e+04
1.638300000000000000e+04
1.638300000000000000e+04
1.638300000000000000e+04
1.638300000000000000e+04
1.638300000000000000e+04
1.638300000000000000e+04
1.638300000000000000e+04
1.638300000000000000e+04
1.638300000000000000e+04
1.638300000000000000e+04
1.638300000000000000e+04
1.638300000000000000e+04
1.638300000000000000e+04
1.638300000000000000e+04
1.638300000000000000e+04
1.638300000000000000e+04
1.638300000000000000e+04
1.638300000000000000e+04
1.638300000000000000e+04
1.638300000000000000e+04
1.638300000000000000e+04
1.638300000000000000e+04
1.638300000000000000e+04
1.638300000000000000e+04
1.638300000000000000e+04
1.638300000000000000e+04
1.638300000000000000e+04
1.638300000000000000e+04
1.638300000000000000e+04
1.638300000000000000e+04
1.638300000000000000e+04
1.638300000000000000e+04
1.638300000000000000e+04
1.092200000000000000e+04
