6.421666666666666288e+02
8.785000000000000000e+02
7.053333333333332575e+02
8.371666666666666288e+02
9.978333333333332575e+02
1.151000000000000000e+03
1.196833333333333258e+03
1.220833333333333258e+03
1.231833333333333258e+03
1.251000000000000000e+03
1.251666666666666515e+03
1.283000000000000000e+03
1.261666666666666515e+03
1.280333333333333258e+03
1.285833333333333258e+03
1.328000000000000000e+03
1.377833333333333258e+03
1.440333333333333258e+03
1.473000000000000000e+03
1.475666666666666515e+03
1.471000000000000000e+03
1.490666666666666515e+03
1.478666666666666515e+03
1.516000000000000000e+03
1.525000000000000000e+03
1.504166666666666515e+03
1.428833333333333258e+03
1.400333333333333258e+03
1.446666666666666515e+03
1.476000000000000000e+03
1.501333333333333258e+03
1.499833333333333258e+03
1.507666666666666515e+03
1.496000000000000000e+03
1.505166666666666515e+03
1.516166666666666515e+03
1.512000000000000000e+03
1.478000000000000000e+03
1.479333333333333258e+03
1.452666666666666515e+03
1.485166666666666515e+03
1.466666666666666515e+03
1.522833333333333258e+03
1.491666666666666515e+03
1.488666666666666515e+03
1.469500000000000000e+03
1.461666666666666515e+03
1.494000000000000000e+03
1.500666666666666515e+03
1.518166666666666515e+03
1.478166666666666515e+03
1.472000000000000000e+03
1.476666666666666515e+03
1.492833333333333258e+03
1.505166666666666515e+03
1.489000000000000000e+03
1.497666666666666515e+03
1.484333333333333258e+03
1.499500000000000000e+03
1.502166666666666515e+03
1.480833333333333258e+03
1.466666666666666515e+03
1.437666666666666515e+03
1.443666666666666515e+03
1.482500000000000000e+03
1.494666666666666515e+03
1.477833333333333030e+03
1.446166666666666515e+03
1.440500000000000000e+03
1.430833333333333258e+03
1.412000000000000000e+03
1.428666666666666515e+03
1.451166666666666515e+03
1.448833333333333258e+03
1.450333333333333258e+03
1.452333333333333258e+03
1.482833333333333258e+03
1.481666666666666515e+03
1.474833333333333258e+03
1.460500000000000000e+03
1.465833333333333258e+03
1.487333333333333258e+03
1.500500000000000000e+03
1.536833333333333258e+03
1.553499999999999773e+03
1.548833333333333030e+03
1.500666666666666515e+03
1.456500000000000000e+03
1.481000000000000000e+03
1.509666666666666515e+03
1.528333333333333258e+03
1.493999999999999773e+03
1.469166666666666515e+03
1.451666666666666515e+03
1.488833333333333258e+03
1.486166666666666515e+03
1.536500000000000000e+03
1.516333333333333258e+03
1.526000000000000000e+03
1.491333333333333258e+03
1.504166666666666515e+03
1.453333333333333258e+03
1.492000000000000000e+03
1.502833333333333258e+03
1.556999999999999773e+03
1.534166666666666515e+03
1.517500000000000000e+03
1.505166666666666515e+03
1.482333333333333258e+03
1.490666666666666515e+03
1.491000000000000000e+03
1.498166666666666515e+03
1.515166666666666515e+03
1.501000000000000000e+03
1.524666666666666515e+03
1.487833333333333258e+03
1.536166666666666515e+03
1.515500000000000000e+03
1.489833333333333258e+03
1.442166666666666515e+03
1.474166666666666515e+03
1.530000000000000000e+03
1.536999999999999773e+03
1.513833333333333258e+03
1.476500000000000000e+03
1.448666666666666515e+03
1.455833333333333258e+03
1.469666666666666515e+03
1.529833333333333258e+03
1.517000000000000000e+03
1.521666666666666515e+03
1.493000000000000000e+03
1.497666666666666515e+03
1.519666666666666515e+03
1.543499999999999773e+03
1.560833333333333258e+03
1.543833333333333030e+03
1.518666666666666515e+03
1.515000000000000000e+03
1.519833333333333258e+03
1.548499999999999773e+03
1.501833333333333258e+03
1.473000000000000000e+03
1.489833333333333258e+03
1.525166666666666515e+03
1.539000000000000000e+03
1.539333333333333258e+03
1.527833333333333258e+03
1.556166666666666515e+03
1.577666666666666515e+03
1.583666666666666515e+03
1.572666666666666515e+03
1.558499999999999773e+03
1.585166666666666515e+03
1.597666666666666515e+03
1.556333333333333258e+03
1.576333333333333258e+03
1.574500000000000000e+03
1.585000000000000000e+03
1.559000000000000000e+03
1.511500000000000000e+03
1.510000000000000000e+03
1.511000000000000000e+03
1.534000000000000000e+03
1.537000000000000000e+03
1.545833333333333258e+03
1.541000000000000000e+03
1.534833333333333258e+03
1.541166666666666515e+03
1.548500000000000000e+03
1.578166666666666515e+03
1.595333333333333258e+03
1.592500000000000000e+03
1.555166666666666515e+03
1.513333333333333258e+03
1.524833333333333258e+03
1.502500000000000000e+03
1.527666666666666515e+03
1.501000000000000000e+03
1.527333333333333258e+03
1.517166666666666515e+03
1.522666666666666515e+03
1.550833333333333258e+03
1.563666666666666515e+03
1.609833333333333030e+03
1.604833333333333258e+03
1.579500000000000000e+03
1.554666666666666515e+03
1.567833333333333258e+03
1.555666666666666515e+03
1.578500000000000000e+03
1.580000000000000000e+03
1.608499999999999773e+03
1.589666666666666515e+03
1.566333333333333030e+03
1.557666666666666515e+03
1.594833333333333258e+03
1.573166666666666515e+03
1.550000000000000000e+03
1.504666666666666515e+03
1.553166666666666515e+03
1.571166666666666515e+03
1.627833333333333258e+03
1.599500000000000000e+03
1.617666666666666515e+03
1.559000000000000000e+03
1.579166666666666515e+03
1.589166666666666515e+03
1.621666666666666515e+03
1.599500000000000000e+03
1.568333333333333258e+03
1.553833333333333030e+03
1.619166666666666515e+03
1.632666666666666515e+03
1.622000000000000000e+03
1.559166666666666515e+03
1.590333333333333030e+03
1.586666666666666515e+03
1.588666666666666515e+03
1.564166666666666515e+03
1.616166666666666515e+03
1.640666666666666515e+03
1.638333333333333258e+03
1.631000000000000000e+03
1.644000000000000000e+03
1.638499999999999773e+03
1.583833333333333258e+03
1.568833333333333030e+03
1.561666666666666515e+03
1.572000000000000000e+03
1.547666666666666515e+03
1.568666666666666515e+03
1.606166666666666515e+03
1.646333333333333258e+03
1.673833333333333030e+03
1.652166666666666515e+03
1.648166666666666515e+03
1.632833333333333258e+03
1.624666666666666515e+03
1.603166666666666515e+03
1.589166666666666515e+03
1.622333333333333258e+03
1.652833333333333258e+03
1.661833333333333258e+03
1.668500000000000000e+03
1.678666666666666515e+03
1.657500000000000000e+03
1.653000000000000000e+03
1.605000000000000000e+03
1.634833333333333258e+03
1.617666666666666515e+03
1.647166666666666515e+03
1.652666666666666515e+03
1.674166666666666515e+03
1.660833333333333258e+03
1.645500000000000000e+03
1.633000000000000000e+03
1.622833333333333030e+03
1.644333333333333030e+03
1.640000000000000000e+03
1.657666666666666515e+03
1.637333333333333258e+03
1.626666666666666515e+03
1.628000000000000000e+03
1.624333333333333030e+03
1.655000000000000000e+03
1.630833333333333258e+03
1.636833333333333030e+03
1.607166666666666515e+03
1.600333333333333030e+03
1.582166666666666515e+03
1.585166666666666515e+03
1.645833333333333258e+03
1.662166666666666515e+03
1.644333333333333030e+03
1.612833333333333258e+03
1.625333333333333258e+03
1.646333333333333030e+03
1.678500000000000000e+03
1.705166666666666515e+03
1.751666666666666515e+03
1.718999999999999773e+03
1.673833333333333258e+03
1.624833333333333030e+03
1.638666666666666515e+03
1.668333333333333258e+03
1.669499999999999773e+03
1.653166666666666515e+03
1.660833333333333030e+03
1.666166666666666515e+03
1.683666666666666515e+03
1.677500000000000000e+03
1.668166666666666515e+03
1.609166666666666515e+03
1.564166666666666515e+03
1.578000000000000000e+03
1.668833333333333030e+03
1.681000000000000000e+03
1.681333333333333258e+03
1.651166666666666515e+03
1.682666666666666515e+03
1.680999999999999773e+03
1.687666666666666515e+03
1.657500000000000000e+03
1.647499999999999773e+03
1.628500000000000000e+03
1.668333333333333258e+03
1.687000000000000000e+03
1.700333333333333258e+03
1.682000000000000000e+03
1.688166666666666515e+03
1.683666666666666515e+03
1.714333333333333030e+03
1.729333333333333030e+03
1.737333333333333258e+03
1.699999999999999773e+03
1.705833333333333258e+03
1.685500000000000000e+03
1.696666666666666515e+03
1.703499999999999773e+03
1.743500000000000000e+03
1.781000000000000000e+03
1.755999999999999773e+03
1.743333333333333258e+03
1.737000000000000000e+03
1.758166666666666515e+03
1.744333333333333030e+03
1.753333333333333030e+03
1.755333333333333258e+03
1.779499999999999773e+03
1.746666666666666515e+03
1.738833333333333030e+03
1.737666666666666515e+03
1.770833333333333258e+03
1.791499999999999773e+03
1.791166666666666515e+03
1.794499999999999773e+03
1.797833333333333030e+03
1.790666666666666515e+03
1.764666666666666515e+03
1.777166666666666515e+03
1.720833333333333258e+03
1.706666666666666515e+03
1.679500000000000000e+03
1.731499999999999773e+03
1.735333333333333258e+03
1.748666666666666515e+03
1.750333333333333258e+03
1.736833333333333258e+03
1.698000000000000000e+03
1.709666666666666515e+03
1.692833333333333030e+03
1.678000000000000000e+03
1.706000000000000000e+03
1.761666666666666515e+03
1.804833333333333258e+03
1.757166666666666515e+03
1.740666666666666515e+03
1.744500000000000000e+03
1.734333333333333258e+03
1.738833333333333258e+03
1.749999999999999773e+03
1.774333333333333030e+03
1.775000000000000000e+03
1.726166666666666515e+03
1.740833333333333258e+03
1.768666666666666515e+03
1.834333333333333030e+03
1.811666666666666515e+03
1.788166666666666515e+03
1.717666666666666515e+03
1.751666666666666515e+03
1.769166666666666515e+03
1.789333333333333258e+03
1.751499999999999773e+03
1.751999999999999773e+03
1.769833333333333030e+03
1.787166666666666515e+03
1.764500000000000000e+03
1.737333333333333258e+03
1.744166666666666515e+03
1.740833333333333258e+03
1.774166666666666515e+03
1.790333333333333030e+03
1.815333333333333258e+03
1.824666666666666515e+03
1.821000000000000000e+03
1.829499999999999773e+03
1.802166666666666515e+03
1.771499999999999773e+03
1.726833333333333030e+03
1.748500000000000000e+03
1.775999999999999773e+03
1.831000000000000000e+03
1.813833333333333258e+03
1.823666666666666515e+03
1.773166666666666515e+03
1.796166666666666515e+03
1.764500000000000000e+03
1.775333333333333258e+03
1.789166666666666515e+03
1.817666666666666515e+03
1.846833333333333030e+03
1.844666666666666515e+03
1.820499999999999773e+03
1.815833333333333258e+03
1.785500000000000000e+03
1.801833333333333030e+03
1.798000000000000000e+03
1.780333333333333258e+03
1.805999999999999773e+03
1.821666666666666515e+03
1.855999999999999773e+03
1.826999999999999773e+03
1.834999999999999773e+03
1.817499999999999773e+03
1.855166666666666515e+03
1.854500000000000000e+03
1.872999999999999773e+03
1.871833333333333258e+03
1.872333333333333030e+03
1.908000000000000000e+03
1.898833333333333030e+03
1.903333333333333030e+03
1.876333333333333258e+03
1.857166666666666515e+03
1.841833333333333258e+03
1.826000000000000000e+03
1.832166666666666515e+03
1.810333333333333258e+03
1.797499999999999773e+03
1.804166666666666515e+03
1.803833333333333030e+03
1.847833333333333258e+03
1.826666666666666515e+03
1.824166666666666515e+03
1.792333333333333258e+03
1.795499999999999773e+03
1.797166666666666515e+03
1.821999999999999773e+03
1.827333333333333030e+03
1.838500000000000000e+03
1.827499999999999773e+03
1.835166666666666515e+03
1.851499999999999773e+03
1.861166666666666515e+03
1.836500000000000000e+03
1.795833333333333030e+03
1.792333333333333258e+03
1.811999999999999773e+03
1.842500000000000000e+03
1.856666666666666515e+03
1.871666666666666515e+03
1.864833333333333258e+03
1.819499999999999773e+03
1.816833333333333030e+03
1.856666666666666515e+03
1.921000000000000000e+03
1.871000000000000000e+03
1.844166666666666515e+03
1.818333333333333258e+03
1.870499999999999773e+03
1.884499999999999773e+03
1.902333333333333030e+03
1.920166666666666515e+03
1.908000000000000000e+03
1.889000000000000000e+03
1.864666666666666515e+03
1.859500000000000000e+03
1.868166666666666515e+03
1.840166666666666515e+03
1.822999999999999773e+03
1.836333333333333030e+03
1.871666666666666515e+03
1.896166666666666515e+03
1.865166666666666515e+03
1.864500000000000000e+03
1.884499999999999773e+03
1.897833333333333258e+03
1.886333333333333258e+03
1.854000000000000000e+03
1.847833333333333258e+03
1.874333333333333258e+03
1.919166666666666515e+03
1.898500000000000000e+03
1.868000000000000000e+03
1.832833333333333030e+03
1.841499999999999773e+03
1.848166666666666515e+03
1.879000000000000000e+03
1.916833333333333030e+03
1.933166666666666515e+03
1.877999999999999773e+03
1.844333333333333258e+03
1.865000000000000000e+03
1.916333333333333030e+03
1.907666666666666515e+03
1.888333333333333258e+03
1.883999999999999773e+03
1.929499999999999773e+03
1.921499999999999773e+03
1.923833333333333030e+03
1.906166666666666515e+03
1.912166666666666515e+03
1.913000000000000000e+03
1.898333333333333258e+03
1.902166666666666515e+03
1.886333333333333030e+03
1.866500000000000000e+03
1.844333333333333258e+03
1.848333333333333030e+03
1.842999999999999773e+03
1.824000000000000000e+03
1.813500000000000000e+03
1.835833333333333030e+03
1.884666666666666515e+03
1.864000000000000000e+03
1.899333333333333258e+03
1.877000000000000000e+03
1.894000000000000000e+03
1.884000000000000000e+03
1.902833333333333258e+03
1.878333333333333258e+03
1.889666666666666515e+03
1.859500000000000000e+03
1.896666666666666515e+03
1.860000000000000000e+03
1.881833333333333258e+03
1.887999999999999773e+03
1.880833333333333258e+03
1.835666666666666515e+03
1.840333333333333258e+03
1.856000000000000000e+03
1.860333333333333030e+03
1.806166666666666515e+03
1.839333333333333258e+03
1.928499999999999773e+03
1.963833333333333030e+03
1.931833333333333258e+03
1.912166666666666515e+03
1.959000000000000000e+03
1.957333333333333030e+03
1.937999999999999773e+03
1.899333333333333258e+03
1.930499999999999773e+03
1.957166666666666515e+03
1.982000000000000000e+03
2.006166666666666515e+03
2.002499999999999773e+03
2.013000000000000000e+03
1.975500000000000000e+03
1.968333333333333030e+03
1.958833333333333030e+03
1.968000000000000000e+03
1.944500000000000000e+03
1.924333333333333258e+03
1.915333333333333030e+03
1.924999999999999773e+03
1.929166666666666515e+03
1.938000000000000000e+03
1.939999999999999773e+03
1.959833333333333258e+03
1.934833333333333258e+03
1.905166666666666515e+03
1.887833333333333030e+03
1.895000000000000000e+03
1.912000000000000000e+03
1.898000000000000000e+03
1.920833333333333258e+03
1.936999999999999773e+03
1.944833333333333258e+03
1.988333333333333258e+03
2.008000000000000000e+03
1.990333333333333258e+03
1.946333333333333258e+03
1.921833333333333258e+03
1.944833333333333258e+03
1.954500000000000000e+03
1.957833333333333258e+03
1.960500000000000000e+03
1.932666666666666515e+03
1.912500000000000000e+03
1.921333333333333258e+03
1.968166666666666515e+03
1.989333333333333258e+03
1.980833333333333258e+03
1.955833333333333030e+03
1.985166666666666515e+03
2.000666666666666515e+03
1.998333333333333258e+03
1.953999999999999773e+03
1.918499999999999773e+03
1.928666666666666515e+03
1.941833333333333258e+03
1.972833333333333258e+03
1.983000000000000000e+03
2.023833333333333258e+03
2.040166666666666515e+03
2.023333333333333258e+03
1.968166666666666515e+03
1.991500000000000000e+03
2.000499999999999773e+03
2.051833333333333030e+03
2.047333333333333258e+03
2.057333333333333030e+03
2.024666666666666515e+03
2.011166666666666515e+03
2.014000000000000000e+03
2.034333333333333030e+03
2.027666666666666515e+03
2.029666666666666515e+03
2.027666666666666515e+03
2.005500000000000000e+03
2.009666666666666515e+03
2.017000000000000000e+03
2.068666666666666515e+03
2.045833333333333258e+03
2.024666666666666515e+03
1.946833333333333258e+03
1.927500000000000000e+03
1.943999999999999773e+03
2.010166666666666515e+03
2.021166666666666515e+03
2.021000000000000000e+03
1.998666666666666515e+03
2.019833333333333258e+03
2.028333333333333030e+03
2.025333333333333258e+03
2.036500000000000000e+03
2.031333333333333258e+03
2.033666666666666515e+03
2.032833333333333030e+03
2.052166666666666515e+03
2.063000000000000000e+03
2.075833333333333030e+03
2.076500000000000000e+03
2.058833333333333030e+03
2.024166666666666515e+03
2.015166666666666515e+03
2.025833333333333258e+03
2.022833333333333258e+03
2.041333333333333258e+03
2.051500000000000000e+03
2.098500000000000000e+03
2.107000000000000000e+03
2.111333333333333030e+03
2.111666666666666515e+03
2.083000000000000000e+03
2.115166666666666515e+03
2.102333333333333030e+03
2.128833333333333030e+03
2.136166666666666515e+03
2.127666666666666515e+03
2.132333333333333030e+03
2.108000000000000000e+03
2.130666666666666515e+03
2.141500000000000000e+03
2.127333333333333030e+03
2.094833333333333030e+03
2.103833333333333030e+03
2.153833333333333030e+03
2.208833333333333030e+03
2.176500000000000000e+03
2.152000000000000000e+03
2.157000000000000000e+03
2.170500000000000000e+03
2.169000000000000000e+03
2.133833333333333030e+03
2.124500000000000000e+03
2.154666666666666515e+03
2.192666666666666515e+03
2.198833333333333030e+03
2.164333333333333030e+03
2.156666666666666515e+03
2.170333333333333030e+03
2.177166666666666515e+03
2.145333333333333030e+03
2.134666666666666515e+03
2.139166666666666515e+03
2.159333333333333030e+03
2.147333333333333030e+03
2.116333333333333030e+03
2.117333333333333030e+03
2.142166666666666515e+03
2.180000000000000000e+03
2.183833333333333030e+03
2.140666666666666515e+03
2.131833333333333030e+03
2.156833333333333030e+03
2.195500000000000000e+03
2.198000000000000000e+03
2.172000000000000000e+03
2.197333333333333030e+03
2.217000000000000000e+03
2.196666666666666515e+03
2.155833333333333030e+03
2.147000000000000000e+03
2.160500000000000000e+03
2.195000000000000000e+03
2.195166666666666515e+03
2.205333333333333030e+03
2.186500000000000000e+03
2.217000000000000000e+03
2.235666666666666515e+03
2.251666666666666515e+03
2.230500000000000000e+03
2.203833333333333030e+03
2.243500000000000000e+03
2.258500000000000000e+03
2.264833333333333030e+03
2.193333333333333030e+03
2.152000000000000000e+03
2.169166666666666515e+03
2.160833333333333030e+03
2.203833333333333030e+03
2.163500000000000000e+03
2.171500000000000000e+03
2.111166666666666515e+03
2.158333333333333030e+03
2.192500000000000000e+03
2.227500000000000000e+03
2.223833333333333030e+03
2.228833333333333030e+03
2.251166666666666515e+03
2.283000000000000000e+03
2.285833333333333030e+03
2.302000000000000000e+03
2.289000000000000000e+03
2.260666666666666515e+03
2.202666666666666515e+03
2.186000000000000000e+03
2.199500000000000000e+03
2.226666666666666515e+03
2.217500000000000000e+03
2.228666666666666515e+03
2.252166666666666515e+03
2.234333333333333030e+03
2.221000000000000000e+03
2.243000000000000000e+03
2.290833333333333030e+03
2.306000000000000000e+03
2.264500000000000000e+03
2.232000000000000000e+03
2.230666666666666515e+03
2.251166666666666515e+03
2.233666666666666515e+03
2.237333333333333030e+03
2.210166666666666515e+03
2.258333333333333030e+03
2.259166666666666515e+03
2.290000000000000000e+03
2.271000000000000000e+03
2.304500000000000000e+03
2.286833333333333030e+03
2.297833333333333030e+03
2.269666666666666515e+03
2.268166666666666515e+03
2.254500000000000000e+03
2.255666666666666515e+03
2.301666666666666515e+03
2.316666666666666515e+03
2.320000000000000000e+03
2.315500000000000000e+03
2.312833333333333030e+03
2.361166666666666515e+03
2.392666666666666515e+03
2.394333333333333030e+03
2.395000000000000000e+03
2.364500000000000000e+03
2.365166666666666515e+03
2.339500000000000000e+03
2.313166666666666515e+03
2.411166666666666515e+03
2.377000000000000000e+03
2.407666666666666515e+03
2.340166666666666515e+03
2.367333333333333030e+03
2.373500000000000000e+03
2.371666666666666515e+03
2.389666666666666515e+03
2.378000000000000000e+03
2.388166666666666515e+03
2.400333333333333030e+03
2.423166666666666515e+03
2.436666666666666515e+03
2.441500000000000000e+03
2.470666666666666515e+03
2.476166666666666515e+03
2.519833333333333030e+03
2.514833333333333030e+03
2.530833333333333030e+03
2.531333333333333030e+03
2.548166666666666515e+03
2.575333333333333030e+03
2.603166666666666515e+03
2.623500000000000000e+03
2.646500000000000000e+03
2.657166666666666515e+03
2.663666666666666515e+03
2.656000000000000000e+03
2.653333333333333030e+03
2.633500000000000000e+03
2.625166666666666515e+03
2.649333333333333030e+03
2.709500000000000000e+03
2.771000000000000000e+03
2.778166666666666515e+03
2.809833333333333030e+03
2.795333333333333030e+03
2.808833333333333030e+03
2.821166666666666515e+03
2.845500000000000000e+03
2.921666666666666515e+03
2.956166666666666515e+03
3.005000000000000000e+03
3.019333333333333030e+03
3.057333333333333030e+03
3.082666666666666515e+03
3.094833333333333030e+03
3.100666666666666515e+03
3.140166666666666515e+03
3.163166666666666515e+03
3.186500000000000000e+03
3.215000000000000000e+03
3.271166666666666060e+03
3.350999999999999545e+03
3.423833333333333030e+03
3.460333333333333030e+03
3.477166666666666515e+03
3.512499999999999545e+03
3.578666666666666515e+03
3.643000000000000000e+03
3.688666666666666060e+03
3.709666666666666515e+03
3.749333333333333030e+03
3.803666666666666515e+03
3.892333333333333030e+03
3.972833333333333030e+03
4.046166666666666515e+03
4.105333333333333030e+03
4.165666666666666060e+03
4.284000000000000000e+03
4.364000000000000000e+03
4.437833333333333030e+03
4.469833333333333030e+03
4.561500000000000000e+03
4.699166666666666060e+03
4.812000000000000000e+03
4.949500000000000000e+03
5.055166666666666060e+03
5.155166666666666060e+03
5.223500000000000000e+03
5.329166666666666060e+03
5.411666666666666060e+03
5.508333333333333030e+03
5.566666666666666060e+03
5.739333333333333030e+03
5.928333333333333030e+03
6.159000000000000000e+03
6.252666666666666060e+03
6.377999999999999091e+03
6.439666666666666060e+03
6.613499999999999091e+03
6.744499999999999091e+03
6.943499999999999091e+03
7.069999999999999091e+03
7.236833333333332121e+03
7.440166666666666060e+03
7.721833333333333030e+03
7.962999999999999091e+03
8.133666666666666060e+03
8.265166666666666060e+03
8.439666666666666060e+03
8.632666666666666060e+03
8.920666666666666060e+03
9.150500000000000000e+03
9.350666666666666060e+03
9.493666666666666060e+03
9.637166666666666060e+03
9.892666666666666060e+03
1.014500000000000000e+04
1.036483333333333212e+04
1.060966666666666606e+04
1.078966666666666606e+04
1.103166666666666606e+04
1.117500000000000000e+04
1.138083333333333212e+04
1.154716666666666606e+04
1.172783333333333212e+04
1.199550000000000000e+04
1.238366666666666606e+04
1.265049999999999818e+04
1.282516666666666606e+04
1.299066666666666606e+04
1.333150000000000000e+04
1.374016666666666606e+04
1.399383333333333212e+04
1.423616666666666424e+04
1.429500000000000000e+04
1.446966666666666424e+04
1.455583333333333212e+04
1.469033333333333212e+04
1.485766666666666606e+04
1.504216666666666606e+04
1.524166666666666606e+04
1.534366666666666606e+04
1.537650000000000000e+04
1.546500000000000000e+04
1.558849999999999818e+04
1.574266666666666606e+04
1.579850000000000000e+04
1.588116666666666424e+04
1.597766666666666606e+04
1.618933333333333212e+04
1.627400000000000000e+04
1.635900000000000000e+04
1.635900000000000000e+04
1.638300000000000000e+04
1.638300000000000000e+04
1.638300000000000000e+04
1.638300000000000000e+04
1.638300000000000000e+04
1.638300000000000000e+04
1.638300000000000000e+04
1.638300000000000000e+04
1.638300000000000000e+04
1.638300000000000000e+04
1.638300000000000000e+04
1.638300000000000000e+04
1.638300000000000000e+04
1.638300000000000000e+04
1.638300000000000000e+04
1.638300000000000000e+04
1.638300000000000000e+04
1.638300000000000000e+04
1.638300000000000000e+04
1.638300000000000000e+04
1.638300000000000000e+04
1.638300000000000000e+04
1.634266666666666606e+04
1.628433333333333212e+04
1.618616666666666424e+04
1.608666666666666606e+04
1.596683333333333212e+04
1.583716666666666606e+04
1.567983333333333212e+04
1.553400000000000000e+04
1.536116666666666424e+04
1.515049999999999818e+04
1.501150000000000000e+04
1.483250000000000000e+04
1.464716666666666424e+04
1.442500000000000000e+04
1.417483333333333212e+04
1.402416666666666606e+04
1.382949999999999818e+04
1.354366666666666424e+04
1.329433333333333212e+04
1.304916666666666606e+04
1.286183333333333212e+04
1.250350000000000000e+04
1.223916666666666606e+04
1.202683333333333212e+04
1.191466666666666606e+04
1.160200000000000000e+04
1.133116666666666606e+04
1.114633333333333212e+04
1.092950000000000000e+04
1.072100000000000000e+04
1.046216666666666606e+04
1.043500000000000000e+04
1.033683333333333212e+04
1.008716666666666606e+04
9.893500000000000000e+03
9.813500000000000000e+03
9.781833333333332121e+03
9.617000000000000000e+03
9.488166666666666060e+03
9.474833333333332121e+03
9.426166666666666060e+03
9.298166666666666060e+03
9.201500000000000000e+03
9.066666666666666060e+03
8.994166666666666060e+03
8.864500000000000000e+03
8.848666666666666060e+03
8.796000000000000000e+03
8.767000000000000000e+03
8.705666666666666060e+03
8.643333333333332121e+03
8.526166666666666060e+03
8.441833333333332121e+03
8.369833333333332121e+03
8.332333333333332121e+03
8.212666666666666060e+03
8.123500000000000000e+03
7.999833333333333030e+03
7.927333333333333030e+03
7.804999999999999091e+03
7.790166666666666060e+03
7.704000000000000000e+03
7.690499999999999091e+03
7.671666666666666060e+03
7.596500000000000000e+03
7.520666666666666060e+03
7.323000000000000000e+03
7.349833333333333030e+03
7.289166666666666060e+03
7.305166666666666060e+03
7.162666666666666060e+03
7.098333333333333030e+03
7.054333333333333030e+03
7.052333333333333030e+03
7.037166666666666060e+03
6.924833333333332121e+03
6.865000000000000000e+03
6.869666666666666060e+03
6.875000000000000000e+03
6.816166666666666060e+03
6.711166666666666060e+03
6.652666666666666060e+03
6.614333333333333030e+03
6.540166666666666060e+03
6.518333333333332121e+03
6.510833333333333030e+03
6.513333333333333030e+03
6.504666666666666060e+03
6.486833333333333030e+03
6.454166666666666060e+03
6.405333333333332121e+03
6.423666666666666060e+03
6.399166666666666060e+03
6.434000000000000000e+03
6.402333333333332121e+03
6.409333333333332121e+03
6.378166666666666060e+03
6.374500000000000000e+03
6.421166666666666060e+03
6.427833333333333030e+03
6.431166666666666060e+03
6.417333333333333030e+03
6.406166666666666060e+03
6.427333333333333030e+03
6.494666666666666060e+03
6.532333333333333030e+03
6.525333333333333030e+03
6.462833333333333030e+03
6.491333333333333030e+03
6.536666666666666060e+03
6.632333333333333030e+03
6.674166666666666060e+03
6.732000000000000000e+03
6.778166666666666060e+03
6.842833333333333030e+03
6.866333333333332121e+03
6.878333333333332121e+03
6.872000000000000000e+03
6.923500000000000000e+03
6.986500000000000000e+03
7.055500000000000000e+03
7.131500000000000000e+03
7.113333333333333030e+03
7.134999999999999091e+03
7.142500000000000000e+03
7.186000000000000000e+03
7.214666666666666060e+03
7.249333333333333030e+03
7.306500000000000000e+03
7.371833333333333030e+03
7.444833333333333030e+03
7.588166666666666060e+03
7.705833333333333030e+03
7.770500000000000000e+03
7.824833333333333030e+03
7.843500000000000000e+03
7.927500000000000000e+03
7.991333333333332121e+03
8.078166666666666060e+03
8.126499999999999091e+03
8.191333333333333030e+03
8.267000000000000000e+03
8.384666666666666060e+03
8.480000000000000000e+03
8.609333333333332121e+03
8.699666666666666060e+03
8.733500000000000000e+03
8.822333333333332121e+03
8.928833333333332121e+03
9.091833333333332121e+03
9.173666666666666060e+03
9.285666666666666060e+03
9.368500000000000000e+03
9.509500000000000000e+03
9.608666666666666060e+03
9.782666666666666060e+03
9.932666666666666060e+03
1.007483333333333212e+04
1.016666666666666606e+04
1.032250000000000000e+04
1.042533333333333212e+04
1.060183333333333212e+04
1.067900000000000000e+04
1.086883333333333212e+04
1.099516666666666606e+04
1.121016666666666606e+04
1.137116666666666606e+04
1.152933333333333212e+04
1.162483333333333212e+04
1.175050000000000000e+04
1.189466666666666606e+04
1.205333333333333212e+04
1.222283333333333212e+04
1.242066666666666424e+04
1.258683333333333212e+04
1.271266666666666424e+04
1.281783333333333212e+04
1.304783333333333212e+04
1.330000000000000000e+04
1.345183333333333212e+04
1.355999999999999818e+04
1.369050000000000000e+04
1.391816666666666606e+04
1.410783333333333212e+04
1.423866666666666424e+04
1.435033333333333212e+04
1.444950000000000000e+04
1.456450000000000000e+04
1.468666666666666424e+04
1.477666666666666606e+04
1.482083333333333212e+04
1.487316666666666606e+04
1.493216666666666606e+04
1.506100000000000000e+04
1.513299999999999818e+04
1.522933333333333212e+04
1.526783333333333212e+04
1.532650000000000000e+04
1.542433333333333212e+04
1.551300000000000000e+04
1.563166666666666606e+04
1.568566666666666606e+04
1.575550000000000000e+04
1.584816666666666606e+04
1.591333333333333212e+04
1.602150000000000000e+04
1.605699999999999818e+04
1.612633333333333212e+04
1.619716666666666424e+04
1.629400000000000000e+04
1.636683333333333212e+04
1.638300000000000000e+04
1.638300000000000000e+04
1.638300000000000000e+04
1.638300000000000000e+04
1.638300000000000000e+04
1.638300000000000000e+04
1.638300000000000000e+04
1.638300000000000000e+04
1.638300000000000000e+04
1.638300000000000000e+04
1.638300000000000000e+04
1.638300000000000000e+04
1.638300000000000000e+04
1.638300000000000000e+04
1.638300000000000000e+04
1.638300000000000000e+04
1.638300000000000000e+04
1.638300000000000000e+04
1.638300000000000000e+04
1.638300000000000000e+04
1.638300000000000000e+04
1.638300000000000000e+04
1.638300000000000000e+04
1.638300000000000000e+04
1.638300000000000000e+04
1.638300000000000000e+04
1.638300000000000000e+04
1.638300000000000000e+04
1.638300000000000000e+04
1.638300000000000000e+04
1.638300000000000000e+04
1.638300000000000000e+04
1.638300000000000000e+04
1.638300000000000000e+04
1.638300000000000000e+04
1.638300000000000000e+04
1.638300000000000000e+04
1.638300000000000000e+04
1.638300000000000000e+04
1.638300000000000000e+04
1.638300000000000000e+04
1.638300000000000000e+04
1.638300000000000000e+04
1.638300000000000000e+04
1.638300000000000000e+04
1.638300000000000000e+04
1.638300000000000000e+04
1.638300000000000000e+04
1.638300000000000000e+04
1.638300000000000000e+04
1.638300000000000000e+04
1.638300000000000000e+04
1.638300000000000000e+04
1.638300000000000000e+04
1.638300000000000000e+04
1.638300000000000000e+04
1.638300000000000000e+04
1.638300000000000000e+04
1.638300000000000000e+04
1.638300000000000000e+04
1.638300000000000000e+04
1.638300000000000000e+04
1.638300000000000000e+04
1.638300000000000000e+04
1.638300000000000000e+04
1.638300000000000000e+04
1.638300000000000000e+04
1.638300000000000000e+04
1.638300000000000000e+04
1.638300000000000000e+04
1.638300000000000000e+04
1.638300000000000000e+04
1.638300000000000000e+04
1.638300000000000000e+04
1.638300000000000000e+04
1.638300000000000000e+04
1.638300000000000000e+04
1.638300000000000000e+04
1.638300000000000000e+04
1.638300000000000000e+04
1.638300000000000000e+04
1.638300000000000000e+04
1.638300000000000000e+04
1.638300000000000000e+04
1.638300000000000000e+04
1.638300000000000000e+04
1.638300000000000000e+04
1.638300000000000000e+04
1.638300000000000000e+04
1.638300000000000000e+04
1.638300000000000000e+04
1.638300000000000000e+04
1.638300000000000000e+04
1.638300000000000000e+04
1.638300000000000000e+04
1.638300000000000000e+04
1.638300000000000000e+04
1.638300000000000000e+04
1.638300000000000000e+04
1.638300000000000000e+04
1.638300000000000000e+04
1.638300000000000000e+04
1.638300000000000000e+04
1.638300000000000000e+04
1.638300000000000000e+04
1.638300000000000000e+04
1.638300000000000000e+04
1.638300000000000000e+04
1.638300000000000000e+04
1.638300000000000000e+04
1.638300000000000000e+04
1.638300000000000000e+04
1.638300000000000000e+04
1.638300000000000000e+04
1.638300000000000000e+04
1.638300000000000000e+04
1.638300000000000000e+04
1.638300000000000000e+04
1.638300000000000000e+04
1.638300000000000000e+04
1.638300000000000000e+04
1.638300000000000000e+04
1.638300000000000000e+04
1.638300000000000000e+04
1.638300000000000000e+04
1.638300000000000000e+04
1.638300000000000000e+04
1.638300000000000000e+04
1.638300000000000000e+04
1.638300000000000000e+04
1.638300000000000000e+04
1.638300000000000000e+04
1.638300000000000000e+04
1.638300000000000000e+04
1.638300000000000000e+04
1.638300000000000000e+04
1.638300000000000000e+04
1.638300000000000000e+04
1.638300000000000000e+04
1.638300000000000000e+04
1.638300000000000000e+04
1.638300000000000000e+04
1.638300000000000000e+04
1.638300000000000000e+04
1.638300000000000000e+04
1.638300000000000000e+04
1.638300000000000000e+04
1.638300000000000000e+04
1.638300000000000000e+04
1.638300000000000000e+04
1.638300000000000000e+04
1.638300000000000000e+04
1.638300000000000000e+04
1.638300000000000000e+04
1.638300000000000000e+04
1.638300000000000000e+04
1.638300000000000000e+04
1.638300000000000000e+04
1.638300000000000000e+04
1.638300000000000000e+04
1.638300000000000000e+04
1.638300000000000000e+04
1.638300000000000000e+04
1.638300000000000000e+04
1.638300000000000000e+04
1.638300000000000000e+04
1.638300000000000000e+04
1.638300000000000000e+04
1.638300000000000000e+04
1.638300000000000000e+04
1.638300000000000000e+04
1.638300000000000000e+04
1.638300000000000000e+04
1.638300000000000000e+04
1.638300000000000000e+04
1.638300000000000000e+04
1.638300000000000000e+04
1.638300000000000000e+04
1.638300000000000000e+04
1.638300000000000000e+04
1.638300000000000000e+04
1.638300000000000000e+04
1.638300000000000000e+04
1.638300000000000000e+04
1.638300000000000000e+04
1.638300000000000000e+04
1.638300000000000000e+04
1.638300000000000000e+04
1.638300000000000000e+04
1.638300000000000000e+04
1.638300000000000000e+04
1.638300000000000000e+04
1.638300000000000000e+04
1.638300000000000000e+04
1.638300000000000000e+04
1.638300000000000000e+04
1.638300000000000000e+04
1.638300000000000000e+04
1.638300000000000000e+04
1.638300000000000000e+04
1.638300000000000000e+04
1.638300000000000000e+04
1.638300000000000000e+04
1.638300000000000000e+04
1.638300000000000000e+04
1.638300000000000000e+04
1.638300000000000000e+04
1.638300000000000000e+04
1.638300000000000000e+04
1.638300000000000000e+04
1.638300000000000000e+04
1.638300000000000000e+04
1.638300000000000000e+04
1.638300000000000000e+04
1.638300000000000000e+04
1.638300000000000000e+04
1.638300000000000000e+04
1.638300000000000000e+04
1.638300000000000000e+04
1.638300000000000000e+04
1.638300000000000000e+04
1.638300000000000000e+04
1.638300000000000000e+04
1.638300000000000000e+04
1.638300000000000000e+04
1.638300000000000000e+04
1.638300000000000000e+04
1.638300000000000000e+04
1.638300000000000000e+04
1.638300000000000000e+04
1.638300000000000000e+04
1.638300000000000000e+04
1.638300000000000000e+04
1.638300000000000000e+04
1.638300000000000000e+04
1.638300000000000000e+04
1.638300000000000000e+04
1.638300000000000000e+04
1.638300000000000000e+04
1.638300000000000000e+04
1.638300000000000000e+04
1.638300000000000000e+04
1.638300000000000000e+04
1.638300000000000000e+04
1.638300000000000000e+04
1.638300000000000000e+04
1.638300000000000000e+04
1.638300000000000000e+04
1.638300000000000000e+04
1.638300000000000000e+04
1.638300000000000000e+04
1.638300000000000000e+04
1.638300000000000000e+04
1.638300000000000000e+04
1.638300000000000000e+04
1.638300000000000000e+04
1.638300000000000000e+04
1.638300000000000000e+04
1.638300000000000000e+04
1.638300000000000000e+04
1.638300000000000000e+04
1.638300000000000000e+04
1.638300000000000000e+04
1.638300000000000000e+04
1.638300000000000000e+04
1.638300000000000000e+04
1.638300000000000000e+04
1.638300000000000000e+04
1.638300000000000000e+04
1.638300000000000000e+04
1.638300000000000000e+04
1.638300000000000000e+04
1.638300000000000000e+04
1.638300000000000000e+04
1.638300000000000000e+04
1.638300000000000000e+04
1.638300000000000000e+04
1.638300000000000000e+04
1.638300000000000000e+04
1.638300000000000000e+04
1.638300000000000000e+04
1.638300000000000000e+04
1.638300000000000000e+04
1.638300000000000000e+04
1.638300000000000000e+04
1.638300000000000000e+04
1.638300000000000000e+04
1.638300000000000000e+04
1.638300000000000000e+04
1.638300000000000000e+04
1.638300000000000000e+04
1.638300000000000000e+04
1.638300000000000000e+04
1.638300000000000000e+04
1.638300000000000000e+04
1.638300000000000000e+04
1.638300000000000000e+04
1.638300000000000000e+04
1.638300000000000000e+04
1.638300000000000000e+04
1.638300000000000000e+04
1.638300000000000000e+04
1.638300000000000000e+04
1.638300000000000000e+04
1.638300000000000000e+04
1.638300000000000000e+04
1.638300000000000000e+04
1.638300000000000000e+04
1.638300000000000000e+04
1.638300000000000000e+04
1.638300000000000000e+04
1.638300000000000000e+04
1.638300000000000000e+04
1.638300000000000000e+04
1.638300000000000000e+04
1.638300000000000000e+04
1.638300000000000000e+04
1.638300000000000000e+04
1.638300000000000000e+04
1.638300000000000000e+04
1.638300000000000000e+04
1.638300000000000000e+04
1.638300000000000000e+04
1.638300000000000000e+04
1.638300000000000000e+04
1.638300000000000000e+04
1.638300000000000000e+04
1.638300000000000000e+04
1.638300000000000000e+04
1.638300000000000000e+04
1.638300000000000000e+04
1.638300000000000000e+04
1.638300000000000000e+04
1.638300000000000000e+04
1.638300000000000000e+04
1.638300000000000000e+04
1.638300000000000000e+04
1.638300000000000000e+04
1.638300000000000000e+04
1.638300000000000000e+04
1.638300000000000000e+04
1.638300000000000000e+04
1.638300000000000000e+04
1.638300000000000000e+04
1.638300000000000000e+04
1.638300000000000000e+04
1.638300000000000000e+04
1.638300000000000000e+04
1.638300000000000000e+04
1.638300000000000000e+04
1.638300000000000000e+04
1.638300000000000000e+04
1.638300000000000000e+04
1.638300000000000000e+04
1.638300000000000000e+04
1.638300000000000000e+04
1.638300000000000000e+04
1.638300000000000000e+04
1.638300000000000000e+04
1.638300000000000000e+04
1.638300000000000000e+04
1.638300000000000000e+04
1.638300000000000000e+04
1.638300000000000000e+04
1.638300000000000000e+04
1.638300000000000000e+04
1.638300000000000000e+04
1.638300000000000000e+04
1.638300000000000000e+04
1.638300000000000000e+04
1.638300000000000000e+04
1.638300000000000000e+04
1.638300000000000000e+04
1.638300000000000000e+04
1.638300000000000000e+04
1.638300000000000000e+04
1.638300000000000000e+04
1.638300000000000000e+04
1.638300000000000000e+04
1.638300000000000000e+04
1.638300000000000000e+04
1.638300000000000000e+04
1.638300000000000000e+04
1.638300000000000000e+04
1.638300000000000000e+04
1.638300000000000000e+04
1.638300000000000000e+04
1.638300000000000000e+04
1.638300000000000000e+04
1.638300000000000000e+04
1.638300000000000000e+04
1.638300000000000000e+04
1.638300000000000000e+04
1.638300000000000000e+04
1.638300000000000000e+04
1.638300000000000000e+04
1.638300000000000000e+04
1.638300000000000000e+04
1.638300000000000000e+04
1.638300000000000000e+04
1.638300000000000000e+04
1.638300000000000000e+04
1.638300000000000000e+04
1.638300000000000000e+04
1.638300000000000000e+04
1.638300000000000000e+04
1.638300000000000000e+04
1.638300000000000000e+04
1.638300000000000000e+04
1.638300000000000000e+04
1.638300000000000000e+04
1.638300000000000000e+04
1.638300000000000000e+04
1.638300000000000000e+04
1.638300000000000000e+04
1.638300000000000000e+04
1.638300000000000000e+04
1.638300000000000000e+04
1.638300000000000000e+04
1.638300000000000000e+04
1.638300000000000000e+04
1.638300000000000000e+04
1.638300000000000000e+04
1.638300000000000000e+04
1.638300000000000000e+04
1.638300000000000000e+04
1.638300000000000000e+04
1.638300000000000000e+04
1.638300000000000000e+04
1.638300000000000000e+04
1.638300000000000000e+04
1.638300000000000000e+04
1.638300000000000000e+04
1.638300000000000000e+04
1.638300000000000000e+04
1.638300000000000000e+04
1.638300000000000000e+04
1.638300000000000000e+04
1.638300000000000000e+04
1.638300000000000000e+04
1.638300000000000000e+04
1.638300000000000000e+04
1.638300000000000000e+04
1.638300000000000000e+04
1.638300000000000000e+04
1.638300000000000000e+04
1.638300000000000000e+04
1.638300000000000000e+04
1.638300000000000000e+04
1.638300000000000000e+04
1.638300000000000000e+04
1.638300000000000000e+04
1.638300000000000000e+04
1.638300000000000000e+04
1.638300000000000000e+04
1.638300000000000000e+04
1.638300000000000000e+04
1.638300000000000000e+04
1.638300000000000000e+04
1.638300000000000000e+04
1.638300000000000000e+04
1.638300000000000000e+04
1.638300000000000000e+04
1.638300000000000000e+04
1.638300000000000000e+04
1.638300000000000000e+04
1.638300000000000000e+04
1.638300000000000000e+04
1.638300000000000000e+04
1.638300000000000000e+04
1.638300000000000000e+04
1.638300000000000000e+04
1.638300000000000000e+04
1.638300000000000000e+04
1.638300000000000000e+04
1.638300000000000000e+04
1.638300000000000000e+04
1.638300000000000000e+04
1.638300000000000000e+04
1.638300000000000000e+04
1.638300000000000000e+04
1.638300000000000000e+04
1.638300000000000000e+04
1.638300000000000000e+04
1.638300000000000000e+04
1.638300000000000000e+04
1.638300000000000000e+04
1.638300000000000000e+04
1.638300000000000000e+04
1.638300000000000000e+04
1.638300000000000000e+04
1.638300000000000000e+04
1.638300000000000000e+04
1.638300000000000000e+04
1.638300000000000000e+04
1.638300000000000000e+04
1.638300000000000000e+04
1.638300000000000000e+04
1.638300000000000000e+04
1.638300000000000000e+04
1.638300000000000000e+04
1.638300000000000000e+04
1.638300000000000000e+04
1.638300000000000000e+04
1.638300000000000000e+04
1.638300000000000000e+04
1.638300000000000000e+04
1.638300000000000000e+04
1.638300000000000000e+04
1.638300000000000000e+04
1.638300000000000000e+04
1.638300000000000000e+04
1.638300000000000000e+04
1.638300000000000000e+04
1.638300000000000000e+04
1.638300000000000000e+04
1.638016666666666606e+04
1.634483333333333212e+04
1.633349999999999818e+04
1.629983333333333212e+04
1.627633333333333212e+04
1.623283333333333212e+04
1.618199999999999818e+04
1.612716666666666424e+04
1.608033333333333212e+04
1.605950000000000000e+04
1.604600000000000000e+04
1.601200000000000000e+04
1.598216666666666606e+04
1.594783333333333212e+04
1.593083333333333212e+04
1.588533333333333212e+04
1.588016666666666424e+04
1.583916666666666424e+04
1.579033333333333212e+04
1.570300000000000000e+04
1.565483333333333212e+04
1.562666666666666606e+04
1.560466666666666606e+04
1.556416666666666606e+04
1.552900000000000000e+04
1.552433333333333212e+04
1.551050000000000000e+04
1.548900000000000000e+04
1.544083333333333212e+04
1.541833333333333212e+04
1.536383333333333212e+04
1.533850000000000000e+04
1.527666666666666606e+04
1.524633333333333212e+04
1.520600000000000000e+04
1.515600000000000000e+04
1.511950000000000000e+04
1.505933333333333212e+04
1.504949999999999818e+04
1.503466666666666606e+04
1.501449999999999818e+04
1.498399999999999818e+04
1.495849999999999818e+04
1.490849999999999818e+04
1.487233333333333212e+04
1.481933333333333212e+04
1.481916666666666606e+04
1.478016666666666606e+04
1.476216666666666606e+04
1.472183333333333212e+04
1.469399999999999818e+04
1.467249999999999818e+04
1.463083333333333212e+04
1.460766666666666606e+04
1.456533333333333212e+04
1.452533333333333212e+04
1.447649999999999818e+04
1.443983333333333212e+04
1.442766666666666424e+04
1.436683333333333212e+04
1.433466666666666606e+04
1.429999999999999818e+04
1.426866666666666606e+04
1.417416666666666606e+04
1.404800000000000000e+04
1.400066666666666606e+04
1.390733333333333212e+04
1.387383333333333212e+04
1.374516666666666606e+04
1.373250000000000000e+04
1.365466666666666606e+04
1.362183333333333212e+04
1.349699999999999818e+04
1.340699999999999818e+04
1.337283333333333212e+04
1.334983333333333212e+04
1.332750000000000000e+04
1.321900000000000000e+04
1.315833333333333212e+04
1.307900000000000000e+04
1.302233333333333212e+04
1.299733333333333212e+04
1.297766666666666424e+04
1.289566666666666424e+04
1.274800000000000000e+04
1.262033333333333212e+04
1.259866666666666606e+04
1.259499999999999818e+04
1.256066666666666424e+04
1.250350000000000000e+04
1.241099999999999818e+04
1.235216666666666606e+04
1.223850000000000000e+04
1.217050000000000000e+04
1.205916666666666606e+04
1.200416666666666606e+04
1.194400000000000000e+04
1.186366666666666606e+04
1.183600000000000000e+04
1.176000000000000000e+04
1.175633333333333212e+04
1.167216666666666606e+04
1.159033333333333212e+04
1.149833333333333212e+04
1.142566666666666606e+04
1.141350000000000000e+04
1.138216666666666606e+04
1.138500000000000000e+04
1.130200000000000000e+04
1.118816666666666606e+04
1.105800000000000000e+04
1.099900000000000000e+04
1.100483333333333212e+04
1.095833333333333212e+04
1.089716666666666606e+04
1.083533333333333212e+04
1.078016666666666606e+04
1.073983333333333212e+04
1.062250000000000000e+04
1.051616666666666606e+04
1.042316666666666606e+04
1.040216666666666606e+04
1.038183333333333212e+04
1.035583333333333212e+04
1.029000000000000000e+04
1.024400000000000000e+04
1.016183333333333212e+04
1.013600000000000000e+04
1.009633333333333212e+04
1.005516666666666606e+04
9.953166666666666060e+03
9.899833333333332121e+03
9.895833333333332121e+03
9.886666666666666060e+03
9.851333333333332121e+03
9.762833333333332121e+03
9.678500000000000000e+03
9.596833333333332121e+03
9.542000000000000000e+03
9.466666666666666060e+03
9.443000000000000000e+03
9.390166666666666060e+03
9.461333333333332121e+03
9.401833333333332121e+03
9.414166666666666060e+03
9.305333333333332121e+03
9.267333333333332121e+03
9.133000000000000000e+03
9.062000000000000000e+03
8.982000000000000000e+03
8.973166666666666060e+03
8.949666666666666060e+03
8.903666666666666060e+03
8.837000000000000000e+03
8.782666666666666060e+03
8.755666666666666060e+03
8.712666666666666060e+03
8.658833333333332121e+03
8.567500000000000000e+03
8.536500000000000000e+03
8.542000000000000000e+03
8.521833333333332121e+03
8.481666666666666060e+03
8.409833333333332121e+03
8.354333333333332121e+03
8.278333333333332121e+03
8.185833333333333030e+03
8.146166666666666060e+03
8.121833333333333030e+03
8.076333333333333030e+03
8.034666666666666060e+03
7.991333333333332121e+03
7.950666666666666060e+03
7.891000000000000000e+03
7.838333333333333030e+03
7.833666666666666060e+03
7.814666666666666060e+03
7.748666666666666060e+03
7.651500000000000000e+03
7.608666666666666060e+03
7.573666666666666060e+03
7.581166666666666060e+03
7.497333333333333030e+03
7.465333333333333030e+03
7.380833333333333030e+03
7.388333333333333030e+03
7.384333333333333030e+03
7.387666666666666060e+03
7.335833333333333030e+03
7.295833333333333030e+03
7.276833333333333030e+03
7.264333333333333030e+03
7.208500000000000000e+03
7.162833333333332121e+03
7.102000000000000000e+03
7.071666666666666060e+03
7.006500000000000000e+03
7.012333333333333030e+03
6.935166666666666060e+03
6.895499999999999091e+03
6.823333333333333030e+03
6.783333333333332121e+03
6.721166666666666060e+03
6.637666666666666060e+03
6.609666666666666060e+03
6.609166666666666060e+03
6.636500000000000000e+03
6.629833333333333030e+03
6.600999999999999091e+03
6.539166666666666060e+03
6.519333333333332121e+03
6.469833333333333030e+03
6.448500000000000000e+03
6.392166666666666060e+03
6.363000000000000000e+03
6.334333333333333030e+03
6.311666666666666060e+03
6.261333333333333030e+03
6.220333333333333030e+03
6.180999999999999091e+03
6.149333333333332121e+03
6.127833333333333030e+03
6.112833333333333030e+03
6.075166666666666060e+03
6.024333333333333030e+03
5.983000000000000000e+03
5.989166666666666060e+03
5.959666666666666060e+03
5.908166666666666060e+03
5.876833333333333030e+03
5.873833333333333030e+03
5.856666666666666060e+03
5.783166666666666060e+03
5.729833333333333030e+03
5.708000000000000000e+03
5.700666666666666060e+03
5.678500000000000000e+03
5.657333333333333030e+03
5.642166666666666060e+03
5.610666666666666060e+03
5.561666666666666060e+03
5.527666666666666060e+03
5.527333333333333030e+03
5.517666666666666060e+03
5.490500000000000000e+03
5.434166666666666060e+03
5.397333333333333030e+03
5.336833333333333030e+03
5.297833333333333030e+03
5.237500000000000000e+03
5.261666666666666060e+03
5.253500000000000000e+03
5.292166666666666060e+03
5.266666666666666060e+03
5.262333333333333030e+03
5.217166666666666060e+03
5.153166666666666060e+03
5.094000000000000000e+03
5.056333333333333030e+03
5.054000000000000000e+03
5.070833333333333030e+03
5.025333333333333030e+03
5.020000000000000000e+03
4.965500000000000000e+03
4.960500000000000000e+03
4.886333333333333030e+03
4.839333333333333030e+03
4.817333333333333030e+03
4.832833333333333030e+03
4.827000000000000000e+03
4.791666666666666060e+03
4.777333333333333030e+03
4.723500000000000000e+03
4.719333333333333030e+03
4.649666666666666060e+03
4.617833333333333030e+03
4.591333333333333030e+03
4.613500000000000000e+03
4.631666666666666060e+03
4.594500000000000000e+03
4.574500000000000000e+03
4.537666666666666060e+03
4.491500000000000000e+03
4.441500000000000000e+03
4.416333333333333030e+03
4.419666666666666060e+03
4.431833333333333030e+03
4.422166666666666060e+03
4.413333333333333030e+03
4.342500000000000000e+03
4.321833333333333030e+03
4.284166666666666060e+03
4.296333333333333030e+03
4.271500000000000000e+03
4.273166666666666060e+03
4.256000000000000000e+03
4.220666666666666060e+03
4.213666666666666060e+03
4.211666666666666060e+03
4.218666666666666060e+03
4.183833333333333030e+03
4.162666666666666060e+03
4.131166666666666060e+03
4.099166666666666060e+03
4.034333333333333030e+03
4.016333333333333030e+03
3.992000000000000000e+03
4.001666666666666515e+03
4.005500000000000000e+03
4.001500000000000000e+03
3.957666666666666060e+03
3.944166666666666515e+03
3.925166666666666060e+03
3.916999999999999545e+03
3.914166666666666515e+03
3.898666666666666060e+03
3.883333333333333030e+03
3.836833333333333030e+03
3.810666666666666515e+03
3.812833333333333030e+03
3.832666666666666515e+03
3.863000000000000000e+03
3.847166666666666515e+03
3.786333333333333030e+03
3.743666666666666060e+03
3.747500000000000000e+03
3.749333333333333030e+03
3.715666666666666515e+03
3.665000000000000000e+03
3.615833333333333030e+03
3.619333333333333030e+03
3.608833333333333030e+03
3.610500000000000000e+03
3.589666666666666060e+03
3.587999999999999545e+03
3.596666666666666515e+03
3.604166666666666060e+03
3.579500000000000000e+03
3.544999999999999545e+03
3.491333333333333030e+03
3.489333333333333030e+03
3.478166666666666515e+03
3.458333333333333030e+03
3.444999999999999545e+03
3.437000000000000000e+03
3.449166666666666515e+03
3.417666666666666515e+03
3.382166666666666515e+03
3.335000000000000000e+03
3.323666666666666060e+03
3.313166666666666515e+03
3.341333333333333030e+03
3.342833333333333030e+03
3.350666666666666060e+03
3.334166666666666515e+03
3.294499999999999545e+03
3.258833333333333030e+03
3.230666666666666060e+03
3.239500000000000000e+03
3.282999999999999545e+03
3.278333333333333030e+03
3.245499999999999545e+03
3.196999999999999545e+03
3.167499999999999545e+03
3.167666666666666060e+03
3.139000000000000000e+03
3.132999999999999545e+03
3.105833333333333030e+03
3.099499999999999545e+03
3.071333333333333030e+03
3.072666666666666515e+03
3.064333333333333030e+03
3.089166666666666060e+03
3.084833333333333030e+03
3.085666666666666515e+03
3.094499999999999545e+03
3.116333333333333030e+03
3.089166666666666515e+03
3.061666666666666515e+03
3.005166666666666515e+03
2.999166666666666515e+03
2.951666666666666515e+03
2.927166666666666515e+03
2.904166666666666515e+03
2.926333333333333030e+03
2.886666666666666515e+03
2.872666666666666515e+03
2.834500000000000000e+03
2.880000000000000000e+03
2.899833333333333030e+03
2.922666666666666515e+03
2.902000000000000000e+03
2.882666666666666515e+03
2.865666666666666515e+03
2.868833333333333030e+03
2.860333333333333030e+03
2.846666666666666515e+03
2.870000000000000000e+03
2.836166666666666515e+03
2.830166666666666515e+03
2.789500000000000000e+03
2.783333333333333030e+03
2.777333333333333030e+03
2.765000000000000000e+03
2.765833333333333030e+03
2.717500000000000000e+03
2.705333333333333030e+03
2.704833333333333030e+03
2.691500000000000000e+03
2.667333333333333030e+03
2.684166666666666515e+03
2.712500000000000000e+03
2.702000000000000000e+03
2.688666666666666515e+03
2.716666666666666515e+03
2.742500000000000000e+03
2.727333333333333030e+03
2.677833333333333030e+03
2.648166666666666515e+03
2.631500000000000000e+03
2.613833333333333030e+03
2.586333333333333030e+03
2.584166666666666515e+03
2.581833333333333030e+03
2.594000000000000000e+03
2.563333333333333030e+03
2.566666666666666515e+03
2.560333333333333030e+03
2.540833333333333030e+03
2.516166666666666515e+03
2.500833333333333030e+03
2.514333333333333030e+03
2.528833333333333030e+03
2.519166666666666515e+03
2.490666666666666515e+03
2.478000000000000000e+03
2.473333333333333030e+03
2.512333333333333030e+03
2.517166666666666515e+03
2.525166666666666515e+03
2.504166666666666515e+03
2.464500000000000000e+03
2.417500000000000000e+03
2.405166666666666515e+03
2.419500000000000000e+03
2.425833333333333030e+03
2.426166666666666515e+03
2.407666666666666515e+03
2.384333333333333030e+03
2.369333333333333030e+03
2.357833333333333030e+03
2.396333333333333030e+03
2.370166666666666515e+03
2.351166666666666515e+03
2.335000000000000000e+03
2.368833333333333030e+03
2.378833333333333030e+03
2.359666666666666515e+03
2.310666666666666515e+03
2.339166666666666515e+03
2.342500000000000000e+03
2.332166666666666515e+03
2.284333333333333030e+03
2.294666666666666515e+03
2.313166666666666515e+03
2.299666666666666515e+03
2.288833333333333030e+03
2.265166666666666515e+03
2.273333333333333030e+03
2.267000000000000000e+03
2.240000000000000000e+03
2.241166666666666515e+03
2.228000000000000000e+03
2.269666666666666515e+03
2.273833333333333030e+03
2.274333333333333030e+03
2.279166666666666515e+03
2.245000000000000000e+03
2.248500000000000000e+03
2.205500000000000000e+03
2.227833333333333030e+03
2.218166666666666515e+03
2.227500000000000000e+03
2.188333333333333030e+03
2.170666666666666515e+03
2.204500000000000000e+03
2.222666666666666515e+03
2.210333333333333030e+03
2.159000000000000000e+03
2.161333333333333030e+03
2.170166666666666515e+03
2.194166666666666515e+03
2.192666666666666515e+03
2.174333333333333030e+03
2.157833333333333030e+03
2.154666666666666515e+03
2.172500000000000000e+03
2.164500000000000000e+03
2.157000000000000000e+03
2.132000000000000000e+03
2.109833333333333030e+03
2.111166666666666515e+03
2.111333333333333030e+03
2.122500000000000000e+03
2.077000000000000000e+03
2.053500000000000000e+03
2.083833333333333030e+03
2.092000000000000000e+03
2.109333333333333030e+03
2.100000000000000000e+03
2.100000000000000000e+03
2.078500000000000000e+03
2.057166666666666515e+03
2.069166666666666515e+03
2.059166666666666515e+03
2.057000000000000000e+03
2.070500000000000000e+03
2.136333333333333030e+03
2.124666666666666515e+03
2.088000000000000000e+03
2.035833333333333258e+03
2.035166666666666515e+03
2.046500000000000000e+03
2.055333333333333030e+03
2.045666666666666515e+03
2.033500000000000000e+03
2.031166666666666515e+03
2.026166666666666515e+03
2.017166666666666515e+03
1.995499999999999773e+03
2.001666666666666515e+03
1.993999999999999773e+03
2.022166666666666515e+03
1.985666666666666515e+03
2.016666666666666515e+03
1.982499999999999773e+03
2.003666666666666515e+03
2.002000000000000000e+03
2.042333333333333030e+03
2.062000000000000000e+03
2.042166666666666515e+03
2.033833333333333258e+03
2.019833333333333030e+03
2.006500000000000000e+03
1.958499999999999773e+03
1.958000000000000000e+03
1.977166666666666515e+03
1.972000000000000000e+03
1.947000000000000000e+03
1.925833333333333258e+03
1.939999999999999773e+03
1.946500000000000000e+03
1.907333333333333258e+03
1.906166666666666515e+03
1.879166666666666515e+03
1.915000000000000000e+03
1.897166666666666515e+03
1.896000000000000000e+03
1.898000000000000000e+03
1.890666666666666515e+03
1.903833333333333030e+03
1.899999999999999773e+03
1.895166666666666515e+03
1.910333333333333258e+03
1.957333333333333258e+03
1.960666666666666515e+03
1.926333333333333258e+03
1.866833333333333258e+03
1.868333333333333258e+03
1.876833333333333258e+03
1.874833333333333258e+03
1.917166666666666515e+03
1.950999999999999773e+03
1.953166666666666515e+03
1.902000000000000000e+03
1.830666666666666515e+03
1.787833333333333030e+03
1.759666666666666515e+03
1.772333333333333030e+03
1.808333333333333030e+03
1.809666666666666515e+03
1.810666666666666515e+03
1.794000000000000000e+03
1.820999999999999773e+03
1.846500000000000000e+03
1.856333333333333258e+03
1.841666666666666515e+03
1.842333333333333258e+03
1.823333333333333258e+03
1.856666666666666515e+03
1.844833333333333258e+03
1.871500000000000000e+03
1.842666666666666515e+03
1.827833333333333030e+03
1.834333333333333258e+03
1.831166666666666515e+03
1.845000000000000000e+03
1.829166666666666515e+03
1.802833333333333030e+03
1.778000000000000000e+03
1.728166666666666515e+03
1.739000000000000000e+03
1.731333333333333258e+03
1.766333333333333258e+03
1.763166666666666515e+03
1.743999999999999773e+03
1.729166666666666515e+03
1.742666666666666515e+03
1.740666666666666515e+03
1.761499999999999773e+03
1.737666666666666515e+03
1.768000000000000000e+03
1.733333333333333030e+03
1.719833333333333258e+03
1.714833333333333030e+03
1.742166666666666515e+03
1.792499999999999773e+03
1.810166666666666515e+03
1.777499999999999773e+03
1.739666666666666515e+03
1.704666666666666515e+03
1.715000000000000000e+03
1.716833333333333258e+03
1.730333333333333258e+03
1.726166666666666515e+03
1.745166666666666515e+03
1.732000000000000000e+03
1.722666666666666515e+03
1.724333333333333258e+03
1.750333333333333030e+03
1.746999999999999773e+03
1.753500000000000000e+03
1.729000000000000000e+03
1.773499999999999773e+03
1.756166666666666515e+03
1.751166666666666515e+03
1.708833333333333258e+03
1.710166666666666515e+03
1.714666666666666515e+03
1.719999999999999773e+03
1.697000000000000000e+03
1.702166666666666515e+03
1.689166666666666515e+03
1.701999999999999773e+03
1.690833333333333030e+03
1.717500000000000000e+03
1.687499999999999773e+03
1.689500000000000000e+03
1.668166666666666515e+03
1.689166666666666515e+03
1.677666666666666515e+03
1.680333333333333258e+03
1.674000000000000000e+03
1.681500000000000000e+03
1.669999999999999773e+03
1.669333333333333258e+03
1.692833333333333030e+03
1.723333333333333258e+03
1.736000000000000000e+03
1.698333333333333258e+03
1.674333333333333258e+03
1.641000000000000000e+03
1.624333333333333258e+03
1.636166666666666515e+03
1.649000000000000000e+03
1.701999999999999773e+03
1.706500000000000000e+03
1.735500000000000000e+03
1.720666666666666515e+03
1.680000000000000000e+03
1.633166666666666515e+03
1.624999999999999773e+03
1.650166666666666515e+03
1.672666666666666515e+03
1.654500000000000000e+03
1.646500000000000000e+03
1.623166666666666515e+03
1.614666666666666515e+03
1.611166666666666515e+03
1.632166666666666515e+03
1.631500000000000000e+03
1.622333333333333258e+03
1.629666666666666515e+03
1.656999999999999773e+03
1.641166666666666515e+03
1.622333333333333258e+03
1.587166666666666515e+03
1.621666666666666515e+03
1.620666666666666515e+03
1.673833333333333258e+03
1.668833333333333030e+03
1.694833333333333258e+03
1.648166666666666515e+03
1.661333333333333258e+03
1.642333333333333258e+03
1.652833333333333030e+03
1.613666666666666515e+03
1.618666666666666515e+03
1.605500000000000000e+03
1.602666666666666515e+03
1.585166666666666515e+03
1.600333333333333030e+03
1.611666666666666515e+03
1.609166666666666515e+03
1.632500000000000000e+03
1.627833333333333258e+03
1.656500000000000000e+03
1.616666666666666515e+03
1.610333333333333030e+03
1.599500000000000000e+03
1.591833333333333258e+03
1.599666666666666515e+03
1.603500000000000000e+03
1.632833333333333258e+03
1.630166666666666515e+03
1.599999999999999773e+03
1.550166666666666515e+03
1.554666666666666515e+03
1.563166666666666515e+03
1.618666666666666515e+03
1.616333333333333258e+03
1.604833333333333258e+03
1.591833333333333258e+03
1.572333333333333258e+03
1.572333333333333258e+03
1.560833333333333258e+03
1.589166666666666515e+03
1.608333333333333258e+03
1.603500000000000000e+03
1.588833333333333030e+03
1.592166666666666515e+03
1.614000000000000000e+03
1.626500000000000000e+03
1.625499999999999773e+03
1.593666666666666515e+03
1.577166666666666515e+03
1.563333333333333258e+03
1.566999999999999773e+03
1.557333333333333258e+03
1.560166666666666515e+03
1.550666666666666515e+03
1.584333333333333030e+03
1.563166666666666515e+03
1.569666666666666515e+03
1.549166666666666515e+03
1.530666666666666515e+03
1.525666666666666515e+03
1.529500000000000000e+03
1.566500000000000000e+03
1.589999999999999773e+03
1.587333333333333258e+03
1.603666666666666515e+03
1.612333333333333258e+03
1.631500000000000000e+03
1.605333333333333258e+03
1.591333333333333258e+03
1.563500000000000000e+03
1.585666666666666515e+03
1.611499999999999773e+03
1.609666666666666515e+03
1.627666666666666515e+03
1.582166666666666515e+03
1.601500000000000000e+03
1.539833333333333258e+03
1.563500000000000000e+03
1.546166666666666515e+03
1.568333333333333258e+03
1.543666666666666515e+03
1.549500000000000000e+03
1.548000000000000000e+03
1.539833333333333030e+03
1.508333333333333258e+03
1.514000000000000000e+03
1.543333333333333258e+03
1.577499999999999773e+03
1.551500000000000000e+03
1.549000000000000000e+03
1.574000000000000000e+03
1.593166666666666515e+03
1.575333333333333030e+03
1.519333333333333258e+03
1.502666666666666515e+03
1.477833333333333258e+03
1.518833333333333258e+03
1.533166666666666515e+03
1.573000000000000000e+03
1.542666666666666515e+03
1.524833333333333030e+03
1.507166666666666515e+03
1.495000000000000000e+03
1.507666666666666515e+03
1.529666666666666515e+03
1.553500000000000000e+03
1.548166666666666515e+03
1.518666666666666515e+03
1.504666666666666515e+03
1.522333333333333258e+03
1.523500000000000000e+03
1.569000000000000000e+03
1.562000000000000000e+03
1.560666666666666515e+03
1.525500000000000000e+03
1.508833333333333258e+03
1.501666666666666515e+03
1.485166666666666515e+03
1.498833333333333258e+03
1.506166666666666515e+03
1.511833333333333258e+03
1.491166666666666515e+03
1.483833333333333258e+03
1.530666666666666515e+03
1.543499999999999773e+03
1.573166666666666515e+03
1.539166666666666515e+03
1.523166666666666515e+03
1.499500000000000000e+03
1.465500000000000000e+03
1.483000000000000000e+03
1.513500000000000000e+03
1.547000000000000000e+03
1.557833333333333030e+03
1.545833333333333030e+03
1.538166666666666515e+03
1.488000000000000000e+03
1.465500000000000000e+03
1.464500000000000000e+03
1.508000000000000000e+03
1.515166666666666515e+03
1.484666666666666515e+03
1.459500000000000000e+03
1.458333333333333258e+03
1.476000000000000000e+03
1.476333333333333258e+03
1.465000000000000000e+03
1.425166666666666515e+03
1.440666666666666515e+03
1.456666666666666515e+03
1.478000000000000000e+03
1.495500000000000000e+03
1.492833333333333258e+03
1.510500000000000000e+03
1.510000000000000000e+03
1.505000000000000000e+03
1.548666666666666515e+03
1.540333333333333258e+03
1.555166666666666515e+03
1.500333333333333258e+03
1.492833333333333258e+03
1.477000000000000000e+03
1.489500000000000000e+03
1.516333333333333258e+03
1.508500000000000000e+03
1.522166666666666515e+03
1.493000000000000000e+03
1.527500000000000000e+03
1.536000000000000000e+03
1.539333333333333258e+03
1.506000000000000000e+03
1.448166666666666515e+03
1.444500000000000000e+03
1.437833333333333258e+03
1.464166666666666515e+03
1.458333333333333258e+03
1.446833333333333258e+03
1.440333333333333258e+03
1.448333333333333258e+03
1.441833333333333258e+03
1.454166666666666515e+03
1.463000000000000000e+03
1.480833333333333258e+03
1.487666666666666515e+03
1.460000000000000000e+03
1.458500000000000000e+03
1.455666666666666515e+03
1.456333333333333258e+03
1.475333333333333258e+03
1.456166666666666515e+03
1.467833333333333258e+03
1.459333333333333258e+03
1.471666666666666515e+03
1.492666666666666515e+03
1.484500000000000000e+03
1.487333333333333258e+03
1.449500000000000000e+03
1.464000000000000000e+03
1.478666666666666515e+03
1.486000000000000000e+03
1.457333333333333258e+03
1.439333333333333258e+03
1.428000000000000000e+03
1.459666666666666515e+03
1.475333333333333258e+03
1.536833333333333258e+03
1.526000000000000000e+03
1.538666666666666515e+03
1.504000000000000000e+03
1.506500000000000000e+03
1.474166666666666515e+03
1.462000000000000000e+03
1.438666666666666515e+03
1.458500000000000000e+03
1.464833333333333258e+03
1.477500000000000000e+03
1.443000000000000000e+03
1.436500000000000000e+03
1.450666666666666515e+03
1.479833333333333258e+03
1.483000000000000000e+03
1.481666666666666515e+03
1.466000000000000000e+03
1.470000000000000000e+03
1.484166666666666515e+03
1.473333333333333258e+03
1.487166666666666515e+03
1.442333333333333258e+03
1.447166666666666515e+03
1.420333333333333258e+03
1.443166666666666515e+03
1.482833333333333258e+03
1.511333333333333258e+03
1.528500000000000000e+03
1.494500000000000000e+03
1.503166666666666515e+03
1.496000000000000000e+03
1.507666666666666515e+03
1.471666666666666515e+03
1.445833333333333258e+03
1.412000000000000000e+03
1.402500000000000000e+03
1.419333333333333258e+03
1.429500000000000000e+03
1.453333333333333258e+03
1.424500000000000000e+03
1.445666666666666515e+03
1.427166666666666515e+03
1.450333333333333258e+03
1.454333333333333258e+03
1.454500000000000000e+03
1.457166666666666515e+03
1.416333333333333258e+03
1.405000000000000000e+03
1.386833333333333258e+03
1.388833333333333258e+03
1.403833333333333258e+03
1.397833333333333258e+03
1.435333333333333258e+03
1.420833333333333258e+03
1.438000000000000000e+03
1.428500000000000000e+03
1.443166666666666515e+03
1.443833333333333258e+03
1.432666666666666515e+03
1.405166666666666515e+03
1.434166666666666515e+03
1.474666666666666515e+03
1.526000000000000000e+03
1.494666666666666515e+03
1.501500000000000000e+03
1.499833333333333258e+03
1.504000000000000000e+03
1.474833333333333258e+03
1.477833333333333258e+03
1.541166666666666515e+03
1.542166666666666515e+03
1.513666666666666515e+03
1.453666666666666515e+03
1.422500000000000000e+03
1.408000000000000000e+03
1.410166666666666515e+03
1.449500000000000000e+03
1.479166666666666515e+03
1.454833333333333258e+03
1.435333333333333258e+03
1.413500000000000000e+03
1.411666666666666515e+03
1.431500000000000000e+03
1.451000000000000000e+03
1.466500000000000000e+03
1.450166666666666515e+03
1.446000000000000000e+03
1.437833333333333258e+03
1.460000000000000000e+03
1.440333333333333258e+03
1.437333333333333258e+03
1.398000000000000000e+03
1.421500000000000000e+03
1.417666666666666515e+03
1.434333333333333258e+03
1.435333333333333258e+03
1.469333333333333258e+03
1.488166666666666515e+03
1.478166666666666515e+03
1.488166666666666515e+03
1.446666666666666515e+03
1.411000000000000000e+03
1.383833333333333258e+03
1.391500000000000000e+03
1.414333333333333258e+03
1.425166666666666515e+03
1.434500000000000000e+03
1.448000000000000000e+03
1.436833333333333258e+03
1.437666666666666515e+03
1.442666666666666515e+03
1.425000000000000000e+03
1.450833333333333258e+03
1.474000000000000000e+03
1.516666666666666515e+03
1.508666666666666515e+03
1.526833333333333258e+03
1.516333333333333258e+03
1.501999999999999773e+03
1.459000000000000000e+03
1.457666666666666515e+03
1.455333333333333258e+03
1.447000000000000000e+03
1.416666666666666515e+03
1.429666666666666515e+03
1.431500000000000000e+03
1.440500000000000000e+03
1.412500000000000000e+03
1.420166666666666515e+03
1.427500000000000000e+03
1.441166666666666515e+03
1.417666666666666515e+03
1.370000000000000000e+03
1.367000000000000000e+03
1.364000000000000000e+03
1.393000000000000000e+03
1.352666666666666515e+03
1.371666666666666515e+03
1.361666666666666515e+03
1.381000000000000000e+03
1.406000000000000000e+03
1.454000000000000000e+03
1.471666666666666515e+03
1.415000000000000000e+03
1.361333333333333258e+03
1.337333333333333258e+03
1.345333333333333258e+03
1.382000000000000000e+03
1.395166666666666515e+03
1.443666666666666515e+03
1.455000000000000000e+03
1.469500000000000000e+03
1.470833333333333258e+03
1.441833333333333258e+03
1.431833333333333258e+03
1.388000000000000000e+03
1.391166666666666515e+03
1.391166666666666515e+03
1.410333333333333258e+03
1.424333333333333258e+03
1.455000000000000000e+03
1.445166666666666515e+03
1.433666666666666515e+03
1.390500000000000000e+03
1.415500000000000000e+03
1.413333333333333258e+03
1.436000000000000000e+03
1.422166666666666515e+03
1.450333333333333258e+03
1.451166666666666515e+03
1.443166666666666515e+03
1.446833333333333258e+03
1.453666666666666515e+03
1.438833333333333258e+03
1.395500000000000000e+03
1.379500000000000000e+03
1.400833333333333258e+03
1.403500000000000000e+03
1.413333333333333258e+03
1.447166666666666515e+03
1.460000000000000000e+03
1.467500000000000000e+03
1.478000000000000000e+03
1.446833333333333258e+03
1.421833333333333258e+03
1.367000000000000000e+03
1.377000000000000000e+03
1.399000000000000000e+03
1.380166666666666515e+03
1.402000000000000000e+03
1.375833333333333258e+03
1.380333333333333258e+03
1.357833333333333258e+03
1.359833333333333258e+03
1.376000000000000000e+03
1.382333333333333258e+03
1.405333333333333258e+03
1.382333333333333258e+03
1.381333333333333258e+03
1.353666666666666515e+03
1.382500000000000000e+03
1.401333333333333258e+03
1.392500000000000000e+03
1.370833333333333258e+03
1.337000000000000000e+03
1.339000000000000000e+03
1.336833333333333258e+03
1.358500000000000000e+03
1.385666666666666515e+03
1.407500000000000000e+03
1.435000000000000000e+03
1.458166666666666515e+03
1.462666666666666515e+03
1.433833333333333258e+03
1.396666666666666515e+03
1.371666666666666515e+03
1.390500000000000000e+03
1.387000000000000000e+03
1.383333333333333258e+03
1.365833333333333258e+03
1.407500000000000000e+03
1.433500000000000000e+03
1.444666666666666515e+03
1.442500000000000000e+03
1.444666666666666515e+03
1.465666666666666515e+03
1.453666666666666515e+03
1.442833333333333258e+03
1.441166666666666515e+03
1.429000000000000000e+03
1.428500000000000000e+03
1.396833333333333258e+03
1.368833333333333258e+03
1.377333333333333258e+03
1.365833333333333258e+03
1.396333333333333258e+03
1.394666666666666515e+03
1.386833333333333258e+03
1.382833333333333258e+03
1.373000000000000000e+03
1.413833333333333258e+03
1.427000000000000000e+03
1.405833333333333258e+03
1.393666666666666515e+03
1.375166666666666515e+03
1.399166666666666515e+03
1.382000000000000000e+03
1.369333333333333258e+03
1.384833333333333258e+03
1.383666666666666515e+03
1.396333333333333258e+03
1.384000000000000000e+03
1.385833333333333258e+03
1.383166666666666515e+03
1.396333333333333258e+03
1.417833333333333258e+03
1.402666666666666515e+03
1.364333333333333258e+03
1.394166666666666515e+03
1.373500000000000000e+03
1.361000000000000000e+03
1.290500000000000000e+03
1.330333333333333258e+03
1.319833333333333258e+03
1.329166666666666515e+03
1.349000000000000000e+03
1.376833333333333258e+03
1.399333333333333258e+03
1.406666666666666515e+03
1.402333333333333258e+03
1.386333333333333258e+03
1.360166666666666515e+03
1.368666666666666515e+03
1.375833333333333258e+03
1.344166666666666515e+03
1.345833333333333258e+03
1.379833333333333258e+03
1.408166666666666515e+03
1.416833333333333258e+03
1.404333333333333258e+03
1.401000000000000000e+03
1.424333333333333258e+03
1.393166666666666515e+03
1.407500000000000000e+03
1.366000000000000000e+03
1.401500000000000000e+03
1.389166666666666515e+03
1.392166666666666515e+03
1.368833333333333258e+03
1.360000000000000000e+03
1.381333333333333258e+03
1.340833333333333258e+03
1.339166666666666515e+03
1.320000000000000000e+03
1.368000000000000000e+03
1.409666666666666515e+03
1.432500000000000000e+03
1.423500000000000000e+03
1.382833333333333258e+03
1.344333333333333258e+03
1.346500000000000000e+03
1.355166666666666515e+03
1.362333333333333258e+03
1.344166666666666515e+03
1.341833333333333258e+03
1.375666666666666515e+03
1.368000000000000000e+03
1.369166666666666515e+03
1.345666666666666515e+03
1.368000000000000000e+03
1.356500000000000000e+03
1.356000000000000000e+03
1.350666666666666515e+03
1.341000000000000000e+03
1.324166666666666515e+03
1.338833333333333258e+03
1.369333333333333258e+03
1.384166666666666515e+03
1.361000000000000000e+03
1.324833333333333258e+03
1.321166666666666515e+03
1.348000000000000000e+03
1.387666666666666515e+03
1.370333333333333258e+03
1.333166666666666515e+03
1.335166666666666515e+03
1.334000000000000000e+03
1.360833333333333258e+03
1.336166666666666515e+03
1.348666666666666515e+03
1.326666666666666515e+03
1.323000000000000000e+03
1.325000000000000000e+03
1.324000000000000000e+03
1.328666666666666515e+03
1.327333333333333258e+03
1.343333333333333258e+03
1.355333333333333258e+03
1.387666666666666515e+03
1.357000000000000000e+03
1.331833333333333258e+03
1.290000000000000000e+03
1.314166666666666515e+03
1.318833333333333258e+03
1.334333333333333258e+03
1.333000000000000000e+03
1.316500000000000000e+03
1.293166666666666515e+03
1.317500000000000000e+03
1.354166666666666515e+03
1.359000000000000000e+03
1.307333333333333258e+03
1.278166666666666515e+03
1.288833333333333258e+03
1.304166666666666515e+03
1.318166666666666515e+03
1.313000000000000000e+03
1.320000000000000000e+03
1.321833333333333258e+03
1.364833333333333258e+03
1.375166666666666515e+03
1.362666666666666515e+03
1.323500000000000000e+03
1.317500000000000000e+03
1.335333333333333258e+03
1.337666666666666515e+03
1.339166666666666515e+03
1.319166666666666515e+03
1.356333333333333258e+03
1.362500000000000000e+03
1.365833333333333258e+03
1.332500000000000000e+03
1.318500000000000000e+03
1.337666666666666515e+03
1.329333333333333258e+03
1.345000000000000000e+03
1.335833333333333258e+03
1.367666666666666515e+03
1.351166666666666515e+03
1.326666666666666515e+03
1.311333333333333258e+03
1.333666666666666515e+03
1.359166666666666515e+03
1.372500000000000000e+03
1.358666666666666515e+03
1.371666666666666515e+03
1.354833333333333258e+03
1.344833333333333258e+03
1.368166666666666515e+03
1.347000000000000000e+03
1.363666666666666515e+03
1.314666666666666515e+03
1.340000000000000000e+03
1.345000000000000000e+03
1.383666666666666515e+03
1.374333333333333258e+03
1.381500000000000000e+03
1.349833333333333258e+03
1.353666666666666515e+03
1.345666666666666515e+03
1.377833333333333258e+03
1.379166666666666515e+03
1.379666666666666515e+03
1.317666666666666515e+03
1.336333333333333258e+03
1.349166666666666515e+03
1.372666666666666515e+03
1.368000000000000000e+03
1.330833333333333258e+03
1.315000000000000000e+03
1.291666666666666515e+03
1.308000000000000000e+03
1.344500000000000000e+03
1.349166666666666515e+03
1.384000000000000000e+03
1.420833333333333258e+03
1.406500000000000000e+03
1.379833333333333258e+03
1.311333333333333258e+03
1.316500000000000000e+03
1.330000000000000000e+03
1.367666666666666515e+03
1.380500000000000000e+03
1.358666666666666515e+03
1.326166666666666515e+03
1.333333333333333258e+03
1.338333333333333258e+03
1.350500000000000000e+03
1.345166666666666515e+03
1.330500000000000000e+03
1.321666666666666515e+03
1.321333333333333258e+03
1.338000000000000000e+03
1.307666666666666515e+03
1.308666666666666515e+03
1.304333333333333258e+03
1.326833333333333258e+03
1.299666666666666515e+03
1.288166666666666515e+03
1.296000000000000000e+03
1.293833333333333258e+03
1.292500000000000000e+03
1.300666666666666515e+03
1.333166666666666515e+03
1.345000000000000000e+03
1.332000000000000000e+03
1.321333333333333258e+03
1.318666666666666515e+03
1.329000000000000000e+03
1.312500000000000000e+03
1.288333333333333258e+03
1.275833333333333258e+03
1.268000000000000000e+03
1.294166666666666515e+03
1.304166666666666515e+03
1.334166666666666515e+03
1.334666666666666515e+03
1.324833333333333258e+03
1.316333333333333258e+03
1.301166666666666515e+03
1.348166666666666515e+03
1.357166666666666515e+03
1.352500000000000000e+03
1.330000000000000000e+03
1.304833333333333258e+03
1.344333333333333258e+03
1.326166666666666515e+03
1.359500000000000000e+03
1.345833333333333258e+03
1.358166666666666515e+03
1.362000000000000000e+03
1.341833333333333258e+03
1.341333333333333258e+03
1.315000000000000000e+03
1.354000000000000000e+03
1.338666666666666515e+03
1.311833333333333258e+03
1.285333333333333258e+03
1.299333333333333258e+03
1.360166666666666515e+03
1.361333333333333258e+03
1.350000000000000000e+03
1.298000000000000000e+03
1.277166666666666515e+03
1.251666666666666515e+03
1.280333333333333258e+03
1.314500000000000000e+03
1.359833333333333258e+03
1.381500000000000000e+03
1.397500000000000000e+03
1.393166666666666515e+03
1.355500000000000000e+03
1.317833333333333258e+03
1.321833333333333258e+03
1.319333333333333258e+03
1.320833333333333258e+03
1.319500000000000000e+03
1.305166666666666515e+03
1.292500000000000000e+03
1.299666666666666515e+03
1.292000000000000000e+03
1.293500000000000000e+03
1.277333333333333258e+03
1.319833333333333258e+03
1.336833333333333258e+03
1.325500000000000000e+03
1.335666666666666515e+03
1.330166666666666515e+03
1.354666666666666515e+03
1.339333333333333258e+03
1.353166666666666515e+03
1.355500000000000000e+03
1.362333333333333258e+03
1.354333333333333258e+03
1.335500000000000000e+03
1.322500000000000000e+03
1.312500000000000000e+03
1.295500000000000000e+03
1.336333333333333258e+03
1.318666666666666515e+03
1.328500000000000000e+03
1.301666666666666515e+03
1.353666666666666515e+03
1.381833333333333258e+03
1.358833333333333258e+03
1.315833333333333258e+03
1.295500000000000000e+03
1.299500000000000000e+03
1.327333333333333258e+03
1.346333333333333258e+03
1.359666666666666515e+03
1.338166666666666515e+03
1.330500000000000000e+03
1.362500000000000000e+03
1.381333333333333258e+03
1.378000000000000000e+03
1.321833333333333258e+03
1.277666666666666515e+03
1.262166666666666515e+03
1.253000000000000000e+03
1.279000000000000000e+03
1.289333333333333258e+03
1.307000000000000000e+03
1.299166666666666515e+03
1.304833333333333258e+03
1.330666666666666515e+03
1.335500000000000000e+03
1.329166666666666515e+03
1.298333333333333258e+03
1.305833333333333258e+03
1.297666666666666515e+03
1.327333333333333258e+03
1.341333333333333258e+03
1.356500000000000000e+03
1.322666666666666515e+03
1.308500000000000000e+03
1.294333333333333258e+03
1.294666666666666515e+03
1.270666666666666515e+03
1.209166666666666515e+03
1.206500000000000000e+03
1.247000000000000000e+03
1.291500000000000000e+03
1.311500000000000000e+03
1.300500000000000000e+03
1.298500000000000000e+03
1.290666666666666515e+03
1.265000000000000000e+03
1.292666666666666515e+03
1.281500000000000000e+03
1.280500000000000000e+03
1.268500000000000000e+03
1.265333333333333258e+03
1.276333333333333258e+03
1.280500000000000000e+03
1.297166666666666515e+03
1.307666666666666515e+03
1.287166666666666515e+03
1.303666666666666515e+03
1.302833333333333258e+03
1.339166666666666515e+03
1.311500000000000000e+03
1.308333333333333258e+03
1.273500000000000000e+03
1.289000000000000000e+03
1.278833333333333258e+03
1.323833333333333258e+03
1.326333333333333258e+03
1.331500000000000000e+03
1.321833333333333258e+03
1.289333333333333258e+03
1.305166666666666515e+03
1.285833333333333258e+03
1.288000000000000000e+03
1.264666666666666515e+03
1.250166666666666515e+03
1.288166666666666515e+03
1.313833333333333258e+03
1.356500000000000000e+03
1.344666666666666515e+03
1.319833333333333258e+03
1.307000000000000000e+03
1.285833333333333258e+03
1.313833333333333258e+03
1.291500000000000000e+03
1.351000000000000000e+03
1.341500000000000000e+03
1.376500000000000000e+03
1.328833333333333258e+03
1.345833333333333258e+03
1.335000000000000000e+03
1.336000000000000000e+03
1.323833333333333258e+03
1.304666666666666515e+03
1.349333333333333258e+03
1.347500000000000000e+03
1.318666666666666515e+03
1.302166666666666515e+03
1.298166666666666515e+03
1.314166666666666515e+03
1.282500000000000000e+03
1.268833333333333258e+03
1.264166666666666515e+03
1.248666666666666515e+03
1.254166666666666515e+03
1.265666666666666515e+03
1.287166666666666515e+03
1.279166666666666515e+03
1.319166666666666515e+03
1.291500000000000000e+03
1.325333333333333258e+03
1.296166666666666515e+03
1.323333333333333258e+03
1.291666666666666515e+03
1.267666666666666515e+03
1.278166666666666515e+03
1.245000000000000000e+03
1.254833333333333258e+03
1.222166666666666515e+03
1.263166666666666515e+03
1.255666666666666515e+03
1.246333333333333258e+03
1.255333333333333258e+03
1.276000000000000000e+03
1.303166666666666515e+03
1.294000000000000000e+03
1.296000000000000000e+03
1.305833333333333258e+03
1.292500000000000000e+03
1.272166666666666515e+03
1.261833333333333258e+03
1.255333333333333258e+03
1.264500000000000000e+03
1.280000000000000000e+03
1.284333333333333258e+03
1.288666666666666515e+03
1.274833333333333258e+03
1.298166666666666515e+03
1.300666666666666515e+03
1.292500000000000000e+03
1.282666666666666515e+03
1.271333333333333258e+03
1.266000000000000000e+03
1.275666666666666515e+03
1.296166666666666515e+03
1.302500000000000000e+03
1.285000000000000000e+03
1.274333333333333258e+03
1.276500000000000000e+03
1.246500000000000000e+03
1.227166666666666515e+03
1.222500000000000000e+03
1.266833333333333258e+03
1.284500000000000000e+03
1.307833333333333258e+03
1.286666666666666515e+03
1.275000000000000000e+03
1.246500000000000000e+03
1.252000000000000000e+03
1.270166666666666515e+03
1.264833333333333258e+03
1.253833333333333258e+03
1.246166666666666515e+03
1.264333333333333258e+03
1.271666666666666515e+03
1.271666666666666515e+03
1.271666666666666515e+03
1.272666666666666515e+03
1.276833333333333258e+03
1.286166666666666515e+03
1.280666666666666515e+03
1.261333333333333258e+03
1.281166666666666515e+03
1.311166666666666515e+03
1.303833333333333258e+03
1.260666666666666515e+03
1.258166666666666515e+03
1.288833333333333258e+03
1.290166666666666515e+03
1.270833333333333258e+03
1.244166666666666515e+03
1.240833333333333258e+03
1.245833333333333258e+03
1.257666666666666515e+03
1.287500000000000000e+03
1.276000000000000000e+03
1.269500000000000000e+03
1.253333333333333258e+03
1.242500000000000000e+03
1.254666666666666515e+03
1.241166666666666515e+03
1.264333333333333258e+03
1.286166666666666515e+03
1.274166666666666515e+03
1.275500000000000000e+03
1.249833333333333258e+03
1.295000000000000000e+03
1.282000000000000000e+03
1.273000000000000000e+03
1.234833333333333258e+03
1.269500000000000000e+03
1.246166666666666515e+03
1.265500000000000000e+03
1.209000000000000000e+03
1.259166666666666515e+03
1.250666666666666515e+03
1.267333333333333258e+03
1.230500000000000000e+03
1.239166666666666515e+03
1.238666666666666515e+03
1.259666666666666515e+03
1.273333333333333258e+03
1.294000000000000000e+03
1.296833333333333258e+03
1.283666666666666515e+03
1.275666666666666515e+03
1.254500000000000000e+03
1.229000000000000000e+03
1.230166666666666515e+03
1.230000000000000000e+03
1.261166666666666515e+03
1.260333333333333258e+03
1.255666666666666515e+03
1.247833333333333258e+03
1.235833333333333258e+03
1.247666666666666515e+03
1.233666666666666515e+03
1.248500000000000000e+03
1.239000000000000000e+03
1.258833333333333258e+03
1.261166666666666515e+03
1.286666666666666515e+03
1.290500000000000000e+03
1.274500000000000000e+03
1.251333333333333258e+03
1.275000000000000000e+03
1.301666666666666515e+03
1.344666666666666515e+03
1.319000000000000000e+03
1.335333333333333258e+03
1.315166666666666515e+03
1.301666666666666515e+03
1.251833333333333258e+03
1.227833333333333258e+03
1.238666666666666515e+03
1.249333333333333258e+03
1.264333333333333258e+03
1.241166666666666515e+03
1.241000000000000000e+03
1.242833333333333258e+03
1.252333333333333258e+03
1.272666666666666515e+03
1.265000000000000000e+03
1.281833333333333258e+03
1.263000000000000000e+03
1.269833333333333258e+03
1.238500000000000000e+03
1.215833333333333258e+03
1.213833333333333258e+03
1.234666666666666515e+03
1.268500000000000000e+03
1.254000000000000000e+03
1.265333333333333258e+03
1.270500000000000000e+03
1.296000000000000000e+03
1.282166666666666515e+03
1.248833333333333258e+03
1.255166666666666515e+03
1.259500000000000000e+03
1.284166666666666515e+03
1.266833333333333258e+03
1.265166666666666515e+03
1.262166666666666515e+03
1.269500000000000000e+03
1.264333333333333258e+03
1.278166666666666515e+03
1.257333333333333258e+03
1.244833333333333258e+03
1.212833333333333258e+03
1.224166666666666515e+03
1.234833333333333258e+03
1.261000000000000000e+03
1.267833333333333258e+03
1.277666666666666515e+03
1.268833333333333258e+03
1.297000000000000000e+03
1.295666666666666515e+03
1.333833333333333258e+03
1.334666666666666515e+03
1.344500000000000000e+03
1.324833333333333258e+03
1.296000000000000000e+03
1.279166666666666515e+03
1.281666666666666515e+03
1.259333333333333258e+03
1.256833333333333258e+03
1.226166666666666515e+03
1.254000000000000000e+03
1.236833333333333258e+03
1.249666666666666515e+03
1.258333333333333258e+03
1.311833333333333258e+03
1.303000000000000000e+03
1.258833333333333258e+03
1.222500000000000000e+03
1.210833333333333258e+03
1.227333333333333258e+03
1.208666666666666515e+03
1.222500000000000000e+03
1.225166666666666515e+03
1.212000000000000000e+03
1.212333333333333258e+03
1.204000000000000000e+03
1.224666666666666515e+03
1.215500000000000000e+03
1.232000000000000000e+03
1.257833333333333258e+03
1.258000000000000000e+03
1.264000000000000000e+03
1.241166666666666515e+03
1.268333333333333258e+03
1.241166666666666515e+03
1.262500000000000000e+03
1.246833333333333258e+03
1.252666666666666515e+03
1.251000000000000000e+03
1.262000000000000000e+03
1.275166666666666515e+03
1.287500000000000000e+03
1.253000000000000000e+03
1.266500000000000000e+03
1.224833333333333258e+03
1.261333333333333258e+03
1.239666666666666515e+03
1.273833333333333258e+03
1.265000000000000000e+03
1.259833333333333258e+03
1.245833333333333258e+03
1.262500000000000000e+03
1.286000000000000000e+03
1.280166666666666515e+03
1.225833333333333258e+03
1.213333333333333258e+03
1.222833333333333258e+03
1.254333333333333258e+03
1.264333333333333258e+03
1.243833333333333258e+03
1.248833333333333258e+03
1.259500000000000000e+03
1.261000000000000000e+03
1.255666666666666515e+03
1.228000000000000000e+03
1.253166666666666515e+03
1.223166666666666515e+03
1.200833333333333258e+03
1.173833333333333258e+03
1.218000000000000000e+03
1.234500000000000000e+03
1.237500000000000000e+03
1.227166666666666515e+03
1.293666666666666515e+03
1.290833333333333258e+03
1.312666666666666515e+03
1.263833333333333258e+03
1.313000000000000000e+03
1.312000000000000000e+03
1.324166666666666515e+03
1.299666666666666515e+03
1.276833333333333258e+03
1.263000000000000000e+03
1.284166666666666515e+03
1.272500000000000000e+03
1.275166666666666515e+03
1.277666666666666515e+03
1.301333333333333258e+03
1.287000000000000000e+03
1.253500000000000000e+03
1.237166666666666515e+03
1.223333333333333258e+03
1.223833333333333258e+03
1.217833333333333258e+03
1.235500000000000000e+03
1.245666666666666515e+03
1.254666666666666515e+03
1.243166666666666515e+03
1.260166666666666515e+03
1.265000000000000000e+03
1.297000000000000000e+03
1.278166666666666515e+03
1.252000000000000000e+03
1.246500000000000000e+03
1.253666666666666515e+03
1.276666666666666515e+03
1.241833333333333258e+03
1.188666666666666515e+03
1.183666666666666515e+03
1.203833333333333258e+03
1.256833333333333258e+03
1.257333333333333258e+03
1.244666666666666515e+03
1.234333333333333258e+03
1.245500000000000000e+03
1.248000000000000000e+03
1.232166666666666515e+03
1.202666666666666515e+03
1.218666666666666515e+03
1.261500000000000000e+03
1.273666666666666515e+03
1.256333333333333258e+03
1.233833333333333258e+03
1.217833333333333258e+03
1.230500000000000000e+03
1.228166666666666515e+03
1.240833333333333258e+03
1.282833333333333258e+03
1.312833333333333258e+03
1.332166666666666515e+03
1.276833333333333258e+03
1.289666666666666515e+03
1.273000000000000000e+03
1.296666666666666515e+03
1.268500000000000000e+03
1.265333333333333258e+03
1.267833333333333258e+03
1.242666666666666515e+03
1.276500000000000000e+03
1.238666666666666515e+03
1.282333333333333258e+03
1.265666666666666515e+03
1.286833333333333258e+03
1.259666666666666515e+03
1.249166666666666515e+03
1.228333333333333258e+03
1.202333333333333258e+03
1.206166666666666515e+03
1.254500000000000000e+03
1.288666666666666515e+03
1.310666666666666515e+03
1.287333333333333258e+03
1.278000000000000000e+03
1.255666666666666515e+03
1.242666666666666515e+03
1.214000000000000000e+03
1.183333333333333258e+03
1.200333333333333258e+03
1.218500000000000000e+03
1.254000000000000000e+03
1.250166666666666515e+03
1.259666666666666515e+03
1.240833333333333258e+03
1.242500000000000000e+03
1.217833333333333258e+03
1.228166666666666515e+03
1.216333333333333258e+03
1.240666666666666515e+03
1.248500000000000000e+03
1.253833333333333258e+03
1.241333333333333258e+03
1.246166666666666515e+03
1.255333333333333258e+03
1.260333333333333258e+03
1.246833333333333258e+03
1.248666666666666515e+03
1.250500000000000000e+03
1.266500000000000000e+03
1.243000000000000000e+03
1.222166666666666515e+03
1.197833333333333258e+03
1.212166666666666515e+03
1.222666666666666515e+03
1.241833333333333258e+03
1.224500000000000000e+03
1.234500000000000000e+03
1.243166666666666515e+03
1.269666666666666515e+03
1.252666666666666515e+03
1.246500000000000000e+03
1.228000000000000000e+03
1.232333333333333258e+03
1.218000000000000000e+03
1.220333333333333258e+03
1.213833333333333258e+03
1.238833333333333258e+03
1.240500000000000000e+03
1.230166666666666515e+03
1.189500000000000000e+03
1.221333333333333258e+03
1.262666666666666515e+03
1.286500000000000000e+03
1.275333333333333258e+03
1.256166666666666515e+03
1.231333333333333258e+03
1.220333333333333258e+03
1.229000000000000000e+03
1.249500000000000000e+03
1.242833333333333258e+03
1.211000000000000000e+03
1.196166666666666515e+03
1.199333333333333258e+03
1.206333333333333258e+03
1.228166666666666515e+03
1.206500000000000000e+03
1.235166666666666515e+03
1.197500000000000000e+03
1.236500000000000000e+03
1.241500000000000000e+03
1.298000000000000000e+03
1.243166666666666515e+03
1.217166666666666515e+03
1.218500000000000000e+03
1.259000000000000000e+03
1.243166666666666515e+03
1.205000000000000000e+03
1.188500000000000000e+03
1.203000000000000000e+03
1.207000000000000000e+03
1.249166666666666515e+03
1.242166666666666515e+03
1.250666666666666515e+03
1.205500000000000000e+03
1.248833333333333258e+03
1.233500000000000000e+03
1.249666666666666515e+03
1.226166666666666515e+03
1.239500000000000000e+03
1.235500000000000000e+03
1.224833333333333258e+03
1.229500000000000000e+03
1.227166666666666515e+03
1.221333333333333258e+03
1.205166666666666515e+03
1.206333333333333258e+03
1.217666666666666515e+03
1.230833333333333258e+03
1.224000000000000000e+03
1.208000000000000000e+03
1.195000000000000000e+03
1.207500000000000000e+03
1.259666666666666515e+03
1.248666666666666515e+03
1.239833333333333258e+03
1.207833333333333258e+03
1.215666666666666515e+03
1.198833333333333258e+03
1.222000000000000000e+03
1.271000000000000000e+03
1.324666666666666515e+03
1.295833333333333258e+03
1.272333333333333258e+03
1.259333333333333258e+03
1.287500000000000000e+03
1.272666666666666515e+03
1.248166666666666515e+03
1.218833333333333258e+03
1.229500000000000000e+03
1.254166666666666515e+03
1.244333333333333258e+03
1.223500000000000000e+03
1.194333333333333258e+03
1.191333333333333258e+03
1.198333333333333258e+03
1.197166666666666515e+03
1.242333333333333258e+03
1.230166666666666515e+03
1.237833333333333258e+03
1.230333333333333258e+03
1.290500000000000000e+03
1.293000000000000000e+03
8.633333333333332575e+02
