5.530000000000000000e+02
6.795000000000000000e+02
3.750000000000000000e+02
4.798333333333333144e+02
8.910000000000000000e+02
1.211000000000000000e+03
1.343833333333333258e+03
1.158000000000000000e+03
1.203833333333333258e+03
1.271833333333333258e+03
1.276833333333333258e+03
1.146666666666666515e+03
1.257000000000000000e+03
1.377166666666666515e+03
1.387500000000000000e+03
1.211833333333333258e+03
1.271333333333333258e+03
1.365666666666666515e+03
1.417666666666666515e+03
1.268166666666666515e+03
1.427166666666666515e+03
1.529666666666666515e+03
1.541999999999999773e+03
1.310999999999999773e+03
1.386500000000000000e+03
1.443166666666666515e+03
1.441500000000000000e+03
1.254833333333333258e+03
1.353166666666666515e+03
1.436500000000000000e+03
1.445333333333333258e+03
1.284000000000000000e+03
1.414333333333333258e+03
1.467666666666666515e+03
1.472666666666666515e+03
1.264000000000000000e+03
1.363333333333333258e+03
1.436000000000000000e+03
1.420333333333333258e+03
1.257166666666666515e+03
1.363833333333333258e+03
1.464333333333333258e+03
1.454666666666666515e+03
1.267833333333333258e+03
1.355833333333333258e+03
1.454166666666666515e+03
1.481666666666666515e+03
1.365666666666666515e+03
1.486166666666666515e+03
1.540666666666666515e+03
1.467166666666666515e+03
1.249833333333333258e+03
1.373333333333333258e+03
1.479666666666666515e+03
1.506833333333333258e+03
1.324500000000000000e+03
1.410833333333333258e+03
1.441333333333333258e+03
1.430333333333333030e+03
1.254000000000000000e+03
1.382166666666666515e+03
1.475166666666666515e+03
1.477833333333333258e+03
1.282000000000000000e+03
1.375833333333333258e+03
1.463333333333333258e+03
1.447000000000000000e+03
1.280166666666666515e+03
1.403500000000000000e+03
1.522500000000000000e+03
1.530666666666666515e+03
1.355333333333333258e+03
1.470000000000000000e+03
1.529166666666666515e+03
1.507833333333333030e+03
1.333666666666666515e+03
1.437833333333333258e+03
1.505499999999999773e+03
1.450333333333333258e+03
1.284000000000000000e+03
1.375166666666666515e+03
1.447666666666666515e+03
1.416333333333333258e+03
1.234500000000000000e+03
1.320500000000000000e+03
1.404833333333333258e+03
1.410833333333333030e+03
1.285333333333333258e+03
1.387500000000000000e+03
1.448000000000000000e+03
1.450833333333333030e+03
1.273333333333333258e+03
1.394000000000000000e+03
1.467833333333333258e+03
1.463500000000000000e+03
1.339166666666666515e+03
1.458166666666666515e+03
1.533000000000000000e+03
1.472166666666666515e+03
1.266833333333333258e+03
1.372500000000000000e+03
1.450166666666666515e+03
1.442333333333333258e+03
1.254666666666666515e+03
1.357000000000000000e+03
1.413333333333333258e+03
1.414833333333333258e+03
1.246500000000000000e+03
1.375166666666666515e+03
1.456333333333333030e+03
1.463333333333333258e+03
1.283666666666666515e+03
1.415166666666666515e+03
1.521500000000000000e+03
1.539166666666666515e+03
1.339333333333333258e+03
1.394500000000000000e+03
1.435666666666666515e+03
1.419666666666666515e+03
1.247666666666666515e+03
1.367500000000000000e+03
1.453499999999999773e+03
1.462333333333333030e+03
1.270833333333333258e+03
1.360000000000000000e+03
1.402333333333333258e+03
1.382666666666666515e+03
1.219833333333333258e+03
1.365833333333333258e+03
1.477166666666666515e+03
1.445333333333333258e+03
1.220666666666666515e+03
1.322666666666666515e+03
1.445333333333333258e+03
1.470333333333333258e+03
1.294833333333333258e+03
1.359833333333333258e+03
1.429500000000000000e+03
1.408166666666666515e+03
1.246166666666666515e+03
1.354666666666666515e+03
1.479666666666666515e+03
1.516333333333333030e+03
1.333833333333333258e+03
1.361666666666666515e+03
1.415333333333333258e+03
1.443000000000000000e+03
1.300166666666666515e+03
1.352833333333333258e+03
1.406833333333333258e+03
1.426000000000000000e+03
1.298833333333333258e+03
1.395166666666666515e+03
1.451500000000000000e+03
1.435666666666666515e+03
1.267333333333333258e+03
1.363500000000000000e+03
1.454333333333333258e+03
1.469999999999999773e+03
1.310333333333333258e+03
1.359333333333333258e+03
1.404166666666666515e+03
1.394000000000000000e+03
1.267500000000000000e+03
1.363666666666666515e+03
1.424333333333333030e+03
1.435500000000000000e+03
1.296500000000000000e+03
1.410833333333333258e+03
1.473333333333333258e+03
1.444666666666666515e+03
1.259333333333333258e+03
1.317166666666666515e+03
1.410166666666666515e+03
1.465166666666666515e+03
1.319000000000000000e+03
1.381833333333333258e+03
1.432500000000000000e+03
1.464666666666666515e+03
1.321666666666666515e+03
1.411500000000000000e+03
1.447000000000000000e+03
1.428833333333333258e+03
1.262666666666666515e+03
1.379666666666666515e+03
1.448500000000000000e+03
1.441500000000000000e+03
1.245333333333333258e+03
1.364500000000000000e+03
1.428500000000000000e+03
1.414166666666666515e+03
1.252000000000000000e+03
1.349833333333333258e+03
1.451333333333333258e+03
1.474666666666666515e+03
1.319500000000000000e+03
1.395333333333333258e+03
1.427000000000000000e+03
1.424500000000000000e+03
1.297833333333333258e+03
1.421500000000000000e+03
1.476833333333333258e+03
1.480833333333333258e+03
1.298500000000000000e+03
1.369833333333333258e+03
1.404333333333333258e+03
1.416666666666666515e+03
1.302000000000000000e+03
1.427500000000000000e+03
1.478166666666666515e+03
1.453000000000000000e+03
1.277000000000000000e+03
1.375333333333333258e+03
1.440333333333333258e+03
1.378166666666666515e+03
1.186833333333333258e+03
1.313666666666666515e+03
1.483000000000000000e+03
1.536333333333333258e+03
1.336166666666666515e+03
1.366833333333333258e+03
1.407666666666666515e+03
1.420333333333333258e+03
1.269166666666666515e+03
1.362000000000000000e+03
1.447500000000000000e+03
1.481333333333333258e+03
1.325166666666666515e+03
1.402333333333333258e+03
1.444666666666666515e+03
1.456000000000000000e+03
1.312833333333333258e+03
1.374833333333333258e+03
1.385999999999999773e+03
1.381166666666666515e+03
1.258500000000000000e+03
1.402833333333333258e+03
1.435166666666666515e+03
1.430500000000000000e+03
1.262500000000000000e+03
1.382000000000000000e+03
1.431166666666666515e+03
1.397500000000000000e+03
1.219333333333333258e+03
1.308166666666666515e+03
1.388333333333333258e+03
1.374333333333333258e+03
1.217666666666666515e+03
1.326833333333333258e+03
1.420333333333333030e+03
1.435166666666666515e+03
1.273500000000000000e+03
1.384333333333333258e+03
1.443666666666666515e+03
1.455333333333333258e+03
1.301166666666666515e+03
1.394833333333333258e+03
1.432666666666666515e+03
1.416500000000000000e+03
1.241666666666666515e+03
1.318166666666666515e+03
1.391666666666666515e+03
1.439166666666666515e+03
1.331000000000000000e+03
1.431166666666666515e+03
1.466500000000000000e+03
1.453833333333333258e+03
1.257166666666666515e+03
1.324166666666666515e+03
1.372166666666666515e+03
1.390500000000000000e+03
1.259333333333333258e+03
1.376500000000000000e+03
1.410166666666666515e+03
1.392333333333333258e+03
1.207666666666666515e+03
1.312666666666666515e+03
1.379500000000000000e+03
1.380000000000000000e+03
1.222166666666666515e+03
1.353166666666666515e+03
1.442166666666666515e+03
1.459666666666666515e+03
1.264500000000000000e+03
1.335000000000000000e+03
1.422499999999999773e+03
1.484166666666666515e+03
1.337000000000000000e+03
1.395000000000000000e+03
1.396333333333333258e+03
1.414833333333333030e+03
1.278666666666666515e+03
1.363000000000000000e+03
1.398666666666666515e+03
1.401833333333333258e+03
1.297166666666666515e+03
1.418000000000000000e+03
1.480666666666666515e+03
1.473999999999999773e+03
1.287333333333333258e+03
1.353833333333333258e+03
1.401166666666666515e+03
1.388333333333333258e+03
1.259833333333333258e+03
1.352000000000000000e+03
1.431333333333333258e+03
1.409666666666666515e+03
1.273666666666666515e+03
1.373833333333333258e+03
1.458000000000000000e+03
1.464666666666666515e+03
1.345166666666666515e+03
1.409333333333333258e+03
1.405666666666666515e+03
1.357000000000000000e+03
1.229666666666666515e+03
1.375000000000000000e+03
1.435000000000000000e+03
1.430833333333333258e+03
1.221833333333333258e+03
1.272833333333333258e+03
1.292000000000000000e+03
1.301166666666666515e+03
1.194000000000000000e+03
1.285333333333333258e+03
1.367500000000000000e+03
1.378833333333333258e+03
1.243833333333333258e+03
1.302500000000000000e+03
1.346500000000000000e+03
1.359000000000000000e+03
1.234333333333333258e+03
1.319833333333333258e+03
1.406500000000000000e+03
1.432333333333333258e+03
1.327000000000000000e+03
1.377000000000000000e+03
1.426666666666666515e+03
1.441666666666666515e+03
1.322833333333333258e+03
1.377833333333333258e+03
1.388000000000000000e+03
1.388666666666666515e+03
1.283166666666666515e+03
1.380333333333333258e+03
1.411333333333333258e+03
1.382166666666666515e+03
1.237666666666666515e+03
1.353833333333333258e+03
1.451000000000000000e+03
1.448333333333333258e+03
1.284833333333333258e+03
1.351833333333333258e+03
1.402666666666666515e+03
1.409333333333333258e+03
1.223333333333333258e+03
1.290666666666666515e+03
1.346666666666666515e+03
1.405166666666666515e+03
1.286166666666666515e+03
1.329000000000000000e+03
1.361333333333333258e+03
1.356666666666666515e+03
1.247166666666666515e+03
1.325166666666666515e+03
1.387333333333333030e+03
1.436000000000000000e+03
1.323833333333333258e+03
1.422000000000000000e+03
1.414833333333333258e+03
1.385333333333333030e+03
1.212500000000000000e+03
1.284166666666666515e+03
1.359333333333333258e+03
1.437500000000000000e+03
1.352666666666666515e+03
1.423500000000000000e+03
1.395666666666666515e+03
1.384500000000000000e+03
1.269666666666666515e+03
1.363000000000000000e+03
1.391166666666666515e+03
1.369833333333333258e+03
1.226833333333333258e+03
1.304333333333333258e+03
1.352833333333333258e+03
1.385166666666666515e+03
1.274833333333333258e+03
1.339666666666666515e+03
1.362499999999999773e+03
1.333666666666666515e+03
1.188666666666666515e+03
1.263666666666666515e+03
1.323333333333333030e+03
1.346666666666666515e+03
1.223833333333333258e+03
1.286000000000000000e+03
1.325333333333333258e+03
1.345666666666666515e+03
1.252666666666666515e+03
1.386166666666666515e+03
1.412166666666666515e+03
1.383166666666666515e+03
1.215333333333333258e+03
1.301333333333333258e+03
1.354000000000000000e+03
1.371500000000000000e+03
1.272000000000000000e+03
1.362000000000000000e+03
1.369666666666666515e+03
1.362166666666666515e+03
1.258000000000000000e+03
1.374000000000000000e+03
1.418666666666666515e+03
1.441500000000000000e+03
1.334000000000000000e+03
1.396666666666666515e+03
1.395333333333333258e+03
1.373166666666666515e+03
1.246000000000000000e+03
1.301166666666666515e+03
1.313833333333333258e+03
1.334833333333333258e+03
1.263666666666666515e+03
1.372833333333333258e+03
1.388166666666666515e+03
1.374666666666666515e+03
1.257166666666666515e+03
1.357333333333333258e+03
1.410000000000000000e+03
1.440833333333333258e+03
1.287666666666666515e+03
1.352000000000000000e+03
1.362833333333333030e+03
1.406333333333333258e+03
1.281166666666666515e+03
1.327333333333333258e+03
1.305833333333333258e+03
1.310833333333333258e+03
1.234500000000000000e+03
1.333833333333333258e+03
1.356000000000000000e+03
1.347166666666666515e+03
1.236333333333333258e+03
1.307333333333333258e+03
1.332333333333333258e+03
1.374833333333333258e+03
1.316166666666666515e+03
1.387833333333333258e+03
1.390166666666666515e+03
1.381333333333333258e+03
1.284166666666666515e+03
1.360166666666666515e+03
1.396833333333333258e+03
1.385666666666666515e+03
1.290833333333333258e+03
1.324333333333333258e+03
1.389666666666666515e+03
1.440166666666666515e+03
1.345000000000000000e+03
1.389666666666666515e+03
1.373666666666666515e+03
1.396833333333333258e+03
1.288833333333333258e+03
1.361166666666666515e+03
1.379166666666666515e+03
1.388000000000000000e+03
1.273500000000000000e+03
1.339500000000000000e+03
1.380666666666666515e+03
1.402333333333333258e+03
1.283666666666666515e+03
1.321333333333333258e+03
1.338000000000000000e+03
1.347166666666666515e+03
1.237166666666666515e+03
1.298500000000000000e+03
1.343833333333333258e+03
1.381666666666666515e+03
1.290500000000000000e+03
1.367666666666666515e+03
1.400500000000000000e+03
1.417000000000000000e+03
1.277833333333333258e+03
1.307666666666666515e+03
1.308500000000000000e+03
1.346666666666666515e+03
1.255666666666666515e+03
1.304000000000000000e+03
1.277500000000000000e+03
1.293000000000000000e+03
1.214000000000000000e+03
1.305500000000000000e+03
1.353500000000000000e+03
1.388833333333333258e+03
1.303666666666666515e+03
1.353166666666666515e+03
1.343666666666666515e+03
1.355666666666666515e+03
1.235000000000000000e+03
1.303833333333333258e+03
1.345000000000000000e+03
1.385000000000000000e+03
1.278166666666666515e+03
1.321666666666666515e+03
1.330833333333333258e+03
1.353000000000000000e+03
1.274500000000000000e+03
1.368500000000000000e+03
1.404166666666666515e+03
1.390000000000000000e+03
1.267000000000000000e+03
1.356833333333333258e+03
1.412000000000000000e+03
1.476500000000000000e+03
1.337666666666666515e+03
1.338833333333333258e+03
1.297666666666666515e+03
1.327833333333333258e+03
1.265500000000000000e+03
1.335000000000000000e+03
1.353333333333333258e+03
1.401333333333333258e+03
1.311500000000000000e+03
1.354166666666666515e+03
1.327000000000000000e+03
1.336666666666666515e+03
1.243500000000000000e+03
1.306833333333333258e+03
1.305000000000000000e+03
1.313166666666666515e+03
1.227166666666666515e+03
1.328500000000000000e+03
1.390833333333333258e+03
1.434666666666666515e+03
1.341500000000000000e+03
1.358000000000000000e+03
1.333500000000000000e+03
1.327833333333333258e+03
1.261166666666666515e+03
1.335500000000000000e+03
1.352333333333333258e+03
1.360500000000000000e+03
1.265333333333333258e+03
1.341000000000000000e+03
1.361166666666666515e+03
1.409166666666666515e+03
1.324666666666666515e+03
1.378166666666666515e+03
1.377500000000000000e+03
1.420166666666666515e+03
1.336500000000000000e+03
1.394166666666666515e+03
1.351166666666666515e+03
1.348666666666666515e+03
1.210833333333333258e+03
1.291333333333333258e+03
1.326833333333333258e+03
1.399500000000000000e+03
1.309666666666666515e+03
1.372000000000000000e+03
1.375499999999999773e+03
1.376499999999999773e+03
1.282500000000000000e+03
1.352333333333333258e+03
1.381166666666666515e+03
1.406166666666666515e+03
1.315833333333333258e+03
1.394500000000000000e+03
1.376499999999999773e+03
1.374333333333333030e+03
1.233166666666666515e+03
1.327000000000000000e+03
1.375333333333333258e+03
1.468500000000000000e+03
1.393500000000000000e+03
1.432500000000000000e+03
1.393333333333333258e+03
1.373166666666666515e+03
1.255000000000000000e+03
1.311333333333333258e+03
1.329000000000000000e+03
1.367666666666666515e+03
1.278666666666666515e+03
1.310833333333333258e+03
1.308666666666666515e+03
1.337833333333333258e+03
1.262666666666666515e+03
1.306166666666666515e+03
1.273500000000000000e+03
1.289333333333333258e+03
1.233666666666666515e+03
1.319166666666666515e+03
1.328500000000000000e+03
1.368166666666666515e+03
1.302500000000000000e+03
1.407500000000000000e+03
1.419166666666666515e+03
1.459500000000000000e+03
1.361166666666666515e+03
1.382500000000000000e+03
1.366166666666666515e+03
1.375500000000000000e+03
1.306000000000000000e+03
1.355833333333333258e+03
1.342500000000000000e+03
1.378833333333333258e+03
1.342333333333333258e+03
1.447500000000000000e+03
1.426833333333333258e+03
1.407166666666666515e+03
1.299833333333333258e+03
1.368666666666666515e+03
1.375000000000000000e+03
1.346166666666666515e+03
1.235500000000000000e+03
1.287500000000000000e+03
1.322833333333333258e+03
1.347833333333333258e+03
1.260833333333333258e+03
1.289833333333333258e+03
1.276666666666666515e+03
1.292000000000000000e+03
1.226333333333333258e+03
1.297333333333333258e+03
1.315166666666666515e+03
1.361666666666666515e+03
1.269000000000000000e+03
1.298666666666666515e+03
1.312000000000000000e+03
1.383166666666666515e+03
1.312500000000000000e+03
1.340500000000000000e+03
1.323166666666666515e+03
1.370333333333333258e+03
1.309333333333333258e+03
1.363833333333333258e+03
1.350833333333333258e+03
1.378000000000000000e+03
1.312333333333333258e+03
1.384500000000000000e+03
1.359833333333333258e+03
1.349500000000000000e+03
1.252333333333333258e+03
1.323000000000000000e+03
1.372500000000000000e+03
1.442833333333333258e+03
1.381833333333333258e+03
1.416333333333333258e+03
1.367000000000000000e+03
1.396666666666666515e+03
1.303833333333333258e+03
1.338833333333333258e+03
1.308166666666666515e+03
1.353833333333333258e+03
1.307166666666666515e+03
1.375500000000000000e+03
1.365666666666666515e+03
1.398333333333333258e+03
1.271666666666666515e+03
1.276666666666666515e+03
1.268166666666666515e+03
1.355333333333333258e+03
1.339833333333333258e+03
1.398166666666666515e+03
1.369333333333333258e+03
1.410666666666666515e+03
1.326666666666666515e+03
1.388666666666666515e+03
1.333333333333333258e+03
1.357333333333333258e+03
1.257500000000000000e+03
1.320333333333333258e+03
1.307000000000000000e+03
1.380666666666666515e+03
1.341166666666666515e+03
1.398500000000000000e+03
1.359500000000000000e+03
1.358333333333333258e+03
1.268333333333333258e+03
1.344333333333333258e+03
1.349333333333333258e+03
1.422166666666666515e+03
1.323833333333333258e+03
1.376833333333333258e+03
1.375666666666666515e+03
1.471333333333333258e+03
1.416000000000000000e+03
1.451166666666666515e+03
1.390500000000000000e+03
1.396333333333333258e+03
1.290333333333333258e+03
1.297666666666666515e+03
1.266500000000000000e+03
1.269000000000000000e+03
1.254333333333333258e+03
1.341666666666666515e+03
1.363166666666666515e+03
1.369666666666666515e+03
1.249666666666666515e+03
1.284333333333333258e+03
1.270500000000000000e+03
1.343500000000000000e+03
1.292666666666666515e+03
1.376666666666666515e+03
1.343500000000000000e+03
1.353666666666666515e+03
1.260333333333333258e+03
1.353000000000000000e+03
1.394333333333333258e+03
1.401833333333333258e+03
1.279833333333333258e+03
1.295166666666666515e+03
1.329000000000000000e+03
1.360333333333333258e+03
1.280166666666666515e+03
1.313000000000000000e+03
1.324500000000000000e+03
1.380166666666666515e+03
1.281500000000000000e+03
1.327500000000000000e+03
1.328500000000000000e+03
1.378166666666666515e+03
1.321000000000000000e+03
1.352833333333333258e+03
1.363000000000000000e+03
1.396500000000000000e+03
1.312666666666666515e+03
1.307833333333333258e+03
1.264500000000000000e+03
1.291333333333333258e+03
1.245833333333333258e+03
1.277500000000000000e+03
1.296833333333333258e+03
1.358333333333333258e+03
1.307500000000000000e+03
1.384500000000000000e+03
1.396666666666666515e+03
1.457333333333333258e+03
1.333333333333333258e+03
1.326833333333333258e+03
1.280000000000000000e+03
1.300833333333333258e+03
1.211500000000000000e+03
1.284166666666666515e+03
1.334333333333333258e+03
1.381000000000000000e+03
1.256333333333333258e+03
1.225166666666666515e+03
1.218166666666666515e+03
1.285666666666666515e+03
1.250833333333333258e+03
1.301500000000000000e+03
1.293500000000000000e+03
1.343166666666666515e+03
1.319333333333333258e+03
1.383666666666666515e+03
1.365000000000000000e+03
1.391666666666666515e+03
1.328833333333333258e+03
1.390833333333333258e+03
1.355500000000000000e+03
1.362166666666666515e+03
1.280000000000000000e+03
1.332333333333333258e+03
1.366000000000000000e+03
1.370833333333333258e+03
1.271500000000000000e+03
1.277000000000000000e+03
1.297666666666666515e+03
1.352666666666666515e+03
1.294333333333333258e+03
1.357500000000000000e+03
1.378000000000000000e+03
1.456500000000000000e+03
1.363166666666666515e+03
1.380500000000000000e+03
1.338000000000000000e+03
1.354333333333333258e+03
1.287833333333333258e+03
1.350166666666666515e+03
1.357500000000000000e+03
1.368500000000000000e+03
1.253500000000000000e+03
1.285666666666666515e+03
1.274333333333333258e+03
1.316333333333333258e+03
1.237000000000000000e+03
1.293833333333333258e+03
1.302833333333333258e+03
1.375166666666666515e+03
1.320166666666666515e+03
1.352666666666666515e+03
1.327500000000000000e+03
1.354833333333333258e+03
1.296166666666666515e+03
1.399666666666666515e+03
1.431333333333333258e+03
1.482500000000000000e+03
1.374833333333333258e+03
1.385666666666666515e+03
1.365333333333333258e+03
1.378500000000000000e+03
1.316000000000000000e+03
1.351833333333333258e+03
1.338000000000000000e+03
1.342500000000000000e+03
1.254333333333333258e+03
1.340500000000000000e+03
1.332000000000000000e+03
1.368500000000000000e+03
1.272000000000000000e+03
1.353166666666666515e+03
1.349000000000000000e+03
1.351333333333333258e+03
1.252666666666666515e+03
1.320166666666666515e+03
1.346000000000000000e+03
1.377500000000000000e+03
1.280833333333333258e+03
1.343166666666666515e+03
1.359666666666666515e+03
1.430666666666666515e+03
1.343833333333333258e+03
1.410000000000000000e+03
1.371500000000000000e+03
1.344666666666666515e+03
1.216166666666666515e+03
1.282166666666666515e+03
1.322166666666666515e+03
1.328833333333333258e+03
1.248166666666666515e+03
1.325166666666666515e+03
1.381000000000000000e+03
1.419000000000000000e+03
1.349000000000000000e+03
1.416166666666666515e+03
1.422833333333333258e+03
1.431333333333333030e+03
1.304833333333333258e+03
1.307833333333333258e+03
1.304833333333333258e+03
1.348000000000000000e+03
1.282000000000000000e+03
1.341833333333333258e+03
1.351000000000000000e+03
1.388833333333333258e+03
1.309666666666666515e+03
1.353166666666666515e+03
1.392500000000000000e+03
1.416000000000000000e+03
1.335500000000000000e+03
1.352500000000000000e+03
1.356500000000000000e+03
1.415500000000000000e+03
1.341166666666666515e+03
1.395833333333333258e+03
1.380500000000000000e+03
1.423000000000000000e+03
1.352833333333333258e+03
1.415000000000000000e+03
1.401333333333333258e+03
1.423000000000000000e+03
1.346833333333333258e+03
1.450333333333333258e+03
1.460666666666666515e+03
1.466833333333333258e+03
1.353333333333333258e+03
1.427500000000000000e+03
1.441500000000000000e+03
1.474000000000000000e+03
1.366500000000000000e+03
1.426166666666666515e+03
1.425833333333333258e+03
1.469500000000000000e+03
1.380666666666666515e+03
1.458000000000000000e+03
1.458000000000000000e+03
1.506333333333333030e+03
1.417833333333333258e+03
1.477500000000000000e+03
1.483833333333333258e+03
1.512500000000000000e+03
1.453166666666666515e+03
1.528333333333333258e+03
1.523166666666666515e+03
1.554499999999999773e+03
1.495666666666666515e+03
1.572999999999999773e+03
1.543499999999999773e+03
1.528166666666666515e+03
1.436666666666666515e+03
1.525166666666666515e+03
1.527333333333333030e+03
1.527666666666666515e+03
1.435166666666666515e+03
1.530833333333333258e+03
1.585499999999999773e+03
1.636333333333333030e+03
1.556500000000000000e+03
1.633999999999999773e+03
1.645333333333333258e+03
1.669000000000000000e+03
1.584833333333333030e+03
1.661666666666666515e+03
1.662166666666666515e+03
1.689000000000000000e+03
1.586499999999999773e+03
1.656000000000000000e+03
1.678166666666666515e+03
1.693166666666666515e+03
1.589333333333333258e+03
1.595333333333333030e+03
1.647000000000000000e+03
1.764666666666666515e+03
1.730333333333333258e+03
1.789166666666666515e+03
1.753499999999999773e+03
1.757999999999999773e+03
1.636333333333333030e+03
1.692166666666666515e+03
1.740333333333333258e+03
1.791333333333333030e+03
1.688333333333333030e+03
1.718333333333333258e+03
1.716499999999999773e+03
1.745333333333333258e+03
1.676666666666666515e+03
1.769666666666666515e+03
1.815499999999999773e+03
1.860166666666666515e+03
1.742500000000000000e+03
1.759166666666666515e+03
1.760833333333333030e+03
1.817666666666666515e+03
1.782999999999999773e+03
1.855833333333333258e+03
1.868166666666666515e+03
1.885500000000000000e+03
1.775000000000000000e+03
1.808833333333333030e+03
1.800833333333333030e+03
1.815833333333333258e+03
1.733666666666666515e+03
1.775000000000000000e+03
1.782333333333333258e+03
1.797333333333333258e+03
1.738500000000000000e+03
1.801166666666666515e+03
1.829999999999999773e+03
1.885666666666666515e+03
1.817833333333333030e+03
1.814666666666666515e+03
1.726500000000000000e+03
1.693833333333333258e+03
1.619499999999999773e+03
1.702666666666666515e+03
1.749999999999999773e+03
1.781499999999999773e+03
1.692333333333333030e+03
1.719666666666666515e+03
1.717833333333333258e+03
1.707333333333333030e+03
1.586333333333333030e+03
1.595833333333333258e+03
1.629333333333333030e+03
1.650166666666666515e+03
1.585499999999999773e+03
1.621666666666666515e+03
1.637666666666666515e+03
1.619666666666666515e+03
1.491666666666666515e+03
1.538000000000000000e+03
1.585333333333333030e+03
1.641333333333333258e+03
1.573000000000000000e+03
1.605666666666666515e+03
1.549000000000000000e+03
1.499333333333333258e+03
1.402166666666666515e+03
1.496833333333333258e+03
1.509000000000000000e+03
1.509166666666666515e+03
1.394833333333333258e+03
1.453833333333333258e+03
1.455666666666666515e+03
1.468500000000000000e+03
1.368500000000000000e+03
1.436333333333333258e+03
1.462500000000000000e+03
1.505500000000000000e+03
1.423166666666666515e+03
1.500833333333333258e+03
1.513333333333333258e+03
1.536999999999999773e+03
1.400833333333333258e+03
1.428500000000000000e+03
1.416500000000000000e+03
1.490833333333333258e+03
1.437833333333333258e+03
1.511833333333333258e+03
1.464833333333333258e+03
1.439166666666666515e+03
1.305000000000000000e+03
1.353500000000000000e+03
1.393833333333333258e+03
1.447000000000000000e+03
1.390333333333333258e+03
1.438833333333333258e+03
1.461166666666666515e+03
1.466666666666666515e+03
1.374833333333333258e+03
1.395833333333333258e+03
1.370166666666666515e+03
1.377833333333333258e+03
1.314333333333333258e+03
1.417833333333333258e+03
1.478500000000000000e+03
1.510166666666666515e+03
1.410833333333333258e+03
1.421666666666666515e+03
1.405833333333333258e+03
1.425833333333333258e+03
1.369166666666666515e+03
1.452500000000000000e+03
1.469166666666666515e+03
1.424666666666666515e+03
1.296166666666666515e+03
1.343333333333333258e+03
1.403833333333333258e+03
1.444500000000000000e+03
1.372833333333333258e+03
1.381666666666666515e+03
1.372833333333333258e+03
1.392500000000000000e+03
1.338500000000000000e+03
1.377833333333333258e+03
1.387833333333333258e+03
1.441833333333333258e+03
1.431000000000000000e+03
1.453500000000000000e+03
1.410833333333333258e+03
1.391500000000000000e+03
1.297000000000000000e+03
1.339500000000000000e+03
1.312166666666666515e+03
1.353166666666666515e+03
1.278666666666666515e+03
1.367333333333333258e+03
1.382166666666666515e+03
1.412166666666666515e+03
1.309166666666666515e+03
1.342000000000000000e+03
1.326833333333333258e+03
1.317333333333333258e+03
1.243500000000000000e+03
1.347166666666666515e+03
1.421000000000000000e+03
1.463166666666666515e+03
1.374333333333333258e+03
1.410166666666666515e+03
1.408499999999999773e+03
1.398999999999999773e+03
1.323166666666666515e+03
1.385000000000000000e+03
1.401666666666666515e+03
1.379333333333333258e+03
1.274000000000000000e+03
1.328000000000000000e+03
1.369000000000000000e+03
1.398333333333333258e+03
1.353166666666666515e+03
1.429333333333333258e+03
1.442666666666666515e+03
1.426000000000000000e+03
1.308166666666666515e+03
1.371833333333333258e+03
1.409833333333333258e+03
1.440333333333333258e+03
1.363333333333333258e+03
1.394000000000000000e+03
1.438833333333333258e+03
1.464000000000000000e+03
1.364333333333333258e+03
1.337166666666666515e+03
1.289500000000000000e+03
1.304000000000000000e+03
1.278833333333333258e+03
1.404333333333333258e+03
1.469333333333333258e+03
1.484000000000000000e+03
1.361500000000000000e+03
1.387333333333333258e+03
1.451833333333333258e+03
1.556999999999999773e+03
1.507500000000000000e+03
1.545000000000000000e+03
1.486500000000000000e+03
1.504500000000000000e+03
1.404833333333333258e+03
1.467333333333333258e+03
1.481166666666666515e+03
1.512666666666666515e+03
1.429333333333333258e+03
1.466000000000000000e+03
1.459500000000000000e+03
1.490333333333333258e+03
1.390000000000000000e+03
1.437500000000000000e+03
1.461500000000000000e+03
1.548166666666666515e+03
1.482999999999999773e+03
1.502833333333333030e+03
1.483833333333333258e+03
1.493000000000000000e+03
1.429500000000000000e+03
1.494500000000000000e+03
1.527500000000000000e+03
1.548500000000000000e+03
1.458666666666666515e+03
1.509000000000000000e+03
1.522333333333333258e+03
1.543166666666666515e+03
1.470000000000000000e+03
1.531833333333333258e+03
1.587833333333333258e+03
1.642166666666666515e+03
1.551166666666666515e+03
1.585666666666666515e+03
1.566999999999999773e+03
1.594166666666666515e+03
1.502333333333333258e+03
1.578833333333333258e+03
1.613500000000000000e+03
1.622333333333333258e+03
1.516500000000000000e+03
1.570500000000000000e+03
1.592333333333333030e+03
1.589833333333333258e+03
1.512000000000000000e+03
1.565333333333333258e+03
1.599000000000000000e+03
1.581999999999999773e+03
1.511166666666666515e+03
1.590000000000000000e+03
1.629499999999999773e+03
1.634833333333333258e+03
1.543333333333333258e+03
1.594333333333333258e+03
1.628000000000000000e+03
1.611166666666666515e+03
1.521500000000000000e+03
1.542833333333333258e+03
1.608833333333333030e+03
1.654499999999999773e+03
1.598000000000000000e+03
1.622500000000000000e+03
1.616333333333333030e+03
1.627833333333333258e+03
1.558666666666666515e+03
1.646000000000000000e+03
1.684500000000000000e+03
1.705833333333333258e+03
1.619500000000000000e+03
1.660833333333333258e+03
1.662333333333333258e+03
1.635666666666666515e+03
1.543833333333333258e+03
1.618833333333333258e+03
1.664833333333333258e+03
1.697000000000000000e+03
1.622166666666666515e+03
1.681666666666666515e+03
1.683000000000000000e+03
1.677166666666666515e+03
1.595666666666666515e+03
1.668666666666666515e+03
1.693666666666666515e+03
1.709666666666666515e+03
1.609499999999999773e+03
1.650166666666666515e+03
1.684999999999999773e+03
1.731499999999999773e+03
1.686499999999999773e+03
1.773166666666666515e+03
1.781666666666666515e+03
1.778000000000000000e+03
1.648333333333333258e+03
1.705500000000000000e+03
1.742500000000000000e+03
1.743499999999999773e+03
1.669166666666666515e+03
1.715666666666666515e+03
1.731666666666666515e+03
1.705500000000000000e+03
1.600166666666666515e+03
1.685166666666666515e+03
1.757333333333333030e+03
1.817500000000000000e+03
1.720833333333333030e+03
1.767999999999999773e+03
1.762333333333333258e+03
1.806166666666666515e+03
1.730666666666666515e+03
1.786000000000000000e+03
1.787666666666666515e+03
1.792333333333333258e+03
1.721999999999999773e+03
1.771666666666666515e+03
1.755833333333333030e+03
1.782666666666666515e+03
1.710833333333333258e+03
1.792333333333333030e+03
1.846333333333333030e+03
1.889000000000000000e+03
1.816833333333333258e+03
1.840666666666666515e+03
1.828333333333333258e+03
1.890666666666666515e+03
1.804999999999999773e+03
1.855499999999999773e+03
1.855499999999999773e+03
1.894499999999999773e+03
1.831999999999999773e+03
1.874499999999999773e+03
1.880166666666666515e+03
1.866500000000000000e+03
1.767333333333333030e+03
1.812666666666666515e+03
1.875166666666666515e+03
1.909500000000000000e+03
1.838999999999999773e+03
1.891000000000000000e+03
1.890000000000000000e+03
1.880999999999999773e+03
1.798166666666666515e+03
1.876833333333333030e+03
1.907833333333333258e+03
1.917833333333333258e+03
1.839166666666666515e+03
1.913000000000000000e+03
1.933999999999999773e+03
1.949833333333333258e+03
1.838666666666666515e+03
1.876833333333333258e+03
1.872000000000000000e+03
1.885666666666666515e+03
1.825999999999999773e+03
1.904166666666666515e+03
1.938833333333333258e+03
1.955333333333333258e+03
1.875999999999999773e+03
1.926999999999999773e+03
1.934333333333333030e+03
1.933000000000000000e+03
1.873666666666666515e+03
1.937000000000000000e+03
1.984500000000000000e+03
1.971666666666666515e+03
1.885333333333333030e+03
1.923166666666666515e+03
1.946166666666666515e+03
1.969166666666666515e+03
1.866166666666666515e+03
1.942666666666666515e+03
1.938500000000000000e+03
1.924499999999999773e+03
1.839500000000000000e+03
1.931500000000000000e+03
1.998333333333333030e+03
1.993999999999999773e+03
1.885500000000000000e+03
1.927166666666666515e+03
1.942500000000000000e+03
1.935833333333333258e+03
1.844666666666666515e+03
1.901166666666666515e+03
1.947833333333333258e+03
1.999999999999999773e+03
1.958833333333333258e+03
2.024833333333333258e+03
2.020666666666666515e+03
2.009999999999999773e+03
1.944500000000000000e+03
1.992666666666666515e+03
2.012166666666666515e+03
2.018999999999999773e+03
1.953999999999999773e+03
2.011666666666666515e+03
2.014666666666666515e+03
2.020333333333333258e+03
1.918666666666666515e+03
1.964666666666666515e+03
1.974499999999999773e+03
1.981999999999999773e+03
1.870499999999999773e+03
1.917666666666666515e+03
1.930500000000000000e+03
1.952333333333333030e+03
1.890333333333333258e+03
1.964999999999999773e+03
1.983333333333333258e+03
1.983333333333333258e+03
1.900666666666666515e+03
2.004166666666666515e+03
2.037666666666666515e+03
2.058333333333333030e+03
1.929166666666666515e+03
1.952999999999999773e+03
1.955499999999999773e+03
1.990166666666666515e+03
1.959333333333333258e+03
2.014833333333333258e+03
2.024000000000000000e+03
2.009000000000000000e+03
1.922666666666666515e+03
1.976166666666666515e+03
2.011666666666666515e+03
2.051500000000000000e+03
1.990166666666666515e+03
2.060500000000000000e+03
2.118000000000000000e+03
2.154500000000000000e+03
2.068666666666666515e+03
2.109833333333333030e+03
2.149666666666666515e+03
2.205500000000000000e+03
2.175666666666666515e+03
2.268500000000000000e+03
2.278666666666666515e+03
2.261166666666666515e+03
2.130333333333333030e+03
2.187333333333333030e+03
2.209833333333333030e+03
2.226666666666666515e+03
2.126000000000000000e+03
2.185500000000000000e+03
2.249500000000000000e+03
2.283833333333333030e+03
2.203833333333333030e+03
2.251666666666666515e+03
2.258000000000000000e+03
2.210000000000000000e+03
2.053333333333333030e+03
2.064666666666666515e+03
2.053500000000000000e+03
2.053666666666666515e+03
1.939166666666666515e+03
2.001999999999999773e+03
2.013333333333333030e+03
2.053333333333333030e+03
1.973000000000000000e+03
2.010666666666666515e+03
2.027166666666666515e+03
2.078333333333333030e+03
1.996166666666666515e+03
2.012000000000000000e+03
1.975500000000000000e+03
1.999666666666666515e+03
1.932500000000000000e+03
1.995666666666666515e+03
2.016333333333333258e+03
2.037666666666666515e+03
1.949500000000000000e+03
1.988666666666666515e+03
1.991000000000000000e+03
1.983500000000000000e+03
1.892833333333333258e+03
1.983666666666666515e+03
2.017000000000000000e+03
2.044833333333333258e+03
1.961500000000000000e+03
2.012333333333333258e+03
2.054666666666666515e+03
2.054333333333333030e+03
1.936000000000000000e+03
1.927500000000000000e+03
1.926166666666666515e+03
1.974666666666666515e+03
1.915500000000000000e+03
1.956333333333333258e+03
1.954500000000000000e+03
1.990333333333333258e+03
1.890833333333333258e+03
1.924833333333333030e+03
1.919333333333333258e+03
1.944666666666666515e+03
1.895000000000000000e+03
1.937833333333333030e+03
1.981999999999999773e+03
2.017166666666666515e+03
1.947000000000000000e+03
1.991333333333333030e+03
1.999833333333333030e+03
2.011166666666666515e+03
1.910166666666666515e+03
1.941833333333333258e+03
1.930000000000000000e+03
1.929833333333333258e+03
1.862333333333333258e+03
1.940833333333333258e+03
1.965666666666666515e+03
1.965166666666666515e+03
1.847833333333333030e+03
1.886000000000000000e+03
1.877999999999999773e+03
1.927666666666666515e+03
1.874666666666666515e+03
1.980833333333333258e+03
1.972500000000000000e+03
1.944333333333333258e+03
1.827500000000000000e+03
1.899500000000000000e+03
1.949833333333333030e+03
2.006833333333333030e+03
1.965500000000000000e+03
2.020166666666666515e+03
1.980333333333333258e+03
1.935499999999999773e+03
1.825166666666666515e+03
1.880333333333333258e+03
1.915333333333333258e+03
1.934500000000000000e+03
1.866833333333333258e+03
1.928666666666666515e+03
1.973333333333333258e+03
2.022500000000000000e+03
1.905166666666666515e+03
1.902333333333333258e+03
1.885166666666666515e+03
1.942333333333333258e+03
1.906500000000000000e+03
1.962499999999999773e+03
1.932000000000000000e+03
1.932000000000000000e+03
1.809999999999999773e+03
1.821000000000000000e+03
1.819833333333333258e+03
1.882500000000000000e+03
1.868333333333333258e+03
1.965000000000000000e+03
1.950333333333333258e+03
1.954666666666666515e+03
1.841000000000000000e+03
1.896999999999999773e+03
1.904000000000000000e+03
1.920000000000000000e+03
1.885999999999999773e+03
1.976666666666666515e+03
1.979499999999999773e+03
1.967666666666666515e+03
1.859000000000000000e+03
1.898999999999999773e+03
1.878333333333333258e+03
1.878833333333333030e+03
1.825666666666666515e+03
1.945666666666666515e+03
1.992166666666666515e+03
2.031666666666666515e+03
1.894166666666666515e+03
1.891166666666666515e+03
1.853666666666666515e+03
1.863500000000000000e+03
1.809833333333333258e+03
1.869666666666666515e+03
1.876333333333333258e+03
1.910000000000000000e+03
1.843833333333333258e+03
1.928333333333333258e+03
1.951833333333333030e+03
2.027500000000000000e+03
1.951166666666666515e+03
1.961500000000000000e+03
1.909833333333333258e+03
1.926500000000000000e+03
1.842166666666666515e+03
1.884500000000000000e+03
1.901333333333333258e+03
1.963166666666666515e+03
1.870000000000000000e+03
1.866000000000000000e+03
1.861333333333333258e+03
1.910833333333333258e+03
1.859833333333333258e+03
1.904333333333333258e+03
1.901000000000000000e+03
1.931500000000000000e+03
1.868166666666666515e+03
1.907666666666666515e+03
1.904499999999999773e+03
1.905000000000000000e+03
1.858666666666666515e+03
1.899333333333333258e+03
1.903000000000000000e+03
1.904499999999999773e+03
1.832333333333333258e+03
1.883999999999999773e+03
1.858833333333333030e+03
1.878500000000000000e+03
1.816666666666666515e+03
1.907166666666666515e+03
1.926499999999999773e+03
1.936000000000000000e+03
1.854833333333333258e+03
1.922833333333333258e+03
1.912666666666666515e+03
1.911333333333333030e+03
1.780833333333333258e+03
1.831166666666666515e+03
1.862166666666666515e+03
1.899833333333333258e+03
1.861999999999999773e+03
1.933333333333333258e+03
1.941000000000000000e+03
1.900666666666666515e+03
1.790166666666666515e+03
1.825166666666666515e+03
1.832999999999999773e+03
1.841666666666666515e+03
1.764166666666666515e+03
1.815500000000000000e+03
1.823500000000000000e+03
1.873833333333333258e+03
1.832833333333333030e+03
1.868166666666666515e+03
1.827333333333333030e+03
1.807166666666666515e+03
1.708833333333333030e+03
1.754333333333333030e+03
1.765000000000000000e+03
1.811166666666666515e+03
1.742500000000000000e+03
1.792833333333333258e+03
1.805000000000000000e+03
1.849500000000000000e+03
1.796000000000000000e+03
1.845666666666666515e+03
1.831166666666666515e+03
1.814999999999999773e+03
1.719333333333333258e+03
1.780333333333333258e+03
1.792833333333333258e+03
1.814166666666666515e+03
1.712833333333333030e+03
1.775500000000000000e+03
1.816833333333333030e+03
1.884333333333333030e+03
1.808833333333333258e+03
1.829999999999999773e+03
1.832666666666666515e+03
1.863166666666666515e+03
1.814666666666666515e+03
1.837166666666666515e+03
1.830999999999999773e+03
1.837666666666666515e+03
1.736666666666666515e+03
1.763500000000000000e+03
1.735333333333333258e+03
1.737500000000000000e+03
1.640000000000000000e+03
1.684166666666666515e+03
1.708166666666666515e+03
1.736666666666666515e+03
1.656666666666666515e+03
1.731833333333333030e+03
1.778666666666666515e+03
1.827833333333333030e+03
1.743833333333333030e+03
1.758000000000000000e+03
1.749833333333333258e+03
1.758499999999999773e+03
1.687166666666666515e+03
1.737333333333333030e+03
1.751000000000000000e+03
1.809166666666666515e+03
1.739666666666666515e+03
1.786833333333333030e+03
1.764666666666666515e+03
1.779000000000000000e+03
1.681833333333333258e+03
1.704500000000000000e+03
1.687000000000000000e+03
1.712166666666666515e+03
1.659999999999999773e+03
1.755166666666666515e+03
1.783833333333333258e+03
1.842000000000000000e+03
1.792333333333333258e+03
1.874166666666666515e+03
1.939333333333333030e+03
2.039166666666666515e+03
2.070000000000000000e+03
2.184000000000000000e+03
2.248333333333333030e+03
2.304666666666666515e+03
2.281333333333333030e+03
2.334333333333333030e+03
2.325500000000000000e+03
2.265666666666666515e+03
2.096166666666666515e+03
2.044166666666666515e+03
1.974333333333333030e+03
1.947999999999999773e+03
1.848000000000000000e+03
1.869666666666666515e+03
1.862000000000000000e+03
1.855500000000000000e+03
1.758833333333333030e+03
1.790499999999999773e+03
1.775500000000000000e+03
1.786000000000000000e+03
1.692833333333333030e+03
1.732500000000000000e+03
1.727666666666666515e+03
1.739833333333333258e+03
1.657333333333333030e+03
1.718500000000000000e+03
1.746166666666666515e+03
1.790833333333333258e+03
1.709666666666666515e+03
1.743833333333333030e+03
1.742500000000000000e+03
1.762333333333333030e+03
1.679499999999999773e+03
1.719666666666666515e+03
1.760666666666666515e+03
1.813166666666666515e+03
1.702666666666666515e+03
1.669500000000000000e+03
1.632999999999999773e+03
1.719500000000000000e+03
1.717166666666666515e+03
1.783500000000000000e+03
1.748500000000000000e+03
1.742833333333333258e+03
1.638499999999999773e+03
1.666000000000000000e+03
1.673166666666666515e+03
1.743166666666666515e+03
1.680833333333333258e+03
1.685166666666666515e+03
1.648166666666666515e+03
1.662833333333333258e+03
1.594500000000000000e+03
1.628999999999999773e+03
1.633500000000000000e+03
1.650333333333333258e+03
1.592666666666666515e+03
1.659499999999999773e+03
1.663666666666666515e+03
1.636500000000000000e+03
1.502333333333333030e+03
1.569333333333333258e+03
1.644166666666666515e+03
1.749666666666666515e+03
1.659166666666666515e+03
1.660666666666666515e+03
1.620666666666666515e+03
1.659000000000000000e+03
1.590166666666666515e+03
1.621166666666666515e+03
1.615999999999999773e+03
1.617500000000000000e+03
1.533666666666666515e+03
1.566166666666666515e+03
1.603666666666666515e+03
1.643833333333333258e+03
1.544000000000000000e+03
1.588333333333333258e+03
1.611500000000000000e+03
1.697666666666666515e+03
1.631833333333333258e+03
1.648666666666666515e+03
1.615166666666666515e+03
1.633999999999999773e+03
1.579833333333333258e+03
1.602499999999999773e+03
1.582499999999999773e+03
1.575833333333333030e+03
1.518500000000000000e+03
1.582166666666666515e+03
1.620333333333333258e+03
1.660666666666666515e+03
1.549999999999999773e+03
1.558333333333333030e+03
1.545000000000000000e+03
1.591166666666666515e+03
1.555500000000000000e+03
1.606333333333333258e+03
1.621166666666666515e+03
1.624166666666666515e+03
1.533166666666666515e+03
1.553333333333333258e+03
1.573833333333333258e+03
1.615833333333333258e+03
1.588666666666666515e+03
1.657999999999999773e+03
1.681333333333333030e+03
1.652166666666666515e+03
1.503166666666666515e+03
1.536500000000000000e+03
1.584500000000000000e+03
1.653333333333333030e+03
1.594166666666666515e+03
1.605333333333333258e+03
1.559999999999999773e+03
1.532166666666666515e+03
1.416000000000000000e+03
1.454666666666666515e+03
1.483333333333333258e+03
1.564166666666666515e+03
1.539666666666666515e+03
1.573500000000000000e+03
1.545500000000000000e+03
1.549333333333333258e+03
1.450833333333333258e+03
1.473500000000000000e+03
1.444166666666666515e+03
1.447000000000000000e+03
1.398000000000000000e+03
1.509833333333333258e+03
1.595000000000000000e+03
1.650833333333333258e+03
1.578833333333333258e+03
1.603500000000000000e+03
1.585333333333333258e+03
1.558833333333333258e+03
1.467833333333333258e+03
1.518166666666666515e+03
1.556000000000000000e+03
1.579333333333333258e+03
1.483000000000000000e+03
1.501333333333333258e+03
1.501666666666666515e+03
1.497000000000000000e+03
1.406000000000000000e+03
1.466333333333333258e+03
1.519666666666666515e+03
1.565666666666666515e+03
1.475500000000000000e+03
1.517333333333333258e+03
1.513000000000000000e+03
1.504166666666666515e+03
1.441500000000000000e+03
1.531000000000000000e+03
1.600333333333333258e+03
1.624999999999999773e+03
1.546833333333333258e+03
1.569833333333333258e+03
1.567166666666666515e+03
1.546999999999999773e+03
1.511000000000000000e+03
1.565833333333333258e+03
1.591666666666666515e+03
1.565499999999999773e+03
1.461500000000000000e+03
1.487666666666666515e+03
1.489666666666666515e+03
1.519499999999999773e+03
1.455333333333333258e+03
1.468000000000000000e+03
1.455666666666666515e+03
1.499833333333333258e+03
1.461666666666666515e+03
1.519833333333333030e+03
1.467500000000000000e+03
1.455833333333333258e+03
1.385000000000000000e+03
1.464500000000000000e+03
1.499833333333333258e+03
1.529500000000000000e+03
1.443500000000000000e+03
1.475666666666666515e+03
1.447833333333333258e+03
1.446666666666666515e+03
1.368166666666666515e+03
1.412000000000000000e+03
1.408333333333333258e+03
1.396166666666666515e+03
1.324166666666666515e+03
1.391166666666666515e+03
1.435666666666666515e+03
1.465166666666666515e+03
1.388500000000000000e+03
1.421333333333333258e+03
1.455000000000000000e+03
1.525666666666666515e+03
1.459666666666666515e+03
1.466166666666666515e+03
1.431833333333333258e+03
1.443333333333333258e+03
1.373333333333333258e+03
1.404000000000000000e+03
1.419500000000000000e+03
1.434333333333333258e+03
1.386166666666666515e+03
1.458000000000000000e+03
1.500000000000000000e+03
1.517833333333333030e+03
1.450333333333333258e+03
1.494000000000000000e+03
1.487166666666666515e+03
1.450166666666666515e+03
1.328166666666666515e+03
1.388833333333333258e+03
1.439333333333333258e+03
1.485833333333333258e+03
1.403333333333333258e+03
1.420333333333333258e+03
1.398333333333333258e+03
1.417666666666666515e+03
1.330000000000000000e+03
1.363500000000000000e+03
1.350333333333333258e+03
1.370500000000000000e+03
1.323666666666666515e+03
1.385166666666666515e+03
1.392166666666666515e+03
1.387833333333333258e+03
1.312500000000000000e+03
1.401833333333333258e+03
1.457500000000000000e+03
1.477333333333333258e+03
1.402333333333333258e+03
1.455666666666666515e+03
1.499500000000000000e+03
1.526666666666666515e+03
1.419000000000000000e+03
1.446500000000000000e+03
1.458333333333333258e+03
1.477000000000000000e+03
1.375833333333333258e+03
1.368666666666666515e+03
1.352833333333333258e+03
1.354333333333333258e+03
1.277333333333333258e+03
1.321666666666666515e+03
1.321000000000000000e+03
1.339833333333333258e+03
1.291833333333333258e+03
1.374000000000000000e+03
1.413500000000000000e+03
1.446666666666666515e+03
1.337333333333333258e+03
1.377000000000000000e+03
1.429000000000000000e+03
1.509333333333333258e+03
1.402666666666666515e+03
1.380000000000000000e+03
1.368666666666666515e+03
1.441500000000000000e+03
1.392000000000000000e+03
1.417666666666666515e+03
1.424333333333333258e+03
1.443500000000000000e+03
1.346500000000000000e+03
1.369166666666666515e+03
1.391666666666666515e+03
1.464666666666666515e+03
1.386166666666666515e+03
1.421666666666666515e+03
1.395500000000000000e+03
1.533166666666666515e+03
1.762000000000000000e+03
1.865833333333333258e+03
1.756000000000000000e+03
1.461833333333333258e+03
1.323500000000000000e+03
1.351333333333333258e+03
1.356000000000000000e+03
1.408000000000000000e+03
1.346833333333333258e+03
1.376833333333333258e+03
1.346833333333333258e+03
1.338500000000000000e+03
1.266500000000000000e+03
1.321666666666666515e+03
1.372666666666666515e+03
1.424000000000000000e+03
1.343833333333333258e+03
1.360333333333333258e+03
1.354666666666666515e+03
1.393000000000000000e+03
1.343833333333333258e+03
1.388666666666666515e+03
1.427333333333333258e+03
1.465500000000000000e+03
1.403333333333333258e+03
1.419500000000000000e+03
1.426333333333333258e+03
1.427833333333333258e+03
1.346666666666666515e+03
1.365833333333333258e+03
1.385166666666666515e+03
1.420666666666666515e+03
1.346500000000000000e+03
1.368166666666666515e+03
1.379166666666666515e+03
1.420833333333333258e+03
1.350000000000000000e+03
1.367000000000000000e+03
1.371500000000000000e+03
1.411166666666666515e+03
1.330500000000000000e+03
1.368833333333333258e+03
1.361500000000000000e+03
1.398000000000000000e+03
1.334833333333333258e+03
1.429333333333333258e+03
1.458833333333333258e+03
1.468833333333333030e+03
1.337333333333333258e+03
1.346000000000000000e+03
1.344333333333333258e+03
1.381000000000000000e+03
1.304500000000000000e+03
1.331166666666666515e+03
1.342500000000000000e+03
1.372833333333333258e+03
1.317666666666666515e+03
1.362500000000000000e+03
1.368500000000000000e+03
1.374166666666666515e+03
1.278500000000000000e+03
1.310000000000000000e+03
1.346500000000000000e+03
1.409666666666666515e+03
1.346333333333333258e+03
1.355000000000000000e+03
1.340333333333333258e+03
1.368166666666666515e+03
1.322000000000000000e+03
1.378000000000000000e+03
1.357000000000000000e+03
1.337333333333333258e+03
1.258166666666666515e+03
1.344666666666666515e+03
1.406500000000000000e+03
1.436500000000000000e+03
1.364500000000000000e+03
1.385500000000000000e+03
1.385166666666666515e+03
1.403666666666666515e+03
1.323833333333333258e+03
1.330833333333333258e+03
1.307333333333333258e+03
1.338166666666666515e+03
1.285333333333333258e+03
1.326333333333333258e+03
1.316333333333333258e+03
1.360500000000000000e+03
1.315166666666666515e+03
1.399500000000000000e+03
1.403333333333333258e+03
1.408000000000000000e+03
1.279000000000000000e+03
1.305666666666666515e+03
1.316666666666666515e+03
1.350500000000000000e+03
1.291666666666666515e+03
1.353500000000000000e+03
1.373666666666666515e+03
1.383500000000000000e+03
1.303166666666666515e+03
1.355833333333333258e+03
1.377666666666666515e+03
1.415500000000000000e+03
1.360166666666666515e+03
1.355333333333333258e+03
1.319000000000000000e+03
1.337000000000000000e+03
1.304333333333333258e+03
1.379000000000000000e+03
1.364333333333333258e+03
1.402333333333333258e+03
1.340166666666666515e+03
1.366333333333333258e+03
1.366166666666666515e+03
1.392500000000000000e+03
1.333666666666666515e+03
1.380833333333333258e+03
1.409666666666666515e+03
1.440333333333333258e+03
1.366666666666666515e+03
1.367500000000000000e+03
1.381000000000000000e+03
1.411666666666666515e+03
1.332666666666666515e+03
1.375333333333333258e+03
1.356833333333333258e+03
1.378000000000000000e+03
1.305000000000000000e+03
1.399500000000000000e+03
1.447666666666666515e+03
1.444166666666666515e+03
1.334833333333333258e+03
1.372666666666666515e+03
1.396499999999999773e+03
1.416499999999999773e+03
1.303000000000000000e+03
1.352000000000000000e+03
1.321333333333333258e+03
1.359000000000000000e+03
1.293000000000000000e+03
1.379000000000000000e+03
1.407500000000000000e+03
1.448000000000000000e+03
1.364833333333333258e+03
1.372000000000000000e+03
1.334166666666666515e+03
1.320666666666666515e+03
1.251666666666666515e+03
1.303500000000000000e+03
1.327333333333333258e+03
1.344000000000000000e+03
1.272333333333333258e+03
1.338666666666666515e+03
1.354166666666666515e+03
1.356833333333333258e+03
1.256000000000000000e+03
1.339000000000000000e+03
1.398499999999999773e+03
1.434666666666666515e+03
1.314000000000000000e+03
1.317833333333333258e+03
1.302500000000000000e+03
1.333666666666666515e+03
1.272833333333333258e+03
1.346500000000000000e+03
1.352500000000000000e+03
1.375000000000000000e+03
1.296666666666666515e+03
1.331333333333333258e+03
1.321166666666666515e+03
1.307500000000000000e+03
1.210500000000000000e+03
1.255000000000000000e+03
1.291000000000000000e+03
1.336500000000000000e+03
1.269333333333333258e+03
1.338500000000000000e+03
1.359333333333333258e+03
1.364500000000000000e+03
1.264333333333333258e+03
1.298000000000000000e+03
1.329166666666666515e+03
1.343833333333333258e+03
1.283666666666666515e+03
1.326833333333333258e+03
1.347500000000000000e+03
1.372333333333333258e+03
1.295166666666666515e+03
1.374000000000000000e+03
1.379500000000000000e+03
1.389666666666666515e+03
1.265166666666666515e+03
1.314166666666666515e+03
1.310500000000000000e+03
1.306833333333333258e+03
1.203333333333333258e+03
1.282833333333333258e+03
1.363333333333333258e+03
1.421833333333333258e+03
1.330500000000000000e+03
1.340000000000000000e+03
1.314500000000000000e+03
1.327166666666666515e+03
1.207833333333333258e+03
1.249333333333333258e+03
1.277333333333333258e+03
1.346833333333333258e+03
1.285166666666666515e+03
1.375500000000000000e+03
1.396166666666666515e+03
1.396000000000000000e+03
1.249333333333333258e+03
1.269166666666666515e+03
1.279333333333333258e+03
1.315000000000000000e+03
1.252166666666666515e+03
1.330166666666666515e+03
1.335000000000000000e+03
1.366333333333333258e+03
1.274333333333333258e+03
1.312333333333333258e+03
1.300166666666666515e+03
1.320500000000000000e+03
1.241166666666666515e+03
1.279833333333333258e+03
1.273833333333333258e+03
1.312333333333333258e+03
1.270666666666666515e+03
1.353333333333333258e+03
1.369333333333333258e+03
1.355000000000000000e+03
1.242500000000000000e+03
1.267500000000000000e+03
1.256500000000000000e+03
1.288000000000000000e+03
1.229000000000000000e+03
1.289500000000000000e+03
1.325333333333333258e+03
1.373333333333333258e+03
1.305166666666666515e+03
1.357833333333333258e+03
1.349500000000000000e+03
1.380666666666666515e+03
1.260333333333333258e+03
1.309166666666666515e+03
1.316833333333333258e+03
1.348500000000000000e+03
1.254166666666666515e+03
1.287166666666666515e+03
1.289833333333333258e+03
1.300000000000000000e+03
1.235666666666666515e+03
1.304666666666666515e+03
1.321666666666666515e+03
1.318000000000000000e+03
1.244666666666666515e+03
1.306166666666666515e+03
1.357833333333333258e+03
1.374166666666666515e+03
1.283333333333333258e+03
1.336166666666666515e+03
1.341500000000000000e+03
1.385000000000000000e+03
1.303500000000000000e+03
1.359333333333333258e+03
1.365000000000000000e+03
1.374833333333333258e+03
1.271000000000000000e+03
1.279000000000000000e+03
1.279333333333333258e+03
1.319166666666666515e+03
1.254666666666666515e+03
1.323500000000000000e+03
1.342500000000000000e+03
1.361833333333333258e+03
1.249000000000000000e+03
1.279166666666666515e+03
1.322833333333333258e+03
1.363166666666666515e+03
1.298333333333333258e+03
1.323166666666666515e+03
1.327500000000000000e+03
1.320500000000000000e+03
1.251500000000000000e+03
1.317666666666666515e+03
1.349000000000000000e+03
1.383000000000000000e+03
1.320500000000000000e+03
1.400666666666666515e+03
1.399000000000000000e+03
1.389666666666666515e+03
1.263666666666666515e+03
1.290666666666666515e+03
1.314000000000000000e+03
1.350000000000000000e+03
1.276666666666666515e+03
1.325500000000000000e+03
1.328000000000000000e+03
1.338166666666666515e+03
1.215666666666666515e+03
1.250666666666666515e+03
1.301833333333333258e+03
1.360333333333333258e+03
1.285500000000000000e+03
1.328000000000000000e+03
1.338333333333333258e+03
1.370000000000000000e+03
1.248333333333333258e+03
1.311333333333333258e+03
1.318500000000000000e+03
1.342000000000000000e+03
1.233333333333333258e+03
1.302000000000000000e+03
1.324666666666666515e+03
1.339333333333333258e+03
1.192333333333333258e+03
1.215000000000000000e+03
1.256166666666666515e+03
1.350166666666666515e+03
1.306833333333333258e+03
1.351333333333333258e+03
1.347500000000000000e+03
1.350000000000000000e+03
1.231166666666666515e+03
1.294833333333333258e+03
1.335333333333333258e+03
1.414166666666666515e+03
1.324166666666666515e+03
1.371833333333333258e+03
1.305833333333333258e+03
1.287500000000000000e+03
1.230166666666666515e+03
1.349666666666666515e+03
1.390500000000000000e+03
1.384000000000000000e+03
1.246333333333333258e+03
1.316166666666666515e+03
1.357833333333333258e+03
1.385666666666666515e+03
1.277333333333333258e+03
1.305000000000000000e+03
1.338166666666666515e+03
1.339000000000000000e+03
1.251833333333333258e+03
1.323000000000000000e+03
1.362000000000000000e+03
1.380833333333333258e+03
1.283666666666666515e+03
1.323666666666666515e+03
1.331000000000000000e+03
1.359000000000000000e+03
1.277833333333333258e+03
1.324000000000000000e+03
1.304166666666666515e+03
1.304333333333333258e+03
1.200833333333333258e+03
1.263333333333333258e+03
1.306500000000000000e+03
1.351500000000000000e+03
1.294333333333333258e+03
1.365000000000000000e+03
1.371166666666666515e+03
1.386500000000000000e+03
1.293166666666666515e+03
1.344833333333333258e+03
1.319666666666666515e+03
1.296666666666666515e+03
1.217333333333333258e+03
1.318666666666666515e+03
1.372166666666666515e+03
1.382999999999999773e+03
1.266666666666666515e+03
1.312833333333333258e+03
1.339666666666666515e+03
1.362666666666666515e+03
1.260166666666666515e+03
1.309333333333333258e+03
1.312833333333333258e+03
1.310500000000000000e+03
1.201166666666666515e+03
1.248333333333333258e+03
1.289500000000000000e+03
1.320166666666666515e+03
1.259833333333333258e+03
1.316666666666666515e+03
1.330000000000000000e+03
1.335333333333333258e+03
1.221333333333333258e+03
1.232333333333333258e+03
1.197333333333333258e+03
1.214666666666666515e+03
1.178166666666666515e+03
1.302166666666666515e+03
1.352500000000000000e+03
1.387500000000000000e+03
1.296666666666666515e+03
1.355500000000000000e+03
1.356833333333333258e+03
1.382166666666666515e+03
1.287666666666666515e+03
1.348000000000000000e+03
1.336333333333333258e+03
1.349500000000000000e+03
1.240500000000000000e+03
1.295333333333333258e+03
1.280333333333333258e+03
1.306666666666666515e+03
1.238000000000000000e+03
1.345500000000000000e+03
1.344333333333333258e+03
1.319333333333333030e+03
1.192500000000000000e+03
1.251000000000000000e+03
1.281000000000000000e+03
1.303666666666666515e+03
1.249833333333333258e+03
1.324833333333333258e+03
1.351500000000000000e+03
1.354000000000000000e+03
1.245000000000000000e+03
1.302166666666666515e+03
1.319500000000000000e+03
1.376666666666666515e+03
1.318833333333333258e+03
1.373666666666666515e+03
1.356000000000000000e+03
1.322833333333333258e+03
1.227833333333333258e+03
1.306333333333333258e+03
1.369000000000000000e+03
1.396500000000000000e+03
1.304500000000000000e+03
1.352000000000000000e+03
1.339000000000000000e+03
1.338333333333333258e+03
1.230666666666666515e+03
1.326000000000000000e+03
1.331666666666666515e+03
1.322166666666666515e+03
1.208166666666666515e+03
1.286833333333333258e+03
1.334500000000000000e+03
1.379166666666666515e+03
1.266666666666666515e+03
1.308000000000000000e+03
1.308000000000000000e+03
1.358166666666666515e+03
1.265500000000000000e+03
1.316833333333333258e+03
1.307833333333333258e+03
1.321166666666666515e+03
1.232500000000000000e+03
1.278333333333333258e+03
1.302500000000000000e+03
1.311666666666666515e+03
1.213500000000000000e+03
1.270000000000000000e+03
1.269000000000000000e+03
1.294666666666666515e+03
1.212333333333333258e+03
1.300333333333333258e+03
1.329166666666666515e+03
1.329000000000000000e+03
1.231000000000000000e+03
1.289000000000000000e+03
1.324166666666666515e+03
1.328833333333333258e+03
1.229000000000000000e+03
1.272166666666666515e+03
1.326000000000000000e+03
1.390833333333333258e+03
1.338500000000000000e+03
1.381833333333333258e+03
1.361666666666666515e+03
1.357500000000000000e+03
1.245666666666666515e+03
1.286666666666666515e+03
1.304833333333333258e+03
1.317000000000000000e+03
1.244833333333333258e+03
1.317333333333333258e+03
1.360499999999999773e+03
1.407499999999999773e+03
1.266500000000000000e+03
1.301833333333333258e+03
1.270500000000000000e+03
1.289833333333333258e+03
1.196666666666666515e+03
1.255166666666666515e+03
1.287500000000000000e+03
1.312500000000000000e+03
1.213666666666666515e+03
1.251500000000000000e+03
1.246666666666666515e+03
1.242166666666666515e+03
1.171666666666666515e+03
1.285000000000000000e+03
1.356000000000000000e+03
1.368333333333333258e+03
1.253500000000000000e+03
1.314500000000000000e+03
1.319333333333333258e+03
1.354000000000000000e+03
1.220333333333333258e+03
1.269333333333333258e+03
1.249000000000000000e+03
1.290500000000000000e+03
1.220166666666666515e+03
1.254500000000000000e+03
1.265333333333333258e+03
1.298333333333333258e+03
1.239500000000000000e+03
1.295000000000000000e+03
1.309833333333333258e+03
1.317333333333333258e+03
1.195166666666666515e+03
1.236666666666666515e+03
1.257833333333333258e+03
1.291166666666666515e+03
1.194666666666666515e+03
1.267500000000000000e+03
1.321666666666666515e+03
1.350666666666666515e+03
1.239666666666666515e+03
1.274666666666666515e+03
1.310333333333333258e+03
1.327166666666666515e+03
1.273666666666666515e+03
1.314500000000000000e+03
1.336166666666666515e+03
1.327666666666666515e+03
1.236333333333333258e+03
1.308833333333333258e+03
1.363333333333333258e+03
1.375166666666666515e+03
1.275000000000000000e+03
1.320166666666666515e+03
1.315333333333333030e+03
1.313000000000000000e+03
1.168666666666666515e+03
1.260500000000000000e+03
1.294000000000000000e+03
1.339000000000000000e+03
1.247666666666666515e+03
1.295833333333333258e+03
1.289833333333333258e+03
1.311500000000000000e+03
1.250500000000000000e+03
1.302500000000000000e+03
1.299000000000000000e+03
1.319166666666666515e+03
1.242500000000000000e+03
1.318666666666666515e+03
1.351833333333333258e+03
1.437500000000000000e+03
1.340833333333333258e+03
1.356666666666666515e+03
1.308833333333333258e+03
1.344000000000000000e+03
1.249666666666666515e+03
1.288666666666666515e+03
1.257166666666666515e+03
1.287833333333333258e+03
1.219333333333333258e+03
1.310000000000000000e+03
1.330833333333333258e+03
1.370333333333333258e+03
1.310166666666666515e+03
1.361666666666666515e+03
1.354000000000000000e+03
1.327833333333333258e+03
1.221333333333333258e+03
1.293166666666666515e+03
1.342666666666666515e+03
1.400000000000000000e+03
1.310666666666666515e+03
1.345500000000000000e+03
1.358166666666666515e+03
1.399666666666666515e+03
1.285500000000000000e+03
1.305500000000000000e+03
1.268166666666666515e+03
1.278666666666666515e+03
1.197333333333333258e+03
1.275500000000000000e+03
1.302166666666666515e+03
1.313333333333333258e+03
1.194833333333333258e+03
1.260333333333333258e+03
1.240333333333333258e+03
1.237666666666666515e+03
1.162166666666666515e+03
1.269000000000000000e+03
1.323166666666666515e+03
1.343500000000000000e+03
1.244333333333333258e+03
1.266000000000000000e+03
1.249166666666666515e+03
1.285833333333333258e+03
1.245000000000000000e+03
1.292833333333333258e+03
1.263000000000000000e+03
1.288000000000000000e+03
1.240833333333333258e+03
1.350500000000000000e+03
1.352500000000000000e+03
1.369166666666666515e+03
1.251166666666666515e+03
1.303166666666666515e+03
1.303166666666666515e+03
1.310333333333333258e+03
1.225666666666666515e+03
1.297000000000000000e+03
1.297833333333333258e+03
1.283666666666666515e+03
1.164666666666666515e+03
1.228666666666666515e+03
1.248000000000000000e+03
1.273166666666666515e+03
1.185666666666666515e+03
1.230500000000000000e+03
1.242500000000000000e+03
1.256666666666666515e+03
1.206333333333333258e+03
1.257333333333333258e+03
1.275000000000000000e+03
1.287333333333333258e+03
1.220166666666666515e+03
1.264833333333333258e+03
1.259500000000000000e+03
1.297000000000000000e+03
1.232666666666666515e+03
1.311666666666666515e+03
1.297666666666666515e+03
1.345500000000000000e+03
1.271500000000000000e+03
1.324166666666666515e+03
1.303500000000000000e+03
1.325333333333333258e+03
1.237000000000000000e+03
1.291833333333333258e+03
1.293333333333333258e+03
1.332833333333333258e+03
1.270166666666666515e+03
1.296833333333333258e+03
1.279333333333333258e+03
1.325500000000000000e+03
1.307000000000000000e+03
1.385833333333333258e+03
1.366666666666666515e+03
1.349500000000000000e+03
1.293333333333333258e+03
1.356500000000000000e+03
1.491500000000000000e+03
1.832999999999999773e+03
1.771833333333333258e+03
1.692666666666666515e+03
1.292666666666666515e+03
1.256666666666666515e+03
1.191833333333333258e+03
1.301333333333333258e+03
1.324166666666666515e+03
1.327000000000000000e+03
1.243833333333333258e+03
1.296666666666666515e+03
1.293166666666666515e+03
1.303666666666666515e+03
1.208000000000000000e+03
1.252333333333333258e+03
1.246666666666666515e+03
1.249500000000000000e+03
1.210000000000000000e+03
1.280333333333333258e+03
1.316333333333333258e+03
1.304333333333333258e+03
1.194833333333333258e+03
1.194166666666666515e+03
1.167166666666666515e+03
1.221666666666666515e+03
1.214166666666666515e+03
1.343833333333333258e+03
1.353333333333333258e+03
1.367500000000000000e+03
1.253333333333333258e+03
1.278666666666666515e+03
1.287333333333333258e+03
1.312666666666666515e+03
1.254500000000000000e+03
1.272166666666666515e+03
1.270833333333333258e+03
1.300166666666666515e+03
1.259000000000000000e+03
1.309666666666666515e+03
1.291333333333333258e+03
1.277500000000000000e+03
1.187000000000000000e+03
1.245333333333333258e+03
1.262166666666666515e+03
1.290333333333333258e+03
1.238166666666666515e+03
1.292000000000000000e+03
1.314666666666666515e+03
1.329000000000000000e+03
1.266000000000000000e+03
1.310500000000000000e+03
1.287666666666666515e+03
1.302666666666666515e+03
1.217166666666666515e+03
1.256333333333333258e+03
1.225000000000000000e+03
1.254833333333333258e+03
1.203666666666666515e+03
1.292333333333333258e+03
1.318166666666666515e+03
1.365500000000000000e+03
1.268166666666666515e+03
1.311666666666666515e+03
1.325000000000000000e+03
1.361500000000000000e+03
1.272666666666666515e+03
1.281166666666666515e+03
1.265166666666666515e+03
1.272333333333333258e+03
1.196333333333333258e+03
1.250166666666666515e+03
1.268333333333333258e+03
1.303333333333333258e+03
1.236833333333333258e+03
1.272166666666666515e+03
1.280666666666666515e+03
1.348500000000000000e+03
1.269000000000000000e+03
1.285000000000000000e+03
1.253166666666666515e+03
1.296833333333333258e+03
1.267000000000000000e+03
1.341166666666666515e+03
1.343166666666666515e+03
1.371166666666666515e+03
1.281000000000000000e+03
1.317000000000000000e+03
1.288333333333333258e+03
1.315500000000000000e+03
1.246000000000000000e+03
1.308000000000000000e+03
1.285666666666666515e+03
1.329333333333333258e+03
1.259833333333333258e+03
1.294500000000000000e+03
1.259500000000000000e+03
1.278666666666666515e+03
1.208500000000000000e+03
1.266666666666666515e+03
1.247500000000000000e+03
1.291333333333333258e+03
1.197666666666666515e+03
1.213666666666666515e+03
1.221666666666666515e+03
1.279333333333333258e+03
1.260333333333333258e+03
1.300500000000000000e+03
1.300500000000000000e+03
1.307500000000000000e+03
1.236833333333333258e+03
1.301000000000000000e+03
1.338833333333333258e+03
1.382666666666666515e+03
1.308500000000000000e+03
1.327000000000000000e+03
1.286833333333333258e+03
1.284000000000000000e+03
1.190500000000000000e+03
1.249000000000000000e+03
1.256333333333333258e+03
1.333666666666666515e+03
1.298166666666666515e+03
1.361666666666666515e+03
1.345666666666666515e+03
1.340000000000000000e+03
1.253000000000000000e+03
1.293166666666666515e+03
1.281666666666666515e+03
1.329500000000000000e+03
1.277333333333333258e+03
1.334333333333333258e+03
1.302666666666666515e+03
1.287833333333333258e+03
1.214833333333333258e+03
1.264833333333333258e+03
1.267666666666666515e+03
1.299833333333333258e+03
1.233666666666666515e+03
1.271666666666666515e+03
1.260000000000000000e+03
1.270500000000000000e+03
1.204833333333333258e+03
1.263333333333333258e+03
1.285666666666666515e+03
1.345000000000000000e+03
1.293333333333333258e+03
1.320166666666666515e+03
1.310833333333333258e+03
1.339333333333333258e+03
1.280833333333333258e+03
1.321500000000000000e+03
1.284000000000000000e+03
1.314000000000000000e+03
1.245500000000000000e+03
1.318333333333333258e+03
1.301333333333333258e+03
1.314000000000000000e+03
1.183833333333333258e+03
1.209833333333333258e+03
1.202833333333333258e+03
1.270166666666666515e+03
1.219666666666666515e+03
1.278333333333333258e+03
1.251166666666666515e+03
1.280000000000000000e+03
1.198833333333333258e+03
1.255833333333333258e+03
1.241666666666666515e+03
1.247333333333333258e+03
1.188500000000000000e+03
1.250666666666666515e+03
1.254166666666666515e+03
1.274333333333333258e+03
1.186166666666666515e+03
1.227666666666666515e+03
1.243166666666666515e+03
1.293666666666666515e+03
1.233333333333333258e+03
1.277500000000000000e+03
1.283500000000000000e+03
1.336000000000000000e+03
1.247333333333333258e+03
1.257166666666666515e+03
1.226833333333333258e+03
1.251000000000000000e+03
1.188333333333333258e+03
1.247333333333333258e+03
1.277500000000000000e+03
1.369500000000000000e+03
1.337833333333333258e+03
1.388833333333333258e+03
1.348333333333333258e+03
1.353000000000000000e+03
1.288166666666666515e+03
1.293333333333333258e+03
1.270166666666666515e+03
1.277333333333333258e+03
1.244166666666666515e+03
1.293000000000000000e+03
1.257500000000000000e+03
1.257833333333333258e+03
1.184000000000000000e+03
1.251166666666666515e+03
1.258833333333333258e+03
1.282833333333333258e+03
1.210833333333333258e+03
1.267000000000000000e+03
1.284500000000000000e+03
1.309833333333333258e+03
1.237166666666666515e+03
1.277000000000000000e+03
1.287333333333333258e+03
1.299333333333333258e+03
1.202500000000000000e+03
1.223333333333333258e+03
1.244500000000000000e+03
1.281333333333333258e+03
1.212500000000000000e+03
1.246333333333333258e+03
1.283333333333333258e+03
1.335166666666666515e+03
1.276333333333333258e+03
1.260500000000000000e+03
1.244000000000000000e+03
1.280666666666666515e+03
1.264000000000000000e+03
1.298000000000000000e+03
1.256666666666666515e+03
1.250833333333333258e+03
1.176666666666666515e+03
1.226000000000000000e+03
1.239333333333333258e+03
1.313666666666666515e+03
1.301666666666666515e+03
1.345666666666666515e+03
1.298833333333333258e+03
1.280666666666666515e+03
1.225500000000000000e+03
1.270333333333333258e+03
1.277000000000000000e+03
1.312333333333333258e+03
1.264333333333333258e+03
1.291166666666666515e+03
1.269833333333333258e+03
1.310333333333333258e+03
1.241166666666666515e+03
1.242833333333333258e+03
1.234333333333333258e+03
1.314666666666666515e+03
1.292833333333333258e+03
1.321500000000000000e+03
1.289333333333333258e+03
1.295000000000000000e+03
1.229666666666666515e+03
1.279500000000000000e+03
1.266666666666666515e+03
1.260000000000000000e+03
1.156333333333333258e+03
1.213333333333333258e+03
1.221000000000000000e+03
1.258000000000000000e+03
1.196500000000000000e+03
1.244500000000000000e+03
1.258166666666666515e+03
1.300833333333333258e+03
1.273500000000000000e+03
1.336666666666666515e+03
1.331000000000000000e+03
1.335166666666666515e+03
1.225666666666666515e+03
1.239333333333333258e+03
1.223500000000000000e+03
1.256333333333333258e+03
1.198666666666666515e+03
1.246833333333333258e+03
1.281000000000000000e+03
1.371333333333333258e+03
1.329666666666666515e+03
1.326500000000000000e+03
1.268500000000000000e+03
1.317500000000000000e+03
1.298666666666666515e+03
1.377833333333333258e+03
1.326833333333333258e+03
1.307666666666666515e+03
1.200666666666666515e+03
1.260000000000000000e+03
1.271666666666666515e+03
1.312333333333333258e+03
1.232666666666666515e+03
1.276333333333333258e+03
1.260333333333333258e+03
1.284500000000000000e+03
1.212333333333333258e+03
1.271833333333333258e+03
1.265000000000000000e+03
1.284666666666666515e+03
1.211500000000000000e+03
1.250833333333333258e+03
1.268666666666666515e+03
1.278333333333333258e+03
1.219500000000000000e+03
1.223833333333333258e+03
1.217500000000000000e+03
1.249000000000000000e+03
1.217000000000000000e+03
1.277000000000000000e+03
1.261666666666666515e+03
1.281000000000000000e+03
1.193000000000000000e+03
1.243000000000000000e+03
1.236166666666666515e+03
1.290500000000000000e+03
1.260166666666666515e+03
1.320000000000000000e+03
1.321666666666666515e+03
1.345500000000000000e+03
1.266000000000000000e+03
1.276166666666666515e+03
1.241333333333333258e+03
1.273000000000000000e+03
1.209666666666666515e+03
1.245666666666666515e+03
1.223333333333333258e+03
1.263333333333333258e+03
1.198833333333333258e+03
1.273666666666666515e+03
1.291833333333333258e+03
1.351500000000000000e+03
1.268333333333333258e+03
1.299833333333333258e+03
1.278500000000000000e+03
1.304833333333333258e+03
1.208000000000000000e+03
1.228000000000000000e+03
1.233833333333333258e+03
1.290000000000000000e+03
1.235333333333333258e+03
1.255500000000000000e+03
1.250333333333333258e+03
1.319333333333333258e+03
1.263333333333333258e+03
1.281666666666666515e+03
1.221166666666666515e+03
1.239166666666666515e+03
1.200000000000000000e+03
1.244833333333333258e+03
1.257333333333333258e+03
1.280333333333333258e+03
1.235500000000000000e+03
1.266833333333333258e+03
1.267666666666666515e+03
1.306166666666666515e+03
1.242166666666666515e+03
1.246500000000000000e+03
1.201500000000000000e+03
1.222833333333333258e+03
1.189333333333333258e+03
1.269500000000000000e+03
1.272500000000000000e+03
1.307500000000000000e+03
1.230833333333333258e+03
1.284833333333333258e+03
1.288166666666666515e+03
1.327833333333333258e+03
1.262000000000000000e+03
1.292500000000000000e+03
1.299833333333333258e+03
1.356833333333333258e+03
1.292333333333333258e+03
1.294166666666666515e+03
1.236500000000000000e+03
1.253666666666666515e+03
1.197833333333333258e+03
1.247000000000000000e+03
1.264833333333333258e+03
1.340000000000000000e+03
1.274833333333333258e+03
1.263166666666666515e+03
1.206166666666666515e+03
1.255333333333333258e+03
1.218333333333333258e+03
1.277333333333333258e+03
1.246833333333333258e+03
1.274500000000000000e+03
1.221833333333333258e+03
1.309500000000000000e+03
1.310500000000000000e+03
1.327166666666666515e+03
1.222000000000000000e+03
1.238833333333333258e+03
1.231666666666666515e+03
1.262833333333333258e+03
1.208666666666666515e+03
1.240500000000000000e+03
1.234833333333333258e+03
1.265166666666666515e+03
1.187333333333333258e+03
1.215333333333333258e+03
1.235500000000000000e+03
1.283666666666666515e+03
1.242500000000000000e+03
1.276000000000000000e+03
1.274666666666666515e+03
1.309166666666666515e+03
1.255333333333333258e+03
1.293166666666666515e+03
1.279500000000000000e+03
1.291166666666666515e+03
1.234000000000000000e+03
1.285000000000000000e+03
1.263333333333333258e+03
1.274166666666666515e+03
1.175666666666666515e+03
1.218500000000000000e+03
1.218000000000000000e+03
1.286666666666666515e+03
1.238000000000000000e+03
1.301166666666666515e+03
1.274333333333333258e+03
1.308666666666666515e+03
1.242000000000000000e+03
1.256500000000000000e+03
1.254666666666666515e+03
1.341000000000000000e+03
1.315500000000000000e+03
1.329000000000000000e+03
1.263166666666666515e+03
1.296500000000000000e+03
1.261166666666666515e+03
1.277333333333333258e+03
1.282333333333333258e+03
1.336500000000000000e+03
1.293500000000000000e+03
1.275000000000000000e+03
1.195833333333333258e+03
1.215333333333333258e+03
1.202500000000000000e+03
1.293666666666666515e+03
1.292000000000000000e+03
1.346166666666666515e+03
1.276500000000000000e+03
1.305500000000000000e+03
1.257666666666666515e+03
1.292333333333333258e+03
1.240666666666666515e+03
1.264166666666666515e+03
1.233000000000000000e+03
1.243500000000000000e+03
1.180500000000000000e+03
1.228500000000000000e+03
1.213500000000000000e+03
1.266666666666666515e+03
1.202166666666666515e+03
1.248666666666666515e+03
1.207000000000000000e+03
1.261333333333333258e+03
1.231166666666666515e+03
1.278000000000000000e+03
1.256000000000000000e+03
1.277500000000000000e+03
1.226833333333333258e+03
1.259000000000000000e+03
1.228833333333333258e+03
1.261833333333333258e+03
1.214500000000000000e+03
1.278000000000000000e+03
1.279166666666666515e+03
1.318166666666666515e+03
1.269500000000000000e+03
1.304166666666666515e+03
1.265333333333333258e+03
1.257333333333333258e+03
1.187166666666666515e+03
1.217166666666666515e+03
1.235666666666666515e+03
1.303166666666666515e+03
1.260666666666666515e+03
1.291666666666666515e+03
1.234000000000000000e+03
1.243333333333333258e+03
1.162666666666666515e+03
1.229333333333333258e+03
1.239833333333333258e+03
1.290666666666666515e+03
1.223166666666666515e+03
1.247000000000000000e+03
1.215833333333333258e+03
1.266333333333333258e+03
1.248666666666666515e+03
1.342500000000000000e+03
1.322833333333333258e+03
1.355333333333333258e+03
1.260333333333333258e+03
1.281833333333333258e+03
1.245833333333333258e+03
1.284166666666666515e+03
1.245166666666666515e+03
1.258666666666666515e+03
1.253666666666666515e+03
1.297666666666666515e+03
1.269000000000000000e+03
1.273500000000000000e+03
1.223833333333333258e+03
1.254833333333333258e+03
1.212166666666666515e+03
1.262833333333333258e+03
1.253500000000000000e+03
1.276666666666666515e+03
1.213666666666666515e+03
1.259333333333333258e+03
1.270333333333333258e+03
1.313000000000000000e+03
1.235000000000000000e+03
1.244000000000000000e+03
1.217166666666666515e+03
1.267333333333333258e+03
1.203333333333333258e+03
1.228833333333333258e+03
1.186833333333333258e+03
1.253333333333333258e+03
1.208500000000000000e+03
1.256833333333333258e+03
1.222500000000000000e+03
1.260166666666666515e+03
1.203000000000000000e+03
1.251500000000000000e+03
1.260166666666666515e+03
1.304333333333333258e+03
1.269000000000000000e+03
1.291666666666666515e+03
1.290000000000000000e+03
1.285833333333333258e+03
1.216166666666666515e+03
1.234833333333333258e+03
1.251166666666666515e+03
1.278000000000000000e+03
1.201166666666666515e+03
1.196166666666666515e+03
1.175833333333333258e+03
1.210166666666666515e+03
1.192833333333333258e+03
1.263000000000000000e+03
1.288666666666666515e+03
1.354666666666666515e+03
1.339666666666666515e+03
1.373666666666666515e+03
1.306166666666666515e+03
1.255000000000000000e+03
1.171500000000000000e+03
1.231833333333333258e+03
1.274833333333333258e+03
1.366833333333333258e+03
1.295833333333333258e+03
1.304166666666666515e+03
1.242333333333333258e+03
1.280166666666666515e+03
1.222333333333333258e+03
1.232500000000000000e+03
1.210833333333333258e+03
1.241833333333333258e+03
1.209000000000000000e+03
1.251166666666666515e+03
1.247166666666666515e+03
1.267833333333333258e+03
1.181666666666666515e+03
1.188000000000000000e+03
1.173000000000000000e+03
1.198833333333333258e+03
1.178000000000000000e+03
1.255166666666666515e+03
1.280666666666666515e+03
1.330333333333333258e+03
1.246166666666666515e+03
1.292833333333333258e+03
1.322500000000000000e+03
1.366666666666666515e+03
1.325000000000000000e+03
1.288333333333333258e+03
1.261000000000000000e+03
1.286166666666666515e+03
1.249833333333333258e+03
1.287500000000000000e+03
1.259833333333333258e+03
1.315500000000000000e+03
1.246166666666666515e+03
1.257666666666666515e+03
1.199500000000000000e+03
1.237833333333333258e+03
1.216000000000000000e+03
1.262833333333333258e+03
1.264500000000000000e+03
1.274666666666666515e+03
1.240500000000000000e+03
1.310000000000000000e+03
1.323000000000000000e+03
1.330166666666666515e+03
1.244000000000000000e+03
1.252666666666666515e+03
1.257166666666666515e+03
1.306500000000000000e+03
1.240500000000000000e+03
1.246833333333333258e+03
1.196000000000000000e+03
1.268166666666666515e+03
1.221166666666666515e+03
1.265166666666666515e+03
1.233500000000000000e+03
1.302166666666666515e+03
1.259000000000000000e+03
1.270833333333333258e+03
1.193833333333333258e+03
1.227000000000000000e+03
1.197000000000000000e+03
1.279166666666666515e+03
1.248000000000000000e+03
1.284500000000000000e+03
1.218500000000000000e+03
1.269666666666666515e+03
1.267166666666666515e+03
1.308833333333333258e+03
1.254333333333333258e+03
1.251833333333333258e+03
1.231000000000000000e+03
1.265166666666666515e+03
1.205666666666666515e+03
1.207500000000000000e+03
1.185666666666666515e+03
1.232000000000000000e+03
1.197166666666666515e+03
1.241666666666666515e+03
1.235833333333333258e+03
1.277000000000000000e+03
1.232500000000000000e+03
1.274000000000000000e+03
1.280000000000000000e+03
1.309666666666666515e+03
1.246000000000000000e+03
1.245333333333333258e+03
1.207333333333333258e+03
1.278500000000000000e+03
1.280333333333333258e+03
1.377500000000000000e+03
1.335333333333333258e+03
1.322333333333333258e+03
1.210666666666666515e+03
1.239833333333333258e+03
1.217833333333333258e+03
1.279000000000000000e+03
1.253833333333333258e+03
1.315166666666666515e+03
1.276000000000000000e+03
1.280666666666666515e+03
1.226000000000000000e+03
1.281666666666666515e+03
1.289333333333333258e+03
1.317833333333333258e+03
1.262000000000000000e+03
1.293333333333333258e+03
1.249166666666666515e+03
1.263000000000000000e+03
1.223166666666666515e+03
1.311500000000000000e+03
1.318000000000000000e+03
1.339500000000000000e+03
1.282000000000000000e+03
1.326000000000000000e+03
1.314833333333333258e+03
1.357666666666666515e+03
1.269833333333333258e+03
1.263000000000000000e+03
1.184833333333333258e+03
1.231166666666666515e+03
1.194166666666666515e+03
1.257500000000000000e+03
1.244500000000000000e+03
1.292333333333333258e+03
1.235166666666666515e+03
1.250500000000000000e+03
1.243500000000000000e+03
1.302500000000000000e+03
1.274666666666666515e+03
1.314666666666666515e+03
1.294166666666666515e+03
1.324000000000000000e+03
1.277166666666666515e+03
1.298166666666666515e+03
1.266833333333333258e+03
1.282833333333333258e+03
1.268333333333333258e+03
1.327833333333333258e+03
1.305166666666666515e+03
1.301333333333333258e+03
1.223166666666666515e+03
1.241000000000000000e+03
1.214333333333333258e+03
1.271833333333333258e+03
1.239666666666666515e+03
1.277333333333333258e+03
1.252500000000000000e+03
1.277333333333333258e+03
1.216166666666666515e+03
1.255166666666666515e+03
1.228500000000000000e+03
1.280833333333333258e+03
1.231166666666666515e+03
1.295333333333333258e+03
1.263333333333333258e+03
1.269166666666666515e+03
1.190833333333333258e+03
1.213833333333333258e+03
1.197833333333333258e+03
1.229166666666666515e+03
1.234500000000000000e+03
1.281166666666666515e+03
1.235833333333333258e+03
1.234666666666666515e+03
1.195833333333333258e+03
1.264000000000000000e+03
1.260333333333333258e+03
1.280666666666666515e+03
1.240000000000000000e+03
1.284500000000000000e+03
1.279333333333333258e+03
1.336500000000000000e+03
1.278500000000000000e+03
1.293333333333333258e+03
1.262666666666666515e+03
1.282500000000000000e+03
1.244166666666666515e+03
1.294000000000000000e+03
1.308500000000000000e+03
1.348166666666666515e+03
1.251333333333333258e+03
1.273333333333333258e+03
1.281166666666666515e+03
1.366500000000000000e+03
1.304166666666666515e+03
1.302000000000000000e+03
1.280500000000000000e+03
1.339500000000000000e+03
1.315333333333333258e+03
1.322833333333333258e+03
1.264500000000000000e+03
1.263166666666666515e+03
1.225333333333333258e+03
1.280000000000000000e+03
1.262500000000000000e+03
1.291500000000000000e+03
1.219833333333333258e+03
1.246500000000000000e+03
1.218500000000000000e+03
1.256500000000000000e+03
1.239000000000000000e+03
1.265166666666666515e+03
1.219833333333333258e+03
1.249000000000000000e+03
1.229833333333333258e+03
1.318166666666666515e+03
1.322333333333333258e+03
1.345166666666666515e+03
1.287000000000000000e+03
1.313500000000000000e+03
1.289000000000000000e+03
1.298833333333333258e+03
1.224500000000000000e+03
1.256666666666666515e+03
1.256166666666666515e+03
1.318166666666666515e+03
1.245333333333333258e+03
1.278166666666666515e+03
1.235500000000000000e+03
1.310000000000000000e+03
1.292166666666666515e+03
1.317166666666666515e+03
1.307500000000000000e+03
1.310166666666666515e+03
1.257166666666666515e+03
1.265833333333333258e+03
1.242666666666666515e+03
1.289000000000000000e+03
1.235333333333333258e+03
1.239333333333333258e+03
1.216166666666666515e+03
1.255666666666666515e+03
1.259666666666666515e+03
1.309666666666666515e+03
1.289666666666666515e+03
1.305666666666666515e+03
1.228500000000000000e+03
1.224833333333333258e+03
1.178833333333333258e+03
1.221333333333333258e+03
1.202500000000000000e+03
1.236000000000000000e+03
1.225333333333333258e+03
1.301833333333333258e+03
1.306666666666666515e+03
1.364000000000000000e+03
1.277000000000000000e+03
1.270500000000000000e+03
1.205333333333333258e+03
1.277000000000000000e+03
1.263666666666666515e+03
1.276166666666666515e+03
1.220000000000000000e+03
1.263333333333333258e+03
1.265500000000000000e+03
1.304666666666666515e+03
1.254166666666666515e+03
1.289833333333333258e+03
1.280500000000000000e+03
1.323166666666666515e+03
1.258333333333333258e+03
1.243000000000000000e+03
1.196666666666666515e+03
1.220333333333333258e+03
1.203000000000000000e+03
1.250000000000000000e+03
1.219000000000000000e+03
1.218666666666666515e+03
1.137000000000000000e+03
1.162500000000000000e+03
1.158666666666666515e+03
1.219833333333333258e+03
1.192666666666666515e+03
1.215000000000000000e+03
1.156833333333333258e+03
1.177666666666666515e+03
1.150833333333333258e+03
1.224833333333333258e+03
1.234333333333333258e+03
1.304666666666666515e+03
1.259000000000000000e+03
1.304166666666666515e+03
1.236333333333333258e+03
1.242500000000000000e+03
1.185833333333333258e+03
1.244666666666666515e+03
1.261000000000000000e+03
1.304666666666666515e+03
1.271333333333333258e+03
1.312000000000000000e+03
1.291000000000000000e+03
1.300000000000000000e+03
1.230833333333333258e+03
1.259833333333333258e+03
1.269166666666666515e+03
1.314833333333333258e+03
1.287000000000000000e+03
1.317500000000000000e+03
1.300166666666666515e+03
1.284166666666666515e+03
1.224666666666666515e+03
1.235666666666666515e+03
1.239666666666666515e+03
1.262666666666666515e+03
1.236166666666666515e+03
1.285000000000000000e+03
1.265500000000000000e+03
1.319833333333333258e+03
1.264500000000000000e+03
1.277833333333333258e+03
1.203833333333333258e+03
1.218000000000000000e+03
1.185500000000000000e+03
1.250000000000000000e+03
1.243000000000000000e+03
1.277000000000000000e+03
1.208000000000000000e+03
1.225000000000000000e+03
1.204833333333333258e+03
1.241666666666666515e+03
1.201833333333333258e+03
1.237333333333333258e+03
1.230833333333333258e+03
1.287500000000000000e+03
1.217500000000000000e+03
1.220833333333333258e+03
1.209500000000000000e+03
1.288166666666666515e+03
1.248833333333333258e+03
1.231666666666666515e+03
1.190500000000000000e+03
1.249333333333333258e+03
1.236166666666666515e+03
1.252166666666666515e+03
1.223666666666666515e+03
1.249500000000000000e+03
1.252166666666666515e+03
1.298500000000000000e+03
1.295500000000000000e+03
1.318666666666666515e+03
1.261500000000000000e+03
1.256833333333333258e+03
1.226000000000000000e+03
1.276500000000000000e+03
1.255333333333333258e+03
1.282500000000000000e+03
1.266000000000000000e+03
1.293333333333333258e+03
1.246000000000000000e+03
1.223333333333333258e+03
1.197500000000000000e+03
1.257500000000000000e+03
1.298166666666666515e+03
1.368833333333333258e+03
1.316000000000000000e+03
1.293833333333333258e+03
1.221333333333333258e+03
1.248833333333333258e+03
1.239833333333333258e+03
1.276333333333333258e+03
1.278833333333333258e+03
1.305833333333333258e+03
1.266500000000000000e+03
1.240000000000000000e+03
1.225166666666666515e+03
1.250166666666666515e+03
1.229000000000000000e+03
1.219000000000000000e+03
1.184500000000000000e+03
1.196000000000000000e+03
1.181500000000000000e+03
1.220000000000000000e+03
1.213500000000000000e+03
1.238666666666666515e+03
1.202833333333333258e+03
1.239166666666666515e+03
1.219000000000000000e+03
1.279666666666666515e+03
1.251666666666666515e+03
1.274166666666666515e+03
1.208833333333333258e+03
1.215666666666666515e+03
1.178166666666666515e+03
1.202666666666666515e+03
1.189833333333333258e+03
1.221000000000000000e+03
1.178166666666666515e+03
1.198666666666666515e+03
1.167000000000000000e+03
1.233000000000000000e+03
1.219833333333333258e+03
1.273833333333333258e+03
1.266333333333333258e+03
1.325500000000000000e+03
1.270833333333333258e+03
1.283833333333333258e+03
1.187666666666666515e+03
1.208500000000000000e+03
1.162000000000000000e+03
1.217833333333333258e+03
1.190500000000000000e+03
1.202166666666666515e+03
1.168833333333333258e+03
1.217666666666666515e+03
1.212666666666666515e+03
1.211666666666666515e+03
1.180166666666666515e+03
1.208000000000000000e+03
1.201500000000000000e+03
1.237166666666666515e+03
1.200500000000000000e+03
1.254500000000000000e+03
1.225000000000000000e+03
1.252833333333333258e+03
1.199833333333333258e+03
1.190166666666666515e+03
1.157333333333333258e+03
1.195666666666666515e+03
1.173166666666666515e+03
1.202000000000000000e+03
1.166833333333333258e+03
1.197666666666666515e+03
1.200500000000000000e+03
1.267333333333333258e+03
1.241333333333333258e+03
1.203166666666666515e+03
1.137000000000000000e+03
1.200000000000000000e+03
1.218333333333333258e+03
1.270500000000000000e+03
1.226833333333333258e+03
1.220833333333333258e+03
1.171500000000000000e+03
1.179166666666666515e+03
1.187333333333333258e+03
1.231500000000000000e+03
1.198666666666666515e+03
1.223166666666666515e+03
1.214333333333333258e+03
1.288166666666666515e+03
1.283333333333333258e+03
1.312333333333333258e+03
1.264000000000000000e+03
1.291833333333333258e+03
1.255500000000000000e+03
1.248666666666666515e+03
1.182333333333333258e+03
1.212833333333333258e+03
1.231500000000000000e+03
1.274333333333333258e+03
1.233833333333333258e+03
1.278666666666666515e+03
1.265666666666666515e+03
1.280833333333333258e+03
1.232500000000000000e+03
1.292666666666666515e+03
1.286333333333333258e+03
1.316166666666666515e+03
1.267166666666666515e+03
1.300500000000000000e+03
1.258000000000000000e+03
1.282166666666666515e+03
1.241500000000000000e+03
1.292833333333333258e+03
1.266000000000000000e+03
1.318166666666666515e+03
1.307333333333333258e+03
1.334166666666666515e+03
1.277500000000000000e+03
1.281333333333333258e+03
1.238666666666666515e+03
1.293500000000000000e+03
1.269000000000000000e+03
1.280666666666666515e+03
1.219166666666666515e+03
1.242333333333333258e+03
1.205500000000000000e+03
1.215500000000000000e+03
1.185166666666666515e+03
1.247000000000000000e+03
1.214166666666666515e+03
1.225500000000000000e+03
1.192666666666666515e+03
1.246000000000000000e+03
1.218833333333333258e+03
1.239166666666666515e+03
1.234500000000000000e+03
1.273000000000000000e+03
1.251666666666666515e+03
1.266666666666666515e+03
1.246500000000000000e+03
1.300000000000000000e+03
1.266166666666666515e+03
1.291500000000000000e+03
1.277166666666666515e+03
1.327666666666666515e+03
1.322166666666666515e+03
1.316166666666666515e+03
1.293833333333333258e+03
1.317666666666666515e+03
1.293833333333333258e+03
1.314333333333333258e+03
1.264333333333333258e+03
1.294333333333333258e+03
1.285333333333333258e+03
1.351000000000000000e+03
1.319500000000000000e+03
1.341000000000000000e+03
1.280666666666666515e+03
1.280833333333333258e+03
1.231333333333333258e+03
1.245166666666666515e+03
1.215500000000000000e+03
1.222500000000000000e+03
1.202833333333333258e+03
1.260666666666666515e+03
1.229000000000000000e+03
1.247000000000000000e+03
1.227500000000000000e+03
1.264000000000000000e+03
1.237000000000000000e+03
1.251666666666666515e+03
1.253500000000000000e+03
1.329833333333333258e+03
1.323333333333333258e+03
1.319666666666666515e+03
1.271500000000000000e+03
1.316833333333333258e+03
1.319166666666666515e+03
1.323166666666666515e+03
1.239833333333333258e+03
1.282833333333333258e+03
1.266833333333333258e+03
1.305000000000000000e+03
1.234333333333333258e+03
1.262166666666666515e+03
1.232333333333333258e+03
1.279000000000000000e+03
1.253666666666666515e+03
1.333000000000000000e+03
1.313666666666666515e+03
1.359166666666666515e+03
1.315000000000000000e+03
1.331500000000000000e+03
1.254500000000000000e+03
1.246666666666666515e+03
1.245500000000000000e+03
1.343166666666666515e+03
1.352666666666666515e+03
1.325833333333333258e+03
1.270500000000000000e+03
1.297166666666666515e+03
1.312833333333333258e+03
1.347833333333333258e+03
1.269833333333333258e+03
1.272000000000000000e+03
1.217000000000000000e+03
1.268333333333333258e+03
1.258166666666666515e+03
1.328833333333333258e+03
1.311833333333333258e+03
1.333833333333333258e+03
1.272333333333333258e+03
1.306333333333333258e+03
1.218333333333333258e+03
1.202500000000000000e+03
1.145666666666666515e+03
1.217333333333333258e+03
1.231833333333333258e+03
1.259666666666666515e+03
1.217833333333333258e+03
1.242500000000000000e+03
1.221000000000000000e+03
1.260833333333333258e+03
1.200000000000000000e+03
1.223333333333333258e+03
7.993333333333332575e+02
