4.575190042075736301e+02
5.840190042075736301e+02
2.795190042075736301e+02
3.843523375409070013e+02
7.955190042075736301e+02
1.115519004207573744e+03
1.248352337540907001e+03
1.062519004207573744e+03
1.108352337540907001e+03
1.176352337540907001e+03
1.181352337540907001e+03
1.051185670874240259e+03
1.161519004207573744e+03
1.281685670874240259e+03
1.292019004207573744e+03
1.116352337540907001e+03
1.175852337540907001e+03
1.270185670874240259e+03
1.322185670874240259e+03
1.172685670874240259e+03
1.331685670874240259e+03
1.434185670874240259e+03
1.446519004207573516e+03
1.215519004207573516e+03
1.291019004207573744e+03
1.347685670874240259e+03
1.346019004207573744e+03
1.159352337540907001e+03
1.257685670874240259e+03
1.341019004207573744e+03
1.349852337540907001e+03
1.188519004207573744e+03
1.318852337540907001e+03
1.372185670874240259e+03
1.377185670874240259e+03
1.168519004207573744e+03
1.267852337540907001e+03
1.340519004207573744e+03
1.324852337540907001e+03
1.161685670874240259e+03
1.268352337540907001e+03
1.368852337540907001e+03
1.359185670874240259e+03
1.172352337540907001e+03
1.260352337540907001e+03
1.358685670874240259e+03
1.386185670874240259e+03
1.270185670874240259e+03
1.390685670874240259e+03
1.445185670874240259e+03
1.371685670874240259e+03
1.154352337540907001e+03
1.277852337540907001e+03
1.384185670874240259e+03
1.411352337540907001e+03
1.229019004207573744e+03
1.315352337540907001e+03
1.345852337540907001e+03
1.334852337540906774e+03
1.158519004207573744e+03
1.286685670874240259e+03
1.379685670874240259e+03
1.382352337540907001e+03
1.186519004207573744e+03
1.280352337540907001e+03
1.367852337540907001e+03
1.351519004207573744e+03
1.184685670874240259e+03
1.308019004207573744e+03
1.427019004207573744e+03
1.435185670874240259e+03
1.259852337540907001e+03
1.374519004207573744e+03
1.433685670874240259e+03
1.412352337540906774e+03
1.238185670874240259e+03
1.342352337540907001e+03
1.410019004207573516e+03
1.354852337540907001e+03
1.188519004207573744e+03
1.279685670874240259e+03
1.352185670874240259e+03
1.320852337540907001e+03
1.139019004207573744e+03
1.225019004207573744e+03
1.309352337540907001e+03
1.315352337540906774e+03
1.189852337540907001e+03
1.292019004207573744e+03
1.352519004207573744e+03
1.355352337540906774e+03
1.177852337540907001e+03
1.298519004207573744e+03
1.372352337540907001e+03
1.368019004207573744e+03
1.243685670874240259e+03
1.362685670874240259e+03
1.437519004207573744e+03
1.376685670874240259e+03
1.171352337540907001e+03
1.277019004207573744e+03
1.354685670874240259e+03
1.346852337540907001e+03
1.159185670874240259e+03
1.261519004207573744e+03
1.317852337540907001e+03
1.319352337540907001e+03
1.151019004207573744e+03
1.279685670874240259e+03
1.360852337540906774e+03
1.367852337540907001e+03
1.188185670874240259e+03
1.319685670874240259e+03
1.426019004207573744e+03
1.443685670874240259e+03
1.243852337540907001e+03
1.299019004207573744e+03
1.340185670874240259e+03
1.324185670874240259e+03
1.152185670874240259e+03
1.272019004207573744e+03
1.358019004207573516e+03
1.366852337540906774e+03
1.175352337540907001e+03
1.264519004207573744e+03
1.306852337540907001e+03
1.287185670874240259e+03
1.124352337540907001e+03
1.270352337540907001e+03
1.381685670874240259e+03
1.349852337540907001e+03
1.125185670874240259e+03
1.227185670874240259e+03
1.349852337540907001e+03
1.374852337540907001e+03
1.199352337540907001e+03
1.264352337540907001e+03
1.334019004207573744e+03
1.312685670874240259e+03
1.150685670874240259e+03
1.259185670874240259e+03
1.384185670874240259e+03
1.420852337540906774e+03
1.238352337540907001e+03
1.266185670874240259e+03
1.319852337540907001e+03
1.347519004207573744e+03
1.204685670874240259e+03
1.257352337540907001e+03
1.311352337540907001e+03
1.330519004207573744e+03
1.203352337540907001e+03
1.299685670874240259e+03
1.356019004207573744e+03
1.340185670874240259e+03
1.171852337540907001e+03
1.268019004207573744e+03
1.358852337540907001e+03
1.374519004207573516e+03
1.214852337540907001e+03
1.263852337540907001e+03
1.308685670874240259e+03
1.298519004207573744e+03
1.172019004207573744e+03
1.268185670874240259e+03
1.328852337540906774e+03
1.340019004207573744e+03
1.201019004207573744e+03
1.315352337540907001e+03
1.377852337540907001e+03
1.349185670874240259e+03
1.163852337540907001e+03
1.221685670874240259e+03
1.314685670874240259e+03
1.369685670874240259e+03
1.223519004207573744e+03
1.286352337540907001e+03
1.337019004207573744e+03
1.369185670874240259e+03
1.226185670874240259e+03
1.316019004207573744e+03
1.351519004207573744e+03
1.333352337540907001e+03
1.167185670874240259e+03
1.284185670874240259e+03
1.353019004207573744e+03
1.346019004207573744e+03
1.149852337540907001e+03
1.269019004207573744e+03
1.333019004207573744e+03
1.318685670874240259e+03
1.156519004207573744e+03
1.254352337540907001e+03
1.355852337540907001e+03
1.379185670874240259e+03
1.224019004207573744e+03
1.299852337540907001e+03
1.331519004207573744e+03
1.329019004207573744e+03
1.202352337540907001e+03
1.326019004207573744e+03
1.381352337540907001e+03
1.385352337540907001e+03
1.203019004207573744e+03
1.274352337540907001e+03
1.308852337540907001e+03
1.321185670874240259e+03
1.206519004207573744e+03
1.332019004207573744e+03
1.382685670874240259e+03
1.357519004207573744e+03
1.181519004207573744e+03
1.279852337540907001e+03
1.344852337540907001e+03
1.282685670874240259e+03
1.091352337540907001e+03
1.218185670874240259e+03
1.387519004207573744e+03
1.440852337540907001e+03
1.240685670874240259e+03
1.271352337540907001e+03
1.312185670874240259e+03
1.324852337540907001e+03
1.173685670874240259e+03
1.266519004207573744e+03
1.352019004207573744e+03
1.385852337540907001e+03
1.229685670874240259e+03
1.306852337540907001e+03
1.349185670874240259e+03
1.360519004207573744e+03
1.217352337540907001e+03
1.279352337540907001e+03
1.290519004207573516e+03
1.285685670874240259e+03
1.163019004207573744e+03
1.307352337540907001e+03
1.339685670874240259e+03
1.335019004207573744e+03
1.167019004207573744e+03
1.286519004207573744e+03
1.335685670874240259e+03
1.302019004207573744e+03
1.123852337540907001e+03
1.212685670874240259e+03
1.292852337540907001e+03
1.278852337540907001e+03
1.122185670874240259e+03
1.231352337540907001e+03
1.324852337540906774e+03
1.339685670874240259e+03
1.178019004207573744e+03
1.288852337540907001e+03
1.348185670874240259e+03
1.359852337540907001e+03
1.205685670874240259e+03
1.299352337540907001e+03
1.337185670874240259e+03
1.321019004207573744e+03
1.146185670874240259e+03
1.222685670874240259e+03
1.296185670874240259e+03
1.343685670874240259e+03
1.235519004207573744e+03
1.335685670874240259e+03
1.371019004207573744e+03
1.358352337540907001e+03
1.161685670874240259e+03
1.228685670874240259e+03
1.276685670874240259e+03
1.295019004207573744e+03
1.163852337540907001e+03
1.281019004207573744e+03
1.314685670874240259e+03
1.296852337540907001e+03
1.112185670874240259e+03
1.217185670874240259e+03
1.284019004207573744e+03
1.284519004207573744e+03
1.126685670874240259e+03
1.257685670874240259e+03
1.346685670874240259e+03
1.364185670874240259e+03
1.169019004207573744e+03
1.239519004207573744e+03
1.327019004207573516e+03
1.388685670874240259e+03
1.241519004207573744e+03
1.299519004207573744e+03
1.300852337540907001e+03
1.319352337540906774e+03
1.183185670874240259e+03
1.267519004207573744e+03
1.303185670874240259e+03
1.306352337540907001e+03
1.201685670874240259e+03
1.322519004207573744e+03
1.385185670874240259e+03
1.378519004207573516e+03
1.191852337540907001e+03
1.258352337540907001e+03
1.305685670874240259e+03
1.292852337540907001e+03
1.164352337540907001e+03
1.256519004207573744e+03
1.335852337540907001e+03
1.314185670874240259e+03
1.178185670874240259e+03
1.278352337540907001e+03
1.362519004207573744e+03
1.369185670874240259e+03
1.249685670874240259e+03
1.313852337540907001e+03
1.310185670874240259e+03
1.261519004207573744e+03
1.134185670874240259e+03
1.279519004207573744e+03
1.339519004207573744e+03
1.335352337540907001e+03
1.126352337540907001e+03
1.177352337540907001e+03
1.196519004207573744e+03
1.205685670874240259e+03
1.098519004207573744e+03
1.189852337540907001e+03
1.272019004207573744e+03
1.283352337540907001e+03
1.148352337540907001e+03
1.207019004207573744e+03
1.251019004207573744e+03
1.263519004207573744e+03
1.138852337540907001e+03
1.224352337540907001e+03
1.311019004207573744e+03
1.336852337540907001e+03
1.231519004207573744e+03
1.281519004207573744e+03
1.331185670874240259e+03
1.346185670874240259e+03
1.227352337540907001e+03
1.282352337540907001e+03
1.292519004207573744e+03
1.293185670874240259e+03
1.187685670874240259e+03
1.284852337540907001e+03
1.315852337540907001e+03
1.286685670874240259e+03
1.142185670874240259e+03
1.258352337540907001e+03
1.355519004207573744e+03
1.352852337540907001e+03
1.189352337540907001e+03
1.256352337540907001e+03
1.307185670874240259e+03
1.313852337540907001e+03
1.127852337540907001e+03
1.195185670874240259e+03
1.251185670874240259e+03
1.309685670874240259e+03
1.190685670874240259e+03
1.233519004207573744e+03
1.265852337540907001e+03
1.261185670874240259e+03
1.151685670874240259e+03
1.229685670874240259e+03
1.291852337540906774e+03
1.340519004207573744e+03
1.228352337540907001e+03
1.326519004207573744e+03
1.319352337540907001e+03
1.289852337540906774e+03
1.117019004207573744e+03
1.188685670874240259e+03
1.263852337540907001e+03
1.342019004207573744e+03
1.257185670874240259e+03
1.328019004207573744e+03
1.300185670874240259e+03
1.289019004207573744e+03
1.174185670874240259e+03
1.267519004207573744e+03
1.295685670874240259e+03
1.274352337540907001e+03
1.131352337540907001e+03
1.208852337540907001e+03
1.257352337540907001e+03
1.289685670874240259e+03
1.179352337540907001e+03
1.244185670874240259e+03
1.267019004207573516e+03
1.238185670874240259e+03
1.093185670874240259e+03
1.168185670874240259e+03
1.227852337540906774e+03
1.251185670874240259e+03
1.128352337540907001e+03
1.190519004207573744e+03
1.229852337540907001e+03
1.250185670874240259e+03
1.157185670874240259e+03
1.290685670874240259e+03
1.316685670874240259e+03
1.287685670874240259e+03
1.119852337540907001e+03
1.205852337540907001e+03
1.258519004207573744e+03
1.276019004207573744e+03
1.176519004207573744e+03
1.266519004207573744e+03
1.274185670874240259e+03
1.266685670874240259e+03
1.162519004207573744e+03
1.278519004207573744e+03
1.323185670874240259e+03
1.346019004207573744e+03
1.238519004207573744e+03
1.301185670874240259e+03
1.299852337540907001e+03
1.277685670874240259e+03
1.150519004207573744e+03
1.205685670874240259e+03
1.218352337540907001e+03
1.239352337540907001e+03
1.168185670874240259e+03
1.277352337540907001e+03
1.292685670874240259e+03
1.279185670874240259e+03
1.161685670874240259e+03
1.261852337540907001e+03
1.314519004207573744e+03
1.345352337540907001e+03
1.192185670874240259e+03
1.256519004207573744e+03
1.267352337540906774e+03
1.310852337540907001e+03
1.185685670874240259e+03
1.231852337540907001e+03
1.210352337540907001e+03
1.215352337540907001e+03
1.139019004207573744e+03
1.238352337540907001e+03
1.260519004207573744e+03
1.251685670874240259e+03
1.140852337540907001e+03
1.211852337540907001e+03
1.236852337540907001e+03
1.279352337540907001e+03
1.220685670874240259e+03
1.292352337540907001e+03
1.294685670874240259e+03
1.285852337540907001e+03
1.188685670874240259e+03
1.264685670874240259e+03
1.301352337540907001e+03
1.290185670874240259e+03
1.195352337540907001e+03
1.228852337540907001e+03
1.294185670874240259e+03
1.344685670874240259e+03
1.249519004207573744e+03
1.294185670874240259e+03
1.278185670874240259e+03
1.301352337540907001e+03
1.193352337540907001e+03
1.265685670874240259e+03
1.283685670874240259e+03
1.292519004207573744e+03
1.178019004207573744e+03
1.244019004207573744e+03
1.285185670874240259e+03
1.306852337540907001e+03
1.188185670874240259e+03
1.225852337540907001e+03
1.242519004207573744e+03
1.251685670874240259e+03
1.141685670874240259e+03
1.203019004207573744e+03
1.248352337540907001e+03
1.286185670874240259e+03
1.195019004207573744e+03
1.272185670874240259e+03
1.305019004207573744e+03
1.321519004207573744e+03
1.182352337540907001e+03
1.212185670874240259e+03
1.213019004207573744e+03
1.251185670874240259e+03
1.160185670874240259e+03
1.208519004207573744e+03
1.182019004207573744e+03
1.197519004207573744e+03
1.118519004207573744e+03
1.210019004207573744e+03
1.258019004207573744e+03
1.293352337540907001e+03
1.208185670874240259e+03
1.257685670874240259e+03
1.248185670874240259e+03
1.260185670874240259e+03
1.139519004207573744e+03
1.208352337540907001e+03
1.249519004207573744e+03
1.289519004207573744e+03
1.182685670874240259e+03
1.226185670874240259e+03
1.235352337540907001e+03
1.257519004207573744e+03
1.179019004207573744e+03
1.273019004207573744e+03
1.308685670874240259e+03
1.294519004207573744e+03
1.171519004207573744e+03
1.261352337540907001e+03
1.316519004207573744e+03
1.381019004207573744e+03
1.242185670874240259e+03
1.243352337540907001e+03
1.202185670874240259e+03
1.232352337540907001e+03
1.170019004207573744e+03
1.239519004207573744e+03
1.257852337540907001e+03
1.305852337540907001e+03
1.216019004207573744e+03
1.258685670874240259e+03
1.231519004207573744e+03
1.241185670874240259e+03
1.148019004207573744e+03
1.211352337540907001e+03
1.209519004207573744e+03
1.217685670874240259e+03
1.131685670874240259e+03
1.233019004207573744e+03
1.295352337540907001e+03
1.339185670874240259e+03
1.246019004207573744e+03
1.262519004207573744e+03
1.238019004207573744e+03
1.232352337540907001e+03
1.165685670874240259e+03
1.240019004207573744e+03
1.256852337540907001e+03
1.265019004207573744e+03
1.169852337540907001e+03
1.245519004207573744e+03
1.265685670874240259e+03
1.313685670874240259e+03
1.229185670874240259e+03
1.282685670874240259e+03
1.282019004207573744e+03
1.324685670874240259e+03
1.241019004207573744e+03
1.298685670874240259e+03
1.255685670874240259e+03
1.253185670874240259e+03
1.115352337540907001e+03
1.195852337540907001e+03
1.231352337540907001e+03
1.304019004207573744e+03
1.214185670874240259e+03
1.276519004207573744e+03
1.280019004207573516e+03
1.281019004207573516e+03
1.187019004207573744e+03
1.256852337540907001e+03
1.285685670874240259e+03
1.310685670874240259e+03
1.220352337540907001e+03
1.299019004207573744e+03
1.281019004207573516e+03
1.278852337540906774e+03
1.137685670874240259e+03
1.231519004207573744e+03
1.279852337540907001e+03
1.373019004207573744e+03
1.298019004207573744e+03
1.337019004207573744e+03
1.297852337540907001e+03
1.277685670874240259e+03
1.159519004207573744e+03
1.215852337540907001e+03
1.233519004207573744e+03
1.272185670874240259e+03
1.183185670874240259e+03
1.215352337540907001e+03
1.213185670874240259e+03
1.242352337540907001e+03
1.167185670874240259e+03
1.210685670874240259e+03
1.178019004207573744e+03
1.193852337540907001e+03
1.138185670874240259e+03
1.223685670874240259e+03
1.233019004207573744e+03
1.272685670874240259e+03
1.207019004207573744e+03
1.312019004207573744e+03
1.323685670874240259e+03
1.364019004207573744e+03
1.265685670874240259e+03
1.287019004207573744e+03
1.270685670874240259e+03
1.280019004207573744e+03
1.210519004207573744e+03
1.260352337540907001e+03
1.247019004207573744e+03
1.283352337540907001e+03
1.246852337540907001e+03
1.352019004207573744e+03
1.331352337540907001e+03
1.311685670874240259e+03
1.204352337540907001e+03
1.273185670874240259e+03
1.279519004207573744e+03
1.250685670874240259e+03
1.140019004207573744e+03
1.192019004207573744e+03
1.227352337540907001e+03
1.252352337540907001e+03
1.165352337540907001e+03
1.194352337540907001e+03
1.181185670874240259e+03
1.196519004207573744e+03
1.130852337540907001e+03
1.201852337540907001e+03
1.219685670874240259e+03
1.266185670874240259e+03
1.173519004207573744e+03
1.203185670874240259e+03
1.216519004207573744e+03
1.287685670874240259e+03
1.217019004207573744e+03
1.245019004207573744e+03
1.227685670874240259e+03
1.274852337540907001e+03
1.213852337540907001e+03
1.268352337540907001e+03
1.255352337540907001e+03
1.282519004207573744e+03
1.216852337540907001e+03
1.289019004207573744e+03
1.264352337540907001e+03
1.254019004207573744e+03
1.156852337540907001e+03
1.227519004207573744e+03
1.277019004207573744e+03
1.347352337540907001e+03
1.286352337540907001e+03
1.320852337540907001e+03
1.271519004207573744e+03
1.301185670874240259e+03
1.208352337540907001e+03
1.243352337540907001e+03
1.212685670874240259e+03
1.258352337540907001e+03
1.211685670874240259e+03
1.280019004207573744e+03
1.270185670874240259e+03
1.302852337540907001e+03
1.176185670874240259e+03
1.181185670874240259e+03
1.172685670874240259e+03
1.259852337540907001e+03
1.244352337540907001e+03
1.302685670874240259e+03
1.273852337540907001e+03
1.315185670874240259e+03
1.231185670874240259e+03
1.293185670874240259e+03
1.237852337540907001e+03
1.261852337540907001e+03
1.162019004207573744e+03
1.224852337540907001e+03
1.211519004207573744e+03
1.285185670874240259e+03
1.245685670874240259e+03
1.303019004207573744e+03
1.264019004207573744e+03
1.262852337540907001e+03
1.172852337540907001e+03
1.248852337540907001e+03
1.253852337540907001e+03
1.326685670874240259e+03
1.228352337540907001e+03
1.281352337540907001e+03
1.280185670874240259e+03
1.375852337540907001e+03
1.320519004207573744e+03
1.355685670874240259e+03
1.295019004207573744e+03
1.300852337540907001e+03
1.194852337540907001e+03
1.202185670874240259e+03
1.171019004207573744e+03
1.173519004207573744e+03
1.158852337540907001e+03
1.246185670874240259e+03
1.267685670874240259e+03
1.274185670874240259e+03
1.154185670874240259e+03
1.188852337540907001e+03
1.175019004207573744e+03
1.248019004207573744e+03
1.197185670874240259e+03
1.281185670874240259e+03
1.248019004207573744e+03
1.258185670874240259e+03
1.164852337540907001e+03
1.257519004207573744e+03
1.298852337540907001e+03
1.306352337540907001e+03
1.184352337540907001e+03
1.199685670874240259e+03
1.233519004207573744e+03
1.264852337540907001e+03
1.184685670874240259e+03
1.217519004207573744e+03
1.229019004207573744e+03
1.284685670874240259e+03
1.186019004207573744e+03
1.232019004207573744e+03
1.233019004207573744e+03
1.282685670874240259e+03
1.225519004207573744e+03
1.257352337540907001e+03
1.267519004207573744e+03
1.301019004207573744e+03
1.217185670874240259e+03
1.212352337540907001e+03
1.169019004207573744e+03
1.195852337540907001e+03
1.150352337540907001e+03
1.182019004207573744e+03
1.201352337540907001e+03
1.262852337540907001e+03
1.212019004207573744e+03
1.289019004207573744e+03
1.301185670874240259e+03
1.361852337540907001e+03
1.237852337540907001e+03
1.231352337540907001e+03
1.184519004207573744e+03
1.205352337540907001e+03
1.116019004207573744e+03
1.188685670874240259e+03
1.238852337540907001e+03
1.285519004207573744e+03
1.160852337540907001e+03
1.129685670874240259e+03
1.122685670874240259e+03
1.190185670874240259e+03
1.155352337540907001e+03
1.206019004207573744e+03
1.198019004207573744e+03
1.247685670874240259e+03
1.223852337540907001e+03
1.288185670874240259e+03
1.269519004207573744e+03
1.296185670874240259e+03
1.233352337540907001e+03
1.295352337540907001e+03
1.260019004207573744e+03
1.266685670874240259e+03
1.184519004207573744e+03
1.236852337540907001e+03
1.270519004207573744e+03
1.275352337540907001e+03
1.176019004207573744e+03
1.181519004207573744e+03
1.202185670874240259e+03
1.257185670874240259e+03
1.198852337540907001e+03
1.262019004207573744e+03
1.282519004207573744e+03
1.361019004207573744e+03
1.267685670874240259e+03
1.285019004207573744e+03
1.242519004207573744e+03
1.258852337540907001e+03
1.192352337540907001e+03
1.254685670874240259e+03
1.262019004207573744e+03
1.273019004207573744e+03
1.158019004207573744e+03
1.190185670874240259e+03
1.178852337540907001e+03
1.220852337540907001e+03
1.141519004207573744e+03
1.198352337540907001e+03
1.207352337540907001e+03
1.279685670874240259e+03
1.224685670874240259e+03
1.257185670874240259e+03
1.232019004207573744e+03
1.259352337540907001e+03
1.200685670874240259e+03
1.304185670874240259e+03
1.335852337540907001e+03
1.387019004207573744e+03
1.279352337540907001e+03
1.290185670874240259e+03
1.269852337540907001e+03
1.283019004207573744e+03
1.220519004207573744e+03
1.256352337540907001e+03
1.242519004207573744e+03
1.247019004207573744e+03
1.158852337540907001e+03
1.245019004207573744e+03
1.236519004207573744e+03
1.273019004207573744e+03
1.176519004207573744e+03
1.257685670874240259e+03
1.253519004207573744e+03
1.255852337540907001e+03
1.157185670874240259e+03
1.224685670874240259e+03
1.250519004207573744e+03
1.282019004207573744e+03
1.185352337540907001e+03
1.247685670874240259e+03
1.264185670874240259e+03
1.335185670874240259e+03
1.248352337540907001e+03
1.314519004207573744e+03
1.276019004207573744e+03
1.249185670874240259e+03
1.120685670874240259e+03
1.186685670874240259e+03
1.226685670874240259e+03
1.233352337540907001e+03
1.152685670874240259e+03
1.229685670874240259e+03
1.285519004207573744e+03
1.323519004207573744e+03
1.253519004207573744e+03
1.320685670874240259e+03
1.327352337540907001e+03
1.335852337540906774e+03
1.209352337540907001e+03
1.212352337540907001e+03
1.209352337540907001e+03
1.252519004207573744e+03
1.186519004207573744e+03
1.246352337540907001e+03
1.255519004207573744e+03
1.293352337540907001e+03
1.214185670874240259e+03
1.257685670874240259e+03
1.297019004207573744e+03
1.320519004207573744e+03
1.240019004207573744e+03
1.257019004207573744e+03
1.261019004207573744e+03
1.320019004207573744e+03
1.245685670874240259e+03
1.300352337540907001e+03
1.285019004207573744e+03
1.327519004207573744e+03
1.257352337540907001e+03
1.319519004207573744e+03
1.305852337540907001e+03
1.327519004207573744e+03
1.251352337540907001e+03
1.354852337540907001e+03
1.365185670874240259e+03
1.371352337540907001e+03
1.257852337540907001e+03
1.332019004207573744e+03
1.346019004207573744e+03
1.378519004207573744e+03
1.271019004207573744e+03
1.330685670874240259e+03
1.330352337540907001e+03
1.374019004207573744e+03
1.285185670874240259e+03
1.362519004207573744e+03
1.362519004207573744e+03
1.410852337540906774e+03
1.322352337540907001e+03
1.382019004207573744e+03
1.388352337540907001e+03
1.417019004207573744e+03
1.357685670874240259e+03
1.432852337540907001e+03
1.427685670874240259e+03
1.459019004207573516e+03
1.400185670874240259e+03
1.477519004207573516e+03
1.448019004207573516e+03
1.432685670874240259e+03
1.341185670874240259e+03
1.429685670874240259e+03
1.431852337540906774e+03
1.432185670874240259e+03
1.339685670874240259e+03
1.435352337540907001e+03
1.490019004207573516e+03
1.540852337540906774e+03
1.461019004207573744e+03
1.538519004207573516e+03
1.549852337540907001e+03
1.573519004207573744e+03
1.489352337540906774e+03
1.566185670874240259e+03
1.566685670874240259e+03
1.593519004207573744e+03
1.491019004207573516e+03
1.560519004207573744e+03
1.582685670874240259e+03
1.597685670874240259e+03
1.493852337540907001e+03
1.499852337540906774e+03
1.551519004207573744e+03
1.669185670874240259e+03
1.634852337540907001e+03
1.693685670874240259e+03
1.658019004207573516e+03
1.662519004207573516e+03
1.540852337540906774e+03
1.596685670874240259e+03
1.644852337540907001e+03
1.695852337540906774e+03
1.592852337540906774e+03
1.622852337540907001e+03
1.621019004207573516e+03
1.649852337540907001e+03
1.581185670874240259e+03
1.674185670874240259e+03
1.720019004207573516e+03
1.764685670874240259e+03
1.647019004207573744e+03
1.663685670874240259e+03
1.665352337540906774e+03
1.722185670874240259e+03
1.687519004207573516e+03
1.760352337540907001e+03
1.772685670874240259e+03
1.790019004207573744e+03
1.679519004207573744e+03
1.713352337540906774e+03
1.705352337540906774e+03
1.720352337540907001e+03
1.638185670874240259e+03
1.679519004207573744e+03
1.686852337540907001e+03
1.701852337540907001e+03
1.643019004207573744e+03
1.705685670874240259e+03
1.734519004207573516e+03
1.790185670874240259e+03
1.722352337540906774e+03
1.719185670874240259e+03
1.631019004207573744e+03
1.598352337540907001e+03
1.524019004207573516e+03
1.607185670874240259e+03
1.654519004207573516e+03
1.686019004207573516e+03
1.596852337540906774e+03
1.624185670874240259e+03
1.622352337540907001e+03
1.611852337540906774e+03
1.490852337540906774e+03
1.500352337540907001e+03
1.533852337540906774e+03
1.554685670874240259e+03
1.490019004207573516e+03
1.526185670874240259e+03
1.542185670874240259e+03
1.524185670874240259e+03
1.396185670874240259e+03
1.442519004207573744e+03
1.489852337540906774e+03
1.545852337540907001e+03
1.477519004207573744e+03
1.510185670874240259e+03
1.453519004207573744e+03
1.403852337540907001e+03
1.306685670874240259e+03
1.401352337540907001e+03
1.413519004207573744e+03
1.413685670874240259e+03
1.299352337540907001e+03
1.358352337540907001e+03
1.360185670874240259e+03
1.373019004207573744e+03
1.273019004207573744e+03
1.340852337540907001e+03
1.367019004207573744e+03
1.410019004207573744e+03
1.327685670874240259e+03
1.405352337540907001e+03
1.417852337540907001e+03
1.441519004207573516e+03
1.305352337540907001e+03
1.333019004207573744e+03
1.321019004207573744e+03
1.395352337540907001e+03
1.342352337540907001e+03
1.416352337540907001e+03
1.369352337540907001e+03
1.343685670874240259e+03
1.209519004207573744e+03
1.258019004207573744e+03
1.298352337540907001e+03
1.351519004207573744e+03
1.294852337540907001e+03
1.343352337540907001e+03
1.365685670874240259e+03
1.371185670874240259e+03
1.279352337540907001e+03
1.300352337540907001e+03
1.274685670874240259e+03
1.282352337540907001e+03
1.218852337540907001e+03
1.322352337540907001e+03
1.383019004207573744e+03
1.414685670874240259e+03
1.315352337540907001e+03
1.326185670874240259e+03
1.310352337540907001e+03
1.330352337540907001e+03
1.273685670874240259e+03
1.357019004207573744e+03
1.373685670874240259e+03
1.329185670874240259e+03
1.200685670874240259e+03
1.247852337540907001e+03
1.308352337540907001e+03
1.349019004207573744e+03
1.277352337540907001e+03
1.286185670874240259e+03
1.277352337540907001e+03
1.297019004207573744e+03
1.243019004207573744e+03
1.282352337540907001e+03
1.292352337540907001e+03
1.346352337540907001e+03
1.335519004207573744e+03
1.358019004207573744e+03
1.315352337540907001e+03
1.296019004207573744e+03
1.201519004207573744e+03
1.244019004207573744e+03
1.216685670874240259e+03
1.257685670874240259e+03
1.183185670874240259e+03
1.271852337540907001e+03
1.286685670874240259e+03
1.316685670874240259e+03
1.213685670874240259e+03
1.246519004207573744e+03
1.231352337540907001e+03
1.221852337540907001e+03
1.148019004207573744e+03
1.251685670874240259e+03
1.325519004207573744e+03
1.367685670874240259e+03
1.278852337540907001e+03
1.314685670874240259e+03
1.313019004207573516e+03
1.303519004207573516e+03
1.227685670874240259e+03
1.289519004207573744e+03
1.306185670874240259e+03
1.283852337540907001e+03
1.178519004207573744e+03
1.232519004207573744e+03
1.273519004207573744e+03
1.302852337540907001e+03
1.257685670874240259e+03
1.333852337540907001e+03
1.347185670874240259e+03
1.330519004207573744e+03
1.212685670874240259e+03
1.276352337540907001e+03
1.314352337540907001e+03
1.344852337540907001e+03
1.267852337540907001e+03
1.298519004207573744e+03
1.343352337540907001e+03
1.368519004207573744e+03
1.268852337540907001e+03
1.241685670874240259e+03
1.194019004207573744e+03
1.208519004207573744e+03
1.183352337540907001e+03
1.308852337540907001e+03
1.373852337540907001e+03
1.388519004207573744e+03
1.266019004207573744e+03
1.291852337540907001e+03
1.356352337540907001e+03
1.461519004207573516e+03
1.412019004207573744e+03
1.449519004207573744e+03
1.391019004207573744e+03
1.409019004207573744e+03
1.309352337540907001e+03
1.371852337540907001e+03
1.385685670874240259e+03
1.417185670874240259e+03
1.333852337540907001e+03
1.370519004207573744e+03
1.364019004207573744e+03
1.394852337540907001e+03
1.294519004207573744e+03
1.342019004207573744e+03
1.366019004207573744e+03
1.452685670874240259e+03
1.387519004207573516e+03
1.407352337540906774e+03
1.388352337540907001e+03
1.397519004207573744e+03
1.334019004207573744e+03
1.399019004207573744e+03
1.432019004207573744e+03
1.453019004207573744e+03
1.363185670874240259e+03
1.413519004207573744e+03
1.426852337540907001e+03
1.447685670874240259e+03
1.374519004207573744e+03
1.436352337540907001e+03
1.492352337540907001e+03
1.546685670874240259e+03
1.455685670874240259e+03
1.490185670874240259e+03
1.471519004207573516e+03
1.498685670874240259e+03
1.406852337540907001e+03
1.483352337540907001e+03
1.518019004207573744e+03
1.526852337540907001e+03
1.421019004207573744e+03
1.475019004207573744e+03
1.496852337540906774e+03
1.494352337540907001e+03
1.416519004207573744e+03
1.469852337540907001e+03
1.503519004207573744e+03
1.486519004207573516e+03
1.415685670874240259e+03
1.494519004207573744e+03
1.534019004207573516e+03
1.539352337540907001e+03
1.447852337540907001e+03
1.498852337540907001e+03
1.532519004207573744e+03
1.515685670874240259e+03
1.426019004207573744e+03
1.447352337540907001e+03
1.513352337540906774e+03
1.559019004207573516e+03
1.502519004207573744e+03
1.527019004207573744e+03
1.520852337540906774e+03
1.532352337540907001e+03
1.463185670874240259e+03
1.550519004207573744e+03
1.589019004207573744e+03
1.610352337540907001e+03
1.524019004207573744e+03
1.565352337540907001e+03
1.566852337540907001e+03
1.540185670874240259e+03
1.448352337540907001e+03
1.523352337540907001e+03
1.569352337540907001e+03
1.601519004207573744e+03
1.526685670874240259e+03
1.586185670874240259e+03
1.587519004207573744e+03
1.581685670874240259e+03
1.500185670874240259e+03
1.573185670874240259e+03
1.598185670874240259e+03
1.614185670874240259e+03
1.514019004207573516e+03
1.554685670874240259e+03
1.589519004207573516e+03
1.636019004207573516e+03
1.591019004207573516e+03
1.677685670874240259e+03
1.686185670874240259e+03
1.682519004207573744e+03
1.552852337540907001e+03
1.610019004207573744e+03
1.647019004207573744e+03
1.648019004207573516e+03
1.573685670874240259e+03
1.620185670874240259e+03
1.636185670874240259e+03
1.610019004207573744e+03
1.504685670874240259e+03
1.589685670874240259e+03
1.661852337540906774e+03
1.722019004207573744e+03
1.625352337540906774e+03
1.672519004207573516e+03
1.666852337540907001e+03
1.710685670874240259e+03
1.635185670874240259e+03
1.690519004207573744e+03
1.692185670874240259e+03
1.696852337540907001e+03
1.626519004207573516e+03
1.676185670874240259e+03
1.660352337540906774e+03
1.687185670874240259e+03
1.615352337540907001e+03
1.696852337540906774e+03
1.750852337540906774e+03
1.793519004207573744e+03
1.721352337540907001e+03
1.745185670874240259e+03
1.732852337540907001e+03
1.795185670874240259e+03
1.709519004207573516e+03
1.760019004207573516e+03
1.760019004207573516e+03
1.799019004207573516e+03
1.736519004207573516e+03
1.779019004207573516e+03
1.784685670874240259e+03
1.771019004207573744e+03
1.671852337540906774e+03
1.717185670874240259e+03
1.779685670874240259e+03
1.814019004207573744e+03
1.743519004207573516e+03
1.795519004207573744e+03
1.794519004207573744e+03
1.785519004207573516e+03
1.702685670874240259e+03
1.781352337540906774e+03
1.812352337540907001e+03
1.822352337540907001e+03
1.743685670874240259e+03
1.817519004207573744e+03
1.838519004207573516e+03
1.854352337540907001e+03
1.743185670874240259e+03
1.781352337540907001e+03
1.776519004207573744e+03
1.790185670874240259e+03
1.730519004207573516e+03
1.808685670874240259e+03
1.843352337540907001e+03
1.859852337540907001e+03
1.780519004207573516e+03
1.831519004207573516e+03
1.838852337540906774e+03
1.837519004207573744e+03
1.778185670874240259e+03
1.841519004207573744e+03
1.889019004207573744e+03
1.876185670874240259e+03
1.789852337540906774e+03
1.827685670874240259e+03
1.850685670874240259e+03
1.873685670874240259e+03
1.770685670874240259e+03
1.847185670874240259e+03
1.843019004207573744e+03
1.829019004207573516e+03
1.744019004207573744e+03
1.836019004207573744e+03
1.902852337540906774e+03
1.898519004207573516e+03
1.790019004207573744e+03
1.831685670874240259e+03
1.847019004207573744e+03
1.840352337540907001e+03
1.749185670874240259e+03
1.805685670874240259e+03
1.852352337540907001e+03
1.904519004207573516e+03
1.863352337540907001e+03
1.929352337540907001e+03
1.925185670874240259e+03
1.914519004207573516e+03
1.849019004207573744e+03
1.897185670874240259e+03
1.916685670874240259e+03
1.923519004207573516e+03
1.858519004207573516e+03
1.916185670874240259e+03
1.919185670874240259e+03
1.924852337540907001e+03
1.823185670874240259e+03
1.869185670874240259e+03
1.879019004207573516e+03
1.886519004207573516e+03
1.775019004207573516e+03
1.822185670874240259e+03
1.835019004207573744e+03
1.856852337540906774e+03
1.794852337540907001e+03
1.869519004207573516e+03
1.887852337540907001e+03
1.887852337540907001e+03
1.805185670874240259e+03
1.908685670874240259e+03
1.942185670874240259e+03
1.962852337540906774e+03
1.833685670874240259e+03
1.857519004207573516e+03
1.860019004207573516e+03
1.894685670874240259e+03
1.863852337540907001e+03
1.919352337540907001e+03
1.928519004207573744e+03
1.913519004207573744e+03
1.827185670874240259e+03
1.880685670874240259e+03
1.916185670874240259e+03
1.956019004207573744e+03
1.894685670874240259e+03
1.965019004207573744e+03
2.022519004207573744e+03
2.059019004207573744e+03
1.973185670874240259e+03
2.014352337540906774e+03
2.054185670874240259e+03
2.110019004207573744e+03
2.080185670874240259e+03
2.173019004207573744e+03
2.183185670874240259e+03
2.165685670874240259e+03
2.034852337540906774e+03
2.091852337540906774e+03
2.114352337540906774e+03
2.131185670874240259e+03
2.030519004207573744e+03
2.090019004207573744e+03
2.154019004207573744e+03
2.188352337540906774e+03
2.108352337540906774e+03
2.156185670874240259e+03
2.162519004207573744e+03
2.114519004207573744e+03
1.957852337540906774e+03
1.969185670874240259e+03
1.958019004207573744e+03
1.958185670874240259e+03
1.843685670874240259e+03
1.906519004207573516e+03
1.917852337540906774e+03
1.957852337540906774e+03
1.877519004207573744e+03
1.915185670874240259e+03
1.931685670874240259e+03
1.982852337540906774e+03
1.900685670874240259e+03
1.916519004207573744e+03
1.880019004207573744e+03
1.904185670874240259e+03
1.837019004207573744e+03
1.900185670874240259e+03
1.920852337540907001e+03
1.942185670874240259e+03
1.854019004207573744e+03
1.893185670874240259e+03
1.895519004207573744e+03
1.888019004207573744e+03
1.797352337540907001e+03
1.888185670874240259e+03
1.921519004207573744e+03
1.949352337540907001e+03
1.866019004207573744e+03
1.916852337540907001e+03
1.959185670874240259e+03
1.958852337540906774e+03
1.840519004207573744e+03
1.832019004207573744e+03
1.830685670874240259e+03
1.879185670874240259e+03
1.820019004207573744e+03
1.860852337540907001e+03
1.859019004207573744e+03
1.894852337540907001e+03
1.795352337540907001e+03
1.829352337540906774e+03
1.823852337540907001e+03
1.849185670874240259e+03
1.799519004207573744e+03
1.842352337540906774e+03
1.886519004207573516e+03
1.921685670874240259e+03
1.851519004207573744e+03
1.895852337540906774e+03
1.904352337540906774e+03
1.915685670874240259e+03
1.814685670874240259e+03
1.846352337540907001e+03
1.834519004207573744e+03
1.834352337540907001e+03
1.766852337540907001e+03
1.845352337540907001e+03
1.870185670874240259e+03
1.869685670874240259e+03
1.752352337540906774e+03
1.790519004207573744e+03
1.782519004207573516e+03
1.832185670874240259e+03
1.779185670874240259e+03
1.885352337540907001e+03
1.877019004207573744e+03
1.848852337540907001e+03
1.732019004207573744e+03
1.804019004207573744e+03
1.854352337540906774e+03
1.911352337540906774e+03
1.870019004207573744e+03
1.924685670874240259e+03
1.884852337540907001e+03
1.840019004207573516e+03
1.729685670874240259e+03
1.784852337540907001e+03
1.819852337540907001e+03
1.839019004207573744e+03
1.771352337540907001e+03
1.833185670874240259e+03
1.877852337540907001e+03
1.927019004207573744e+03
1.809685670874240259e+03
1.806852337540907001e+03
1.789685670874240259e+03
1.846852337540907001e+03
1.811019004207573744e+03
1.867019004207573516e+03
1.836519004207573744e+03
1.836519004207573744e+03
1.714519004207573516e+03
1.725519004207573744e+03
1.724352337540907001e+03
1.787019004207573744e+03
1.772852337540907001e+03
1.869519004207573744e+03
1.854852337540907001e+03
1.859185670874240259e+03
1.745519004207573744e+03
1.801519004207573516e+03
1.808519004207573744e+03
1.824519004207573744e+03
1.790519004207573516e+03
1.881185670874240259e+03
1.884019004207573516e+03
1.872185670874240259e+03
1.763519004207573744e+03
1.803519004207573516e+03
1.782852337540907001e+03
1.783352337540906774e+03
1.730185670874240259e+03
1.850185670874240259e+03
1.896685670874240259e+03
1.936185670874240259e+03
1.798685670874240259e+03
1.795685670874240259e+03
1.758185670874240259e+03
1.768019004207573744e+03
1.714352337540907001e+03
1.774185670874240259e+03
1.780852337540907001e+03
1.814519004207573744e+03
1.748352337540907001e+03
1.832852337540907001e+03
1.856352337540906774e+03
1.932019004207573744e+03
1.855685670874240259e+03
1.866019004207573744e+03
1.814352337540907001e+03
1.831019004207573744e+03
1.746685670874240259e+03
1.789019004207573744e+03
1.805852337540907001e+03
1.867685670874240259e+03
1.774519004207573744e+03
1.770519004207573744e+03
1.765852337540907001e+03
1.815352337540907001e+03
1.764352337540907001e+03
1.808852337540907001e+03
1.805519004207573744e+03
1.836019004207573744e+03
1.772685670874240259e+03
1.812185670874240259e+03
1.809019004207573516e+03
1.809519004207573744e+03
1.763185670874240259e+03
1.803852337540907001e+03
1.807519004207573744e+03
1.809019004207573516e+03
1.736852337540907001e+03
1.788519004207573516e+03
1.763352337540906774e+03
1.783019004207573744e+03
1.721185670874240259e+03
1.811685670874240259e+03
1.831019004207573516e+03
1.840519004207573744e+03
1.759352337540907001e+03
1.827352337540907001e+03
1.817185670874240259e+03
1.815852337540906774e+03
1.685352337540907001e+03
1.735685670874240259e+03
1.766685670874240259e+03
1.804352337540907001e+03
1.766519004207573516e+03
1.837852337540907001e+03
1.845519004207573744e+03
1.805185670874240259e+03
1.694685670874240259e+03
1.729685670874240259e+03
1.737519004207573516e+03
1.746185670874240259e+03
1.668685670874240259e+03
1.720019004207573744e+03
1.728019004207573744e+03
1.778352337540907001e+03
1.737352337540906774e+03
1.772685670874240259e+03
1.731852337540906774e+03
1.711685670874240259e+03
1.613352337540906774e+03
1.658852337540906774e+03
1.669519004207573744e+03
1.715685670874240259e+03
1.647019004207573744e+03
1.697352337540907001e+03
1.709519004207573744e+03
1.754019004207573744e+03
1.700519004207573744e+03
1.750185670874240259e+03
1.735685670874240259e+03
1.719519004207573516e+03
1.623852337540907001e+03
1.684852337540907001e+03
1.697352337540907001e+03
1.718685670874240259e+03
1.617352337540906774e+03
1.680019004207573744e+03
1.721352337540906774e+03
1.788852337540906774e+03
1.713352337540907001e+03
1.734519004207573516e+03
1.737185670874240259e+03
1.767685670874240259e+03
1.719185670874240259e+03
1.741685670874240259e+03
1.735519004207573516e+03
1.742185670874240259e+03
1.641185670874240259e+03
1.668019004207573744e+03
1.639852337540907001e+03
1.642019004207573744e+03
1.544519004207573744e+03
1.588685670874240259e+03
1.612685670874240259e+03
1.641185670874240259e+03
1.561185670874240259e+03
1.636352337540906774e+03
1.683185670874240259e+03
1.732352337540906774e+03
1.648352337540906774e+03
1.662519004207573744e+03
1.654352337540907001e+03
1.663019004207573516e+03
1.591685670874240259e+03
1.641852337540906774e+03
1.655519004207573744e+03
1.713685670874240259e+03
1.644185670874240259e+03
1.691352337540906774e+03
1.669185670874240259e+03
1.683519004207573744e+03
1.586352337540907001e+03
1.609019004207573744e+03
1.591519004207573744e+03
1.616685670874240259e+03
1.564519004207573516e+03
1.659685670874240259e+03
1.688352337540907001e+03
1.746519004207573744e+03
1.696852337540907001e+03
1.778685670874240259e+03
1.843852337540906774e+03
1.943685670874240259e+03
1.974519004207573744e+03
2.088519004207573744e+03
2.152852337540906774e+03
2.209185670874240259e+03
2.185852337540906774e+03
2.238852337540906774e+03
2.230019004207573744e+03
2.170185670874240259e+03
2.000685670874240259e+03
1.948685670874240259e+03
1.878852337540906774e+03
1.852519004207573516e+03
1.752519004207573744e+03
1.774185670874240259e+03
1.766519004207573744e+03
1.760019004207573744e+03
1.663352337540906774e+03
1.695019004207573516e+03
1.680019004207573744e+03
1.690519004207573744e+03
1.597352337540906774e+03
1.637019004207573744e+03
1.632185670874240259e+03
1.644352337540907001e+03
1.561852337540906774e+03
1.623019004207573744e+03
1.650685670874240259e+03
1.695352337540907001e+03
1.614185670874240259e+03
1.648352337540906774e+03
1.647019004207573744e+03
1.666852337540906774e+03
1.584019004207573516e+03
1.624185670874240259e+03
1.665185670874240259e+03
1.717685670874240259e+03
1.607185670874240259e+03
1.574019004207573744e+03
1.537519004207573516e+03
1.624019004207573744e+03
1.621685670874240259e+03
1.688019004207573744e+03
1.653019004207573744e+03
1.647352337540907001e+03
1.543019004207573516e+03
1.570519004207573744e+03
1.577685670874240259e+03
1.647685670874240259e+03
1.585352337540907001e+03
1.589685670874240259e+03
1.552685670874240259e+03
1.567352337540907001e+03
1.499019004207573744e+03
1.533519004207573516e+03
1.538019004207573744e+03
1.554852337540907001e+03
1.497185670874240259e+03
1.564019004207573516e+03
1.568185670874240259e+03
1.541019004207573744e+03
1.406852337540906774e+03
1.473852337540907001e+03
1.548685670874240259e+03
1.654185670874240259e+03
1.563685670874240259e+03
1.565185670874240259e+03
1.525185670874240259e+03
1.563519004207573744e+03
1.494685670874240259e+03
1.525685670874240259e+03
1.520519004207573516e+03
1.522019004207573744e+03
1.438185670874240259e+03
1.470685670874240259e+03
1.508185670874240259e+03
1.548352337540907001e+03
1.448519004207573744e+03
1.492852337540907001e+03
1.516019004207573744e+03
1.602185670874240259e+03
1.536352337540907001e+03
1.553185670874240259e+03
1.519685670874240259e+03
1.538519004207573516e+03
1.484352337540907001e+03
1.507019004207573516e+03
1.487019004207573516e+03
1.480352337540906774e+03
1.423019004207573744e+03
1.486685670874240259e+03
1.524852337540907001e+03
1.565185670874240259e+03
1.454519004207573516e+03
1.462852337540906774e+03
1.449519004207573744e+03
1.495685670874240259e+03
1.460019004207573744e+03
1.510852337540907001e+03
1.525685670874240259e+03
1.528685670874240259e+03
1.437685670874240259e+03
1.457852337540907001e+03
1.478352337540907001e+03
1.520352337540907001e+03
1.493185670874240259e+03
1.562519004207573516e+03
1.585852337540906774e+03
1.556685670874240259e+03
1.407685670874240259e+03
1.441019004207573744e+03
1.489019004207573744e+03
1.557852337540906774e+03
1.498685670874240259e+03
1.509852337540907001e+03
1.464519004207573516e+03
1.436685670874240259e+03
1.320519004207573744e+03
1.359185670874240259e+03
1.387852337540907001e+03
1.468685670874240259e+03
1.444185670874240259e+03
1.478019004207573744e+03
1.450019004207573744e+03
1.453852337540907001e+03
1.355352337540907001e+03
1.378019004207573744e+03
1.348685670874240259e+03
1.351519004207573744e+03
1.302519004207573744e+03
1.414352337540907001e+03
1.499519004207573744e+03
1.555352337540907001e+03
1.483352337540907001e+03
1.508019004207573744e+03
1.489852337540907001e+03
1.463352337540907001e+03
1.372352337540907001e+03
1.422685670874240259e+03
1.460519004207573744e+03
1.483852337540907001e+03
1.387519004207573744e+03
1.405852337540907001e+03
1.406185670874240259e+03
1.401519004207573744e+03
1.310519004207573744e+03
1.370852337540907001e+03
1.424185670874240259e+03
1.470185670874240259e+03
1.380019004207573744e+03
1.421852337540907001e+03
1.417519004207573744e+03
1.408685670874240259e+03
1.346019004207573744e+03
1.435519004207573744e+03
1.504852337540907001e+03
1.529519004207573516e+03
1.451352337540907001e+03
1.474352337540907001e+03
1.471685670874240259e+03
1.451519004207573516e+03
1.415519004207573744e+03
1.470352337540907001e+03
1.496185670874240259e+03
1.470019004207573516e+03
1.366019004207573744e+03
1.392185670874240259e+03
1.394185670874240259e+03
1.424019004207573516e+03
1.359852337540907001e+03
1.372519004207573744e+03
1.360185670874240259e+03
1.404352337540907001e+03
1.366185670874240259e+03
1.424352337540906774e+03
1.372019004207573744e+03
1.360352337540907001e+03
1.289519004207573744e+03
1.369019004207573744e+03
1.404352337540907001e+03
1.434019004207573744e+03
1.348019004207573744e+03
1.380185670874240259e+03
1.352352337540907001e+03
1.351185670874240259e+03
1.272685670874240259e+03
1.316519004207573744e+03
1.312852337540907001e+03
1.300685670874240259e+03
1.228685670874240259e+03
1.295685670874240259e+03
1.340185670874240259e+03
1.369685670874240259e+03
1.293019004207573744e+03
1.325852337540907001e+03
1.359519004207573744e+03
1.430185670874240259e+03
1.364185670874240259e+03
1.370685670874240259e+03
1.336352337540907001e+03
1.347852337540907001e+03
1.277852337540907001e+03
1.308519004207573744e+03
1.324019004207573744e+03
1.338852337540907001e+03
1.290685670874240259e+03
1.362519004207573744e+03
1.404519004207573744e+03
1.422352337540906774e+03
1.354852337540907001e+03
1.398519004207573744e+03
1.391685670874240259e+03
1.354685670874240259e+03
1.232685670874240259e+03
1.293352337540907001e+03
1.343852337540907001e+03
1.390352337540907001e+03
1.307852337540907001e+03
1.324852337540907001e+03
1.302852337540907001e+03
1.322185670874240259e+03
1.234519004207573744e+03
1.268019004207573744e+03
1.254852337540907001e+03
1.275019004207573744e+03
1.228185670874240259e+03
1.289685670874240259e+03
1.296685670874240259e+03
1.292352337540907001e+03
1.217019004207573744e+03
1.306352337540907001e+03
1.362019004207573744e+03
1.381852337540907001e+03
1.306852337540907001e+03
1.360185670874240259e+03
1.404019004207573744e+03
1.431185670874240259e+03
1.323519004207573744e+03
1.351019004207573744e+03
1.362852337540907001e+03
1.381519004207573744e+03
1.280352337540907001e+03
1.273185670874240259e+03
1.257352337540907001e+03
1.258852337540907001e+03
1.181852337540907001e+03
1.226185670874240259e+03
1.225519004207573744e+03
1.244352337540907001e+03
1.196352337540907001e+03
1.278519004207573744e+03
1.318019004207573744e+03
1.351185670874240259e+03
1.241852337540907001e+03
1.281519004207573744e+03
1.333519004207573744e+03
1.413852337540907001e+03
1.307185670874240259e+03
1.284519004207573744e+03
1.273185670874240259e+03
1.346019004207573744e+03
1.296519004207573744e+03
1.322185670874240259e+03
1.328852337540907001e+03
1.348019004207573744e+03
1.251019004207573744e+03
1.273685670874240259e+03
1.296185670874240259e+03
1.369185670874240259e+03
1.290685670874240259e+03
1.326185670874240259e+03
1.300019004207573744e+03
1.437685670874240259e+03
1.666519004207573744e+03
1.770352337540907001e+03
1.660519004207573744e+03
1.366352337540907001e+03
1.228019004207573744e+03
1.255852337540907001e+03
1.260519004207573744e+03
1.312519004207573744e+03
1.251352337540907001e+03
1.281352337540907001e+03
1.251352337540907001e+03
1.243019004207573744e+03
1.171019004207573744e+03
1.226185670874240259e+03
1.277185670874240259e+03
1.328519004207573744e+03
1.248352337540907001e+03
1.264852337540907001e+03
1.259185670874240259e+03
1.297519004207573744e+03
1.248352337540907001e+03
1.293185670874240259e+03
1.331852337540907001e+03
1.370019004207573744e+03
1.307852337540907001e+03
1.324019004207573744e+03
1.330852337540907001e+03
1.332352337540907001e+03
1.251185670874240259e+03
1.270352337540907001e+03
1.289685670874240259e+03
1.325185670874240259e+03
1.251019004207573744e+03
1.272685670874240259e+03
1.283685670874240259e+03
1.325352337540907001e+03
1.254519004207573744e+03
1.271519004207573744e+03
1.276019004207573744e+03
1.315685670874240259e+03
1.235019004207573744e+03
1.273352337540907001e+03
1.266019004207573744e+03
1.302519004207573744e+03
1.239352337540907001e+03
1.333852337540907001e+03
1.363352337540907001e+03
1.373352337540906774e+03
1.241852337540907001e+03
1.250519004207573744e+03
1.248852337540907001e+03
1.285519004207573744e+03
1.209019004207573744e+03
1.235685670874240259e+03
1.247019004207573744e+03
1.277352337540907001e+03
1.222185670874240259e+03
1.267019004207573744e+03
1.273019004207573744e+03
1.278685670874240259e+03
1.183019004207573744e+03
1.214519004207573744e+03
1.251019004207573744e+03
1.314185670874240259e+03
1.250852337540907001e+03
1.259519004207573744e+03
1.244852337540907001e+03
1.272685670874240259e+03
1.226519004207573744e+03
1.282519004207573744e+03
1.261519004207573744e+03
1.241852337540907001e+03
1.162685670874240259e+03
1.249185670874240259e+03
1.311019004207573744e+03
1.341019004207573744e+03
1.269019004207573744e+03
1.290019004207573744e+03
1.289685670874240259e+03
1.308185670874240259e+03
1.228352337540907001e+03
1.235352337540907001e+03
1.211852337540907001e+03
1.242685670874240259e+03
1.189852337540907001e+03
1.230852337540907001e+03
1.220852337540907001e+03
1.265019004207573744e+03
1.219685670874240259e+03
1.304019004207573744e+03
1.307852337540907001e+03
1.312519004207573744e+03
1.183519004207573744e+03
1.210185670874240259e+03
1.221185670874240259e+03
1.255019004207573744e+03
1.196185670874240259e+03
1.258019004207573744e+03
1.278185670874240259e+03
1.288019004207573744e+03
1.207685670874240259e+03
1.260352337540907001e+03
1.282185670874240259e+03
1.320019004207573744e+03
1.264685670874240259e+03
1.259852337540907001e+03
1.223519004207573744e+03
1.241519004207573744e+03
1.208852337540907001e+03
1.283519004207573744e+03
1.268852337540907001e+03
1.306852337540907001e+03
1.244685670874240259e+03
1.270852337540907001e+03
1.270685670874240259e+03
1.297019004207573744e+03
1.238185670874240259e+03
1.285352337540907001e+03
1.314185670874240259e+03
1.344852337540907001e+03
1.271185670874240259e+03
1.272019004207573744e+03
1.285519004207573744e+03
1.316185670874240259e+03
1.237185670874240259e+03
1.279852337540907001e+03
1.261352337540907001e+03
1.282519004207573744e+03
1.209519004207573744e+03
1.304019004207573744e+03
1.352185670874240259e+03
1.348685670874240259e+03
1.239352337540907001e+03
1.277185670874240259e+03
1.301019004207573516e+03
1.321019004207573516e+03
1.207519004207573744e+03
1.256519004207573744e+03
1.225852337540907001e+03
1.263519004207573744e+03
1.197519004207573744e+03
1.283519004207573744e+03
1.312019004207573744e+03
1.352519004207573744e+03
1.269352337540907001e+03
1.276519004207573744e+03
1.238685670874240259e+03
1.225185670874240259e+03
1.156185670874240259e+03
1.208019004207573744e+03
1.231852337540907001e+03
1.248519004207573744e+03
1.176852337540907001e+03
1.243185670874240259e+03
1.258685670874240259e+03
1.261352337540907001e+03
1.160519004207573744e+03
1.243519004207573744e+03
1.303019004207573516e+03
1.339185670874240259e+03
1.218519004207573744e+03
1.222352337540907001e+03
1.207019004207573744e+03
1.238185670874240259e+03
1.177352337540907001e+03
1.251019004207573744e+03
1.257019004207573744e+03
1.279519004207573744e+03
1.201185670874240259e+03
1.235852337540907001e+03
1.225685670874240259e+03
1.212019004207573744e+03
1.115019004207573744e+03
1.159519004207573744e+03
1.195519004207573744e+03
1.241019004207573744e+03
1.173852337540907001e+03
1.243019004207573744e+03
1.263852337540907001e+03
1.269019004207573744e+03
1.168852337540907001e+03
1.202519004207573744e+03
1.233685670874240259e+03
1.248352337540907001e+03
1.188185670874240259e+03
1.231352337540907001e+03
1.252019004207573744e+03
1.276852337540907001e+03
1.199685670874240259e+03
1.278519004207573744e+03
1.284019004207573744e+03
1.294185670874240259e+03
1.169685670874240259e+03
1.218685670874240259e+03
1.215019004207573744e+03
1.211352337540907001e+03
1.107852337540907001e+03
1.187352337540907001e+03
1.267852337540907001e+03
1.326352337540907001e+03
1.235019004207573744e+03
1.244519004207573744e+03
1.219019004207573744e+03
1.231685670874240259e+03
1.112352337540907001e+03
1.153852337540907001e+03
1.181852337540907001e+03
1.251352337540907001e+03
1.189685670874240259e+03
1.280019004207573744e+03
1.300685670874240259e+03
1.300519004207573744e+03
1.153852337540907001e+03
1.173685670874240259e+03
1.183852337540907001e+03
1.219519004207573744e+03
1.156685670874240259e+03
1.234685670874240259e+03
1.239519004207573744e+03
1.270852337540907001e+03
1.178852337540907001e+03
1.216852337540907001e+03
1.204685670874240259e+03
1.225019004207573744e+03
1.145685670874240259e+03
1.184352337540907001e+03
1.178352337540907001e+03
1.216852337540907001e+03
1.175185670874240259e+03
1.257852337540907001e+03
1.273852337540907001e+03
1.259519004207573744e+03
1.147019004207573744e+03
1.172019004207573744e+03
1.161019004207573744e+03
1.192519004207573744e+03
1.133519004207573744e+03
1.194019004207573744e+03
1.229852337540907001e+03
1.277852337540907001e+03
1.209685670874240259e+03
1.262352337540907001e+03
1.254019004207573744e+03
1.285185670874240259e+03
1.164852337540907001e+03
1.213685670874240259e+03
1.221352337540907001e+03
1.253019004207573744e+03
1.158685670874240259e+03
1.191685670874240259e+03
1.194352337540907001e+03
1.204519004207573744e+03
1.140185670874240259e+03
1.209185670874240259e+03
1.226185670874240259e+03
1.222519004207573744e+03
1.149185670874240259e+03
1.210685670874240259e+03
1.262352337540907001e+03
1.278685670874240259e+03
1.187852337540907001e+03
1.240685670874240259e+03
1.246019004207573744e+03
1.289519004207573744e+03
1.208019004207573744e+03
1.263852337540907001e+03
1.269519004207573744e+03
1.279352337540907001e+03
1.175519004207573744e+03
1.183519004207573744e+03
1.183852337540907001e+03
1.223685670874240259e+03
1.159185670874240259e+03
1.228019004207573744e+03
1.247019004207573744e+03
1.266352337540907001e+03
1.153519004207573744e+03
1.183685670874240259e+03
1.227352337540907001e+03
1.267685670874240259e+03
1.202852337540907001e+03
1.227685670874240259e+03
1.232019004207573744e+03
1.225019004207573744e+03
1.156019004207573744e+03
1.222185670874240259e+03
1.253519004207573744e+03
1.287519004207573744e+03
1.225019004207573744e+03
1.305185670874240259e+03
1.303519004207573744e+03
1.294185670874240259e+03
1.168185670874240259e+03
1.195185670874240259e+03
1.218519004207573744e+03
1.254519004207573744e+03
1.181185670874240259e+03
1.230019004207573744e+03
1.232519004207573744e+03
1.242685670874240259e+03
1.120185670874240259e+03
1.155185670874240259e+03
1.206352337540907001e+03
1.264852337540907001e+03
1.190019004207573744e+03
1.232519004207573744e+03
1.242852337540907001e+03
1.274519004207573744e+03
1.152852337540907001e+03
1.215852337540907001e+03
1.223019004207573744e+03
1.246519004207573744e+03
1.137852337540907001e+03
1.206519004207573744e+03
1.229185670874240259e+03
1.243852337540907001e+03
1.096852337540907001e+03
1.119519004207573744e+03
1.160685670874240259e+03
1.254685670874240259e+03
1.211352337540907001e+03
1.255852337540907001e+03
1.252019004207573744e+03
1.254519004207573744e+03
1.135685670874240259e+03
1.199352337540907001e+03
1.239852337540907001e+03
1.318685670874240259e+03
1.228685670874240259e+03
1.276352337540907001e+03
1.210352337540907001e+03
1.192019004207573744e+03
1.134685670874240259e+03
1.254185670874240259e+03
1.295019004207573744e+03
1.288519004207573744e+03
1.150852337540907001e+03
1.220685670874240259e+03
1.262352337540907001e+03
1.290185670874240259e+03
1.181852337540907001e+03
1.209519004207573744e+03
1.242685670874240259e+03
1.243519004207573744e+03
1.156352337540907001e+03
1.227519004207573744e+03
1.266519004207573744e+03
1.285352337540907001e+03
1.188185670874240259e+03
1.228185670874240259e+03
1.235519004207573744e+03
1.263519004207573744e+03
1.182352337540907001e+03
1.228519004207573744e+03
1.208685670874240259e+03
1.208852337540907001e+03
1.105352337540907001e+03
1.167852337540907001e+03
1.211019004207573744e+03
1.256019004207573744e+03
1.198852337540907001e+03
1.269519004207573744e+03
1.275685670874240259e+03
1.291019004207573744e+03
1.197685670874240259e+03
1.249352337540907001e+03
1.224185670874240259e+03
1.201185670874240259e+03
1.121852337540907001e+03
1.223185670874240259e+03
1.276685670874240259e+03
1.287519004207573516e+03
1.171185670874240259e+03
1.217352337540907001e+03
1.244185670874240259e+03
1.267185670874240259e+03
1.164685670874240259e+03
1.213852337540907001e+03
1.217352337540907001e+03
1.215019004207573744e+03
1.105685670874240259e+03
1.152852337540907001e+03
1.194019004207573744e+03
1.224685670874240259e+03
1.164352337540907001e+03
1.221185670874240259e+03
1.234519004207573744e+03
1.239852337540907001e+03
1.125852337540907001e+03
1.136852337540907001e+03
1.101852337540907001e+03
1.119185670874240259e+03
1.082685670874240259e+03
1.206685670874240259e+03
1.257019004207573744e+03
1.292019004207573744e+03
1.201185670874240259e+03
1.260019004207573744e+03
1.261352337540907001e+03
1.286685670874240259e+03
1.192185670874240259e+03
1.252519004207573744e+03
1.240852337540907001e+03
1.254019004207573744e+03
1.145019004207573744e+03
1.199852337540907001e+03
1.184852337540907001e+03
1.211185670874240259e+03
1.142519004207573744e+03
1.250019004207573744e+03
1.248852337540907001e+03
1.223852337540906774e+03
1.097019004207573744e+03
1.155519004207573744e+03
1.185519004207573744e+03
1.208185670874240259e+03
1.154352337540907001e+03
1.229352337540907001e+03
1.256019004207573744e+03
1.258519004207573744e+03
1.149519004207573744e+03
1.206685670874240259e+03
1.224019004207573744e+03
1.281185670874240259e+03
1.223352337540907001e+03
1.278185670874240259e+03
1.260519004207573744e+03
1.227352337540907001e+03
1.132352337540907001e+03
1.210852337540907001e+03
1.273519004207573744e+03
1.301019004207573744e+03
1.209019004207573744e+03
1.256519004207573744e+03
1.243519004207573744e+03
1.242852337540907001e+03
1.135185670874240259e+03
1.230519004207573744e+03
1.236185670874240259e+03
1.226685670874240259e+03
1.112685670874240259e+03
1.191352337540907001e+03
1.239019004207573744e+03
1.283685670874240259e+03
1.171185670874240259e+03
1.212519004207573744e+03
1.212519004207573744e+03
1.262685670874240259e+03
1.170019004207573744e+03
1.221352337540907001e+03
1.212352337540907001e+03
1.225685670874240259e+03
1.137019004207573744e+03
1.182852337540907001e+03
1.207019004207573744e+03
1.216185670874240259e+03
1.118019004207573744e+03
1.174519004207573744e+03
1.173519004207573744e+03
1.199185670874240259e+03
1.116852337540907001e+03
1.204852337540907001e+03
1.233685670874240259e+03
1.233519004207573744e+03
1.135519004207573744e+03
1.193519004207573744e+03
1.228685670874240259e+03
1.233352337540907001e+03
1.133519004207573744e+03
1.176685670874240259e+03
1.230519004207573744e+03
1.295352337540907001e+03
1.243019004207573744e+03
1.286352337540907001e+03
1.266185670874240259e+03
1.262019004207573744e+03
1.150185670874240259e+03
1.191185670874240259e+03
1.209352337540907001e+03
1.221519004207573744e+03
1.149352337540907001e+03
1.221852337540907001e+03
1.265019004207573516e+03
1.312019004207573516e+03
1.171019004207573744e+03
1.206352337540907001e+03
1.175019004207573744e+03
1.194352337540907001e+03
1.101185670874240259e+03
1.159685670874240259e+03
1.192019004207573744e+03
1.217019004207573744e+03
1.118185670874240259e+03
1.156019004207573744e+03
1.151185670874240259e+03
1.146685670874240259e+03
1.076185670874240259e+03
1.189519004207573744e+03
1.260519004207573744e+03
1.272852337540907001e+03
1.158019004207573744e+03
1.219019004207573744e+03
1.223852337540907001e+03
1.258519004207573744e+03
1.124852337540907001e+03
1.173852337540907001e+03
1.153519004207573744e+03
1.195019004207573744e+03
1.124685670874240259e+03
1.159019004207573744e+03
1.169852337540907001e+03
1.202852337540907001e+03
1.144019004207573744e+03
1.199519004207573744e+03
1.214352337540907001e+03
1.221852337540907001e+03
1.099685670874240259e+03
1.141185670874240259e+03
1.162352337540907001e+03
1.195685670874240259e+03
1.099185670874240259e+03
1.172019004207573744e+03
1.226185670874240259e+03
1.255185670874240259e+03
1.144185670874240259e+03
1.179185670874240259e+03
1.214852337540907001e+03
1.231685670874240259e+03
1.178185670874240259e+03
1.219019004207573744e+03
1.240685670874240259e+03
1.232185670874240259e+03
1.140852337540907001e+03
1.213352337540907001e+03
1.267852337540907001e+03
1.279685670874240259e+03
1.179519004207573744e+03
1.224685670874240259e+03
1.219852337540906774e+03
1.217519004207573744e+03
1.073185670874240259e+03
1.165019004207573744e+03
1.198519004207573744e+03
1.243519004207573744e+03
1.152185670874240259e+03
1.200352337540907001e+03
1.194352337540907001e+03
1.216019004207573744e+03
1.155019004207573744e+03
1.207019004207573744e+03
1.203519004207573744e+03
1.223685670874240259e+03
1.147019004207573744e+03
1.223185670874240259e+03
1.256352337540907001e+03
1.342019004207573744e+03
1.245352337540907001e+03
1.261185670874240259e+03
1.213352337540907001e+03
1.248519004207573744e+03
1.154185670874240259e+03
1.193185670874240259e+03
1.161685670874240259e+03
1.192352337540907001e+03
1.123852337540907001e+03
1.214519004207573744e+03
1.235352337540907001e+03
1.274852337540907001e+03
1.214685670874240259e+03
1.266185670874240259e+03
1.258519004207573744e+03
1.232352337540907001e+03
1.125852337540907001e+03
1.197685670874240259e+03
1.247185670874240259e+03
1.304519004207573744e+03
1.215185670874240259e+03
1.250019004207573744e+03
1.262685670874240259e+03
1.304185670874240259e+03
1.190019004207573744e+03
1.210019004207573744e+03
1.172685670874240259e+03
1.183185670874240259e+03
1.101852337540907001e+03
1.180019004207573744e+03
1.206685670874240259e+03
1.217852337540907001e+03
1.099352337540907001e+03
1.164852337540907001e+03
1.144852337540907001e+03
1.142185670874240259e+03
1.066685670874240259e+03
1.173519004207573744e+03
1.227685670874240259e+03
1.248019004207573744e+03
1.148852337540907001e+03
1.170519004207573744e+03
1.153685670874240259e+03
1.190352337540907001e+03
1.149519004207573744e+03
1.197352337540907001e+03
1.167519004207573744e+03
1.192519004207573744e+03
1.145352337540907001e+03
1.255019004207573744e+03
1.257019004207573744e+03
1.273685670874240259e+03
1.155685670874240259e+03
1.207685670874240259e+03
1.207685670874240259e+03
1.214852337540907001e+03
1.130185670874240259e+03
1.201519004207573744e+03
1.202352337540907001e+03
1.188185670874240259e+03
1.069185670874240259e+03
1.133185670874240259e+03
1.152519004207573744e+03
1.177685670874240259e+03
1.090185670874240259e+03
1.135019004207573744e+03
1.147019004207573744e+03
1.161185670874240259e+03
1.110852337540907001e+03
1.161852337540907001e+03
1.179519004207573744e+03
1.191852337540907001e+03
1.124685670874240259e+03
1.169352337540907001e+03
1.164019004207573744e+03
1.201519004207573744e+03
1.137185670874240259e+03
1.216185670874240259e+03
1.202185670874240259e+03
1.250019004207573744e+03
1.176019004207573744e+03
1.228685670874240259e+03
1.208019004207573744e+03
1.229852337540907001e+03
1.141519004207573744e+03
1.196352337540907001e+03
1.197852337540907001e+03
1.237352337540907001e+03
1.174685670874240259e+03
1.201352337540907001e+03
1.183852337540907001e+03
1.230019004207573744e+03
1.211519004207573744e+03
1.290352337540907001e+03
1.271185670874240259e+03
1.254019004207573744e+03
1.197852337540907001e+03
1.261019004207573744e+03
1.396019004207573744e+03
1.737519004207573516e+03
1.676352337540907001e+03
1.597185670874240259e+03
1.197185670874240259e+03
1.161185670874240259e+03
1.096352337540907001e+03
1.205852337540907001e+03
1.228685670874240259e+03
1.231519004207573744e+03
1.148352337540907001e+03
1.201185670874240259e+03
1.197685670874240259e+03
1.208185670874240259e+03
1.112519004207573744e+03
1.156852337540907001e+03
1.151185670874240259e+03
1.154019004207573744e+03
1.114519004207573744e+03
1.184852337540907001e+03
1.220852337540907001e+03
1.208852337540907001e+03
1.099352337540907001e+03
1.098685670874240259e+03
1.071685670874240259e+03
1.126185670874240259e+03
1.118685670874240259e+03
1.248352337540907001e+03
1.257852337540907001e+03
1.272019004207573744e+03
1.157852337540907001e+03
1.183185670874240259e+03
1.191852337540907001e+03
1.217185670874240259e+03
1.159019004207573744e+03
1.176685670874240259e+03
1.175352337540907001e+03
1.204685670874240259e+03
1.163519004207573744e+03
1.214185670874240259e+03
1.195852337540907001e+03
1.182019004207573744e+03
1.091519004207573744e+03
1.149852337540907001e+03
1.166685670874240259e+03
1.194852337540907001e+03
1.142685670874240259e+03
1.196519004207573744e+03
1.219185670874240259e+03
1.233519004207573744e+03
1.170519004207573744e+03
1.215019004207573744e+03
1.192185670874240259e+03
1.207185670874240259e+03
1.121685670874240259e+03
1.160852337540907001e+03
1.129519004207573744e+03
1.159352337540907001e+03
1.108185670874240259e+03
1.196852337540907001e+03
1.222685670874240259e+03
1.270019004207573744e+03
1.172685670874240259e+03
1.216185670874240259e+03
1.229519004207573744e+03
1.266019004207573744e+03
1.177185670874240259e+03
1.185685670874240259e+03
1.169685670874240259e+03
1.176852337540907001e+03
1.100852337540907001e+03
1.154685670874240259e+03
1.172852337540907001e+03
1.207852337540907001e+03
1.141352337540907001e+03
1.176685670874240259e+03
1.185185670874240259e+03
1.253019004207573744e+03
1.173519004207573744e+03
1.189519004207573744e+03
1.157685670874240259e+03
1.201352337540907001e+03
1.171519004207573744e+03
1.245685670874240259e+03
1.247685670874240259e+03
1.275685670874240259e+03
1.185519004207573744e+03
1.221519004207573744e+03
1.192852337540907001e+03
1.220019004207573744e+03
1.150519004207573744e+03
1.212519004207573744e+03
1.190185670874240259e+03
1.233852337540907001e+03
1.164352337540907001e+03
1.199019004207573744e+03
1.164019004207573744e+03
1.183185670874240259e+03
1.113019004207573744e+03
1.171185670874240259e+03
1.152019004207573744e+03
1.195852337540907001e+03
1.102185670874240259e+03
1.118185670874240259e+03
1.126185670874240259e+03
1.183852337540907001e+03
1.164852337540907001e+03
1.205019004207573744e+03
1.205019004207573744e+03
1.212019004207573744e+03
1.141352337540907001e+03
1.205519004207573744e+03
1.243352337540907001e+03
1.287185670874240259e+03
1.213019004207573744e+03
1.231519004207573744e+03
1.191352337540907001e+03
1.188519004207573744e+03
1.095019004207573744e+03
1.153519004207573744e+03
1.160852337540907001e+03
1.238185670874240259e+03
1.202685670874240259e+03
1.266185670874240259e+03
1.250185670874240259e+03
1.244519004207573744e+03
1.157519004207573744e+03
1.197685670874240259e+03
1.186185670874240259e+03
1.234019004207573744e+03
1.181852337540907001e+03
1.238852337540907001e+03
1.207185670874240259e+03
1.192352337540907001e+03
1.119352337540907001e+03
1.169352337540907001e+03
1.172185670874240259e+03
1.204352337540907001e+03
1.138185670874240259e+03
1.176185670874240259e+03
1.164519004207573744e+03
1.175019004207573744e+03
1.109352337540907001e+03
1.167852337540907001e+03
1.190185670874240259e+03
1.249519004207573744e+03
1.197852337540907001e+03
1.224685670874240259e+03
1.215352337540907001e+03
1.243852337540907001e+03
1.185352337540907001e+03
1.226019004207573744e+03
1.188519004207573744e+03
1.218519004207573744e+03
1.150019004207573744e+03
1.222852337540907001e+03
1.205852337540907001e+03
1.218519004207573744e+03
1.088352337540907001e+03
1.114352337540907001e+03
1.107352337540907001e+03
1.174685670874240259e+03
1.124185670874240259e+03
1.182852337540907001e+03
1.155685670874240259e+03
1.184519004207573744e+03
1.103352337540907001e+03
1.160352337540907001e+03
1.146185670874240259e+03
1.151852337540907001e+03
1.093019004207573744e+03
1.155185670874240259e+03
1.158685670874240259e+03
1.178852337540907001e+03
1.090685670874240259e+03
1.132185670874240259e+03
1.147685670874240259e+03
1.198185670874240259e+03
1.137852337540907001e+03
1.182019004207573744e+03
1.188019004207573744e+03
1.240519004207573744e+03
1.151852337540907001e+03
1.161685670874240259e+03
1.131352337540907001e+03
1.155519004207573744e+03
1.092852337540907001e+03
1.151852337540907001e+03
1.182019004207573744e+03
1.274019004207573744e+03
1.242352337540907001e+03
1.293352337540907001e+03
1.252852337540907001e+03
1.257519004207573744e+03
1.192685670874240259e+03
1.197852337540907001e+03
1.174685670874240259e+03
1.181852337540907001e+03
1.148685670874240259e+03
1.197519004207573744e+03
1.162019004207573744e+03
1.162352337540907001e+03
1.088519004207573744e+03
1.155685670874240259e+03
1.163352337540907001e+03
1.187352337540907001e+03
1.115352337540907001e+03
1.171519004207573744e+03
1.189019004207573744e+03
1.214352337540907001e+03
1.141685670874240259e+03
1.181519004207573744e+03
1.191852337540907001e+03
1.203852337540907001e+03
1.107019004207573744e+03
1.127852337540907001e+03
1.149019004207573744e+03
1.185852337540907001e+03
1.117019004207573744e+03
1.150852337540907001e+03
1.187852337540907001e+03
1.239685670874240259e+03
1.180852337540907001e+03
1.165019004207573744e+03
1.148519004207573744e+03
1.185185670874240259e+03
1.168519004207573744e+03
1.202519004207573744e+03
1.161185670874240259e+03
1.155352337540907001e+03
1.081185670874240259e+03
1.130519004207573744e+03
1.143852337540907001e+03
1.218185670874240259e+03
1.206185670874240259e+03
1.250185670874240259e+03
1.203352337540907001e+03
1.185185670874240259e+03
1.130019004207573744e+03
1.174852337540907001e+03
1.181519004207573744e+03
1.216852337540907001e+03
1.168852337540907001e+03
1.195685670874240259e+03
1.174352337540907001e+03
1.214852337540907001e+03
1.145685670874240259e+03
1.147352337540907001e+03
1.138852337540907001e+03
1.219185670874240259e+03
1.197352337540907001e+03
1.226019004207573744e+03
1.193852337540907001e+03
1.199519004207573744e+03
1.134185670874240259e+03
1.184019004207573744e+03
1.171185670874240259e+03
1.164519004207573744e+03
1.060852337540907001e+03
1.117852337540907001e+03
1.125519004207573744e+03
1.162519004207573744e+03
1.101019004207573744e+03
1.149019004207573744e+03
1.162685670874240259e+03
1.205352337540907001e+03
1.178019004207573744e+03
1.241185670874240259e+03
1.235519004207573744e+03
1.239685670874240259e+03
1.130185670874240259e+03
1.143852337540907001e+03
1.128019004207573744e+03
1.160852337540907001e+03
1.103185670874240259e+03
1.151352337540907001e+03
1.185519004207573744e+03
1.275852337540907001e+03
1.234185670874240259e+03
1.231019004207573744e+03
1.173019004207573744e+03
1.222019004207573744e+03
1.203185670874240259e+03
1.282352337540907001e+03
1.231352337540907001e+03
1.212185670874240259e+03
1.105185670874240259e+03
1.164519004207573744e+03
1.176185670874240259e+03
1.216852337540907001e+03
1.137185670874240259e+03
1.180852337540907001e+03
1.164852337540907001e+03
1.189019004207573744e+03
1.116852337540907001e+03
1.176352337540907001e+03
1.169519004207573744e+03
1.189185670874240259e+03
1.116019004207573744e+03
1.155352337540907001e+03
1.173185670874240259e+03
1.182852337540907001e+03
1.124019004207573744e+03
1.128352337540907001e+03
1.122019004207573744e+03
1.153519004207573744e+03
1.121519004207573744e+03
1.181519004207573744e+03
1.166185670874240259e+03
1.185519004207573744e+03
1.097519004207573744e+03
1.147519004207573744e+03
1.140685670874240259e+03
1.195019004207573744e+03
1.164685670874240259e+03
1.224519004207573744e+03
1.226185670874240259e+03
1.250019004207573744e+03
1.170519004207573744e+03
1.180685670874240259e+03
1.145852337540907001e+03
1.177519004207573744e+03
1.114185670874240259e+03
1.150185670874240259e+03
1.127852337540907001e+03
1.167852337540907001e+03
1.103352337540907001e+03
1.178185670874240259e+03
1.196352337540907001e+03
1.256019004207573744e+03
1.172852337540907001e+03
1.204352337540907001e+03
1.183019004207573744e+03
1.209352337540907001e+03
1.112519004207573744e+03
1.132519004207573744e+03
1.138352337540907001e+03
1.194519004207573744e+03
1.139852337540907001e+03
1.160019004207573744e+03
1.154852337540907001e+03
1.223852337540907001e+03
1.167852337540907001e+03
1.186185670874240259e+03
1.125685670874240259e+03
1.143685670874240259e+03
1.104519004207573744e+03
1.149352337540907001e+03
1.161852337540907001e+03
1.184852337540907001e+03
1.140019004207573744e+03
1.171352337540907001e+03
1.172185670874240259e+03
1.210685670874240259e+03
1.146685670874240259e+03
1.151019004207573744e+03
1.106019004207573744e+03
1.127352337540907001e+03
1.093852337540907001e+03
1.174019004207573744e+03
1.177019004207573744e+03
1.212019004207573744e+03
1.135352337540907001e+03
1.189352337540907001e+03
1.192685670874240259e+03
1.232352337540907001e+03
1.166519004207573744e+03
1.197019004207573744e+03
1.204352337540907001e+03
1.261352337540907001e+03
1.196852337540907001e+03
1.198685670874240259e+03
1.141019004207573744e+03
1.158185670874240259e+03
1.102352337540907001e+03
1.151519004207573744e+03
1.169352337540907001e+03
1.244519004207573744e+03
1.179352337540907001e+03
1.167685670874240259e+03
1.110685670874240259e+03
1.159852337540907001e+03
1.122852337540907001e+03
1.181852337540907001e+03
1.151352337540907001e+03
1.179019004207573744e+03
1.126352337540907001e+03
1.214019004207573744e+03
1.215019004207573744e+03
1.231685670874240259e+03
1.126519004207573744e+03
1.143352337540907001e+03
1.136185670874240259e+03
1.167352337540907001e+03
1.113185670874240259e+03
1.145019004207573744e+03
1.139352337540907001e+03
1.169685670874240259e+03
1.091852337540907001e+03
1.119852337540907001e+03
1.140019004207573744e+03
1.188185670874240259e+03
1.147019004207573744e+03
1.180519004207573744e+03
1.179185670874240259e+03
1.213685670874240259e+03
1.159852337540907001e+03
1.197685670874240259e+03
1.184019004207573744e+03
1.195685670874240259e+03
1.138519004207573744e+03
1.189519004207573744e+03
1.167852337540907001e+03
1.178685670874240259e+03
1.080185670874240259e+03
1.123019004207573744e+03
1.122519004207573744e+03
1.191185670874240259e+03
1.142519004207573744e+03
1.205685670874240259e+03
1.178852337540907001e+03
1.213185670874240259e+03
1.146519004207573744e+03
1.161019004207573744e+03
1.159185670874240259e+03
1.245519004207573744e+03
1.220019004207573744e+03
1.233519004207573744e+03
1.167685670874240259e+03
1.201019004207573744e+03
1.165685670874240259e+03
1.181852337540907001e+03
1.186852337540907001e+03
1.241019004207573744e+03
1.198019004207573744e+03
1.179519004207573744e+03
1.100352337540907001e+03
1.119852337540907001e+03
1.107019004207573744e+03
1.198185670874240259e+03
1.196519004207573744e+03
1.250685670874240259e+03
1.181019004207573744e+03
1.210019004207573744e+03
1.162185670874240259e+03
1.196852337540907001e+03
1.145185670874240259e+03
1.168685670874240259e+03
1.137519004207573744e+03
1.148019004207573744e+03
1.085019004207573744e+03
1.133019004207573744e+03
1.118019004207573744e+03
1.171185670874240259e+03
1.106685670874240259e+03
1.153185670874240259e+03
1.111519004207573744e+03
1.165852337540907001e+03
1.135685670874240259e+03
1.182519004207573744e+03
1.160519004207573744e+03
1.182019004207573744e+03
1.131352337540907001e+03
1.163519004207573744e+03
1.133352337540907001e+03
1.166352337540907001e+03
1.119019004207573744e+03
1.182519004207573744e+03
1.183685670874240259e+03
1.222685670874240259e+03
1.174019004207573744e+03
1.208685670874240259e+03
1.169852337540907001e+03
1.161852337540907001e+03
1.091685670874240259e+03
1.121685670874240259e+03
1.140185670874240259e+03
1.207685670874240259e+03
1.165185670874240259e+03
1.196185670874240259e+03
1.138519004207573744e+03
1.147852337540907001e+03
1.067185670874240259e+03
1.133852337540907001e+03
1.144352337540907001e+03
1.195185670874240259e+03
1.127685670874240259e+03
1.151519004207573744e+03
1.120352337540907001e+03
1.170852337540907001e+03
1.153185670874240259e+03
1.247019004207573744e+03
1.227352337540907001e+03
1.259852337540907001e+03
1.164852337540907001e+03
1.186352337540907001e+03
1.150352337540907001e+03
1.188685670874240259e+03
1.149685670874240259e+03
1.163185670874240259e+03
1.158185670874240259e+03
1.202185670874240259e+03
1.173519004207573744e+03
1.178019004207573744e+03
1.128352337540907001e+03
1.159352337540907001e+03
1.116685670874240259e+03
1.167352337540907001e+03
1.158019004207573744e+03
1.181185670874240259e+03
1.118185670874240259e+03
1.163852337540907001e+03
1.174852337540907001e+03
1.217519004207573744e+03
1.139519004207573744e+03
1.148519004207573744e+03
1.121685670874240259e+03
1.171852337540907001e+03
1.107852337540907001e+03
1.133352337540907001e+03
1.091352337540907001e+03
1.157852337540907001e+03
1.113019004207573744e+03
1.161352337540907001e+03
1.127019004207573744e+03
1.164685670874240259e+03
1.107519004207573744e+03
1.156019004207573744e+03
1.164685670874240259e+03
1.208852337540907001e+03
1.173519004207573744e+03
1.196185670874240259e+03
1.194519004207573744e+03
1.190352337540907001e+03
1.120685670874240259e+03
1.139352337540907001e+03
1.155685670874240259e+03
1.182519004207573744e+03
1.105685670874240259e+03
1.100685670874240259e+03
1.080352337540907001e+03
1.114685670874240259e+03
1.097352337540907001e+03
1.167519004207573744e+03
1.193185670874240259e+03
1.259185670874240259e+03
1.244185670874240259e+03
1.278185670874240259e+03
1.210685670874240259e+03
1.159519004207573744e+03
1.076019004207573744e+03
1.136352337540907001e+03
1.179352337540907001e+03
1.271352337540907001e+03
1.200352337540907001e+03
1.208685670874240259e+03
1.146852337540907001e+03
1.184685670874240259e+03
1.126852337540907001e+03
1.137019004207573744e+03
1.115352337540907001e+03
1.146352337540907001e+03
1.113519004207573744e+03
1.155685670874240259e+03
1.151685670874240259e+03
1.172352337540907001e+03
1.086185670874240259e+03
1.092519004207573744e+03
1.077519004207573744e+03
1.103352337540907001e+03
1.082519004207573744e+03
1.159685670874240259e+03
1.185185670874240259e+03
1.234852337540907001e+03
1.150685670874240259e+03
1.197352337540907001e+03
1.227019004207573744e+03
1.271185670874240259e+03
1.229519004207573744e+03
1.192852337540907001e+03
1.165519004207573744e+03
1.190685670874240259e+03
1.154352337540907001e+03
1.192019004207573744e+03
1.164352337540907001e+03
1.220019004207573744e+03
1.150685670874240259e+03
1.162185670874240259e+03
1.104019004207573744e+03
1.142352337540907001e+03
1.120519004207573744e+03
1.167352337540907001e+03
1.169019004207573744e+03
1.179185670874240259e+03
1.145019004207573744e+03
1.214519004207573744e+03
1.227519004207573744e+03
1.234685670874240259e+03
1.148519004207573744e+03
1.157185670874240259e+03
1.161685670874240259e+03
1.211019004207573744e+03
1.145019004207573744e+03
1.151352337540907001e+03
1.100519004207573744e+03
1.172685670874240259e+03
1.125685670874240259e+03
1.169685670874240259e+03
1.138019004207573744e+03
1.206685670874240259e+03
1.163519004207573744e+03
1.175352337540907001e+03
1.098352337540907001e+03
1.131519004207573744e+03
1.101519004207573744e+03
1.183685670874240259e+03
1.152519004207573744e+03
1.189019004207573744e+03
1.123019004207573744e+03
1.174185670874240259e+03
1.171685670874240259e+03
1.213352337540907001e+03
1.158852337540907001e+03
1.156352337540907001e+03
1.135519004207573744e+03
1.169685670874240259e+03
1.110185670874240259e+03
1.112019004207573744e+03
1.090185670874240259e+03
1.136519004207573744e+03
1.101685670874240259e+03
1.146185670874240259e+03
1.140352337540907001e+03
1.181519004207573744e+03
1.137019004207573744e+03
1.178519004207573744e+03
1.184519004207573744e+03
1.214185670874240259e+03
1.150519004207573744e+03
1.149852337540907001e+03
1.111852337540907001e+03
1.183019004207573744e+03
1.184852337540907001e+03
1.282019004207573744e+03
1.239852337540907001e+03
1.226852337540907001e+03
1.115185670874240259e+03
1.144352337540907001e+03
1.122352337540907001e+03
1.183519004207573744e+03
1.158352337540907001e+03
1.219685670874240259e+03
1.180519004207573744e+03
1.185185670874240259e+03
1.130519004207573744e+03
1.186185670874240259e+03
1.193852337540907001e+03
1.222352337540907001e+03
1.166519004207573744e+03
1.197852337540907001e+03
1.153685670874240259e+03
1.167519004207573744e+03
1.127685670874240259e+03
1.216019004207573744e+03
1.222519004207573744e+03
1.244019004207573744e+03
1.186519004207573744e+03
1.230519004207573744e+03
1.219352337540907001e+03
1.262185670874240259e+03
1.174352337540907001e+03
1.167519004207573744e+03
1.089352337540907001e+03
1.135685670874240259e+03
1.098685670874240259e+03
1.162019004207573744e+03
1.149019004207573744e+03
1.196852337540907001e+03
1.139685670874240259e+03
1.155019004207573744e+03
1.148019004207573744e+03
1.207019004207573744e+03
1.179185670874240259e+03
1.219185670874240259e+03
1.198685670874240259e+03
1.228519004207573744e+03
1.181685670874240259e+03
1.202685670874240259e+03
1.171352337540907001e+03
1.187352337540907001e+03
1.172852337540907001e+03
1.232352337540907001e+03
1.209685670874240259e+03
1.205852337540907001e+03
1.127685670874240259e+03
1.145519004207573744e+03
1.118852337540907001e+03
1.176352337540907001e+03
1.144185670874240259e+03
1.181852337540907001e+03
1.157019004207573744e+03
1.181852337540907001e+03
1.120685670874240259e+03
1.159685670874240259e+03
1.133019004207573744e+03
1.185352337540907001e+03
1.135685670874240259e+03
1.199852337540907001e+03
1.167852337540907001e+03
1.173685670874240259e+03
1.095352337540907001e+03
1.118352337540907001e+03
1.102352337540907001e+03
1.133685670874240259e+03
1.139019004207573744e+03
1.185685670874240259e+03
1.140352337540907001e+03
1.139185670874240259e+03
1.100352337540907001e+03
1.168519004207573744e+03
1.164852337540907001e+03
1.185185670874240259e+03
1.144519004207573744e+03
1.189019004207573744e+03
1.183852337540907001e+03
1.241019004207573744e+03
1.183019004207573744e+03
1.197852337540907001e+03
1.167185670874240259e+03
1.187019004207573744e+03
1.148685670874240259e+03
1.198519004207573744e+03
1.213019004207573744e+03
1.252685670874240259e+03
1.155852337540907001e+03
1.177852337540907001e+03
1.185685670874240259e+03
1.271019004207573744e+03
1.208685670874240259e+03
1.206519004207573744e+03
1.185019004207573744e+03
1.244019004207573744e+03
1.219852337540907001e+03
1.227352337540907001e+03
1.169019004207573744e+03
1.167685670874240259e+03
1.129852337540907001e+03
1.184519004207573744e+03
1.167019004207573744e+03
1.196019004207573744e+03
1.124352337540907001e+03
1.151019004207573744e+03
1.123019004207573744e+03
1.161019004207573744e+03
1.143519004207573744e+03
1.169685670874240259e+03
1.124352337540907001e+03
1.153519004207573744e+03
1.134352337540907001e+03
1.222685670874240259e+03
1.226852337540907001e+03
1.249685670874240259e+03
1.191519004207573744e+03
1.218019004207573744e+03
1.193519004207573744e+03
1.203352337540907001e+03
1.129019004207573744e+03
1.161185670874240259e+03
1.160685670874240259e+03
1.222685670874240259e+03
1.149852337540907001e+03
1.182685670874240259e+03
1.140019004207573744e+03
1.214519004207573744e+03
1.196685670874240259e+03
1.221685670874240259e+03
1.212019004207573744e+03
1.214685670874240259e+03
1.161685670874240259e+03
1.170352337540907001e+03
1.147185670874240259e+03
1.193519004207573744e+03
1.139852337540907001e+03
1.143852337540907001e+03
1.120685670874240259e+03
1.160185670874240259e+03
1.164185670874240259e+03
1.214185670874240259e+03
1.194185670874240259e+03
1.210185670874240259e+03
1.133019004207573744e+03
1.129352337540907001e+03
1.083352337540907001e+03
1.125852337540907001e+03
1.107019004207573744e+03
1.140519004207573744e+03
1.129852337540907001e+03
1.206352337540907001e+03
1.211185670874240259e+03
1.268519004207573744e+03
1.181519004207573744e+03
1.175019004207573744e+03
1.109852337540907001e+03
1.181519004207573744e+03
1.168185670874240259e+03
1.180685670874240259e+03
1.124519004207573744e+03
1.167852337540907001e+03
1.170019004207573744e+03
1.209185670874240259e+03
1.158685670874240259e+03
1.194352337540907001e+03
1.185019004207573744e+03
1.227685670874240259e+03
1.162852337540907001e+03
1.147519004207573744e+03
1.101185670874240259e+03
1.124852337540907001e+03
1.107519004207573744e+03
1.154519004207573744e+03
1.123519004207573744e+03
1.123185670874240259e+03
1.041519004207573744e+03
1.067019004207573744e+03
1.063185670874240259e+03
1.124352337540907001e+03
1.097185670874240259e+03
1.119519004207573744e+03
1.061352337540907001e+03
1.082185670874240259e+03
1.055352337540907001e+03
1.129352337540907001e+03
1.138852337540907001e+03
1.209185670874240259e+03
1.163519004207573744e+03
1.208685670874240259e+03
1.140852337540907001e+03
1.147019004207573744e+03
1.090352337540907001e+03
1.149185670874240259e+03
1.165519004207573744e+03
1.209185670874240259e+03
1.175852337540907001e+03
1.216519004207573744e+03
1.195519004207573744e+03
1.204519004207573744e+03
1.135352337540907001e+03
1.164352337540907001e+03
1.173685670874240259e+03
1.219352337540907001e+03
1.191519004207573744e+03
1.222019004207573744e+03
1.204685670874240259e+03
1.188685670874240259e+03
1.129185670874240259e+03
1.140185670874240259e+03
1.144185670874240259e+03
1.167185670874240259e+03
1.140685670874240259e+03
1.189519004207573744e+03
1.170019004207573744e+03
1.224352337540907001e+03
1.169019004207573744e+03
1.182352337540907001e+03
1.108352337540907001e+03
1.122519004207573744e+03
1.090019004207573744e+03
1.154519004207573744e+03
1.147519004207573744e+03
1.181519004207573744e+03
1.112519004207573744e+03
1.129519004207573744e+03
1.109352337540907001e+03
1.146185670874240259e+03
1.106352337540907001e+03
1.141852337540907001e+03
1.135352337540907001e+03
1.192019004207573744e+03
1.122019004207573744e+03
1.125352337540907001e+03
1.114019004207573744e+03
1.192685670874240259e+03
1.153352337540907001e+03
1.136185670874240259e+03
1.095019004207573744e+03
1.153852337540907001e+03
1.140685670874240259e+03
1.156685670874240259e+03
1.128185670874240259e+03
1.154019004207573744e+03
1.156685670874240259e+03
1.203019004207573744e+03
1.200019004207573744e+03
1.223185670874240259e+03
1.166019004207573744e+03
1.161352337540907001e+03
1.130519004207573744e+03
1.181019004207573744e+03
1.159852337540907001e+03
1.187019004207573744e+03
1.170519004207573744e+03
1.197852337540907001e+03
1.150519004207573744e+03
1.127852337540907001e+03
1.102019004207573744e+03
1.162019004207573744e+03
1.202685670874240259e+03
1.273352337540907001e+03
1.220519004207573744e+03
1.198352337540907001e+03
1.125852337540907001e+03
1.153352337540907001e+03
1.144352337540907001e+03
1.180852337540907001e+03
1.183352337540907001e+03
1.210352337540907001e+03
1.171019004207573744e+03
1.144519004207573744e+03
1.129685670874240259e+03
1.154685670874240259e+03
1.133519004207573744e+03
1.123519004207573744e+03
1.089019004207573744e+03
1.100519004207573744e+03
1.086019004207573744e+03
1.124519004207573744e+03
1.118019004207573744e+03
1.143185670874240259e+03
1.107352337540907001e+03
1.143685670874240259e+03
1.123519004207573744e+03
1.184185670874240259e+03
1.156185670874240259e+03
1.178685670874240259e+03
1.113352337540907001e+03
1.120185670874240259e+03
1.082685670874240259e+03
1.107185670874240259e+03
1.094352337540907001e+03
1.125519004207573744e+03
1.082685670874240259e+03
1.103185670874240259e+03
1.071519004207573744e+03
1.137519004207573744e+03
1.124352337540907001e+03
1.178352337540907001e+03
1.170852337540907001e+03
1.230019004207573744e+03
1.175352337540907001e+03
1.188352337540907001e+03
1.092185670874240259e+03
1.113019004207573744e+03
1.066519004207573744e+03
1.122352337540907001e+03
1.095019004207573744e+03
1.106685670874240259e+03
1.073352337540907001e+03
1.122185670874240259e+03
1.117185670874240259e+03
1.116185670874240259e+03
1.084685670874240259e+03
1.112519004207573744e+03
1.106019004207573744e+03
1.141685670874240259e+03
1.105019004207573744e+03
1.159019004207573744e+03
1.129519004207573744e+03
1.157352337540907001e+03
1.104352337540907001e+03
1.094685670874240259e+03
1.061852337540907001e+03
1.100185670874240259e+03
1.077685670874240259e+03
1.106519004207573744e+03
1.071352337540907001e+03
1.102185670874240259e+03
1.105019004207573744e+03
1.171852337540907001e+03
1.145852337540907001e+03
1.107685670874240259e+03
1.041519004207573744e+03
1.104519004207573744e+03
1.122852337540907001e+03
1.175019004207573744e+03
1.131352337540907001e+03
1.125352337540907001e+03
1.076019004207573744e+03
1.083685670874240259e+03
1.091852337540907001e+03
1.136019004207573744e+03
1.103185670874240259e+03
1.127685670874240259e+03
1.118852337540907001e+03
1.192685670874240259e+03
1.187852337540907001e+03
1.216852337540907001e+03
1.168519004207573744e+03
1.196352337540907001e+03
1.160019004207573744e+03
1.153185670874240259e+03
1.086852337540907001e+03
1.117352337540907001e+03
1.136019004207573744e+03
1.178852337540907001e+03
1.138352337540907001e+03
1.183185670874240259e+03
1.170185670874240259e+03
1.185352337540907001e+03
1.137019004207573744e+03
1.197185670874240259e+03
1.190852337540907001e+03
1.220685670874240259e+03
1.171685670874240259e+03
1.205019004207573744e+03
1.162519004207573744e+03
1.186685670874240259e+03
1.146019004207573744e+03
1.197352337540907001e+03
1.170519004207573744e+03
1.222685670874240259e+03
1.211852337540907001e+03
1.238685670874240259e+03
1.182019004207573744e+03
1.185852337540907001e+03
1.143185670874240259e+03
1.198019004207573744e+03
1.173519004207573744e+03
1.185185670874240259e+03
1.123685670874240259e+03
1.146852337540907001e+03
1.110019004207573744e+03
1.120019004207573744e+03
1.089685670874240259e+03
1.151519004207573744e+03
1.118685670874240259e+03
1.130019004207573744e+03
1.097185670874240259e+03
1.150519004207573744e+03
1.123352337540907001e+03
1.143685670874240259e+03
1.139019004207573744e+03
1.177519004207573744e+03
1.156185670874240259e+03
1.171185670874240259e+03
1.151019004207573744e+03
1.204519004207573744e+03
1.170685670874240259e+03
1.196019004207573744e+03
1.181685670874240259e+03
1.232185670874240259e+03
1.226685670874240259e+03
1.220685670874240259e+03
1.198352337540907001e+03
1.222185670874240259e+03
1.198352337540907001e+03
1.218852337540907001e+03
1.168852337540907001e+03
1.198852337540907001e+03
1.189852337540907001e+03
1.255519004207573744e+03
1.224019004207573744e+03
1.245519004207573744e+03
1.185185670874240259e+03
1.185352337540907001e+03
1.135852337540907001e+03
1.149685670874240259e+03
1.120019004207573744e+03
1.127019004207573744e+03
1.107352337540907001e+03
1.165185670874240259e+03
1.133519004207573744e+03
1.151519004207573744e+03
1.132019004207573744e+03
1.168519004207573744e+03
1.141519004207573744e+03
1.156185670874240259e+03
1.158019004207573744e+03
1.234352337540907001e+03
1.227852337540907001e+03
1.224185670874240259e+03
1.176019004207573744e+03
1.221352337540907001e+03
1.223685670874240259e+03
1.227685670874240259e+03
1.144352337540907001e+03
1.187352337540907001e+03
1.171352337540907001e+03
1.209519004207573744e+03
1.138852337540907001e+03
1.166685670874240259e+03
1.136852337540907001e+03
1.183519004207573744e+03
1.158185670874240259e+03
1.237519004207573744e+03
1.218185670874240259e+03
1.263685670874240259e+03
1.219519004207573744e+03
1.236019004207573744e+03
1.159019004207573744e+03
1.151185670874240259e+03
1.150019004207573744e+03
1.247685670874240259e+03
1.257185670874240259e+03
1.230352337540907001e+03
1.175019004207573744e+03
1.201685670874240259e+03
1.217352337540907001e+03
1.252352337540907001e+03
1.174352337540907001e+03
1.176519004207573744e+03
1.121519004207573744e+03
1.172852337540907001e+03
1.162685670874240259e+03
1.233352337540907001e+03
1.216352337540907001e+03
1.238352337540907001e+03
1.176852337540907001e+03
1.210852337540907001e+03
1.122852337540907001e+03
1.107019004207573744e+03
1.050185670874240259e+03
1.121852337540907001e+03
1.136352337540907001e+03
1.164185670874240259e+03
1.122352337540907001e+03
1.147019004207573744e+03
1.125519004207573744e+03
1.165352337540907001e+03
1.104519004207573744e+03
1.127852337540907001e+03
7.038523375409068876e+02
