5.478333333333332575e+02
6.729999999999998863e+02
3.710000000000000000e+02
4.770000000000000000e+02
8.906666666666665151e+02
1.213166666666666515e+03
1.351833333333333030e+03
1.170000000000000000e+03
1.214833333333333258e+03
1.279000000000000000e+03
1.279333333333333258e+03
1.141333333333333258e+03
1.246166666666666515e+03
1.361666666666666515e+03
1.374666666666666515e+03
1.204000000000000000e+03
1.265666666666666515e+03
1.364833333333333258e+03
1.417333333333333258e+03
1.267500000000000000e+03
1.423166666666666515e+03
1.522000000000000000e+03
1.538000000000000000e+03
1.310666666666666515e+03
1.391500000000000000e+03
1.448500000000000000e+03
1.446333333333333258e+03
1.257000000000000000e+03
1.358333333333333258e+03
1.439333333333333258e+03
1.451166666666666515e+03
1.290333333333333258e+03
1.422666666666666515e+03
1.476000000000000000e+03
1.475000000000000000e+03
1.265166666666666515e+03
1.360000000000000000e+03
1.433166666666666515e+03
1.417833333333333030e+03
1.252666666666666515e+03
1.356333333333333258e+03
1.453000000000000000e+03
1.448666666666666515e+03
1.269666666666666515e+03
1.362000000000000000e+03
1.460833333333333258e+03
1.479500000000000000e+03
1.355666666666666515e+03
1.476833333333333258e+03
1.535833333333333030e+03
1.471333333333333258e+03
1.253166666666666515e+03
1.375833333333333258e+03
1.481166666666666515e+03
1.509333333333333258e+03
1.332166666666666515e+03
1.415166666666666515e+03
1.445833333333333258e+03
1.426833333333333030e+03
1.247333333333333258e+03
1.370500000000000000e+03
1.465833333333333258e+03
1.475666666666666515e+03
1.274500000000000000e+03
1.366333333333333258e+03
1.447833333333333258e+03
1.441166666666666515e+03
1.276000000000000000e+03
1.409166666666666515e+03
1.529333333333333258e+03
1.541499999999999773e+03
1.358166666666666515e+03
1.469000000000000000e+03
1.530499999999999773e+03
1.513499999999999773e+03
1.338666666666666515e+03
1.435333333333333258e+03
1.495500000000000000e+03
1.445500000000000000e+03
1.285166666666666515e+03
1.384500000000000000e+03
1.451666666666666515e+03
1.416833333333333258e+03
1.235166666666666515e+03
1.323666666666666515e+03
1.412833333333333258e+03
1.416833333333333258e+03
1.296333333333333258e+03
1.399166666666666515e+03
1.465666666666666515e+03
1.469000000000000000e+03
1.291166666666666515e+03
1.403500000000000000e+03
1.478500000000000000e+03
1.465333333333333258e+03
1.337666666666666515e+03
1.454666666666666515e+03
1.539166666666666515e+03
1.487333333333333258e+03
1.281833333333333258e+03
1.381166666666666515e+03
1.456166666666666515e+03
1.451166666666666515e+03
1.264166666666666515e+03
1.362333333333333258e+03
1.409500000000000000e+03
1.406666666666666515e+03
1.242166666666666515e+03
1.380333333333333258e+03
1.470500000000000000e+03
1.477500000000000000e+03
1.295666666666666515e+03
1.425666666666666515e+03
1.532333333333333258e+03
1.548166666666666515e+03
1.340999999999999773e+03
1.393333333333333258e+03
1.438666666666666515e+03
1.433666666666666515e+03
1.265333333333333258e+03
1.381666666666666515e+03
1.456000000000000000e+03
1.462999999999999773e+03
1.269666666666666515e+03
1.361166666666666515e+03
1.401000000000000000e+03
1.378000000000000000e+03
1.215166666666666515e+03
1.361500000000000000e+03
1.476166666666666515e+03
1.452666666666666515e+03
1.231833333333333258e+03
1.328000000000000000e+03
1.436333333333333258e+03
1.460833333333333030e+03
1.283333333333333258e+03
1.359000000000000000e+03
1.430166666666666515e+03
1.414999999999999773e+03
1.250500000000000000e+03
1.353833333333333258e+03
1.477166666666666515e+03
1.512500000000000000e+03
1.329833333333333258e+03
1.356333333333333258e+03
1.411500000000000000e+03
1.442500000000000000e+03
1.300833333333333258e+03
1.356500000000000000e+03
1.409333333333333258e+03
1.428833333333333258e+03
1.297166666666666515e+03
1.394166666666666515e+03
1.446666666666666515e+03
1.432166666666666515e+03
1.261000000000000000e+03
1.352833333333333258e+03
1.438500000000000000e+03
1.452833333333333258e+03
1.296833333333333258e+03
1.351666666666666515e+03
1.403833333333333030e+03
1.398166666666666515e+03
1.266666666666666515e+03
1.350666666666666515e+03
1.411166666666666515e+03
1.429000000000000000e+03
1.304000000000000000e+03
1.422833333333333258e+03
1.486000000000000000e+03
1.452166666666666515e+03
1.263833333333333258e+03
1.318500000000000000e+03
1.412833333333333258e+03
1.466999999999999773e+03
1.324500000000000000e+03
1.386333333333333258e+03
1.436000000000000000e+03
1.462500000000000000e+03
1.317500000000000000e+03
1.411833333333333258e+03
1.451666666666666515e+03
1.437166666666666515e+03
1.272666666666666515e+03
1.385666666666666515e+03
1.444999999999999773e+03
1.429499999999999773e+03
1.232833333333333258e+03
1.354500000000000000e+03
1.417666666666666515e+03
1.399833333333333258e+03
1.236833333333333258e+03
1.341500000000000000e+03
1.453166666666666515e+03
1.482499999999999773e+03
1.321833333333333258e+03
1.389333333333333258e+03
1.416333333333333258e+03
1.415500000000000000e+03
1.292000000000000000e+03
1.417500000000000000e+03
1.475166666666666515e+03
1.478333333333333030e+03
1.301166666666666515e+03
1.375166666666666515e+03
1.415000000000000000e+03
1.418000000000000000e+03
1.297333333333333258e+03
1.418500000000000000e+03
1.475166666666666515e+03
1.448833333333333258e+03
1.274166666666666515e+03
1.371000000000000000e+03
1.437500000000000000e+03
1.371666666666666515e+03
1.173333333333333258e+03
1.298833333333333258e+03
1.468333333333333030e+03
1.528500000000000000e+03
1.333500000000000000e+03
1.359166666666666515e+03
1.392999999999999773e+03
1.402999999999999773e+03
1.256000000000000000e+03
1.353333333333333258e+03
1.438333333333333258e+03
1.469833333333333258e+03
1.316000000000000000e+03
1.388166666666666515e+03
1.432833333333333258e+03
1.441833333333333258e+03
1.309666666666666515e+03
1.376666666666666515e+03
1.393000000000000000e+03
1.383833333333333258e+03
1.260166666666666515e+03
1.401000000000000000e+03
1.432333333333333258e+03
1.424666666666666515e+03
1.260666666666666515e+03
1.377333333333333258e+03
1.428000000000000000e+03
1.391500000000000000e+03
1.217166666666666515e+03
1.305333333333333258e+03
1.386333333333333258e+03
1.375500000000000000e+03
1.221500000000000000e+03
1.331833333333333258e+03
1.422666666666666515e+03
1.436999999999999773e+03
1.279333333333333258e+03
1.389500000000000000e+03
1.447166666666666515e+03
1.453166666666666515e+03
1.294666666666666515e+03
1.384666666666666515e+03
1.424333333333333258e+03
1.410500000000000000e+03
1.245000000000000000e+03
1.320000000000000000e+03
1.390333333333333258e+03
1.428166666666666515e+03
1.317500000000000000e+03
1.419833333333333258e+03
1.461500000000000000e+03
1.454500000000000000e+03
1.262833333333333258e+03
1.330333333333333258e+03
1.379166666666666515e+03
1.398166666666666515e+03
1.264166666666666515e+03
1.382000000000000000e+03
1.414333333333333258e+03
1.402500000000000000e+03
1.215500000000000000e+03
1.316333333333333258e+03
1.383166666666666515e+03
1.389333333333333258e+03
1.241166666666666515e+03
1.376833333333333258e+03
1.460000000000000000e+03
1.478500000000000000e+03
1.273333333333333258e+03
1.340500000000000000e+03
1.423166666666666515e+03
1.486833333333333030e+03
1.340333333333333258e+03
1.396833333333333258e+03
1.401666666666666515e+03
1.425333333333333258e+03
1.289333333333333258e+03
1.373666666666666515e+03
1.402999999999999773e+03
1.402499999999999773e+03
1.294500000000000000e+03
1.420000000000000000e+03
1.486999999999999773e+03
1.480333333333333030e+03
1.291833333333333258e+03
1.357166666666666515e+03
1.401500000000000000e+03
1.387333333333333258e+03
1.264833333333333258e+03
1.361000000000000000e+03
1.443000000000000000e+03
1.417333333333333258e+03
1.283500000000000000e+03
1.382000000000000000e+03
1.457000000000000000e+03
1.465499999999999773e+03
1.351166666666666515e+03
1.425833333333333258e+03
1.419333333333333258e+03
1.364333333333333258e+03
1.239333333333333258e+03
1.385500000000000000e+03
1.448666666666666515e+03
1.441666666666666515e+03
1.237000000000000000e+03
1.290666666666666515e+03
1.304333333333333258e+03
1.304333333333333258e+03
1.195666666666666515e+03
1.287000000000000000e+03
1.368333333333333258e+03
1.381500000000000000e+03
1.251166666666666515e+03
1.309666666666666515e+03
1.351666666666666515e+03
1.362333333333333258e+03
1.239833333333333258e+03
1.322500000000000000e+03
1.408166666666666515e+03
1.435666666666666515e+03
1.327000000000000000e+03
1.374833333333333258e+03
1.420666666666666515e+03
1.437833333333333258e+03
1.319333333333333258e+03
1.380000000000000000e+03
1.392666666666666515e+03
1.395833333333333258e+03
1.288000000000000000e+03
1.380833333333333258e+03
1.411166666666666515e+03
1.381500000000000000e+03
1.236333333333333258e+03
1.348166666666666515e+03
1.443333333333333258e+03
1.443499999999999773e+03
1.280833333333333258e+03
1.345666666666666515e+03
1.395166666666666515e+03
1.397666666666666515e+03
1.211000000000000000e+03
1.279333333333333258e+03
1.341666666666666515e+03
1.402333333333333258e+03
1.289500000000000000e+03
1.338166666666666515e+03
1.376333333333333258e+03
1.369333333333333258e+03
1.251500000000000000e+03
1.322833333333333258e+03
1.383333333333333258e+03
1.439333333333333258e+03
1.328666666666666515e+03
1.422166666666666515e+03
1.409333333333333258e+03
1.381833333333333258e+03
1.217333333333333258e+03
1.289833333333333258e+03
1.366166666666666515e+03
1.444666666666666515e+03
1.356833333333333258e+03
1.420000000000000000e+03
1.379666666666666515e+03
1.370500000000000000e+03
1.266000000000000000e+03
1.369666666666666515e+03
1.403333333333333258e+03
1.381166666666666515e+03
1.238833333333333258e+03
1.320833333333333258e+03
1.368333333333333258e+03
1.398833333333333258e+03
1.278666666666666515e+03
1.347000000000000000e+03
1.371333333333333258e+03
1.347166666666666515e+03
1.196333333333333258e+03
1.267000000000000000e+03
1.319499999999999773e+03
1.341666666666666515e+03
1.216500000000000000e+03
1.280500000000000000e+03
1.323333333333333258e+03
1.348833333333333258e+03
1.258333333333333258e+03
1.378833333333333258e+03
1.404666666666666515e+03
1.376333333333333258e+03
1.217333333333333258e+03
1.300500000000000000e+03
1.352833333333333258e+03
1.368500000000000000e+03
1.268000000000000000e+03
1.358833333333333258e+03
1.372833333333333258e+03
1.376833333333333258e+03
1.274833333333333258e+03
1.388666666666666515e+03
1.426000000000000000e+03
1.441833333333333258e+03
1.333333333333333258e+03
1.393666666666666515e+03
1.393333333333333030e+03
1.366333333333333258e+03
1.237333333333333258e+03
1.305000000000000000e+03
1.332666666666666515e+03
1.356500000000000000e+03
1.275166666666666515e+03
1.370500000000000000e+03
1.383666666666666515e+03
1.370833333333333030e+03
1.261500000000000000e+03
1.363166666666666515e+03
1.414666666666666515e+03
1.441833333333333258e+03
1.291500000000000000e+03
1.356833333333333258e+03
1.370000000000000000e+03
1.413000000000000000e+03
1.293666666666666515e+03
1.336833333333333258e+03
1.315000000000000000e+03
1.318166666666666515e+03
1.243000000000000000e+03
1.344500000000000000e+03
1.367333333333333258e+03
1.349333333333333258e+03
1.229500000000000000e+03
1.296833333333333258e+03
1.329166666666666515e+03
1.376333333333333258e+03
1.316166666666666515e+03
1.395000000000000000e+03
1.395833333333333258e+03
1.387166666666666515e+03
1.278500000000000000e+03
1.354666666666666515e+03
1.388333333333333258e+03
1.382833333333333258e+03
1.289666666666666515e+03
1.328000000000000000e+03
1.387833333333333258e+03
1.440000000000000000e+03
1.341000000000000000e+03
1.386833333333333258e+03
1.368833333333333258e+03
1.395000000000000000e+03
1.293666666666666515e+03
1.369333333333333258e+03
1.388666666666666515e+03
1.396833333333333258e+03
1.282000000000000000e+03
1.347166666666666515e+03
1.392500000000000000e+03
1.417000000000000000e+03
1.300500000000000000e+03
1.335500000000000000e+03
1.342666666666666515e+03
1.342166666666666515e+03
1.227166666666666515e+03
1.297333333333333258e+03
1.346666666666666515e+03
1.383000000000000000e+03
1.288000000000000000e+03
1.365666666666666515e+03
1.393333333333333030e+03
1.406166666666666515e+03
1.271833333333333258e+03
1.310166666666666515e+03
1.314166666666666515e+03
1.352833333333333258e+03
1.256333333333333258e+03
1.301000000000000000e+03
1.271333333333333258e+03
1.288166666666666515e+03
1.210500000000000000e+03
1.305166666666666515e+03
1.357833333333333258e+03
1.393166666666666515e+03
1.305166666666666515e+03
1.352500000000000000e+03
1.347000000000000000e+03
1.359166666666666515e+03
1.240500000000000000e+03
1.308666666666666515e+03
1.349500000000000000e+03
1.386000000000000000e+03
1.274666666666666515e+03
1.315333333333333258e+03
1.325666666666666515e+03
1.347833333333333258e+03
1.274500000000000000e+03
1.375500000000000000e+03
1.412333333333333258e+03
1.395666666666666515e+03
1.272333333333333258e+03
1.367666666666666515e+03
1.418666666666666515e+03
1.474833333333333258e+03
1.331500000000000000e+03
1.338166666666666515e+03
1.300500000000000000e+03
1.328333333333333258e+03
1.265666666666666515e+03
1.341833333333333258e+03
1.365333333333333258e+03
1.411000000000000000e+03
1.311666666666666515e+03
1.354500000000000000e+03
1.330166666666666515e+03
1.338500000000000000e+03
1.238666666666666515e+03
1.303333333333333258e+03
1.306000000000000000e+03
1.320000000000000000e+03
1.230666666666666515e+03
1.335000000000000000e+03
1.400666666666666515e+03
1.451833333333333030e+03
1.352500000000000000e+03
1.363333333333333258e+03
1.332333333333333258e+03
1.332000000000000000e+03
1.262166666666666515e+03
1.336833333333333258e+03
1.356166666666666515e+03
1.370333333333333258e+03
1.280833333333333258e+03
1.352000000000000000e+03
1.369666666666666515e+03
1.408666666666666515e+03
1.319666666666666515e+03
1.373666666666666515e+03
1.375833333333333258e+03
1.426000000000000000e+03
1.344333333333333258e+03
1.407666666666666515e+03
1.364833333333333258e+03
1.358333333333333258e+03
1.213666666666666515e+03
1.286833333333333258e+03
1.321166666666666515e+03
1.395166666666666515e+03
1.310500000000000000e+03
1.382000000000000000e+03
1.389833333333333258e+03
1.392000000000000000e+03
1.290833333333333258e+03
1.348833333333333258e+03
1.372333333333333258e+03
1.395333333333333258e+03
1.305666666666666515e+03
1.384666666666666515e+03
1.374166666666666515e+03
1.376333333333333258e+03
1.234833333333333258e+03
1.325666666666666515e+03
1.376000000000000000e+03
1.472666666666666515e+03
1.394666666666666515e+03
1.434000000000000000e+03
1.389833333333333258e+03
1.368333333333333258e+03
1.244666666666666515e+03
1.302166666666666515e+03
1.312833333333333258e+03
1.350000000000000000e+03
1.262333333333333258e+03
1.302000000000000000e+03
1.308166666666666515e+03
1.345833333333333258e+03
1.278833333333333258e+03
1.320333333333333258e+03
1.278000000000000000e+03
1.288166666666666515e+03
1.230500000000000000e+03
1.315666666666666515e+03
1.322166666666666515e+03
1.361333333333333258e+03
1.296500000000000000e+03
1.399833333333333258e+03
1.410833333333333258e+03
1.447999999999999773e+03
1.354833333333333258e+03
1.380166666666666515e+03
1.366333333333333258e+03
1.381666666666666515e+03
1.313333333333333258e+03
1.362000000000000000e+03
1.342833333333333258e+03
1.379833333333333258e+03
1.341666666666666515e+03
1.443833333333333258e+03
1.419833333333333258e+03
1.407666666666666515e+03
1.300666666666666515e+03
1.366166666666666515e+03
1.366666666666666515e+03
1.343333333333333258e+03
1.239166666666666515e+03
1.293166666666666515e+03
1.320833333333333258e+03
1.341666666666666515e+03
1.256000000000000000e+03
1.294500000000000000e+03
1.289166666666666515e+03
1.300500000000000000e+03
1.229166666666666515e+03
1.294166666666666515e+03
1.315000000000000000e+03
1.360000000000000000e+03
1.273333333333333258e+03
1.312833333333333258e+03
1.335833333333333258e+03
1.399000000000000000e+03
1.325833333333333258e+03
1.344833333333333258e+03
1.327833333333333258e+03
1.366833333333333258e+03
1.314166666666666515e+03
1.375666666666666515e+03
1.367833333333333258e+03
1.386833333333333258e+03
1.317666666666666515e+03
1.388666666666666515e+03
1.370166666666666515e+03
1.364999999999999773e+03
1.266666666666666515e+03
1.339333333333333258e+03
1.389500000000000000e+03
1.465333333333333258e+03
1.399833333333333258e+03
1.428333333333333258e+03
1.371333333333333258e+03
1.393666666666666515e+03
1.304500000000000000e+03
1.343666666666666515e+03
1.320333333333333258e+03
1.365166666666666515e+03
1.317166666666666515e+03
1.380666666666666515e+03
1.368166666666666515e+03
1.400833333333333258e+03
1.274166666666666515e+03
1.277500000000000000e+03
1.265166666666666515e+03
1.352500000000000000e+03
1.334500000000000000e+03
1.396500000000000000e+03
1.369166666666666515e+03
1.416000000000000000e+03
1.335333333333333258e+03
1.398833333333333258e+03
1.344166666666666515e+03
1.364833333333333258e+03
1.266666666666666515e+03
1.329500000000000000e+03
1.315000000000000000e+03
1.385000000000000000e+03
1.340833333333333258e+03
1.393000000000000000e+03
1.351666666666666515e+03
1.353500000000000000e+03
1.272500000000000000e+03
1.358333333333333258e+03
1.369666666666666515e+03
1.438833333333333258e+03
1.333000000000000000e+03
1.376666666666666515e+03
1.375666666666666515e+03
1.475333333333333258e+03
1.421000000000000000e+03
1.455833333333333258e+03
1.387833333333333258e+03
1.391666666666666515e+03
1.284333333333333258e+03
1.300666666666666515e+03
1.270500000000000000e+03
1.271666666666666515e+03
1.252666666666666515e+03
1.341500000000000000e+03
1.366500000000000000e+03
1.369833333333333258e+03
1.247500000000000000e+03
1.280500000000000000e+03
1.270000000000000000e+03
1.349833333333333258e+03
1.299500000000000000e+03
1.375500000000000000e+03
1.332333333333333258e+03
1.344666666666666515e+03
1.262833333333333258e+03
1.357833333333333258e+03
1.398833333333333258e+03
1.398833333333333258e+03
1.277166666666666515e+03
1.288500000000000000e+03
1.328500000000000000e+03
1.363333333333333258e+03
1.287333333333333258e+03
1.317833333333333258e+03
1.325333333333333258e+03
1.378000000000000000e+03
1.274666666666666515e+03
1.326666666666666515e+03
1.330000000000000000e+03
1.388000000000000000e+03
1.336833333333333258e+03
1.367333333333333258e+03
1.369166666666666515e+03
1.390833333333333258e+03
1.303666666666666515e+03
1.301666666666666515e+03
1.258333333333333258e+03
1.290000000000000000e+03
1.245666666666666515e+03
1.275833333333333258e+03
1.291000000000000000e+03
1.356000000000000000e+03
1.307833333333333258e+03
1.387833333333333258e+03
1.403166666666666515e+03
1.461166666666666515e+03
1.339333333333333258e+03
1.327666666666666515e+03
1.283000000000000000e+03
1.299333333333333258e+03
1.207333333333333258e+03
1.283166666666666515e+03
1.341333333333333258e+03
1.381333333333333258e+03
1.248500000000000000e+03
1.212666666666666515e+03
1.206666666666666515e+03
1.281833333333333258e+03
1.248833333333333258e+03
1.302166666666666515e+03
1.297000000000000000e+03
1.345166666666666515e+03
1.324500000000000000e+03
1.387666666666666515e+03
1.371166666666666515e+03
1.397333333333333258e+03
1.329166666666666515e+03
1.387333333333333258e+03
1.353166666666666515e+03
1.356166666666666515e+03
1.271166666666666515e+03
1.322333333333333258e+03
1.361500000000000000e+03
1.368166666666666515e+03
1.272333333333333258e+03
1.283000000000000000e+03
1.304333333333333258e+03
1.359666666666666515e+03
1.295500000000000000e+03
1.356666666666666515e+03
1.368500000000000000e+03
1.452666666666666515e+03
1.368166666666666515e+03
1.389666666666666515e+03
1.339666666666666515e+03
1.349333333333333258e+03
1.283666666666666515e+03
1.352333333333333258e+03
1.357833333333333258e+03
1.370500000000000000e+03
1.255333333333333258e+03
1.290500000000000000e+03
1.280500000000000000e+03
1.320500000000000000e+03
1.240666666666666515e+03
1.303666666666666515e+03
1.317666666666666515e+03
1.393500000000000000e+03
1.328833333333333258e+03
1.355333333333333258e+03
1.331833333333333258e+03
1.366833333333333258e+03
1.312500000000000000e+03
1.415166666666666515e+03
1.451166666666666515e+03
1.510166666666666515e+03
1.403166666666666515e+03
1.404333333333333258e+03
1.368666666666666515e+03
1.373500000000000000e+03
1.310666666666666515e+03
1.350500000000000000e+03
1.337166666666666515e+03
1.342833333333333258e+03
1.262333333333333258e+03
1.350000000000000000e+03
1.348000000000000000e+03
1.376333333333333258e+03
1.279333333333333258e+03
1.353500000000000000e+03
1.347000000000000000e+03
1.352666666666666515e+03
1.251166666666666515e+03
1.320500000000000000e+03
1.341666666666666515e+03
1.372666666666666515e+03
1.277833333333333258e+03
1.340333333333333258e+03
1.360166666666666515e+03
1.429333333333333258e+03
1.340500000000000000e+03
1.402833333333333258e+03
1.366666666666666515e+03
1.342000000000000000e+03
1.210500000000000000e+03
1.272833333333333258e+03
1.310666666666666515e+03
1.315500000000000000e+03
1.224166666666666515e+03
1.302000000000000000e+03
1.369500000000000000e+03
1.421833333333333258e+03
1.356333333333333258e+03
1.420500000000000000e+03
1.419833333333333258e+03
1.421333333333333258e+03
1.290000000000000000e+03
1.298833333333333258e+03
1.300333333333333258e+03
1.344833333333333258e+03
1.268333333333333258e+03
1.321500000000000000e+03
1.323666666666666515e+03
1.365500000000000000e+03
1.291666666666666515e+03
1.340500000000000000e+03
1.382333333333333258e+03
1.404333333333333258e+03
1.323833333333333258e+03
1.342666666666666515e+03
1.351833333333333258e+03
1.413166666666666515e+03
1.336000000000000000e+03
1.387833333333333258e+03
1.371666666666666515e+03
1.411833333333333258e+03
1.338500000000000000e+03
1.398333333333333258e+03
1.386500000000000000e+03
1.405166666666666515e+03
1.323333333333333258e+03
1.422500000000000000e+03
1.431833333333333258e+03
1.440000000000000000e+03
1.322833333333333258e+03
1.394166666666666515e+03
1.403833333333333258e+03
1.438833333333333258e+03
1.336000000000000000e+03
1.401500000000000000e+03
1.403833333333333258e+03
1.443500000000000000e+03
1.348166666666666515e+03
1.417166666666666515e+03
1.418666666666666515e+03
1.471166666666666515e+03
1.390333333333333258e+03
1.444833333333333258e+03
1.444666666666666515e+03
1.467000000000000000e+03
1.406333333333333258e+03
1.480833333333333258e+03
1.478166666666666515e+03
1.509500000000000000e+03
1.449666666666666515e+03
1.515000000000000000e+03
1.477666666666666515e+03
1.456000000000000000e+03
1.369833333333333258e+03
1.461166666666666515e+03
1.466000000000000000e+03
1.454500000000000000e+03
1.350500000000000000e+03
1.439166666666666515e+03
1.500000000000000000e+03
1.556833333333333258e+03
1.477333333333333258e+03
1.554000000000000000e+03
1.565000000000000000e+03
1.591666666666666515e+03
1.501500000000000000e+03
1.567500000000000000e+03
1.558833333333333030e+03
1.585333333333333030e+03
1.484500000000000000e+03
1.558000000000000000e+03
1.582333333333333258e+03
1.599333333333333030e+03
1.501166666666666515e+03
1.514166666666666515e+03
1.576666666666666515e+03
1.698499999999999773e+03
1.671333333333333258e+03
1.733999999999999773e+03
1.691499999999999773e+03
1.684999999999999773e+03
1.546666666666666515e+03
1.587500000000000000e+03
1.615333333333333030e+03
1.651333333333333258e+03
1.537999999999999773e+03
1.557500000000000000e+03
1.558166666666666515e+03
1.591500000000000000e+03
1.529500000000000000e+03
1.612000000000000000e+03
1.651333333333333258e+03
1.692999999999999773e+03
1.582333333333333258e+03
1.605333333333333258e+03
1.606833333333333258e+03
1.659500000000000000e+03
1.619666666666666515e+03
1.695000000000000000e+03
1.719000000000000000e+03
1.742333333333333258e+03
1.632166666666666515e+03
1.656666666666666515e+03
1.643166666666666515e+03
1.656166666666666515e+03
1.575000000000000000e+03
1.617833333333333258e+03
1.630833333333333258e+03
1.652666666666666515e+03
1.597666666666666515e+03
1.661666666666666515e+03
1.695833333333333258e+03
1.750333333333333258e+03
1.690333333333333258e+03
1.690333333333333258e+03
1.609833333333333258e+03
1.580500000000000000e+03
1.508000000000000000e+03
1.604166666666666515e+03
1.652000000000000000e+03
1.686500000000000000e+03
1.592333333333333258e+03
1.627333333333333258e+03
1.629833333333333258e+03
1.622500000000000000e+03
1.498833333333333258e+03
1.503833333333333258e+03
1.537833333333333258e+03
1.557833333333333258e+03
1.499166666666666515e+03
1.544333333333333258e+03
1.573166666666666515e+03
1.560833333333333258e+03
1.430333333333333258e+03
1.471500000000000000e+03
1.521666666666666515e+03
1.575666666666666515e+03
1.512000000000000000e+03
1.549666666666666515e+03
1.509333333333333258e+03
1.463166666666666515e+03
1.368166666666666515e+03
1.466666666666666515e+03
1.481333333333333030e+03
1.479000000000000000e+03
1.353666666666666515e+03
1.415000000000000000e+03
1.410333333333333258e+03
1.423166666666666515e+03
1.319666666666666515e+03
1.399000000000000000e+03
1.428166666666666515e+03
1.467000000000000000e+03
1.376833333333333258e+03
1.451666666666666515e+03
1.477000000000000000e+03
1.507666666666666515e+03
1.379666666666666515e+03
1.404166666666666515e+03
1.387666666666666515e+03
1.452500000000000000e+03
1.398666666666666515e+03
1.479333333333333258e+03
1.442499999999999773e+03
1.422999999999999773e+03
1.285500000000000000e+03
1.330500000000000000e+03
1.366500000000000000e+03
1.422666666666666515e+03
1.367166666666666515e+03
1.417833333333333258e+03
1.440500000000000000e+03
1.445333333333333258e+03
1.350500000000000000e+03
1.371333333333333258e+03
1.351666666666666515e+03
1.360666666666666515e+03
1.295000000000000000e+03
1.394166666666666515e+03
1.454666666666666515e+03
1.489666666666666515e+03
1.387000000000000000e+03
1.395666666666666515e+03
1.384666666666666515e+03
1.409000000000000000e+03
1.356166666666666515e+03
1.436666666666666515e+03
1.458166666666666515e+03
1.412833333333333030e+03
1.276166666666666515e+03
1.319000000000000000e+03
1.383333333333333258e+03
1.432500000000000000e+03
1.356666666666666515e+03
1.361333333333333258e+03
1.354333333333333258e+03
1.380833333333333258e+03
1.329000000000000000e+03
1.369166666666666515e+03
1.372500000000000000e+03
1.426000000000000000e+03
1.411500000000000000e+03
1.440833333333333258e+03
1.400166666666666515e+03
1.380333333333333258e+03
1.288666666666666515e+03
1.323666666666666515e+03
1.293333333333333258e+03
1.324333333333333258e+03
1.250500000000000000e+03
1.336500000000000000e+03
1.359500000000000000e+03
1.395166666666666515e+03
1.298666666666666515e+03
1.331666666666666515e+03
1.315500000000000000e+03
1.309500000000000000e+03
1.238166666666666515e+03
1.348166666666666515e+03
1.420333333333333258e+03
1.461333333333333258e+03
1.359833333333333258e+03
1.394000000000000000e+03
1.389333333333333258e+03
1.381166666666666515e+03
1.301333333333333258e+03
1.362000000000000000e+03
1.389000000000000000e+03
1.371166666666666515e+03
1.269166666666666515e+03
1.313333333333333258e+03
1.346500000000000000e+03
1.369500000000000000e+03
1.331666666666666515e+03
1.419833333333333258e+03
1.431000000000000000e+03
1.405500000000000000e+03
1.279333333333333258e+03
1.348166666666666515e+03
1.387666666666666515e+03
1.419666666666666515e+03
1.342166666666666515e+03
1.374333333333333258e+03
1.417833333333333258e+03
1.439333333333333258e+03
1.338333333333333258e+03
1.307000000000000000e+03
1.259333333333333258e+03
1.277500000000000000e+03
1.266833333333333258e+03
1.394166666666666515e+03
1.454500000000000000e+03
1.464500000000000000e+03
1.344000000000000000e+03
1.375833333333333258e+03
1.440166666666666515e+03
1.546333333333333258e+03
1.498000000000000000e+03
1.530333333333333030e+03
1.473333333333333258e+03
1.489999999999999773e+03
1.392000000000000000e+03
1.459000000000000000e+03
1.482666666666666515e+03
1.519833333333333258e+03
1.432666666666666515e+03
1.467500000000000000e+03
1.466166666666666515e+03
1.498166666666666515e+03
1.390166666666666515e+03
1.431500000000000000e+03
1.459833333333333258e+03
1.547666666666666515e+03
1.487333333333333258e+03
1.505500000000000000e+03
1.481000000000000000e+03
1.479666666666666515e+03
1.415666666666666515e+03
1.497666666666666515e+03
1.549833333333333258e+03
1.567499999999999773e+03
1.465666666666666515e+03
1.501500000000000000e+03
1.522833333333333030e+03
1.541500000000000000e+03
1.469833333333333258e+03
1.526166666666666515e+03
1.582666666666666515e+03
1.638000000000000000e+03
1.538333333333333258e+03
1.566166666666666515e+03
1.536333333333333030e+03
1.558833333333333258e+03
1.470000000000000000e+03
1.554000000000000000e+03
1.601999999999999773e+03
1.608166666666666515e+03
1.491500000000000000e+03
1.539833333333333258e+03
1.558333333333333030e+03
1.556666666666666515e+03
1.470666666666666515e+03
1.527833333333333258e+03
1.556833333333333258e+03
1.542833333333333030e+03
1.466833333333333258e+03
1.550333333333333258e+03
1.591999999999999773e+03
1.604166666666666515e+03
1.510000000000000000e+03
1.548833333333333258e+03
1.577500000000000000e+03
1.564833333333333258e+03
1.479166666666666515e+03
1.499500000000000000e+03
1.558666666666666515e+03
1.601333333333333030e+03
1.541333333333333258e+03
1.571333333333333258e+03
1.567166666666666515e+03
1.576499999999999773e+03
1.494666666666666515e+03
1.574833333333333258e+03
1.605166666666666515e+03
1.622666666666666515e+03
1.532833333333333258e+03
1.574833333333333258e+03
1.578166666666666515e+03
1.548333333333333258e+03
1.454333333333333258e+03
1.527833333333333258e+03
1.577333333333333258e+03
1.607999999999999773e+03
1.530500000000000000e+03
1.585166666666666515e+03
1.587166666666666515e+03
1.581166666666666515e+03
1.496166666666666515e+03
1.568833333333333258e+03
1.601666666666666515e+03
1.625833333333333258e+03
1.519000000000000000e+03
1.548000000000000000e+03
1.573999999999999773e+03
1.625500000000000000e+03
1.592666666666666515e+03
1.685666666666666515e+03
1.696833333333333258e+03
1.682999999999999773e+03
1.546666666666666515e+03
1.600833333333333258e+03
1.634500000000000000e+03
1.635666666666666515e+03
1.560166666666666515e+03
1.611166666666666515e+03
1.626500000000000000e+03
1.601833333333333258e+03
1.496166666666666515e+03
1.576333333333333258e+03
1.641166666666666515e+03
1.702333333333333258e+03
1.609166666666666515e+03
1.660000000000000000e+03
1.651666666666666515e+03
1.693999999999999773e+03
1.619500000000000000e+03
1.677500000000000000e+03
1.680833333333333030e+03
1.679666666666666515e+03
1.598666666666666515e+03
1.643500000000000000e+03
1.631166666666666515e+03
1.663333333333333258e+03
1.594000000000000000e+03
1.669666666666666515e+03
1.711000000000000000e+03
1.747500000000000000e+03
1.673666666666666515e+03
1.701833333333333258e+03
1.694833333333333030e+03
1.760166666666666515e+03
1.681000000000000000e+03
1.735166666666666515e+03
1.735000000000000000e+03
1.770333333333333258e+03
1.710833333333333258e+03
1.753666666666666515e+03
1.758333333333333030e+03
1.735500000000000000e+03
1.639166666666666515e+03
1.687833333333333258e+03
1.751166666666666515e+03
1.781499999999999773e+03
1.705499999999999773e+03
1.753833333333333030e+03
1.754833333333333258e+03
1.751833333333333258e+03
1.666833333333333030e+03
1.739166666666666515e+03
1.763333333333333258e+03
1.774999999999999773e+03
1.696500000000000000e+03
1.775333333333333258e+03
1.802666666666666515e+03
1.819833333333333258e+03
1.701000000000000000e+03
1.733666666666666515e+03
1.725000000000000000e+03
1.735166666666666515e+03
1.669666666666666515e+03
1.747500000000000000e+03
1.797000000000000000e+03
1.822166666666666515e+03
1.750833333333333030e+03
1.794999999999999773e+03
1.803000000000000000e+03
1.803833333333333258e+03
1.745000000000000000e+03
1.802666666666666515e+03
1.842999999999999773e+03
1.831166666666666515e+03
1.749500000000000000e+03
1.784333333333333030e+03
1.803999999999999773e+03
1.830166666666666515e+03
1.727000000000000000e+03
1.793666666666666515e+03
1.778333333333333258e+03
1.770166666666666515e+03
1.695166666666666515e+03
1.791000000000000000e+03
1.854666666666666515e+03
1.851833333333333030e+03
1.748499999999999773e+03
1.781500000000000000e+03
1.795500000000000000e+03
1.789666666666666515e+03
1.709499999999999773e+03
1.766666666666666515e+03
1.799999999999999773e+03
1.842833333333333030e+03
1.794666666666666515e+03
1.860666666666666515e+03
1.861666666666666515e+03
1.855333333333333258e+03
1.794500000000000000e+03
1.839500000000000000e+03
1.860999999999999773e+03
1.872166666666666515e+03
1.813333333333333258e+03
1.880333333333333258e+03
1.884499999999999773e+03
1.888499999999999773e+03
1.775833333333333030e+03
1.814333333333333258e+03
1.824000000000000000e+03
1.832833333333333258e+03
1.725833333333333258e+03
1.771166666666666515e+03
1.780333333333333030e+03
1.801166666666666515e+03
1.741833333333333258e+03
1.827833333333333030e+03
1.843999999999999773e+03
1.838000000000000000e+03
1.743666666666666515e+03
1.854833333333333258e+03
1.897666666666666515e+03
1.921000000000000000e+03
1.792166666666666515e+03
1.818166666666666515e+03
1.831666666666666515e+03
1.868166666666666515e+03
1.832166666666666515e+03
1.887833333333333258e+03
1.905333333333333030e+03
1.899000000000000000e+03
1.818666666666666515e+03
1.876833333333333258e+03
1.929833333333333258e+03
1.984666666666666515e+03
1.938833333333333258e+03
2.026000000000000000e+03
2.105000000000000000e+03
2.161333333333333030e+03
2.091000000000000000e+03
2.152166666666666515e+03
2.216166666666666515e+03
2.299166666666666515e+03
2.281666666666666515e+03
2.381500000000000000e+03
2.394666666666666515e+03
2.388500000000000000e+03
2.263333333333333030e+03
2.311166666666666515e+03
2.318500000000000000e+03
2.323166666666666515e+03
2.223333333333333030e+03
2.276166666666666515e+03
2.333000000000000000e+03
2.369500000000000000e+03
2.316333333333333030e+03
2.391833333333333030e+03
2.406166666666666515e+03
2.311333333333333030e+03
2.096666666666666515e+03
2.042500000000000000e+03
2.001500000000000000e+03
1.977499999999999773e+03
1.859666666666666515e+03
1.917499999999999773e+03
1.937333333333333030e+03
1.978666666666666515e+03
1.904666666666666515e+03
1.942666666666666515e+03
1.962666666666666515e+03
2.014500000000000000e+03
1.929500000000000000e+03
1.942333333333333258e+03
1.896999999999999773e+03
1.917000000000000000e+03
1.845833333333333258e+03
1.909833333333333258e+03
1.928166666666666515e+03
1.957666666666666515e+03
1.862500000000000000e+03
1.890833333333333258e+03
1.878833333333333258e+03
1.874999999999999773e+03
1.796499999999999773e+03
1.890833333333333030e+03
1.918000000000000000e+03
1.933999999999999773e+03
1.836500000000000000e+03
1.886000000000000000e+03
1.930666666666666515e+03
1.938166666666666515e+03
1.820666666666666515e+03
1.812333333333333030e+03
1.809666666666666515e+03
1.856833333333333030e+03
1.794833333333333030e+03
1.835500000000000000e+03
1.840333333333333258e+03
1.885833333333333030e+03
1.788999999999999773e+03
1.819333333333333258e+03
1.800666666666666515e+03
1.819500000000000000e+03
1.762999999999999773e+03
1.803666666666666515e+03
1.838833333333333258e+03
1.872166666666666515e+03
1.812166666666666515e+03
1.863666666666666515e+03
1.877666666666666515e+03
1.892166666666666515e+03
1.792500000000000000e+03
1.828333333333333258e+03
1.816666666666666515e+03
1.817500000000000000e+03
1.738333333333333258e+03
1.813500000000000000e+03
1.842333333333333258e+03
1.849833333333333258e+03
1.732833333333333030e+03
1.769500000000000000e+03
1.759333333333333030e+03
1.808999999999999773e+03
1.752166666666666515e+03
1.857166666666666515e+03
1.839666666666666515e+03
1.814333333333333258e+03
1.698499999999999773e+03
1.781333333333333030e+03
1.846666666666666515e+03
1.908333333333333258e+03
1.868166666666666515e+03
1.906833333333333258e+03
1.862833333333333258e+03
1.810166666666666515e+03
1.698666666666666515e+03
1.758666666666666515e+03
1.801333333333333258e+03
1.822166666666666515e+03
1.748166666666666515e+03
1.803833333333333030e+03
1.853166666666666515e+03
1.906999999999999773e+03
1.793333333333333258e+03
1.785166666666666515e+03
1.760166666666666515e+03
1.809333333333333030e+03
1.773500000000000000e+03
1.834833333333333030e+03
1.812499999999999773e+03
1.819500000000000000e+03
1.698166666666666515e+03
1.699166666666666515e+03
1.693833333333333030e+03
1.757500000000000000e+03
1.753666666666666515e+03
1.856666666666666515e+03
1.848833333333333030e+03
1.846500000000000000e+03
1.726166666666666515e+03
1.778000000000000000e+03
1.793666666666666515e+03
1.811833333333333258e+03
1.769000000000000000e+03
1.853166666666666515e+03
1.858166666666666515e+03
1.857000000000000000e+03
1.756000000000000000e+03
1.795333333333333258e+03
1.783500000000000000e+03
1.791833333333333258e+03
1.739833333333333258e+03
1.847666666666666515e+03
1.889666666666666515e+03
1.935500000000000000e+03
1.806000000000000000e+03
1.810333333333333030e+03
1.788499999999999773e+03
1.800000000000000000e+03
1.741500000000000000e+03
1.790166666666666515e+03
1.798333333333333030e+03
1.840499999999999773e+03
1.781666666666666515e+03
1.878166666666666515e+03
1.897833333333333258e+03
1.969833333333333030e+03
1.894666666666666515e+03
1.914666666666666515e+03
1.864833333333333258e+03
1.870833333333333258e+03
1.779500000000000000e+03
1.821666666666666515e+03
1.846999999999999773e+03
1.911333333333333258e+03
1.818000000000000000e+03
1.811499999999999773e+03
1.804500000000000000e+03
1.855666666666666515e+03
1.807666666666666515e+03
1.862666666666666515e+03
1.864833333333333258e+03
1.902666666666666515e+03
1.840499999999999773e+03
1.878500000000000000e+03
1.869500000000000000e+03
1.867833333333333030e+03
1.820666666666666515e+03
1.855000000000000000e+03
1.849166666666666515e+03
1.842666666666666515e+03
1.774999999999999773e+03
1.838166666666666515e+03
1.829333333333333258e+03
1.861833333333333258e+03
1.801666666666666515e+03
1.892166666666666515e+03
1.910166666666666515e+03
1.923500000000000000e+03
1.840166666666666515e+03
1.903500000000000000e+03
1.885666666666666515e+03
1.884333333333333258e+03
1.744833333333333030e+03
1.787333333333333258e+03
1.809666666666666515e+03
1.857833333333333258e+03
1.828833333333333258e+03
1.907666666666666515e+03
1.918333333333333258e+03
1.873833333333333258e+03
1.751833333333333258e+03
1.770666666666666515e+03
1.786500000000000000e+03
1.808000000000000000e+03
1.738833333333333030e+03
1.786166666666666515e+03
1.795666666666666515e+03
1.853666666666666515e+03
1.806833333333333030e+03
1.836500000000000000e+03
1.785333333333333258e+03
1.769333333333333030e+03
1.669666666666666515e+03
1.709666666666666515e+03
1.712833333333333258e+03
1.753833333333333258e+03
1.691666666666666515e+03
1.742666666666666515e+03
1.750833333333333030e+03
1.794000000000000000e+03
1.738333333333333030e+03
1.782666666666666515e+03
1.770999999999999773e+03
1.756833333333333258e+03
1.672500000000000000e+03
1.734833333333333030e+03
1.750833333333333258e+03
1.774833333333333030e+03
1.681833333333333030e+03
1.745666666666666515e+03
1.781833333333333258e+03
1.842333333333333030e+03
1.770000000000000000e+03
1.795499999999999773e+03
1.798833333333333258e+03
1.834166666666666515e+03
1.784666666666666515e+03
1.801499999999999773e+03
1.781666666666666515e+03
1.780666666666666515e+03
1.674000000000000000e+03
1.705500000000000000e+03
1.690666666666666515e+03
1.696166666666666515e+03
1.599999999999999773e+03
1.638833333333333258e+03
1.661999999999999773e+03
1.684666666666666515e+03
1.607833333333333258e+03
1.683166666666666515e+03
1.731166666666666515e+03
1.772999999999999773e+03
1.690833333333333258e+03
1.711166666666666515e+03
1.710833333333333258e+03
1.721000000000000000e+03
1.649666666666666515e+03
1.695666666666666515e+03
1.705833333333333258e+03
1.769166666666666515e+03
1.704999999999999773e+03
1.758833333333333030e+03
1.731000000000000000e+03
1.746166666666666515e+03
1.658000000000000000e+03
1.687500000000000000e+03
1.675333333333333258e+03
1.698500000000000000e+03
1.644166666666666515e+03
1.742166666666666515e+03
1.785166666666666515e+03
1.876666666666666515e+03
1.860333333333333258e+03
1.983666666666666515e+03
2.086000000000000000e+03
2.229666666666666515e+03
2.323333333333333030e+03
2.517500000000000000e+03
2.674333333333333030e+03
2.813000000000000000e+03
2.832833333333333030e+03
2.876333333333333030e+03
2.782166666666666515e+03
2.619833333333333030e+03
2.352500000000000000e+03
2.241333333333333030e+03
2.141500000000000000e+03
2.096666666666666515e+03
1.987333333333333030e+03
1.994833333333333258e+03
1.976166666666666515e+03
1.961166666666666515e+03
1.860833333333333258e+03
1.889999999999999773e+03
1.866833333333333258e+03
1.861000000000000000e+03
1.750833333333333030e+03
1.785000000000000000e+03
1.769333333333333258e+03
1.771999999999999773e+03
1.670500000000000000e+03
1.724666666666666515e+03
1.748833333333333258e+03
1.790999999999999773e+03
1.705166666666666515e+03
1.732333333333333030e+03
1.717166666666666515e+03
1.726000000000000000e+03
1.648666666666666515e+03
1.704833333333333258e+03
1.761666666666666515e+03
1.816666666666666515e+03
1.714166666666666515e+03
1.684166666666666515e+03
1.643833333333333258e+03
1.720666666666666515e+03
1.720333333333333030e+03
1.794333333333333258e+03
1.763666666666666515e+03
1.754833333333333258e+03
1.643333333333333258e+03
1.664500000000000000e+03
1.669499999999999773e+03
1.742500000000000000e+03
1.677166666666666515e+03
1.678500000000000000e+03
1.629000000000000000e+03
1.645833333333333030e+03
1.583166666666666515e+03
1.626499999999999773e+03
1.630833333333333258e+03
1.642666666666666515e+03
1.586666666666666515e+03
1.655666666666666515e+03
1.665166666666666515e+03
1.641000000000000000e+03
1.511333333333333258e+03
1.570166666666666515e+03
1.637500000000000000e+03
1.740333333333333030e+03
1.655833333333333030e+03
1.662333333333333258e+03
1.613333333333333030e+03
1.645166666666666515e+03
1.576833333333333030e+03
1.613499999999999773e+03
1.611000000000000000e+03
1.613500000000000000e+03
1.539499999999999773e+03
1.583000000000000000e+03
1.619833333333333258e+03
1.656000000000000000e+03
1.552500000000000000e+03
1.602666666666666515e+03
1.631333333333333030e+03
1.725666666666666515e+03
1.666833333333333258e+03
1.691833333333333030e+03
1.654333333333333258e+03
1.659833333333333258e+03
1.579666666666666515e+03
1.587833333333333258e+03
1.562166666666666515e+03
1.558166666666666515e+03
1.502666666666666515e+03
1.568666666666666515e+03
1.602999999999999773e+03
1.636000000000000000e+03
1.528500000000000000e+03
1.541333333333333258e+03
1.525833333333333258e+03
1.559833333333333030e+03
1.524166666666666515e+03
1.577500000000000000e+03
1.594000000000000000e+03
1.594500000000000000e+03
1.508333333333333030e+03
1.530333333333333258e+03
1.549333333333333258e+03
1.589333333333333030e+03
1.565333333333333030e+03
1.635666666666666515e+03
1.658333333333333258e+03
1.631666666666666515e+03
1.486666666666666515e+03
1.524000000000000000e+03
1.575000000000000000e+03
1.646666666666666515e+03
1.586500000000000000e+03
1.595000000000000000e+03
1.552000000000000000e+03
1.520000000000000000e+03
1.397333333333333258e+03
1.426000000000000000e+03
1.457500000000000000e+03
1.548166666666666515e+03
1.531500000000000000e+03
1.562500000000000000e+03
1.530000000000000000e+03
1.533166666666666515e+03
1.443000000000000000e+03
1.471166666666666515e+03
1.440833333333333258e+03
1.437666666666666515e+03
1.382833333333333258e+03
1.497500000000000000e+03
1.585333333333333258e+03
1.643500000000000000e+03
1.566166666666666515e+03
1.593499999999999773e+03
1.579333333333333258e+03
1.557666666666666515e+03
1.470500000000000000e+03
1.520000000000000000e+03
1.543833333333333258e+03
1.556166666666666515e+03
1.454166666666666515e+03
1.487333333333333258e+03
1.496166666666666515e+03
1.494833333333333258e+03
1.403000000000000000e+03
1.463666666666666515e+03
1.515500000000000000e+03
1.564833333333333258e+03
1.466833333333333258e+03
1.502333333333333258e+03
1.489166666666666515e+03
1.484166666666666515e+03
1.428333333333333258e+03
1.528166666666666515e+03
1.604666666666666515e+03
1.631833333333333030e+03
1.543999999999999773e+03
1.565666666666666515e+03
1.570666666666666515e+03
1.559833333333333258e+03
1.518666666666666515e+03
1.563833333333333258e+03
1.581000000000000000e+03
1.557166666666666515e+03
1.452666666666666515e+03
1.478333333333333258e+03
1.477499999999999773e+03
1.507666666666666515e+03
1.441666666666666515e+03
1.452166666666666515e+03
1.437833333333333258e+03
1.481500000000000000e+03
1.444000000000000000e+03
1.500000000000000000e+03
1.457000000000000000e+03
1.445666666666666515e+03
1.375833333333333258e+03
1.452666666666666515e+03
1.490499999999999773e+03
1.524499999999999773e+03
1.439333333333333258e+03
1.476666666666666515e+03
1.447500000000000000e+03
1.446500000000000000e+03
1.365166666666666515e+03
1.409500000000000000e+03
1.399500000000000000e+03
1.383666666666666515e+03
1.312666666666666515e+03
1.387333333333333258e+03
1.428166666666666515e+03
1.454999999999999773e+03
1.373000000000000000e+03
1.406166666666666515e+03
1.441333333333333258e+03
1.515833333333333258e+03
1.453833333333333258e+03
1.462166666666666515e+03
1.429000000000000000e+03
1.439166666666666515e+03
1.365166666666666515e+03
1.395333333333333258e+03
1.417500000000000000e+03
1.438333333333333258e+03
1.386000000000000000e+03
1.456666666666666515e+03
1.501833333333333258e+03
1.523333333333333258e+03
1.452666666666666515e+03
1.493666666666666515e+03
1.485833333333333030e+03
1.452000000000000000e+03
1.321833333333333258e+03
1.378666666666666515e+03
1.423500000000000000e+03
1.465666666666666515e+03
1.386833333333333258e+03
1.401833333333333258e+03
1.387333333333333258e+03
1.411666666666666515e+03
1.332000000000000000e+03
1.371833333333333258e+03
1.361000000000000000e+03
1.383500000000000000e+03
1.331666666666666515e+03
1.382166666666666515e+03
1.380333333333333258e+03
1.379500000000000000e+03
1.310833333333333258e+03
1.401333333333333258e+03
1.452000000000000000e+03
1.469833333333333258e+03
1.403333333333333258e+03
1.467000000000000000e+03
1.511333333333333030e+03
1.529833333333333258e+03
1.409500000000000000e+03
1.437833333333333258e+03
1.454500000000000000e+03
1.484000000000000000e+03
1.383000000000000000e+03
1.376833333333333258e+03
1.360666666666666515e+03
1.362666666666666515e+03
1.278166666666666515e+03
1.314666666666666515e+03
1.310000000000000000e+03
1.335666666666666515e+03
1.284833333333333258e+03
1.368166666666666515e+03
1.404166666666666515e+03
1.443000000000000000e+03
1.331333333333333258e+03
1.370333333333333258e+03
1.422500000000000000e+03
1.501666666666666515e+03
1.397833333333333258e+03
1.380500000000000000e+03
1.371666666666666515e+03
1.443333333333333258e+03
1.391833333333333258e+03
1.426500000000000000e+03
1.437166666666666515e+03
1.453000000000000000e+03
1.349000000000000000e+03
1.365666666666666515e+03
1.385333333333333258e+03
1.453333333333333258e+03
1.377333333333333258e+03
1.412666666666666515e+03
1.386166666666666515e+03
1.525833333333333258e+03
1.760000000000000000e+03
1.871666666666666515e+03
1.765666666666666515e+03
1.469833333333333258e+03
1.325833333333333258e+03
1.348666666666666515e+03
1.352333333333333258e+03
1.406666666666666515e+03
1.339000000000000000e+03
1.371166666666666515e+03
1.349333333333333258e+03
1.351333333333333258e+03
1.276000000000000000e+03
1.324833333333333258e+03
1.369333333333333258e+03
1.421166666666666515e+03
1.340166666666666515e+03
1.356500000000000000e+03
1.350000000000000000e+03
1.389833333333333258e+03
1.340333333333333258e+03
1.386833333333333258e+03
1.427000000000000000e+03
1.467500000000000000e+03
1.402666666666666515e+03
1.417666666666666515e+03
1.431500000000000000e+03
1.434666666666666515e+03
1.348666666666666515e+03
1.366166666666666515e+03
1.389166666666666515e+03
1.431666666666666515e+03
1.357833333333333258e+03
1.374500000000000000e+03
1.379166666666666515e+03
1.416166666666666515e+03
1.350166666666666515e+03
1.372000000000000000e+03
1.373666666666666515e+03
1.408333333333333258e+03
1.330000000000000000e+03
1.373333333333333258e+03
1.371833333333333258e+03
1.404333333333333258e+03
1.333000000000000000e+03
1.423500000000000000e+03
1.446333333333333258e+03
1.456333333333333258e+03
1.328500000000000000e+03
1.350000000000000000e+03
1.358166666666666515e+03
1.388500000000000000e+03
1.298333333333333258e+03
1.326166666666666515e+03
1.349166666666666515e+03
1.390500000000000000e+03
1.335833333333333258e+03
1.375166666666666515e+03
1.377000000000000000e+03
1.377333333333333258e+03
1.282500000000000000e+03
1.312166666666666515e+03
1.352666666666666515e+03
1.417333333333333258e+03
1.359500000000000000e+03
1.365000000000000000e+03
1.351666666666666515e+03
1.379000000000000000e+03
1.330166666666666515e+03
1.380333333333333258e+03
1.362666666666666515e+03
1.345500000000000000e+03
1.267333333333333258e+03
1.342333333333333258e+03
1.402666666666666515e+03
1.432666666666666515e+03
1.364333333333333258e+03
1.385666666666666515e+03
1.382333333333333258e+03
1.405000000000000000e+03
1.321000000000000000e+03
1.329333333333333258e+03
1.304000000000000000e+03
1.337833333333333258e+03
1.289166666666666515e+03
1.329166666666666515e+03
1.317833333333333258e+03
1.355666666666666515e+03
1.309500000000000000e+03
1.398166666666666515e+03
1.403666666666666515e+03
1.409000000000000000e+03
1.275333333333333258e+03
1.302166666666666515e+03
1.313333333333333258e+03
1.351833333333333258e+03
1.297500000000000000e+03
1.364666666666666515e+03
1.384833333333333258e+03
1.390833333333333258e+03
1.306833333333333258e+03
1.353333333333333258e+03
1.366666666666666515e+03
1.402666666666666515e+03
1.354500000000000000e+03
1.364000000000000000e+03
1.334166666666666515e+03
1.352000000000000000e+03
1.321833333333333258e+03
1.396000000000000000e+03
1.389166666666666515e+03
1.426000000000000000e+03
1.361500000000000000e+03
1.387166666666666515e+03
1.384833333333333258e+03
1.411333333333333258e+03
1.344000000000000000e+03
1.389333333333333258e+03
1.420000000000000000e+03
1.454666666666666515e+03
1.384166666666666515e+03
1.389333333333333258e+03
1.404000000000000000e+03
1.429000000000000000e+03
1.347000000000000000e+03
1.387166666666666515e+03
1.369333333333333258e+03
1.385833333333333258e+03
1.310333333333333258e+03
1.413500000000000000e+03
1.470833333333333258e+03
1.471499999999999773e+03
1.352833333333333258e+03
1.371833333333333258e+03
1.389000000000000000e+03
1.410166666666666515e+03
1.303333333333333258e+03
1.350333333333333258e+03
1.319666666666666515e+03
1.358333333333333258e+03
1.294666666666666515e+03
1.381333333333333258e+03
1.406166666666666515e+03
1.449333333333333258e+03
1.357833333333333258e+03
1.374500000000000000e+03
1.333166666666666515e+03
1.322666666666666515e+03
1.247833333333333258e+03
1.300166666666666515e+03
1.326833333333333258e+03
1.343666666666666515e+03
1.270166666666666515e+03
1.334333333333333258e+03
1.344333333333333258e+03
1.352833333333333258e+03
1.262166666666666515e+03
1.354833333333333258e+03
1.412666666666666515e+03
1.433666666666666515e+03
1.310000000000000000e+03
1.315333333333333258e+03
1.311000000000000000e+03
1.342166666666666515e+03
1.278500000000000000e+03
1.349333333333333258e+03
1.362500000000000000e+03
1.386000000000000000e+03
1.314333333333333258e+03
1.348000000000000000e+03
1.335666666666666515e+03
1.309166666666666515e+03
1.205000000000000000e+03
1.250333333333333258e+03
1.289833333333333258e+03
1.330666666666666515e+03
1.259333333333333258e+03
1.329666666666666515e+03
1.360333333333333258e+03
1.372500000000000000e+03
1.269166666666666515e+03
1.293666666666666515e+03
1.322500000000000000e+03
1.337166666666666515e+03
1.279333333333333258e+03
1.321166666666666515e+03
1.341666666666666515e+03
1.373833333333333258e+03
1.296833333333333258e+03
1.375833333333333258e+03
1.374500000000000000e+03
1.386166666666666515e+03
1.269000000000000000e+03
1.326500000000000000e+03
1.326500000000000000e+03
1.321666666666666515e+03
1.215333333333333258e+03
1.289000000000000000e+03
1.364333333333333258e+03
1.421000000000000000e+03
1.335500000000000000e+03
1.344500000000000000e+03
1.319000000000000000e+03
1.323833333333333258e+03
1.208666666666666515e+03
1.255166666666666515e+03
1.291833333333333258e+03
1.358500000000000000e+03
1.283333333333333258e+03
1.366500000000000000e+03
1.392166666666666515e+03
1.403166666666666515e+03
1.260166666666666515e+03
1.280833333333333258e+03
1.293000000000000000e+03
1.328166666666666515e+03
1.256166666666666515e+03
1.322833333333333258e+03
1.324000000000000000e+03
1.354166666666666515e+03
1.264833333333333258e+03
1.302833333333333258e+03
1.294333333333333258e+03
1.311500000000000000e+03
1.234500000000000000e+03
1.278166666666666515e+03
1.281500000000000000e+03
1.321666666666666515e+03
1.278333333333333258e+03
1.349666666666666515e+03
1.365833333333333258e+03
1.350666666666666515e+03
1.243833333333333258e+03
1.269500000000000000e+03
1.258666666666666515e+03
1.287833333333333258e+03
1.230000000000000000e+03
1.287166666666666515e+03
1.328500000000000000e+03
1.375000000000000000e+03
1.317333333333333258e+03
1.371166666666666515e+03
1.364000000000000000e+03
1.383833333333333258e+03
1.266333333333333258e+03
1.311000000000000000e+03
1.322500000000000000e+03
1.350500000000000000e+03
1.258166666666666515e+03
1.290000000000000000e+03
1.295166666666666515e+03
1.306833333333333258e+03
1.239666666666666515e+03
1.301166666666666515e+03
1.313333333333333258e+03
1.314833333333333258e+03
1.247833333333333258e+03
1.318000000000000000e+03
1.367666666666666515e+03
1.375833333333333258e+03
1.277166666666666515e+03
1.333000000000000000e+03
1.346333333333333258e+03
1.394000000000000000e+03
1.313166666666666515e+03
1.362666666666666515e+03
1.360166666666666515e+03
1.367000000000000000e+03
1.266000000000000000e+03
1.275833333333333258e+03
1.275000000000000000e+03
1.308333333333333258e+03
1.246666666666666515e+03
1.322166666666666515e+03
1.346166666666666515e+03
1.369666666666666515e+03
1.251833333333333258e+03
1.284500000000000000e+03
1.323333333333333258e+03
1.365000000000000000e+03
1.294333333333333258e+03
1.319000000000000000e+03
1.325500000000000000e+03
1.314833333333333258e+03
1.239166666666666515e+03
1.305333333333333258e+03
1.343833333333333258e+03
1.384833333333333258e+03
1.315000000000000000e+03
1.398166666666666515e+03
1.398666666666666515e+03
1.388166666666666515e+03
1.265000000000000000e+03
1.297333333333333258e+03
1.332000000000000000e+03
1.361666666666666515e+03
1.282166666666666515e+03
1.325833333333333258e+03
1.330833333333333258e+03
1.343833333333333258e+03
1.220833333333333258e+03
1.260333333333333258e+03
1.304333333333333258e+03
1.355666666666666515e+03
1.269666666666666515e+03
1.312833333333333258e+03
1.323833333333333258e+03
1.362666666666666515e+03
1.249333333333333258e+03
1.318500000000000000e+03
1.320166666666666515e+03
1.335833333333333258e+03
1.224666666666666515e+03
1.299833333333333258e+03
1.326333333333333258e+03
1.345833333333333258e+03
1.200833333333333258e+03
1.228666666666666515e+03
1.268500000000000000e+03
1.355833333333333258e+03
1.312833333333333258e+03
1.363666666666666515e+03
1.368833333333333258e+03
1.367333333333333258e+03
1.244000000000000000e+03
1.298000000000000000e+03
1.336166666666666515e+03
1.413500000000000000e+03
1.325500000000000000e+03
1.374000000000000000e+03
1.302000000000000000e+03
1.287000000000000000e+03
1.230833333333333258e+03
1.353666666666666515e+03
1.394333333333333258e+03
1.388000000000000000e+03
1.252500000000000000e+03
1.322333333333333258e+03
1.360333333333333258e+03
1.377833333333333258e+03
1.266166666666666515e+03
1.300166666666666515e+03
1.349166666666666515e+03
1.351833333333333258e+03
1.257666666666666515e+03
1.321000000000000000e+03
1.352166666666666515e+03
1.367500000000000000e+03
1.272166666666666515e+03
1.326500000000000000e+03
1.343166666666666515e+03
1.370500000000000000e+03
1.284500000000000000e+03
1.327333333333333258e+03
1.307666666666666515e+03
1.306166666666666515e+03
1.206833333333333258e+03
1.273666666666666515e+03
1.316666666666666515e+03
1.353833333333333258e+03
1.283666666666666515e+03
1.349833333333333258e+03
1.364666666666666515e+03
1.389000000000000000e+03
1.297500000000000000e+03
1.340333333333333258e+03
1.313666666666666515e+03
1.294166666666666515e+03
1.220666666666666515e+03
1.322666666666666515e+03
1.373166666666666515e+03
1.387166666666666515e+03
1.270333333333333258e+03
1.318333333333333258e+03
1.345500000000000000e+03
1.375500000000000000e+03
1.279166666666666515e+03
1.319666666666666515e+03
1.308333333333333258e+03
1.298500000000000000e+03
1.189666666666666515e+03
1.245666666666666515e+03
1.290666666666666515e+03
1.326666666666666515e+03
1.263166666666666515e+03
1.314833333333333258e+03
1.326000000000000000e+03
1.337333333333333258e+03
1.225833333333333258e+03
1.238833333333333258e+03
1.199833333333333258e+03
1.218166666666666515e+03
1.178000000000000000e+03
1.293833333333333258e+03
1.340833333333333258e+03
1.379666666666666515e+03
1.298833333333333258e+03
1.356500000000000000e+03
1.354500000000000000e+03
1.381166666666666515e+03
1.288333333333333258e+03
1.344833333333333258e+03
1.325500000000000000e+03
1.341833333333333258e+03
1.239166666666666515e+03
1.304500000000000000e+03
1.290500000000000000e+03
1.314000000000000000e+03
1.240166666666666515e+03
1.349666666666666515e+03
1.355333333333333258e+03
1.331833333333333258e+03
1.199333333333333258e+03
1.252000000000000000e+03
1.280500000000000000e+03
1.304166666666666515e+03
1.253333333333333258e+03
1.335666666666666515e+03
1.370333333333333258e+03
1.371833333333333258e+03
1.255000000000000000e+03
1.302500000000000000e+03
1.313166666666666515e+03
1.371333333333333258e+03
1.311666666666666515e+03
1.363000000000000000e+03
1.346500000000000000e+03
1.315666666666666515e+03
1.226166666666666515e+03
1.299000000000000000e+03
1.365500000000000000e+03
1.401333333333333258e+03
1.311833333333333258e+03
1.356500000000000000e+03
1.342833333333333258e+03
1.347166666666666515e+03
1.238833333333333258e+03
1.331166666666666515e+03
1.334333333333333258e+03
1.324166666666666515e+03
1.204500000000000000e+03
1.279833333333333258e+03
1.331166666666666515e+03
1.380333333333333258e+03
1.267333333333333258e+03
1.304333333333333258e+03
1.306333333333333258e+03
1.361166666666666515e+03
1.277000000000000000e+03
1.328166666666666515e+03
1.317333333333333258e+03
1.323166666666666515e+03
1.230166666666666515e+03
1.273666666666666515e+03
1.300166666666666515e+03
1.308333333333333258e+03
1.210166666666666515e+03
1.261666666666666515e+03
1.260000000000000000e+03
1.285833333333333258e+03
1.204833333333333258e+03
1.295000000000000000e+03
1.329500000000000000e+03
1.331333333333333258e+03
1.228000000000000000e+03
1.275333333333333258e+03
1.306333333333333258e+03
1.318333333333333258e+03
1.224000000000000000e+03
1.274500000000000000e+03
1.325000000000000000e+03
1.392166666666666515e+03
1.335333333333333258e+03
1.378666666666666515e+03
1.360333333333333258e+03
1.356500000000000000e+03
1.241666666666666515e+03
1.283333333333333258e+03
1.303833333333333258e+03
1.327666666666666515e+03
1.257000000000000000e+03
1.324333333333333258e+03
1.359333333333333258e+03
1.394666666666666515e+03
1.262666666666666515e+03
1.302000000000000000e+03
1.273000000000000000e+03
1.288333333333333258e+03
1.191166666666666515e+03
1.250166666666666515e+03
1.280000000000000000e+03
1.306833333333333258e+03
1.211000000000000000e+03
1.248333333333333258e+03
1.244833333333333258e+03
1.248166666666666515e+03
1.185833333333333258e+03
1.300833333333333258e+03
1.360333333333333258e+03
1.366833333333333258e+03
1.251500000000000000e+03
1.319000000000000000e+03
1.327500000000000000e+03
1.360666666666666515e+03
1.227666666666666515e+03
1.270833333333333258e+03
1.248500000000000000e+03
1.286666666666666515e+03
1.212166666666666515e+03
1.246000000000000000e+03
1.264500000000000000e+03
1.310833333333333258e+03
1.252000000000000000e+03
1.303333333333333258e+03
1.312166666666666515e+03
1.328500000000000000e+03
1.201500000000000000e+03
1.243333333333333258e+03
1.255166666666666515e+03
1.289833333333333258e+03
1.191666666666666515e+03
1.264500000000000000e+03
1.324000000000000000e+03
1.350500000000000000e+03
1.245000000000000000e+03
1.280666666666666515e+03
1.317500000000000000e+03
1.330166666666666515e+03
1.266500000000000000e+03
1.307666666666666515e+03
1.334000000000000000e+03
1.332000000000000000e+03
1.238833333333333258e+03
1.303833333333333258e+03
1.353500000000000000e+03
1.366833333333333258e+03
1.272833333333333258e+03
1.322500000000000000e+03
1.315333333333333258e+03
1.304833333333333258e+03
1.159833333333333258e+03
1.261166666666666515e+03
1.297333333333333258e+03
1.345000000000000000e+03
1.249666666666666515e+03
1.303500000000000000e+03
1.297333333333333258e+03
1.316666666666666515e+03
1.247333333333333258e+03
1.293333333333333258e+03
1.285166666666666515e+03
1.309166666666666515e+03
1.230500000000000000e+03
1.307166666666666515e+03
1.343500000000000000e+03
1.437833333333333258e+03
1.351000000000000000e+03
1.369833333333333258e+03
1.321833333333333258e+03
1.357500000000000000e+03
1.261833333333333258e+03
1.302000000000000000e+03
1.272833333333333258e+03
1.304833333333333258e+03
1.234500000000000000e+03
1.318666666666666515e+03
1.336500000000000000e+03
1.372833333333333258e+03
1.310333333333333258e+03
1.357166666666666515e+03
1.347000000000000000e+03
1.318666666666666515e+03
1.219000000000000000e+03
1.295666666666666515e+03
1.350000000000000000e+03
1.404666666666666515e+03
1.313000000000000000e+03
1.342166666666666515e+03
1.352333333333333258e+03
1.389000000000000000e+03
1.281166666666666515e+03
1.301666666666666515e+03
1.279500000000000000e+03
1.286000000000000000e+03
1.203000000000000000e+03
1.275166666666666515e+03
1.303333333333333258e+03
1.313333333333333258e+03
1.195166666666666515e+03
1.264833333333333258e+03
1.251500000000000000e+03
1.245166666666666515e+03
1.164000000000000000e+03
1.267000000000000000e+03
1.319666666666666515e+03
1.340333333333333258e+03
1.241333333333333258e+03
1.267000000000000000e+03
1.253000000000000000e+03
1.287500000000000000e+03
1.241166666666666515e+03
1.286666666666666515e+03
1.259166666666666515e+03
1.289000000000000000e+03
1.245833333333333258e+03
1.356833333333333258e+03
1.355833333333333258e+03
1.364500000000000000e+03
1.241166666666666515e+03
1.290833333333333258e+03
1.295333333333333258e+03
1.305666666666666515e+03
1.222166666666666515e+03
1.293666666666666515e+03
1.296666666666666515e+03
1.284333333333333258e+03
1.167666666666666515e+03
1.232666666666666515e+03
1.250500000000000000e+03
1.276666666666666515e+03
1.190333333333333258e+03
1.241333333333333258e+03
1.259000000000000000e+03
1.273666666666666515e+03
1.220500000000000000e+03
1.259833333333333258e+03
1.270333333333333258e+03
1.275000000000000000e+03
1.210666666666666515e+03
1.262666666666666515e+03
1.263833333333333258e+03
1.299333333333333258e+03
1.228333333333333258e+03
1.309333333333333258e+03
1.297666666666666515e+03
1.349833333333333258e+03
1.274833333333333258e+03
1.328666666666666515e+03
1.306333333333333258e+03
1.335000000000000000e+03
1.247500000000000000e+03
1.307666666666666515e+03
1.302000000000000000e+03
1.344500000000000000e+03
1.280833333333333258e+03
1.308666666666666515e+03
1.283833333333333258e+03
1.322000000000000000e+03
1.298833333333333258e+03
1.387500000000000000e+03
1.373833333333333258e+03
1.360333333333333258e+03
1.299000000000000000e+03
1.353166666666666515e+03
1.492333333333333258e+03
1.847666666666666515e+03
1.799833333333333030e+03
1.714333333333333258e+03
1.297666666666666515e+03
1.256500000000000000e+03
1.195500000000000000e+03
1.306666666666666515e+03
1.330666666666666515e+03
1.325666666666666515e+03
1.246666666666666515e+03
1.298833333333333258e+03
1.298166666666666515e+03
1.304000000000000000e+03
1.206666666666666515e+03
1.260166666666666515e+03
1.256666666666666515e+03
1.259500000000000000e+03
1.207666666666666515e+03
1.268500000000000000e+03
1.302333333333333258e+03
1.299166666666666515e+03
1.202166666666666515e+03
1.206833333333333258e+03
1.176000000000000000e+03
1.229333333333333258e+03
1.219333333333333258e+03
1.346333333333333258e+03
1.347333333333333258e+03
1.363000000000000000e+03
1.252000000000000000e+03
1.288500000000000000e+03
1.297500000000000000e+03
1.317000000000000000e+03
1.248500000000000000e+03
1.264666666666666515e+03
1.272833333333333258e+03
1.302833333333333258e+03
1.266500000000000000e+03
1.316166666666666515e+03
1.302000000000000000e+03
1.281666666666666515e+03
1.194166666666666515e+03
1.252833333333333258e+03
1.274166666666666515e+03
1.295666666666666515e+03
1.241833333333333258e+03
1.287500000000000000e+03
1.308500000000000000e+03
1.329333333333333258e+03
1.272500000000000000e+03
1.320666666666666515e+03
1.294000000000000000e+03
1.302833333333333258e+03
1.215833333333333258e+03
1.252666666666666515e+03
1.232333333333333258e+03
1.263333333333333258e+03
1.212666666666666515e+03
1.294500000000000000e+03
1.322833333333333258e+03
1.373833333333333258e+03
1.279666666666666515e+03
1.318166666666666515e+03
1.323000000000000000e+03
1.353166666666666515e+03
1.270333333333333258e+03
1.289500000000000000e+03
1.280833333333333258e+03
1.286333333333333258e+03
1.208500000000000000e+03
1.261833333333333258e+03
1.278166666666666515e+03
1.305666666666666515e+03
1.237666666666666515e+03
1.272333333333333258e+03
1.283833333333333258e+03
1.350666666666666515e+03
1.271833333333333258e+03
1.287166666666666515e+03
1.257166666666666515e+03
1.298666666666666515e+03
1.267666666666666515e+03
1.340500000000000000e+03
1.344666666666666515e+03
1.375500000000000000e+03
1.289833333333333258e+03
1.330666666666666515e+03
1.300333333333333258e+03
1.317500000000000000e+03
1.238666666666666515e+03
1.296166666666666515e+03
1.281833333333333258e+03
1.326666666666666515e+03
1.253666666666666515e+03
1.284500000000000000e+03
1.257166666666666515e+03
1.282666666666666515e+03
1.214000000000000000e+03
1.267500000000000000e+03
1.254333333333333258e+03
1.296500000000000000e+03
1.195666666666666515e+03
1.202000000000000000e+03
1.212000000000000000e+03
1.268833333333333258e+03
1.257666666666666515e+03
1.301000000000000000e+03
1.310333333333333258e+03
1.318833333333333258e+03
1.242500000000000000e+03
1.310666666666666515e+03
1.345833333333333258e+03
1.393500000000000000e+03
1.312833333333333258e+03
1.332000000000000000e+03
1.291500000000000000e+03
1.293333333333333258e+03
1.202666666666666515e+03
1.260500000000000000e+03
1.265166666666666515e+03
1.336333333333333258e+03
1.298666666666666515e+03
1.362500000000000000e+03
1.354000000000000000e+03
1.355166666666666515e+03
1.266000000000000000e+03
1.298000000000000000e+03
1.280333333333333258e+03
1.324833333333333258e+03
1.278333333333333258e+03
1.340333333333333258e+03
1.312666666666666515e+03
1.297500000000000000e+03
1.225500000000000000e+03
1.277333333333333258e+03
1.277666666666666515e+03
1.300500000000000000e+03
1.226000000000000000e+03
1.264333333333333258e+03
1.256666666666666515e+03
1.276000000000000000e+03
1.209000000000000000e+03
1.264333333333333258e+03
1.289333333333333258e+03
1.356500000000000000e+03
1.309666666666666515e+03
1.334333333333333258e+03
1.313166666666666515e+03
1.333666666666666515e+03
1.266500000000000000e+03
1.305166666666666515e+03
1.269833333333333258e+03
1.297833333333333258e+03
1.231833333333333258e+03
1.311000000000000000e+03
1.306500000000000000e+03
1.326666666666666515e+03
1.191500000000000000e+03
1.215166666666666515e+03
1.203166666666666515e+03
1.268500000000000000e+03
1.218000000000000000e+03
1.283833333333333258e+03
1.264666666666666515e+03
1.292500000000000000e+03
1.203000000000000000e+03
1.257000000000000000e+03
1.237166666666666515e+03
1.243500000000000000e+03
1.185333333333333258e+03
1.258666666666666515e+03
1.262000000000000000e+03
1.279666666666666515e+03
1.183500000000000000e+03
1.232333333333333258e+03
1.255166666666666515e+03
1.308666666666666515e+03
1.247000000000000000e+03
1.288666666666666515e+03
1.294666666666666515e+03
1.347500000000000000e+03
1.253333333333333258e+03
1.262833333333333258e+03
1.237166666666666515e+03
1.267333333333333258e+03
1.207166666666666515e+03
1.264666666666666515e+03
1.290500000000000000e+03
1.376666666666666515e+03
1.339833333333333258e+03
1.392333333333333258e+03
1.354166666666666515e+03
1.358333333333333258e+03
1.287666666666666515e+03
1.299833333333333258e+03
1.285000000000000000e+03
1.299166666666666515e+03
1.259000000000000000e+03
1.298166666666666515e+03
1.264166666666666515e+03
1.263500000000000000e+03
1.190333333333333258e+03
1.264500000000000000e+03
1.274666666666666515e+03
1.298166666666666515e+03
1.217000000000000000e+03
1.263833333333333258e+03
1.274666666666666515e+03
1.294500000000000000e+03
1.232666666666666515e+03
1.280000000000000000e+03
1.288500000000000000e+03
1.292833333333333258e+03
1.193333333333333258e+03
1.217833333333333258e+03
1.239333333333333258e+03
1.279000000000000000e+03
1.216500000000000000e+03
1.261000000000000000e+03
1.298166666666666515e+03
1.349500000000000000e+03
1.286500000000000000e+03
1.273166666666666515e+03
1.260333333333333258e+03
1.290833333333333258e+03
1.269166666666666515e+03
1.299000000000000000e+03
1.256833333333333258e+03
1.255333333333333258e+03
1.183000000000000000e+03
1.239833333333333258e+03
1.251333333333333258e+03
1.318500000000000000e+03
1.295166666666666515e+03
1.339000000000000000e+03
1.295833333333333258e+03
1.288333333333333258e+03
1.232500000000000000e+03
1.274500000000000000e+03
1.275833333333333258e+03
1.305166666666666515e+03
1.256666666666666515e+03
1.281166666666666515e+03
1.260166666666666515e+03
1.305333333333333258e+03
1.242500000000000000e+03
1.247500000000000000e+03
1.235500000000000000e+03
1.312166666666666515e+03
1.281833333333333258e+03
1.308000000000000000e+03
1.276000000000000000e+03
1.292333333333333258e+03
1.233666666666666515e+03
1.288000000000000000e+03
1.273500000000000000e+03
1.263166666666666515e+03
1.158500000000000000e+03
1.216500000000000000e+03
1.224833333333333258e+03
1.259500000000000000e+03
1.192500000000000000e+03
1.238000000000000000e+03
1.244500000000000000e+03
1.292500000000000000e+03
1.275166666666666515e+03
1.347333333333333258e+03
1.339000000000000000e+03
1.333500000000000000e+03
1.223500000000000000e+03
1.241333333333333258e+03
1.222500000000000000e+03
1.255166666666666515e+03
1.198666666666666515e+03
1.249166666666666515e+03
1.278666666666666515e+03
1.362833333333333258e+03
1.321000000000000000e+03
1.329500000000000000e+03
1.277500000000000000e+03
1.322666666666666515e+03
1.292333333333333258e+03
1.371833333333333258e+03
1.329666666666666515e+03
1.316000000000000000e+03
1.210166666666666515e+03
1.266500000000000000e+03
1.278000000000000000e+03
1.318833333333333258e+03
1.244166666666666515e+03
1.292166666666666515e+03
1.268500000000000000e+03
1.282833333333333258e+03
1.196500000000000000e+03
1.254333333333333258e+03
1.253166666666666515e+03
1.281333333333333258e+03
1.216000000000000000e+03
1.251333333333333258e+03
1.268166666666666515e+03
1.277666666666666515e+03
1.220833333333333258e+03
1.221666666666666515e+03
1.209000000000000000e+03
1.239666666666666515e+03
1.211500000000000000e+03
1.279333333333333258e+03
1.266000000000000000e+03
1.288333333333333258e+03
1.193666666666666515e+03
1.243500000000000000e+03
1.236333333333333258e+03
1.291333333333333258e+03
1.261333333333333258e+03
1.321166666666666515e+03
1.324333333333333258e+03
1.349166666666666515e+03
1.267666666666666515e+03
1.274333333333333258e+03
1.235000000000000000e+03
1.261333333333333258e+03
1.197666666666666515e+03
1.236833333333333258e+03
1.224166666666666515e+03
1.271500000000000000e+03
1.207833333333333258e+03
1.274666666666666515e+03
1.292833333333333258e+03
1.350166666666666515e+03
1.271833333333333258e+03
1.297166666666666515e+03
1.282500000000000000e+03
1.308333333333333258e+03
1.216833333333333258e+03
1.235666666666666515e+03
1.242666666666666515e+03
1.298666666666666515e+03
1.242000000000000000e+03
1.265000000000000000e+03
1.262833333333333258e+03
1.337000000000000000e+03
1.271833333333333258e+03
1.278333333333333258e+03
1.209000000000000000e+03
1.234000000000000000e+03
1.204500000000000000e+03
1.250833333333333258e+03
1.260000000000000000e+03
1.278333333333333258e+03
1.235333333333333258e+03
1.265666666666666515e+03
1.262500000000000000e+03
1.300166666666666515e+03
1.238666666666666515e+03
1.252000000000000000e+03
1.208666666666666515e+03
1.231833333333333258e+03
1.202000000000000000e+03
1.280666666666666515e+03
1.283833333333333258e+03
1.313666666666666515e+03
1.237000000000000000e+03
1.293166666666666515e+03
1.293000000000000000e+03
1.329500000000000000e+03
1.265500000000000000e+03
1.305166666666666515e+03
1.314166666666666515e+03
1.364666666666666515e+03
1.295666666666666515e+03
1.296333333333333258e+03
1.235666666666666515e+03
1.246000000000000000e+03
1.188666666666666515e+03
1.236333333333333258e+03
1.253500000000000000e+03
1.332500000000000000e+03
1.273000000000000000e+03
1.265666666666666515e+03
1.206500000000000000e+03
1.252333333333333258e+03
1.217666666666666515e+03
1.282666666666666515e+03
1.258000000000000000e+03
1.281166666666666515e+03
1.227000000000000000e+03
1.314666666666666515e+03
1.318333333333333258e+03
1.339333333333333258e+03
1.237000000000000000e+03
1.252166666666666515e+03
1.233666666666666515e+03
1.262666666666666515e+03
1.215500000000000000e+03
1.251000000000000000e+03
1.240500000000000000e+03
1.261333333333333258e+03
1.186000000000000000e+03
1.213166666666666515e+03
1.238500000000000000e+03
1.287000000000000000e+03
1.251666666666666515e+03
1.287500000000000000e+03
1.285000000000000000e+03
1.312666666666666515e+03
1.257666666666666515e+03
1.297333333333333258e+03
1.288666666666666515e+03
1.302500000000000000e+03
1.241833333333333258e+03
1.290000000000000000e+03
1.266333333333333258e+03
1.279166666666666515e+03
1.182833333333333258e+03
1.219000000000000000e+03
1.220166666666666515e+03
1.286500000000000000e+03
1.237833333333333258e+03
1.288000000000000000e+03
1.257166666666666515e+03
1.291833333333333258e+03
1.230000000000000000e+03
1.245000000000000000e+03
1.245333333333333258e+03
1.337666666666666515e+03
1.312833333333333258e+03
1.327000000000000000e+03
1.257166666666666515e+03
1.296166666666666515e+03
1.261000000000000000e+03
1.276166666666666515e+03
1.277000000000000000e+03
1.328666666666666515e+03
1.288500000000000000e+03
1.269666666666666515e+03
1.195666666666666515e+03
1.217333333333333258e+03
1.207166666666666515e+03
1.302833333333333258e+03
1.299500000000000000e+03
1.350500000000000000e+03
1.273666666666666515e+03
1.302333333333333258e+03
1.261500000000000000e+03
1.300666666666666515e+03
1.249500000000000000e+03
1.263000000000000000e+03
1.230666666666666515e+03
1.247166666666666515e+03
1.195000000000000000e+03
1.239166666666666515e+03
1.222666666666666515e+03
1.272500000000000000e+03
1.207500000000000000e+03
1.246500000000000000e+03
1.204666666666666515e+03
1.259000000000000000e+03
1.232666666666666515e+03
1.273666666666666515e+03
1.251000000000000000e+03
1.271333333333333258e+03
1.227500000000000000e+03
1.260833333333333258e+03
1.232500000000000000e+03
1.258833333333333258e+03
1.213833333333333258e+03
1.279500000000000000e+03
1.286000000000000000e+03
1.323000000000000000e+03
1.267333333333333258e+03
1.302833333333333258e+03
1.272000000000000000e+03
1.271500000000000000e+03
1.203666666666666515e+03
1.228666666666666515e+03
1.244666666666666515e+03
1.309000000000000000e+03
1.266000000000000000e+03
1.299500000000000000e+03
1.245000000000000000e+03
1.247000000000000000e+03
1.160666666666666515e+03
1.218333333333333258e+03
1.234833333333333258e+03
1.284666666666666515e+03
1.220333333333333258e+03
1.237833333333333258e+03
1.204666666666666515e+03
1.253166666666666515e+03
1.242500000000000000e+03
1.338333333333333258e+03
1.320666666666666515e+03
1.352166666666666515e+03
1.258000000000000000e+03
1.277833333333333258e+03
1.240833333333333258e+03
1.285166666666666515e+03
1.249833333333333258e+03
1.262166666666666515e+03
1.253833333333333258e+03
1.299666666666666515e+03
1.270833333333333258e+03
1.272666666666666515e+03
1.221166666666666515e+03
1.256333333333333258e+03
1.213000000000000000e+03
1.260333333333333258e+03
1.244333333333333258e+03
1.269500000000000000e+03
1.207666666666666515e+03
1.255500000000000000e+03
1.260166666666666515e+03
1.295666666666666515e+03
1.220000000000000000e+03
1.238666666666666515e+03
1.224166666666666515e+03
1.283333333333333258e+03
1.221500000000000000e+03
1.241333333333333258e+03
1.188000000000000000e+03
1.247833333333333258e+03
1.200500000000000000e+03
1.252166666666666515e+03
1.219833333333333258e+03
1.258666666666666515e+03
1.200666666666666515e+03
1.252333333333333258e+03
1.268833333333333258e+03
1.318000000000000000e+03
1.279333333333333258e+03
1.300333333333333258e+03
1.299000000000000000e+03
1.297166666666666515e+03
1.225000000000000000e+03
1.234666666666666515e+03
1.246333333333333258e+03
1.273166666666666515e+03
1.200666666666666515e+03
1.195000000000000000e+03
1.168500000000000000e+03
1.203666666666666515e+03
1.187833333333333258e+03
1.259000000000000000e+03
1.280666666666666515e+03
1.341666666666666515e+03
1.333500000000000000e+03
1.372333333333333258e+03
1.312333333333333258e+03
1.263166666666666515e+03
1.180666666666666515e+03
1.239500000000000000e+03
1.279333333333333258e+03
1.369333333333333258e+03
1.302500000000000000e+03
1.313666666666666515e+03
1.253666666666666515e+03
1.290166666666666515e+03
1.226000000000000000e+03
1.228500000000000000e+03
1.203833333333333258e+03
1.237833333333333258e+03
1.211166666666666515e+03
1.255500000000000000e+03
1.247000000000000000e+03
1.262500000000000000e+03
1.178666666666666515e+03
1.191166666666666515e+03
1.181166666666666515e+03
1.206333333333333258e+03
1.186500000000000000e+03
1.261666666666666515e+03
1.287000000000000000e+03
1.334500000000000000e+03
1.253666666666666515e+03
1.293666666666666515e+03
1.330500000000000000e+03
1.370000000000000000e+03
1.327500000000000000e+03
1.287333333333333258e+03
1.263333333333333258e+03
1.290000000000000000e+03
1.239666666666666515e+03
1.268166666666666515e+03
1.240166666666666515e+03
1.307666666666666515e+03
1.250166666666666515e+03
1.265500000000000000e+03
1.204000000000000000e+03
1.236166666666666515e+03
1.206333333333333258e+03
1.249000000000000000e+03
1.254166666666666515e+03
1.268000000000000000e+03
1.237000000000000000e+03
1.307666666666666515e+03
1.318666666666666515e+03
1.325166666666666515e+03
1.237333333333333258e+03
1.252833333333333258e+03
1.261333333333333258e+03
1.306166666666666515e+03
1.235666666666666515e+03
1.243500000000000000e+03
1.201333333333333258e+03
1.278166666666666515e+03
1.225833333333333258e+03
1.266833333333333258e+03
1.237500000000000000e+03
1.317333333333333258e+03
1.274666666666666515e+03
1.283333333333333258e+03
1.193666666666666515e+03
1.220833333333333258e+03
1.196500000000000000e+03
1.274500000000000000e+03
1.249500000000000000e+03
1.278166666666666515e+03
1.215333333333333258e+03
1.259166666666666515e+03
1.256166666666666515e+03
1.303333333333333258e+03
1.252166666666666515e+03
1.250166666666666515e+03
1.229333333333333258e+03
1.271666666666666515e+03
1.217833333333333258e+03
1.218833333333333258e+03
1.185000000000000000e+03
1.224833333333333258e+03
1.190500000000000000e+03
1.243666666666666515e+03
1.244666666666666515e+03
1.288500000000000000e+03
1.244833333333333258e+03
1.290833333333333258e+03
1.298833333333333258e+03
1.327833333333333258e+03
1.257500000000000000e+03
1.251333333333333258e+03
1.205666666666666515e+03
1.266833333333333258e+03
1.264333333333333258e+03
1.367500000000000000e+03
1.335333333333333258e+03
1.321666666666666515e+03
1.199666666666666515e+03
1.225333333333333258e+03
1.207333333333333258e+03
1.277166666666666515e+03
1.257166666666666515e+03
1.315000000000000000e+03
1.271500000000000000e+03
1.269500000000000000e+03
1.216000000000000000e+03
1.275000000000000000e+03
1.290833333333333258e+03
1.319833333333333258e+03
1.267333333333333258e+03
1.291833333333333258e+03
1.251000000000000000e+03
1.265666666666666515e+03
1.233000000000000000e+03
1.319333333333333258e+03
1.318666666666666515e+03
1.332833333333333258e+03
1.276333333333333258e+03
1.324500000000000000e+03
1.313000000000000000e+03
1.354333333333333258e+03
1.264000000000000000e+03
1.255833333333333258e+03
1.175833333333333258e+03
1.223833333333333258e+03
1.185833333333333258e+03
1.256166666666666515e+03
1.246333333333333258e+03
1.305166666666666515e+03
1.242500000000000000e+03
1.248000000000000000e+03
1.231833333333333258e+03
1.290666666666666515e+03
1.267666666666666515e+03
1.309166666666666515e+03
1.286500000000000000e+03
1.315500000000000000e+03
1.265166666666666515e+03
1.291000000000000000e+03
1.262000000000000000e+03
1.280500000000000000e+03
1.265666666666666515e+03
1.320833333333333258e+03
1.293000000000000000e+03
1.290000000000000000e+03
1.220833333333333258e+03
1.245500000000000000e+03
1.221500000000000000e+03
1.276333333333333258e+03
1.250333333333333258e+03
1.285333333333333258e+03
1.257500000000000000e+03
1.279833333333333258e+03
1.219333333333333258e+03
1.262666666666666515e+03
1.231500000000000000e+03
1.282333333333333258e+03
1.229666666666666515e+03
1.290500000000000000e+03
1.256833333333333258e+03
1.261333333333333258e+03
1.194000000000000000e+03
1.221333333333333258e+03
1.209166666666666515e+03
1.239666666666666515e+03
1.237000000000000000e+03
1.281166666666666515e+03
1.229500000000000000e+03
1.233333333333333258e+03
1.193833333333333258e+03
1.261000000000000000e+03
1.251000000000000000e+03
1.270333333333333258e+03
1.230666666666666515e+03
1.280833333333333258e+03
1.276833333333333258e+03
1.332333333333333258e+03
1.275166666666666515e+03
1.285333333333333258e+03
1.255833333333333258e+03
1.279500000000000000e+03
1.248333333333333258e+03
1.298666666666666515e+03
1.313166666666666515e+03
1.355666666666666515e+03
1.255833333333333258e+03
1.269666666666666515e+03
1.266833333333333258e+03
1.353333333333333258e+03
1.291166666666666515e+03
1.292333333333333258e+03
1.270666666666666515e+03
1.328833333333333258e+03
1.304500000000000000e+03
1.317166666666666515e+03
1.260166666666666515e+03
1.252500000000000000e+03
1.208333333333333258e+03
1.264666666666666515e+03
1.251833333333333258e+03
1.282666666666666515e+03
1.215500000000000000e+03
1.249000000000000000e+03
1.223166666666666515e+03
1.261500000000000000e+03
1.242666666666666515e+03
1.276500000000000000e+03
1.235666666666666515e+03
1.263166666666666515e+03
1.241000000000000000e+03
1.325666666666666515e+03
1.327166666666666515e+03
1.335666666666666515e+03
1.271166666666666515e+03
1.299500000000000000e+03
1.282500000000000000e+03
1.287833333333333258e+03
1.216166666666666515e+03
1.248333333333333258e+03
1.255166666666666515e+03
1.319500000000000000e+03
1.256500000000000000e+03
1.291666666666666515e+03
1.244166666666666515e+03
1.315333333333333258e+03
1.301333333333333258e+03
1.322000000000000000e+03
1.306666666666666515e+03
1.299666666666666515e+03
1.254500000000000000e+03
1.263333333333333258e+03
1.241166666666666515e+03
1.279000000000000000e+03
1.221166666666666515e+03
1.234000000000000000e+03
1.219833333333333258e+03
1.266333333333333258e+03
1.259333333333333258e+03
1.299333333333333258e+03
1.273166666666666515e+03
1.294333333333333258e+03
1.228666666666666515e+03
1.240000000000000000e+03
1.198666666666666515e+03
1.239500000000000000e+03
1.209000000000000000e+03
1.235833333333333258e+03
1.220333333333333258e+03
1.297333333333333258e+03
1.304166666666666515e+03
1.362166666666666515e+03
1.277833333333333258e+03
1.273333333333333258e+03
1.212000000000000000e+03
1.279833333333333258e+03
1.263833333333333258e+03
1.273000000000000000e+03
1.217666666666666515e+03
1.265666666666666515e+03
1.270333333333333258e+03
1.308000000000000000e+03
1.245166666666666515e+03
1.276000000000000000e+03
1.268500000000000000e+03
1.321166666666666515e+03
1.259666666666666515e+03
1.243333333333333258e+03
1.194000000000000000e+03
1.217500000000000000e+03
1.202500000000000000e+03
1.252333333333333258e+03
1.218000000000000000e+03
1.216666666666666515e+03
1.134333333333333258e+03
1.162833333333333258e+03
1.160000000000000000e+03
1.215333333333333258e+03
1.185500000000000000e+03
1.202333333333333258e+03
1.145500000000000000e+03
1.175000000000000000e+03
1.158333333333333258e+03
1.240833333333333258e+03
1.247500000000000000e+03
1.313833333333333258e+03
1.265000000000000000e+03
1.307833333333333258e+03
1.239333333333333258e+03
1.243166666666666515e+03
1.185500000000000000e+03
1.242666666666666515e+03
1.261666666666666515e+03
1.312500000000000000e+03
1.279833333333333258e+03
1.327833333333333258e+03
1.306166666666666515e+03
1.318666666666666515e+03
1.238833333333333258e+03
1.256666666666666515e+03
1.262166666666666515e+03
1.306500000000000000e+03
1.283000000000000000e+03
1.312833333333333258e+03
1.302666666666666515e+03
1.294833333333333258e+03
1.236500000000000000e+03
1.239500000000000000e+03
1.235333333333333258e+03
1.256833333333333258e+03
1.235500000000000000e+03
1.286666666666666515e+03
1.268333333333333258e+03
1.323833333333333258e+03
1.271333333333333258e+03
1.292833333333333258e+03
1.216666666666666515e+03
1.227500000000000000e+03
1.185166666666666515e+03
1.247666666666666515e+03
1.242666666666666515e+03
1.279500000000000000e+03
1.214666666666666515e+03
1.227333333333333258e+03
1.206333333333333258e+03
1.234166666666666515e+03
1.195500000000000000e+03
1.236166666666666515e+03
1.239000000000000000e+03
1.290000000000000000e+03
1.214500000000000000e+03
1.211333333333333258e+03
1.211833333333333258e+03
1.293166666666666515e+03
1.258000000000000000e+03
1.237166666666666515e+03
1.191833333333333258e+03
1.252500000000000000e+03
1.235500000000000000e+03
1.256166666666666515e+03
1.234000000000000000e+03
1.260166666666666515e+03
1.252666666666666515e+03
1.286333333333333258e+03
1.280333333333333258e+03
1.307166666666666515e+03
1.255333333333333258e+03
1.255166666666666515e+03
1.231333333333333258e+03
1.277000000000000000e+03
1.258666666666666515e+03
1.284333333333333258e+03
1.269500000000000000e+03
1.292833333333333258e+03
1.247666666666666515e+03
1.231166666666666515e+03
1.206000000000000000e+03
1.265333333333333258e+03
1.298500000000000000e+03
1.372833333333333258e+03
1.318000000000000000e+03
1.305000000000000000e+03
1.234833333333333258e+03
1.261000000000000000e+03
1.246000000000000000e+03
1.282000000000000000e+03
1.287333333333333258e+03
1.313166666666666515e+03
1.270333333333333258e+03
1.242000000000000000e+03
1.226833333333333258e+03
1.249000000000000000e+03
1.229333333333333258e+03
1.223833333333333258e+03
1.191833333333333258e+03
1.198166666666666515e+03
1.177166666666666515e+03
1.214500000000000000e+03
1.212166666666666515e+03
1.235333333333333258e+03
1.204333333333333258e+03
1.242833333333333258e+03
1.221500000000000000e+03
1.272500000000000000e+03
1.241833333333333258e+03
1.269333333333333258e+03
1.204666666666666515e+03
1.210500000000000000e+03
1.173333333333333258e+03
1.207333333333333258e+03
1.201000000000000000e+03
1.234666666666666515e+03
1.193833333333333258e+03
1.212166666666666515e+03
1.188333333333333258e+03
1.248333333333333258e+03
1.233666666666666515e+03
1.277166666666666515e+03
1.265833333333333258e+03
1.321500000000000000e+03
1.270500000000000000e+03
1.286666666666666515e+03
1.187333333333333258e+03
1.207500000000000000e+03
1.165666666666666515e+03
1.225166666666666515e+03
1.198833333333333258e+03
1.208000000000000000e+03
1.177833333333333258e+03
1.225000000000000000e+03
1.221166666666666515e+03
1.220166666666666515e+03
1.187166666666666515e+03
1.208166666666666515e+03
1.199666666666666515e+03
1.236666666666666515e+03
1.203833333333333258e+03
1.257333333333333258e+03
1.225333333333333258e+03
1.253166666666666515e+03
1.198833333333333258e+03
1.187833333333333258e+03
1.156333333333333258e+03
1.202666666666666515e+03
1.183833333333333258e+03
1.210333333333333258e+03
1.166166666666666515e+03
1.199833333333333258e+03
1.207833333333333258e+03
1.278500000000000000e+03
1.252833333333333258e+03
1.213000000000000000e+03
1.141833333333333258e+03
1.197000000000000000e+03
1.213000000000000000e+03
1.272000000000000000e+03
1.233833333333333258e+03
1.230333333333333258e+03
1.176666666666666515e+03
1.187166666666666515e+03
1.191666666666666515e+03
1.236500000000000000e+03
1.200666666666666515e+03
1.223500000000000000e+03
1.218000000000000000e+03
1.293000000000000000e+03
1.297333333333333258e+03
1.323500000000000000e+03
1.269166666666666515e+03
1.291000000000000000e+03
1.257333333333333258e+03
1.258500000000000000e+03
1.194333333333333258e+03
1.220666666666666515e+03
1.238666666666666515e+03
1.288666666666666515e+03
1.250333333333333258e+03
1.287333333333333258e+03
1.272833333333333258e+03
1.285000000000000000e+03
1.239500000000000000e+03
1.291166666666666515e+03
1.286333333333333258e+03
1.313166666666666515e+03
1.267000000000000000e+03
1.305000000000000000e+03
1.272333333333333258e+03
1.293333333333333258e+03
1.249833333333333258e+03
1.293500000000000000e+03
1.266333333333333258e+03
1.313000000000000000e+03
1.299000000000000000e+03
1.322000000000000000e+03
1.266333333333333258e+03
1.277666666666666515e+03
1.243833333333333258e+03
1.307000000000000000e+03
1.286666666666666515e+03
1.296666666666666515e+03
1.227666666666666515e+03
1.241166666666666515e+03
1.200000000000000000e+03
1.210666666666666515e+03
1.185500000000000000e+03
1.246833333333333258e+03
1.215000000000000000e+03
1.226500000000000000e+03
1.195166666666666515e+03
1.254666666666666515e+03
1.226833333333333258e+03
1.247833333333333258e+03
1.239000000000000000e+03
1.277166666666666515e+03
1.254000000000000000e+03
1.266666666666666515e+03
1.247333333333333258e+03
1.304333333333333258e+03
1.276000000000000000e+03
1.302666666666666515e+03
1.285000000000000000e+03
1.329166666666666515e+03
1.316666666666666515e+03
1.300000000000000000e+03
1.275500000000000000e+03
1.306333333333333258e+03
1.302000000000000000e+03
1.327333333333333258e+03
1.270333333333333258e+03
1.296833333333333258e+03
1.286666666666666515e+03
1.352666666666666515e+03
1.322333333333333258e+03
1.350333333333333258e+03
1.294833333333333258e+03
1.291666666666666515e+03
1.234333333333333258e+03
1.247500000000000000e+03
1.218666666666666515e+03
1.229666666666666515e+03
1.209000000000000000e+03
1.267166666666666515e+03
1.236833333333333258e+03
1.257833333333333258e+03
1.234500000000000000e+03
1.269166666666666515e+03
1.238666666666666515e+03
1.253666666666666515e+03
1.251833333333333258e+03
1.324833333333333258e+03
1.314000000000000000e+03
1.314833333333333258e+03
1.271000000000000000e+03
1.316000000000000000e+03
1.310500000000000000e+03
1.311833333333333258e+03
1.233166666666666515e+03
1.280000000000000000e+03
1.263000000000000000e+03
1.301666666666666515e+03
1.238666666666666515e+03
1.273333333333333258e+03
1.250000000000000000e+03
1.292166666666666515e+03
1.260666666666666515e+03
1.328500000000000000e+03
1.308333333333333258e+03
1.358500000000000000e+03
1.318166666666666515e+03
1.334333333333333258e+03
1.260666666666666515e+03
1.258333333333333258e+03
1.254500000000000000e+03
1.351666666666666515e+03
1.361500000000000000e+03
1.342333333333333258e+03
1.279333333333333258e+03
1.302000000000000000e+03
1.314333333333333258e+03
1.351833333333333258e+03
1.276166666666666515e+03
1.274500000000000000e+03
1.220333333333333258e+03
1.270666666666666515e+03
1.262166666666666515e+03
1.330333333333333258e+03
1.307166666666666515e+03
1.324833333333333258e+03
1.263500000000000000e+03
1.299166666666666515e+03
1.212666666666666515e+03
1.199333333333333258e+03
1.148500000000000000e+03
1.222500000000000000e+03
1.237000000000000000e+03
1.263166666666666515e+03
1.227833333333333258e+03
1.248500000000000000e+03
1.225000000000000000e+03
1.261000000000000000e+03
1.202166666666666515e+03
1.226166666666666515e+03
7.996666666666666288e+02
