4.913925432445068395e+02
6.105592099111735251e+02
3.173925432445068964e+02
4.282258765778402108e+02
8.458925432445068964e+02
1.162892543244506896e+03
1.290225876577840154e+03
1.105059209911173639e+03
1.154725876577840154e+03
1.221392543244506896e+03
1.229725876577840154e+03
1.097892543244506896e+03
1.202225876577840154e+03
1.312392543244506669e+03
1.313725876577840154e+03
1.144392543244506896e+03
1.209225876577840154e+03
1.309892543244506896e+03
1.360892543244506896e+03
1.207225876577840154e+03
1.365225876577840154e+03
1.464225876577840154e+03
1.479225876577840154e+03
1.248892543244506896e+03
1.326225876577840154e+03
1.387559209911173639e+03
1.385892543244506896e+03
1.201392543244506896e+03
1.298725876577840154e+03
1.386225876577840154e+03
1.396392543244506896e+03
1.232892543244506896e+03
1.360892543244506896e+03
1.416725876577840154e+03
1.420725876577840154e+03
1.209559209911173639e+03
1.299559209911173639e+03
1.373892543244506896e+03
1.357059209911173411e+03
1.199892543244506896e+03
1.302059209911173639e+03
1.401059209911173639e+03
1.388059209911173639e+03
1.202725876577840154e+03
1.290392543244506896e+03
1.387725876577840154e+03
1.415559209911173639e+03
1.303725876577840154e+03
1.432725876577840154e+03
1.490892543244506669e+03
1.414559209911173411e+03
1.192392543244506896e+03
1.310225876577840154e+03
1.419725876577840154e+03
1.447892543244506896e+03
1.269059209911173639e+03
1.352059209911173639e+03
1.379225876577840154e+03
1.364559209911173639e+03
1.187059209911173639e+03
1.314725876577840154e+03
1.413559209911173411e+03
1.420392543244506669e+03
1.230725876577840154e+03
1.324559209911173639e+03
1.416559209911173639e+03
1.405392543244506896e+03
1.238725876577840154e+03
1.359559209911173639e+03
1.472725876577840154e+03
1.481892543244506669e+03
1.304725876577840154e+03
1.420225876577840154e+03
1.475225876577840154e+03
1.456225876577840154e+03
1.279225876577840154e+03
1.382392543244506896e+03
1.444559209911173639e+03
1.386059209911173639e+03
1.215392543244506896e+03
1.307559209911173639e+03
1.386059209911173639e+03
1.360559209911173639e+03
1.184559209911173639e+03
1.268059209911173639e+03
1.356892543244506896e+03
1.362059209911173639e+03
1.239725876577840154e+03
1.337892543244506896e+03
1.395392543244506896e+03
1.400559209911173639e+03
1.230559209911173639e+03
1.352392543244506896e+03
1.424559209911173639e+03
1.414392543244506896e+03
1.287392543244506896e+03
1.409559209911173639e+03
1.481892543244506896e+03
1.423225876577840154e+03
1.214225876577840154e+03
1.323725876577840154e+03
1.403892543244506669e+03
1.394392543244506896e+03
1.203225876577840154e+03
1.305725876577840154e+03
1.358892543244506896e+03
1.360725876577840154e+03
1.189059209911173639e+03
1.321059209911173639e+03
1.403392543244506896e+03
1.414059209911173639e+03
1.234892543244506896e+03
1.371892543244506896e+03
1.473725876577840154e+03
1.484559209911173639e+03
1.273725876577840154e+03
1.327892543244506896e+03
1.373892543244506896e+03
1.361892543244506896e+03
1.186725876577840154e+03
1.303559209911173639e+03
1.388059209911173639e+03
1.397059209911173639e+03
1.206225876577840154e+03
1.292392543244506896e+03
1.334725876577840154e+03
1.311225876577840154e+03
1.156059209911173639e+03
1.303392543244506896e+03
1.424392543244506896e+03
1.390392543244506896e+03
1.167225876577840154e+03
1.262725876577840154e+03
1.387725876577840154e+03
1.417392543244506669e+03
1.245725876577840154e+03
1.318225876577840154e+03
1.387892543244506896e+03
1.369725876577840154e+03
1.196059209911173639e+03
1.299225876577840154e+03
1.420559209911173639e+03
1.455392543244506669e+03
1.273059209911173639e+03
1.301392543244506896e+03
1.359892543244506896e+03
1.391059209911173639e+03
1.246892543244506896e+03
1.298225876577840154e+03
1.346725876577840154e+03
1.365225876577840154e+03
1.236225876577840154e+03
1.343225876577840154e+03
1.396892543244506896e+03
1.379559209911173639e+03
1.202559209911173639e+03
1.296892543244506896e+03
1.390725876577840154e+03
1.411059209911173639e+03
1.258225876577840154e+03
1.308892543244506896e+03
1.358225876577840154e+03
1.348559209911173639e+03
1.216892543244506896e+03
1.303725876577840154e+03
1.363559209911173639e+03
1.382225876577840154e+03
1.250225876577840154e+03
1.365725876577840154e+03
1.429225876577840154e+03
1.397225876577840154e+03
1.207392543244506896e+03
1.260225876577840154e+03
1.351725876577840154e+03
1.407559209911173639e+03
1.264725876577840154e+03
1.333225876577840154e+03
1.385559209911173639e+03
1.410559209911173639e+03
1.261225876577840154e+03
1.355059209911173639e+03
1.395225876577840154e+03
1.376892543244506669e+03
1.210392543244506896e+03
1.326725876577840154e+03
1.393225876577840154e+03
1.380725876577840154e+03
1.188225876577840154e+03
1.311559209911173639e+03
1.379559209911173639e+03
1.358392543244506896e+03
1.191392543244506896e+03
1.290059209911173639e+03
1.394559209911173639e+03
1.420392543244506896e+03
1.258725876577840154e+03
1.333559209911173639e+03
1.367559209911173411e+03
1.364392543244506669e+03
1.237059209911173639e+03
1.360059209911173639e+03
1.419892543244506896e+03
1.424559209911173639e+03
1.242559209911173639e+03
1.313059209911173639e+03
1.350725876577840154e+03
1.362892543244506896e+03
1.245225876577840154e+03
1.368059209911173639e+03
1.415392543244506896e+03
1.389892543244506896e+03
1.212559209911173639e+03
1.314892543244506896e+03
1.382225876577840154e+03
1.324559209911173639e+03
1.132892543244506896e+03
1.263892543244506896e+03
1.432225876577840154e+03
1.483225876577840154e+03
1.280559209911173639e+03
1.305059209911173639e+03
1.345559209911173639e+03
1.364559209911173639e+03
1.218725876577840154e+03
1.312559209911173639e+03
1.399892543244506896e+03
1.437725876577840154e+03
1.283559209911173639e+03
1.345059209911173639e+03
1.375059209911173639e+03
1.378225876577840154e+03
1.236559209911173639e+03
1.304559209911173639e+03
1.322225876577840154e+03
1.323559209911173639e+03
1.205059209911173639e+03
1.351225876577840154e+03
1.384559209911173639e+03
1.376559209911173639e+03
1.206225876577840154e+03
1.318559209911173639e+03
1.366392543244506896e+03
1.337892543244506896e+03
1.170892543244506896e+03
1.266059209911173639e+03
1.342559209911173639e+03
1.326892543244506896e+03
1.164725876577840154e+03
1.276059209911173639e+03
1.368559209911173639e+03
1.387892543244506669e+03
1.228225876577840154e+03
1.337892543244506896e+03
1.387059209911173639e+03
1.391392543244506896e+03
1.232892543244506896e+03
1.331392543244506896e+03
1.374225876577840154e+03
1.363225876577840154e+03
1.191725876577840154e+03
1.265059209911173639e+03
1.337892543244506896e+03
1.383392543244506896e+03
1.272225876577840154e+03
1.365725876577840154e+03
1.402559209911173639e+03
1.399725876577840154e+03
1.213059209911173639e+03
1.285559209911173639e+03
1.330225876577840154e+03
1.343725876577840154e+03
1.205392543244506896e+03
1.316892543244506896e+03
1.351725876577840154e+03
1.340059209911173639e+03
1.157725876577840154e+03
1.258725876577840154e+03
1.322559209911173639e+03
1.328892543244506896e+03
1.176892543244506896e+03
1.310392543244506896e+03
1.393892543244506896e+03
1.418392543244506669e+03
1.218725876577840154e+03
1.283725876577840154e+03
1.358559209911173639e+03
1.416225876577840154e+03
1.274059209911173639e+03
1.340059209911173639e+03
1.351392543244506896e+03
1.372559209911173639e+03
1.230892543244506896e+03
1.309059209911173639e+03
1.343725876577840154e+03
1.351225876577840154e+03
1.253559209911173639e+03
1.379392543244506896e+03
1.435559209911173639e+03
1.422059209911173411e+03
1.227725876577840154e+03
1.298392543244506896e+03
1.339559209911173639e+03
1.330059209911173639e+03
1.204225876577840154e+03
1.308392543244506896e+03
1.395225876577840154e+03
1.372225876577840154e+03
1.230559209911173639e+03
1.316892543244506896e+03
1.397725876577840154e+03
1.409059209911173411e+03
1.298392543244506896e+03
1.367225876577840154e+03
1.361725876577840154e+03
1.304225876577840154e+03
1.178059209911173639e+03
1.324559209911173639e+03
1.394392543244506669e+03
1.390559209911173639e+03
1.186225876577840154e+03
1.241225876577840154e+03
1.255392543244506896e+03
1.254225876577840154e+03
1.135392543244506896e+03
1.219892543244506896e+03
1.297725876577840154e+03
1.312059209911173639e+03
1.179559209911173639e+03
1.243225876577840154e+03
1.285892543244506896e+03
1.299725876577840154e+03
1.175225876577840154e+03
1.258892543244506896e+03
1.345392543244506896e+03
1.373059209911173639e+03
1.260225876577840154e+03
1.311059209911173639e+03
1.358392543244506896e+03
1.383392543244506669e+03
1.262892543244506896e+03
1.321225876577840154e+03
1.329059209911173639e+03
1.331559209911173639e+03
1.225392543244506896e+03
1.323892543244506896e+03
1.351559209911173639e+03
1.321392543244506896e+03
1.176892543244506896e+03
1.295892543244506896e+03
1.393392543244506896e+03
1.391559209911173639e+03
1.225392543244506896e+03
1.290725876577840154e+03
1.346059209911173639e+03
1.353725876577840154e+03
1.170892543244506896e+03
1.228892543244506896e+03
1.288225876577840154e+03
1.345559209911173639e+03
1.234392543244506896e+03
1.283225876577840154e+03
1.317225876577840154e+03
1.312559209911173639e+03
1.193225876577840154e+03
1.271725876577840154e+03
1.331892543244506896e+03
1.385059209911173639e+03
1.266059209911173639e+03
1.368559209911173639e+03
1.363225876577840154e+03
1.340392543244506896e+03
1.166559209911173639e+03
1.230392543244506896e+03
1.296392543244506896e+03
1.372559209911173639e+03
1.294225876577840154e+03
1.368725876577840154e+03
1.334725876577840154e+03
1.318892543244506896e+03
1.207892543244506896e+03
1.309225876577840154e+03
1.344892543244506896e+03
1.329559209911173639e+03
1.183725876577840154e+03
1.262559209911173639e+03
1.300725876577840154e+03
1.331059209911173639e+03
1.211392543244506896e+03
1.280892543244506896e+03
1.308892543244506896e+03
1.291392543244506896e+03
1.149225876577840154e+03
1.221225876577840154e+03
1.275059209911173639e+03
1.294892543244506896e+03
1.172725876577840154e+03
1.237892543244506896e+03
1.274059209911173639e+03
1.292725876577840154e+03
1.189392543244506896e+03
1.313725876577840154e+03
1.340892543244506669e+03
1.315392543244506896e+03
1.154059209911173639e+03
1.239725876577840154e+03
1.293059209911173639e+03
1.309392543244506896e+03
1.204559209911173639e+03
1.298225876577840154e+03
1.315559209911173639e+03
1.321392543244506896e+03
1.215892543244506896e+03
1.328225876577840154e+03
1.368059209911173639e+03
1.391392543244506896e+03
1.284725876577840154e+03
1.344725876577840154e+03
1.342559209911173639e+03
1.314225876577840154e+03
1.184059209911173639e+03
1.247225876577840154e+03
1.269892543244506896e+03
1.293892543244506896e+03
1.214892543244506896e+03
1.314392543244506896e+03
1.322559209911173639e+03
1.304725876577840154e+03
1.191225876577840154e+03
1.302225876577840154e+03
1.356392543244506896e+03
1.386559209911173639e+03
1.225392543244506896e+03
1.296725876577840154e+03
1.320892543244506896e+03
1.368225876577840154e+03
1.240559209911173639e+03
1.276725876577840154e+03
1.252725876577840154e+03
1.259892543244506896e+03
1.186225876577840154e+03
1.288559209911173639e+03
1.310559209911173639e+03
1.296725876577840154e+03
1.182725876577840154e+03
1.252225876577840154e+03
1.277559209911173639e+03
1.323892543244506896e+03
1.259059209911173639e+03
1.334559209911173639e+03
1.338225876577840154e+03
1.335892543244506896e+03
1.234392543244506896e+03
1.305059209911173639e+03
1.334725876577840154e+03
1.325059209911173639e+03
1.238392543244506896e+03
1.277059209911173639e+03
1.337392543244506896e+03
1.391892543244506896e+03
1.295559209911173639e+03
1.343225876577840154e+03
1.324559209911173639e+03
1.352892543244506896e+03
1.248225876577840154e+03
1.312892543244506896e+03
1.327892543244506896e+03
1.336559209911173639e+03
1.227392543244506896e+03
1.293392543244506896e+03
1.334059209911173639e+03
1.356725876577840154e+03
1.238559209911173639e+03
1.275225876577840154e+03
1.280225876577840154e+03
1.283225876577840154e+03
1.171725876577840154e+03
1.240559209911173639e+03
1.291892543244506896e+03
1.333225876577840154e+03
1.241892543244506896e+03
1.317225876577840154e+03
1.344392543244506896e+03
1.358892543244506896e+03
1.221059209911173639e+03
1.254392543244506896e+03
1.259059209911173639e+03
1.296892543244506896e+03
1.204559209911173639e+03
1.254892543244506896e+03
1.225225876577840154e+03
1.239225876577840154e+03
1.153725876577840154e+03
1.243725876577840154e+03
1.293059209911173639e+03
1.334892543244506896e+03
1.256225876577840154e+03
1.302892543244506896e+03
1.287725876577840154e+03
1.301225876577840154e+03
1.184892543244506896e+03
1.254225876577840154e+03
1.291892543244506896e+03
1.329059209911173639e+03
1.226059209911173639e+03
1.273392543244506896e+03
1.284892543244506896e+03
1.301559209911173639e+03
1.219392543244506896e+03
1.317559209911173639e+03
1.351892543244506896e+03
1.338392543244506896e+03
1.217725876577840154e+03
1.308725876577840154e+03
1.354559209911173639e+03
1.410059209911173639e+03
1.276059209911173639e+03
1.291392543244506896e+03
1.258059209911173639e+03
1.277892543244506896e+03
1.206059209911173639e+03
1.273559209911173639e+03
1.302225876577840154e+03
1.355059209911173639e+03
1.261392543244506896e+03
1.301392543244506896e+03
1.275392543244506896e+03
1.280059209911173639e+03
1.184725876577840154e+03
1.250392543244506896e+03
1.253559209911173639e+03
1.265725876577840154e+03
1.171059209911173639e+03
1.271059209911173639e+03
1.337892543244506896e+03
1.387892543244506669e+03
1.291225876577840154e+03
1.301559209911173639e+03
1.276725876577840154e+03
1.282225876577840154e+03
1.209892543244506896e+03
1.277892543244506896e+03
1.288225876577840154e+03
1.301059209911173639e+03
1.212892543244506896e+03
1.285559209911173639e+03
1.307225876577840154e+03
1.348725876577840154e+03
1.269892543244506896e+03
1.321892543244506896e+03
1.319892543244506896e+03
1.358725876577840154e+03
1.276892543244506896e+03
1.342559209911173639e+03
1.309392543244506896e+03
1.303725876577840154e+03
1.158725876577840154e+03
1.233892543244506896e+03
1.269725876577840154e+03
1.343392543244506896e+03
1.253725876577840154e+03
1.322725876577840154e+03
1.325559209911173639e+03
1.325059209911173639e+03
1.222725876577840154e+03
1.288892543244506896e+03
1.317059209911173639e+03
1.343225876577840154e+03
1.258225876577840154e+03
1.332059209911173639e+03
1.318725876577840154e+03
1.319725876577840154e+03
1.183059209911173639e+03
1.278225876577840154e+03
1.326225876577840154e+03
1.423059209911173639e+03
1.349725876577840154e+03
1.388392543244506896e+03
1.344059209911173639e+03
1.319392543244506896e+03
1.202225876577840154e+03
1.258225876577840154e+03
1.271892543244506896e+03
1.304892543244506896e+03
1.217892543244506896e+03
1.254725876577840154e+03
1.260725876577840154e+03
1.293892543244506896e+03
1.220559209911173639e+03
1.261225876577840154e+03
1.223725876577840154e+03
1.235225876577840154e+03
1.177725876577840154e+03
1.265559209911173639e+03
1.279392543244506896e+03
1.322059209911173639e+03
1.257559209911173639e+03
1.359559209911173639e+03
1.366725876577840154e+03
1.401392543244506896e+03
1.304559209911173639e+03
1.331059209911173639e+03
1.318892543244506896e+03
1.330892543244506896e+03
1.259225876577840154e+03
1.306892543244506896e+03
1.292559209911173639e+03
1.327059209911173639e+03
1.288559209911173639e+03
1.385225876577840154e+03
1.367225876577840154e+03
1.352559209911173411e+03
1.249725876577840154e+03
1.314392543244506896e+03
1.312725876577840154e+03
1.287059209911173639e+03
1.178725876577840154e+03
1.233225876577840154e+03
1.265059209911173639e+03
1.295559209911173639e+03
1.218059209911173639e+03
1.249725876577840154e+03
1.231225876577840154e+03
1.238392543244506896e+03
1.172892543244506896e+03
1.236225876577840154e+03
1.251892543244506896e+03
1.293392543244506896e+03
1.210559209911173639e+03
1.252059209911173639e+03
1.271059209911173639e+03
1.339059209911173639e+03
1.268559209911173639e+03
1.293725876577840154e+03
1.274225876577840154e+03
1.312559209911173639e+03
1.252892543244506896e+03
1.306559209911173639e+03
1.295059209911173639e+03
1.318059209911173639e+03
1.254725876577840154e+03
1.330392543244506896e+03
1.313225876577840154e+03
1.312392543244506896e+03
1.201892543244506896e+03
1.269892543244506896e+03
1.317725876577840154e+03
1.403225876577840154e+03
1.341559209911173639e+03
1.369892543244506896e+03
1.311392543244506896e+03
1.336725876577840154e+03
1.244559209911173639e+03
1.280725876577840154e+03
1.249559209911173639e+03
1.293559209911173639e+03
1.247059209911173639e+03
1.318225876577840154e+03
1.309392543244506896e+03
1.343059209911173639e+03
1.219225876577840154e+03
1.225559209911173639e+03
1.220392543244506896e+03
1.308725876577840154e+03
1.293059209911173639e+03
1.347059209911173639e+03
1.309725876577840154e+03
1.349392543244506896e+03
1.270392543244506896e+03
1.341059209911173639e+03
1.290559209911173639e+03
1.309892543244506896e+03
1.209725876577840154e+03
1.271892543244506896e+03
1.258559209911173639e+03
1.325392543244506896e+03
1.279392543244506896e+03
1.335559209911173639e+03
1.300059209911173639e+03
1.307392543244506896e+03
1.225392543244506896e+03
1.303059209911173639e+03
1.309392543244506896e+03
1.380725876577840154e+03
1.279225876577840154e+03
1.318892543244506896e+03
1.313059209911173639e+03
1.408225876577840154e+03
1.355392543244506896e+03
1.387225876577840154e+03
1.323725876577840154e+03
1.334725876577840154e+03
1.231725876577840154e+03
1.246225876577840154e+03
1.214225876577840154e+03
1.213892543244506896e+03
1.197892543244506896e+03
1.282392543244506896e+03
1.309059209911173639e+03
1.311559209911173639e+03
1.191892543244506896e+03
1.224725876577840154e+03
1.215225876577840154e+03
1.294059209911173639e+03
1.243559209911173639e+03
1.323225876577840154e+03
1.286059209911173639e+03
1.295892543244506896e+03
1.204059209911173639e+03
1.292559209911173639e+03
1.331725876577840154e+03
1.332059209911173411e+03
1.213059209911173639e+03
1.234892543244506896e+03
1.282725876577840154e+03
1.319892543244506896e+03
1.242559209911173639e+03
1.277559209911173639e+03
1.284225876577840154e+03
1.335892543244506896e+03
1.233725876577840154e+03
1.282059209911173639e+03
1.279725876577840154e+03
1.326225876577840154e+03
1.269225876577840154e+03
1.298225876577840154e+03
1.305225876577840154e+03
1.337725876577840154e+03
1.257225876577840154e+03
1.257725876577840154e+03
1.213225876577840154e+03
1.244725876577840154e+03
1.201392543244506896e+03
1.231059209911173639e+03
1.243392543244506896e+03
1.296892543244506896e+03
1.246559209911173639e+03
1.323725876577840154e+03
1.339892543244506896e+03
1.397559209911173639e+03
1.279059209911173639e+03
1.273725876577840154e+03
1.232392543244506896e+03
1.248725876577840154e+03
1.157225876577840154e+03
1.226892543244506896e+03
1.285225876577840154e+03
1.330559209911173639e+03
1.202559209911173639e+03
1.166559209911173639e+03
1.160059209911173639e+03
1.233059209911173639e+03
1.199892543244506896e+03
1.244059209911173639e+03
1.239392543244506896e+03
1.288392543244506896e+03
1.270392543244506896e+03
1.334725876577840154e+03
1.319392543244506896e+03
1.352225876577840154e+03
1.288559209911173639e+03
1.345059209911173639e+03
1.309725876577840154e+03
1.310725876577840154e+03
1.223559209911173639e+03
1.269392543244506896e+03
1.308725876577840154e+03
1.317059209911173639e+03
1.216892543244506896e+03
1.216225876577840154e+03
1.235892543244506896e+03
1.296892543244506896e+03
1.241559209911173639e+03
1.307392543244506896e+03
1.322392543244506896e+03
1.402725876577840154e+03
1.311392543244506896e+03
1.325559209911173639e+03
1.272225876577840154e+03
1.285725876577840154e+03
1.227059209911173639e+03
1.303559209911173639e+03
1.310392543244506896e+03
1.317725876577840154e+03
1.196725876577840154e+03
1.235892543244506896e+03
1.224725876577840154e+03
1.268225876577840154e+03
1.185559209911173639e+03
1.252392543244506896e+03
1.265892543244506896e+03
1.338225876577840154e+03
1.273225876577840154e+03
1.301559209911173639e+03
1.275059209911173639e+03
1.310892543244506896e+03
1.260392543244506896e+03
1.370559209911173639e+03
1.402225876577840154e+03
1.449059209911173411e+03
1.336392543244506896e+03
1.339392543244506896e+03
1.311725876577840154e+03
1.320725876577840154e+03
1.260392543244506896e+03
1.296225876577840154e+03
1.276392543244506896e+03
1.275892543244506896e+03
1.194725876577840154e+03
1.290059209911173639e+03
1.291559209911173411e+03
1.323392543244506669e+03
1.224392543244506896e+03
1.298559209911173639e+03
1.293725876577840154e+03
1.297892543244506896e+03
1.197225876577840154e+03
1.259892543244506896e+03
1.282725876577840154e+03
1.319059209911173639e+03
1.224725876577840154e+03
1.284725876577840154e+03
1.299892543244506896e+03
1.373725876577840154e+03
1.284059209911173639e+03
1.349059209911173639e+03
1.314892543244506896e+03
1.295059209911173411e+03
1.159059209911173639e+03
1.221392543244506896e+03
1.253059209911173639e+03
1.256559209911173639e+03
1.163225876577840154e+03
1.243725876577840154e+03
1.313559209911173639e+03
1.364059209911173639e+03
1.296725876577840154e+03
1.351559209911173639e+03
1.349892543244506896e+03
1.353892543244506896e+03
1.224059209911173639e+03
1.223559209911173639e+03
1.213059209911173639e+03
1.259725876577840154e+03
1.189892543244506896e+03
1.247892543244506896e+03
1.250725876577840154e+03
1.293225876577840154e+03
1.217392543244506896e+03
1.264725876577840154e+03
1.297725876577840154e+03
1.314059209911173639e+03
1.228225876577840154e+03
1.248392543244506896e+03
1.263892543244506896e+03
1.317392543244506896e+03
1.239392543244506896e+03
1.285225876577840154e+03
1.268892543244506896e+03
1.304392543244506896e+03
1.226559209911173639e+03
1.289559209911173639e+03
1.283392543244506896e+03
1.310392543244506896e+03
1.231892543244506896e+03
1.322725876577840154e+03
1.324892543244506896e+03
1.331225876577840154e+03
1.218225876577840154e+03
1.289725876577840154e+03
1.291725876577840154e+03
1.319559209911173639e+03
1.210725876577840154e+03
1.274725876577840154e+03
1.275225876577840154e+03
1.314225876577840154e+03
1.218392543244506896e+03
1.285059209911173639e+03
1.285225876577840154e+03
1.334559209911173639e+03
1.245892543244506896e+03
1.296725876577840154e+03
1.291059209911173639e+03
1.313725876577840154e+03
1.247892543244506896e+03
1.317059209911173639e+03
1.311725876577840154e+03
1.338059209911173639e+03
1.279392543244506896e+03
1.346725876577840154e+03
1.309225876577840154e+03
1.283225876577840154e+03
1.187225876577840154e+03
1.271059209911173639e+03
1.270725876577840154e+03
1.261559209911173639e+03
1.161559209911173639e+03
1.246392543244506896e+03
1.293725876577840154e+03
1.336392543244506896e+03
1.253059209911173639e+03
1.334892543244506896e+03
1.350559209911173639e+03
1.377392543244506896e+03
1.278225876577840154e+03
1.335225876577840154e+03
1.316059209911173639e+03
1.341392543244506896e+03
1.240225876577840154e+03
1.313225876577840154e+03
1.326559209911173639e+03
1.337392543244506896e+03
1.228892543244506896e+03
1.236725876577840154e+03
1.287892543244506896e+03
1.403725876577840154e+03
1.369225876577840154e+03
1.429559209911173639e+03
1.389059209911173639e+03
1.379059209911173639e+03
1.234559209911173639e+03
1.271059209911173639e+03
1.296059209911173639e+03
1.329059209911173639e+03
1.203059209911173639e+03
1.219225876577840154e+03
1.210225876577840154e+03
1.240392543244506896e+03
1.169892543244506896e+03
1.255892543244506896e+03
1.296892543244506896e+03
1.344225876577840154e+03
1.228059209911173639e+03
1.246225876577840154e+03
1.241225876577840154e+03
1.293059209911173639e+03
1.247059209911173639e+03
1.312059209911173639e+03
1.326225876577840154e+03
1.341225876577840154e+03
1.236225876577840154e+03
1.265225876577840154e+03
1.264225876577840154e+03
1.280392543244506896e+03
1.200225876577840154e+03
1.237392543244506896e+03
1.242225876577840154e+03
1.257225876577840154e+03
1.206892543244506896e+03
1.283892543244506896e+03
1.331725876577840154e+03
1.398392543244506896e+03
1.343725876577840154e+03
1.349892543244506896e+03
1.269725876577840154e+03
1.238559209911173639e+03
1.167392543244506896e+03
1.263392543244506896e+03
1.325559209911173639e+03
1.367892543244506896e+03
1.289559209911173639e+03
1.331559209911173639e+03
1.339392543244506896e+03
1.336225876577840154e+03
1.214725876577840154e+03
1.232892543244506896e+03
1.273059209911173639e+03
1.300392543244506896e+03
1.251059209911173639e+03
1.305392543244506896e+03
1.337725876577840154e+03
1.324725876577840154e+03
1.200559209911173639e+03
1.251725876577840154e+03
1.306392543244506896e+03
1.366725876577840154e+03
1.306725876577840154e+03
1.353892543244506896e+03
1.315559209911173639e+03
1.272225876577840154e+03
1.173892543244506896e+03
1.273392543244506896e+03
1.297559209911173639e+03
1.301892543244506896e+03
1.181059209911173639e+03
1.239225876577840154e+03
1.236892543244506896e+03
1.250225876577840154e+03
1.151725876577840154e+03
1.230392543244506896e+03
1.261559209911173639e+03
1.305559209911173639e+03
1.225392543244506896e+03
1.304892543244506896e+03
1.321059209911173411e+03
1.353892543244506669e+03
1.223725876577840154e+03
1.251392543244506896e+03
1.226059209911173639e+03
1.292059209911173639e+03
1.241059209911173639e+03
1.328559209911173639e+03
1.295225876577840154e+03
1.282225876577840154e+03
1.149559209911173639e+03
1.197892543244506896e+03
1.228559209911173639e+03
1.279059209911173639e+03
1.222725876577840154e+03
1.280392543244506896e+03
1.304892543244506896e+03
1.314725876577840154e+03
1.224892543244506896e+03
1.250392543244506896e+03
1.223059209911173639e+03
1.226559209911173639e+03
1.163059209911173639e+03
1.268892543244506896e+03
1.333892543244506896e+03
1.371059209911173639e+03
1.267059209911173639e+03
1.276725876577840154e+03
1.258059209911173639e+03
1.280725876577840154e+03
1.227059209911173639e+03
1.316725876577840154e+03
1.339392543244506896e+03
1.294892543244506896e+03
1.160892543244506896e+03
1.209225876577840154e+03
1.263892543244506896e+03
1.301059209911173639e+03
1.221725876577840154e+03
1.232725876577840154e+03
1.230725876577840154e+03
1.258059209911173639e+03
1.208059209911173639e+03
1.250892543244506896e+03
1.258392543244506896e+03
1.316392543244506896e+03
1.299225876577840154e+03
1.332225876577840154e+03
1.292059209911173639e+03
1.276059209911173639e+03
1.179725876577840154e+03
1.216892543244506896e+03
1.191225876577840154e+03
1.227725876577840154e+03
1.152892543244506896e+03
1.241725876577840154e+03
1.262392543244506896e+03
1.295225876577840154e+03
1.196392543244506896e+03
1.226392543244506896e+03
1.213392543244506896e+03
1.203392543244506896e+03
1.134392543244506896e+03
1.239725876577840154e+03
1.317892543244506896e+03
1.358392543244506896e+03
1.259559209911173639e+03
1.288225876577840154e+03
1.283059209911173639e+03
1.276392543244506896e+03
1.199892543244506896e+03
1.261225876577840154e+03
1.286392543244506896e+03
1.264559209911173639e+03
1.157559209911173639e+03
1.195892543244506896e+03
1.228225876577840154e+03
1.256559209911173639e+03
1.221225876577840154e+03
1.308725876577840154e+03
1.323725876577840154e+03
1.306725876577840154e+03
1.178559209911173639e+03
1.238559209911173639e+03
1.268225876577840154e+03
1.299892543244506896e+03
1.221059209911173639e+03
1.252392543244506896e+03
1.300392543244506896e+03
1.326225876577840154e+03
1.231392543244506896e+03
1.196559209911173639e+03
1.143225876577840154e+03
1.153392543244506896e+03
1.139225876577840154e+03
1.275225876577840154e+03
1.342892543244506669e+03
1.354392543244506896e+03
1.227059209911173639e+03
1.257225876577840154e+03
1.319892543244506896e+03
1.424392543244506896e+03
1.366225876577840154e+03
1.397559209911173639e+03
1.337059209911173639e+03
1.359559209911173639e+03
1.265059209911173639e+03
1.326892543244506896e+03
1.342225876577840154e+03
1.373392543244506896e+03
1.291225876577840154e+03
1.326392543244506896e+03
1.318725876577840154e+03
1.348892543244506896e+03
1.247225876577840154e+03
1.295725876577840154e+03
1.323225876577840154e+03
1.407892543244506896e+03
1.341392543244506896e+03
1.356559209911173639e+03
1.331392543244506896e+03
1.334559209911173639e+03
1.268059209911173639e+03
1.331059209911173639e+03
1.363559209911173639e+03
1.381059209911173639e+03
1.289225876577840154e+03
1.330725876577840154e+03
1.339225876577840154e+03
1.356725876577840154e+03
1.283559209911173639e+03
1.339392543244506896e+03
1.390559209911173639e+03
1.445059209911173639e+03
1.356892543244506896e+03
1.384225876577840154e+03
1.356392543244506896e+03
1.371392543244506896e+03
1.271725876577840154e+03
1.342225876577840154e+03
1.378059209911173639e+03
1.385892543244506896e+03
1.266892543244506896e+03
1.312892543244506896e+03
1.332559209911173639e+03
1.331392543244506896e+03
1.243225876577840154e+03
1.288559209911173639e+03
1.320559209911173639e+03
1.307892543244506896e+03
1.234225876577840154e+03
1.311225876577840154e+03
1.347725876577840154e+03
1.358725876577840154e+03
1.260059209911173639e+03
1.298059209911173639e+03
1.322559209911173639e+03
1.302892543244506896e+03
1.213725876577840154e+03
1.228725876577840154e+03
1.289892543244506896e+03
1.336392543244506896e+03
1.286392543244506896e+03
1.317392543244506896e+03
1.304892543244506896e+03
1.298892543244506896e+03
1.213392543244506896e+03
1.290559209911173639e+03
1.325392543244506896e+03
1.346225876577840154e+03
1.255392543244506896e+03
1.290392543244506896e+03
1.286892543244506896e+03
1.260392543244506896e+03
1.172059209911173639e+03
1.243225876577840154e+03
1.285225876577840154e+03
1.306892543244506896e+03
1.225559209911173639e+03
1.282059209911173639e+03
1.290892543244506896e+03
1.283892543244506896e+03
1.191225876577840154e+03
1.256559209911173639e+03
1.283225876577840154e+03
1.304059209911173639e+03
1.192725876577840154e+03
1.223559209911173639e+03
1.253392543244506896e+03
1.305225876577840154e+03
1.263892543244506896e+03
1.352225876577840154e+03
1.361392543244506896e+03
1.346892543244506896e+03
1.204892543244506896e+03
1.250559209911173639e+03
1.284725876577840154e+03
1.285892543244506896e+03
1.210392543244506896e+03
1.256559209911173639e+03
1.269559209911173639e+03
1.244725876577840154e+03
1.140725876577840154e+03
1.219725876577840154e+03
1.283892543244506896e+03
1.340225876577840154e+03
1.240892543244506896e+03
1.289559209911173639e+03
1.284059209911173639e+03
1.326892543244506896e+03
1.244892543244506896e+03
1.294225876577840154e+03
1.292892543244506896e+03
1.293059209911173639e+03
1.211225876577840154e+03
1.259892543244506896e+03
1.249225876577840154e+03
1.281725876577840154e+03
1.205725876577840154e+03
1.273559209911173639e+03
1.318392543244506896e+03
1.360059209911173639e+03
1.288392543244506896e+03
1.308892543244506896e+03
1.294725876577840154e+03
1.355725876577840154e+03
1.271225876577840154e+03
1.321225876577840154e+03
1.316559209911173639e+03
1.353059209911173639e+03
1.289725876577840154e+03
1.338559209911173639e+03
1.347225876577840154e+03
1.327892543244506896e+03
1.221225876577840154e+03
1.259892543244506896e+03
1.322059209911173639e+03
1.349892543244506896e+03
1.273725876577840154e+03
1.317059209911173639e+03
1.323059209911173639e+03
1.318225876577840154e+03
1.235725876577840154e+03
1.306725876577840154e+03
1.327892543244506896e+03
1.326725876577840154e+03
1.240059209911173639e+03
1.314892543244506896e+03
1.345059209911173639e+03
1.367059209911173639e+03
1.247892543244506896e+03
1.280392543244506896e+03
1.271559209911173639e+03
1.281892543244506896e+03
1.217892543244506896e+03
1.290059209911173639e+03
1.332225876577840154e+03
1.344725876577840154e+03
1.266725876577840154e+03
1.318892543244506896e+03
1.329392543244506896e+03
1.327059209911173639e+03
1.260225876577840154e+03
1.318059209911173639e+03
1.356392543244506896e+03
1.338225876577840154e+03
1.256392543244506896e+03
1.299725876577840154e+03
1.330225876577840154e+03
1.353559209911173411e+03
1.246059209911173639e+03
1.306392543244506896e+03
1.289725876577840154e+03
1.273059209911173639e+03
1.191059209911173639e+03
1.289559209911173639e+03
1.359892543244506896e+03
1.361225876577840154e+03
1.253892543244506896e+03
1.285892543244506896e+03
1.295059209911173639e+03
1.287392543244506896e+03
1.197892543244506896e+03
1.254559209911173639e+03
1.289225876577840154e+03
1.341725876577840154e+03
1.295059209911173639e+03
1.359225876577840154e+03
1.352725876577840154e+03
1.347059209911173639e+03
1.283059209911173639e+03
1.332892543244506896e+03
1.351892543244506896e+03
1.364392543244506896e+03
1.293725876577840154e+03
1.348892543244506896e+03
1.347225876577840154e+03
1.354059209911173639e+03
1.246392543244506896e+03
1.288225876577840154e+03
1.299059209911173639e+03
1.311725876577840154e+03
1.201059209911173639e+03
1.248892543244506896e+03
1.260059209911173639e+03
1.286392543244506896e+03
1.218559209911173639e+03
1.293392543244506896e+03
1.311059209911173639e+03
1.306225876577840154e+03
1.217392543244506896e+03
1.318725876577840154e+03
1.357225876577840154e+03
1.378392543244506896e+03
1.257225876577840154e+03
1.288559209911173639e+03
1.303059209911173639e+03
1.329225876577840154e+03
1.297225876577840154e+03
1.355725876577840154e+03
1.381059209911173639e+03
1.378059209911173639e+03
1.304559209911173639e+03
1.367392543244506896e+03
1.412225876577840154e+03
1.457392543244506896e+03
1.405225876577840154e+03
1.488725876577840154e+03
1.558225876577840154e+03
1.608725876577840154e+03
1.539725876577840154e+03
1.606725876577840154e+03
1.666225876577840154e+03
1.739059209911173639e+03
1.719892543244506896e+03
1.814892543244506896e+03
1.828725876577840154e+03
1.823059209911173411e+03
1.705559209911173411e+03
1.761392543244506669e+03
1.768392543244506896e+03
1.779559209911173639e+03
1.676225876577840154e+03
1.720892543244506896e+03
1.768892543244506896e+03
1.805059209911173639e+03
1.752392543244506896e+03
1.827559209911173639e+03
1.839725876577840154e+03
1.762892543244506896e+03
1.560059209911173411e+03
1.516725876577840154e+03
1.466892543244506669e+03
1.444059209911173639e+03
1.323225876577840154e+03
1.379392543244506896e+03
1.399892543244506896e+03
1.445725876577840154e+03
1.376559209911173639e+03
1.410059209911173639e+03
1.420059209911173639e+03
1.462725876577840154e+03
1.380059209911173639e+03
1.395225876577840154e+03
1.358892543244506896e+03
1.373892543244506896e+03
1.301059209911173639e+03
1.361725876577840154e+03
1.378892543244506896e+03
1.403059209911173639e+03
1.314725876577840154e+03
1.356892543244506896e+03
1.360225876577840154e+03
1.348725876577840154e+03
1.247892543244506896e+03
1.334892543244506896e+03
1.369559209911173639e+03
1.401392543244506896e+03
1.314892543244506896e+03
1.362725876577840154e+03
1.400559209911173639e+03
1.392225876577840154e+03
1.273725876577840154e+03
1.261892543244506896e+03
1.262892543244506896e+03
1.307725876577840154e+03
1.250559209911173639e+03
1.289725876577840154e+03
1.296892543244506896e+03
1.343059209911173639e+03
1.250725876577840154e+03
1.282559209911173639e+03
1.261392543244506896e+03
1.280059209911173639e+03
1.223392543244506896e+03
1.264892543244506896e+03
1.300392543244506896e+03
1.331892543244506896e+03
1.269892543244506896e+03
1.322725876577840154e+03
1.334225876577840154e+03
1.339392543244506896e+03
1.232392543244506896e+03
1.268892543244506896e+03
1.268059209911173639e+03
1.277392543244506896e+03
1.202892543244506896e+03
1.278725876577840154e+03
1.302392543244506896e+03
1.300892543244506896e+03
1.181559209911173639e+03
1.223559209911173639e+03
1.220059209911173639e+03
1.272725876577840154e+03
1.216225876577840154e+03
1.319725876577840154e+03
1.305392543244506896e+03
1.271392543244506896e+03
1.152392543244506896e+03
1.236725876577840154e+03
1.297892543244506896e+03
1.357892543244506896e+03
1.306725876577840154e+03
1.352225876577840154e+03
1.315559209911173639e+03
1.271892543244506896e+03
1.161059209911173639e+03
1.216225876577840154e+03
1.252392543244506896e+03
1.276725876577840154e+03
1.207059209911173639e+03
1.272559209911173639e+03
1.320059209911173639e+03
1.373892543244506896e+03
1.256225876577840154e+03
1.251059209911173639e+03
1.235059209911173639e+03
1.290392543244506896e+03
1.258559209911173639e+03
1.310392543244506896e+03
1.283725876577840154e+03
1.284392543244506896e+03
1.167892543244506896e+03
1.172559209911173639e+03
1.168392543244506896e+03
1.229392543244506896e+03
1.227892543244506896e+03
1.341559209911173639e+03
1.332559209911173639e+03
1.328059209911173639e+03
1.198725876577840154e+03
1.259559209911173639e+03
1.280392543244506896e+03
1.306392543244506896e+03
1.259225876577840154e+03
1.340059209911173639e+03
1.341892543244506896e+03
1.346392543244506896e+03
1.244892543244506896e+03
1.289892543244506896e+03
1.268225876577840154e+03
1.270892543244506896e+03
1.215059209911173639e+03
1.330225876577840154e+03
1.379559209911173639e+03
1.422225876577840154e+03
1.292059209911173639e+03
1.293892543244506896e+03
1.269392543244506896e+03
1.281559209911173639e+03
1.226725876577840154e+03
1.284892543244506896e+03
1.295725876577840154e+03
1.335392543244506896e+03
1.264892543244506896e+03
1.354559209911173639e+03
1.379892543244506896e+03
1.462559209911173639e+03
1.393392543244506896e+03
1.408059209911173639e+03
1.360559209911173639e+03
1.376892543244506896e+03
1.298225876577840154e+03
1.337892543244506896e+03
1.353392543244506896e+03
1.410392543244506896e+03
1.322892543244506896e+03
1.323725876577840154e+03
1.322225876577840154e+03
1.370559209911173639e+03
1.315559209911173639e+03
1.362892543244506896e+03
1.369892543244506896e+03
1.414559209911173639e+03
1.360392543244506896e+03
1.405892543244506896e+03
1.397059209911173639e+03
1.390559209911173639e+03
1.338559209911173639e+03
1.378059209911173639e+03
1.377725876577840154e+03
1.375392543244506896e+03
1.310725876577840154e+03
1.374559209911173639e+03
1.358892543244506669e+03
1.378059209911173639e+03
1.307392543244506896e+03
1.397892543244506896e+03
1.419892543244506896e+03
1.440225876577840154e+03
1.359059209911173639e+03
1.426225876577840154e+03
1.417559209911173639e+03
1.419559209911173639e+03
1.291559209911173639e+03
1.337392543244506896e+03
1.364725876577840154e+03
1.397059209911173639e+03
1.360892543244506896e+03
1.430559209911173639e+03
1.442559209911173639e+03
1.402892543244506896e+03
1.291559209911173639e+03
1.326392543244506896e+03
1.336559209911173639e+03
1.348392543244506896e+03
1.272892543244506896e+03
1.319392543244506896e+03
1.327725876577840154e+03
1.387559209911173639e+03
1.350559209911173639e+03
1.400225876577840154e+03
1.360892543244506896e+03
1.351059209911173639e+03
1.241392543244506896e+03
1.277225876577840154e+03
1.281392543244506896e+03
1.321725876577840154e+03
1.251725876577840154e+03
1.294892543244506896e+03
1.307225876577840154e+03
1.353059209911173639e+03
1.307892543244506896e+03
1.356559209911173639e+03
1.341392543244506896e+03
1.324225876577840154e+03
1.236059209911173639e+03
1.301392543244506896e+03
1.324059209911173639e+03
1.350059209911173639e+03
1.257892543244506896e+03
1.310725876577840154e+03
1.344892543244506896e+03
1.404392543244506896e+03
1.337725876577840154e+03
1.367892543244506896e+03
1.371892543244506896e+03
1.403392543244506896e+03
1.359059209911173639e+03
1.389892543244506896e+03
1.381392543244506896e+03
1.390225876577840154e+03
1.290059209911173639e+03
1.314392543244506896e+03
1.287392543244506896e+03
1.292892543244506896e+03
1.197392543244506896e+03
1.238225876577840154e+03
1.254059209911173639e+03
1.281559209911173639e+03
1.199559209911173639e+03
1.273892543244506896e+03
1.321892543244506896e+03
1.375059209911173639e+03
1.297392543244506896e+03
1.319559209911173639e+03
1.312559209911173639e+03
1.322892543244506896e+03
1.252392543244506896e+03
1.295725876577840154e+03
1.303225876577840154e+03
1.363892543244506896e+03
1.309059209911173639e+03
1.368392543244506896e+03
1.351392543244506896e+03
1.370892543244506896e+03
1.279892543244506896e+03
1.308225876577840154e+03
1.296559209911173639e+03
1.320059209911173639e+03
1.262892543244506896e+03
1.357225876577840154e+03
1.399559209911173639e+03
1.479225876577840154e+03
1.456559209911173639e+03
1.577725876577840154e+03
1.686892543244506669e+03
1.829892543244506896e+03
1.907559209911173639e+03
2.075559209911173639e+03
2.198725876577840154e+03
2.318725876577840154e+03
2.341559209911173639e+03
2.407392543244506669e+03
2.336225876577840154e+03
2.189559209911173639e+03
1.938059209911173411e+03
1.838559209911173411e+03
1.746059209911173411e+03
1.707559209911173411e+03
1.601725876577840154e+03
1.615059209911173639e+03
1.599225876577840154e+03
1.587559209911173411e+03
1.486225876577840154e+03
1.505892543244506669e+03
1.477392543244506896e+03
1.473392543244506896e+03
1.373225876577840154e+03
1.414225876577840154e+03
1.403892543244506896e+03
1.408559209911173639e+03
1.320392543244506896e+03
1.380225876577840154e+03
1.408392543244506896e+03
1.451059209911173411e+03
1.374892543244506896e+03
1.407225876577840154e+03
1.393725876577840154e+03
1.398059209911173639e+03
1.312225876577840154e+03
1.361892543244506896e+03
1.419725876577840154e+03
1.481892543244506896e+03
1.379059209911173639e+03
1.346892543244506896e+03
1.304225876577840154e+03
1.385559209911173639e+03
1.387725876577840154e+03
1.464392543244506896e+03
1.435559209911173639e+03
1.429059209911173639e+03
1.323892543244506896e+03
1.344892543244506896e+03
1.347392543244506896e+03
1.414892543244506896e+03
1.354059209911173639e+03
1.357892543244506896e+03
1.318225876577840154e+03
1.336225876577840154e+03
1.274559209911173639e+03
1.319392543244506896e+03
1.330725876577840154e+03
1.340392543244506896e+03
1.274392543244506896e+03
1.330059209911173639e+03
1.341392543244506896e+03
1.322059209911173639e+03
1.199392543244506896e+03
1.263725876577840154e+03
1.337225876577840154e+03
1.442392543244506896e+03
1.358059209911173639e+03
1.364225876577840154e+03
1.322559209911173639e+03
1.355059209911173639e+03
1.283725876577840154e+03
1.319225876577840154e+03
1.320892543244506896e+03
1.326059209911173639e+03
1.242225876577840154e+03
1.278392543244506896e+03
1.323392543244506896e+03
1.368892543244506896e+03
1.272725876577840154e+03
1.319059209911173639e+03
1.346225876577840154e+03
1.432725876577840154e+03
1.366559209911173639e+03
1.382559209911173639e+03
1.347059209911173639e+03
1.360725876577840154e+03
1.294225876577840154e+03
1.311225876577840154e+03
1.286059209911173639e+03
1.288059209911173639e+03
1.236225876577840154e+03
1.300225876577840154e+03
1.334392543244506896e+03
1.375725876577840154e+03
1.271225876577840154e+03
1.281225876577840154e+03
1.262892543244506896e+03
1.303392543244506896e+03
1.266559209911173639e+03
1.319225876577840154e+03
1.334725876577840154e+03
1.338059209911173639e+03
1.247392543244506896e+03
1.267059209911173639e+03
1.296059209911173639e+03
1.342059209911173639e+03
1.321725876577840154e+03
1.392725876577840154e+03
1.416392543244506896e+03
1.390059209911173639e+03
1.231225876577840154e+03
1.261059209911173639e+03
1.313892543244506896e+03
1.396559209911173639e+03
1.341559209911173639e+03
1.353225876577840154e+03
1.310059209911173639e+03
1.286059209911173639e+03
1.171392543244506896e+03
1.208225876577840154e+03
1.237225876577840154e+03
1.316559209911173639e+03
1.290892543244506896e+03
1.322892543244506896e+03
1.299392543244506896e+03
1.309559209911173639e+03
1.222225876577840154e+03
1.248225876577840154e+03
1.218225876577840154e+03
1.217225876577840154e+03
1.163559209911173639e+03
1.273059209911173639e+03
1.356892543244506896e+03
1.415892543244506896e+03
1.345892543244506896e+03
1.378892543244506896e+03
1.361892543244506896e+03
1.337725876577840154e+03
1.243059209911173639e+03
1.294059209911173639e+03
1.326559209911173639e+03
1.348225876577840154e+03
1.249392543244506896e+03
1.270892543244506896e+03
1.272392543244506896e+03
1.275725876577840154e+03
1.195225876577840154e+03
1.264225876577840154e+03
1.312225876577840154e+03
1.352059209911173639e+03
1.259225876577840154e+03
1.299225876577840154e+03
1.296892543244506896e+03
1.290725876577840154e+03
1.237892543244506896e+03
1.334559209911173639e+03
1.401559209911173639e+03
1.420725876577840154e+03
1.328392543244506896e+03
1.356392543244506896e+03
1.364892543244506896e+03
1.358559209911173639e+03
1.317892543244506896e+03
1.366725876577840154e+03
1.385225876577840154e+03
1.358559209911173639e+03
1.251725876577840154e+03
1.280725876577840154e+03
1.278892543244506896e+03
1.310392543244506896e+03
1.242392543244506896e+03
1.257225876577840154e+03
1.249725876577840154e+03
1.300892543244506896e+03
1.269059209911173639e+03
1.321892543244506896e+03
1.273892543244506896e+03
1.264892543244506896e+03
1.199559209911173639e+03
1.281225876577840154e+03
1.316725876577840154e+03
1.350059209911173639e+03
1.265225876577840154e+03
1.299059209911173639e+03
1.266392543244506896e+03
1.264892543244506896e+03
1.185225876577840154e+03
1.231392543244506896e+03
1.221225876577840154e+03
1.207892543244506896e+03
1.133059209911173639e+03
1.203392543244506896e+03
1.250225876577840154e+03
1.287225876577840154e+03
1.216225876577840154e+03
1.249892543244506896e+03
1.279392543244506896e+03
1.342059209911173639e+03
1.277059209911173639e+03
1.289225876577840154e+03
1.262225876577840154e+03
1.272392543244506896e+03
1.199559209911173639e+03
1.234559209911173639e+03
1.261059209911173639e+03
1.285392543244506896e+03
1.230725876577840154e+03
1.292392543244506896e+03
1.329392543244506896e+03
1.352225876577840154e+03
1.294559209911173639e+03
1.342225876577840154e+03
1.333559209911173639e+03
1.296392543244506896e+03
1.174059209911173639e+03
1.231225876577840154e+03
1.275892543244506896e+03
1.316225876577840154e+03
1.244559209911173639e+03
1.265225876577840154e+03
1.249392543244506896e+03
1.268225876577840154e+03
1.184892543244506896e+03
1.222059209911173639e+03
1.211892543244506896e+03
1.235559209911173639e+03
1.185059209911173639e+03
1.241392543244506896e+03
1.242225876577840154e+03
1.237892543244506896e+03
1.160392543244506896e+03
1.252892543244506896e+03
1.310725876577840154e+03
1.332392543244506896e+03
1.260892543244506896e+03
1.321225876577840154e+03
1.368392543244506896e+03
1.389892543244506896e+03
1.271059209911173639e+03
1.298725876577840154e+03
1.313892543244506896e+03
1.344892543244506896e+03
1.244225876577840154e+03
1.234225876577840154e+03
1.211725876577840154e+03
1.215725876577840154e+03
1.141725876577840154e+03
1.182059209911173639e+03
1.181892543244506896e+03
1.199392543244506896e+03
1.147725876577840154e+03
1.228892543244506896e+03
1.269392543244506896e+03
1.310059209911173639e+03
1.201059209911173639e+03
1.236392543244506896e+03
1.285225876577840154e+03
1.355892543244506896e+03
1.252892543244506896e+03
1.237225876577840154e+03
1.235225876577840154e+03
1.313892543244506896e+03
1.268725876577840154e+03
1.299725876577840154e+03
1.311392543244506896e+03
1.332892543244506896e+03
1.234225876577840154e+03
1.246392543244506896e+03
1.260559209911173639e+03
1.333392543244506896e+03
1.260059209911173639e+03
1.303392543244506896e+03
1.281725876577840154e+03
1.415559209911173639e+03
1.632225876577840154e+03
1.735225876577840154e+03
1.631059209911173411e+03
1.349892543244506669e+03
1.217892543244506896e+03
1.254559209911173639e+03
1.255559209911173639e+03
1.298392543244506896e+03
1.221559209911173639e+03
1.251059209911173639e+03
1.224725876577840154e+03
1.226059209911173639e+03
1.155225876577840154e+03
1.210225876577840154e+03
1.260059209911173639e+03
1.317559209911173639e+03
1.240725876577840154e+03
1.259225876577840154e+03
1.249225876577840154e+03
1.284892543244506896e+03
1.232559209911173639e+03
1.280225876577840154e+03
1.318559209911173639e+03
1.353059209911173639e+03
1.283559209911173639e+03
1.293392543244506896e+03
1.303725876577840154e+03
1.311725876577840154e+03
1.235225876577840154e+03
1.260392543244506896e+03
1.282059209911173639e+03
1.324225876577840154e+03
1.251725876577840154e+03
1.271559209911173639e+03
1.275225876577840154e+03
1.315559209911173639e+03
1.250559209911173639e+03
1.274725876577840154e+03
1.278892543244506896e+03
1.315892543244506896e+03
1.235059209911173639e+03
1.273559209911173639e+03
1.261725876577840154e+03
1.293725876577840154e+03
1.223559209911173639e+03
1.320059209911173639e+03
1.349392543244506896e+03
1.368725876577840154e+03
1.239392543244506896e+03
1.252892543244506896e+03
1.253892543244506896e+03
1.292392543244506896e+03
1.210225876577840154e+03
1.234392543244506896e+03
1.247892543244506896e+03
1.282559209911173639e+03
1.222892543244506896e+03
1.265559209911173639e+03
1.278392543244506896e+03
1.290392543244506896e+03
1.194559209911173639e+03
1.219059209911173639e+03
1.254559209911173639e+03
1.313725876577840154e+03
1.251559209911173639e+03
1.259725876577840154e+03
1.248892543244506896e+03
1.273392543244506896e+03
1.225059209911173639e+03
1.279725876577840154e+03
1.266892543244506896e+03
1.244392543244506896e+03
1.166725876577840154e+03
1.249225876577840154e+03
1.314559209911173639e+03
1.344892543244506896e+03
1.269725876577840154e+03
1.286392543244506896e+03
1.280559209911173639e+03
1.302059209911173639e+03
1.225059209911173639e+03
1.233225876577840154e+03
1.211892543244506896e+03
1.243559209911173639e+03
1.206059209911173639e+03
1.255059209911173639e+03
1.249392543244506896e+03
1.282059209911173639e+03
1.228225876577840154e+03
1.312725876577840154e+03
1.317892543244506896e+03
1.326725876577840154e+03
1.195392543244506896e+03
1.223559209911173639e+03
1.234225876577840154e+03
1.272392543244506896e+03
1.217059209911173639e+03
1.284059209911173639e+03
1.305892543244506896e+03
1.313059209911173639e+03
1.232559209911173639e+03
1.280725876577840154e+03
1.298892543244506896e+03
1.331225876577840154e+03
1.279059209911173639e+03
1.282892543244506896e+03
1.253392543244506896e+03
1.270725876577840154e+03
1.234225876577840154e+03
1.305225876577840154e+03
1.297059209911173639e+03
1.342892543244506896e+03
1.281892543244506896e+03
1.309059209911173639e+03
1.302059209911173639e+03
1.323225876577840154e+03
1.262059209911173639e+03
1.311892543244506896e+03
1.347225876577840154e+03
1.374392543244506896e+03
1.301892543244506896e+03
1.301392543244506896e+03
1.311892543244506896e+03
1.337559209911173639e+03
1.254892543244506896e+03
1.304725876577840154e+03
1.292892543244506896e+03
1.322392543244506896e+03
1.244559209911173639e+03
1.338892543244506896e+03
1.386059209911173639e+03
1.385892543244506896e+03
1.275059209911173639e+03
1.309725876577840154e+03
1.326725876577840154e+03
1.345059209911173411e+03
1.225725876577840154e+03
1.275059209911173639e+03
1.247725876577840154e+03
1.289059209911173639e+03
1.223225876577840154e+03
1.303059209911173639e+03
1.322225876577840154e+03
1.363059209911173639e+03
1.272059209911173639e+03
1.292559209911173639e+03
1.257059209911173639e+03
1.250225876577840154e+03
1.173892543244506896e+03
1.230059209911173639e+03
1.256559209911173639e+03
1.272559209911173639e+03
1.190559209911173639e+03
1.254559209911173639e+03
1.270559209911173639e+03
1.281559209911173639e+03
1.185059209911173639e+03
1.267059209911173639e+03
1.322725876577840154e+03
1.352892543244506896e+03
1.239559209911173639e+03
1.246392543244506896e+03
1.232892543244506896e+03
1.262725876577840154e+03
1.200725876577840154e+03
1.271892543244506896e+03
1.282892543244506896e+03
1.308559209911173639e+03
1.239725876577840154e+03
1.272225876577840154e+03
1.254892543244506896e+03
1.235725876577840154e+03
1.135559209911173639e+03
1.184392543244506896e+03
1.220725876577840154e+03
1.263559209911173639e+03
1.197392543244506896e+03
1.267892543244506896e+03
1.290725876577840154e+03
1.296059209911173639e+03
1.190725876577840154e+03
1.220392543244506896e+03
1.252892543244506896e+03
1.267559209911173639e+03
1.208559209911173639e+03
1.247725876577840154e+03
1.268059209911173639e+03
1.295059209911173639e+03
1.221392543244506896e+03
1.306725876577840154e+03
1.313725876577840154e+03
1.324225876577840154e+03
1.201225876577840154e+03
1.251892543244506896e+03
1.250892543244506896e+03
1.247892543244506896e+03
1.142559209911173639e+03
1.217892543244506896e+03
1.297225876577840154e+03
1.356892543244506896e+03
1.265059209911173639e+03
1.272392543244506896e+03
1.249559209911173639e+03
1.265225876577840154e+03
1.148725876577840154e+03
1.192559209911173639e+03
1.222059209911173639e+03
1.286392543244506896e+03
1.216225876577840154e+03
1.301559209911173639e+03
1.327392543244506896e+03
1.338725876577840154e+03
1.196392543244506896e+03
1.220225876577840154e+03
1.227059209911173639e+03
1.263059209911173639e+03
1.191725876577840154e+03
1.260059209911173639e+03
1.264225876577840154e+03
1.295892543244506896e+03
1.208725876577840154e+03
1.241225876577840154e+03
1.232392543244506896e+03
1.250559209911173639e+03
1.170225876577840154e+03
1.206725876577840154e+03
1.200559209911173639e+03
1.243725876577840154e+03
1.206892543244506896e+03
1.287559209911173639e+03
1.308892543244506896e+03
1.291892543244506896e+03
1.183892543244506896e+03
1.200225876577840154e+03
1.191725876577840154e+03
1.220725876577840154e+03
1.167559209911173639e+03
1.227392543244506896e+03
1.274392543244506896e+03
1.327559209911173639e+03
1.262392543244506896e+03
1.312892543244506896e+03
1.292225876577840154e+03
1.315559209911173639e+03
1.191225876577840154e+03
1.244059209911173639e+03
1.255892543244506896e+03
1.287059209911173639e+03
1.197225876577840154e+03
1.224725876577840154e+03
1.225892543244506896e+03
1.238559209911173639e+03
1.182225876577840154e+03
1.249559209911173639e+03
1.257559209911173639e+03
1.246725876577840154e+03
1.177725876577840154e+03
1.250559209911173639e+03
1.304059209911173639e+03
1.319725876577840154e+03
1.222892543244506896e+03
1.278725876577840154e+03
1.279559209911173639e+03
1.317892543244506896e+03
1.238725876577840154e+03
1.296725876577840154e+03
1.297725876577840154e+03
1.304559209911173639e+03
1.203059209911173639e+03
1.219392543244506896e+03
1.215225876577840154e+03
1.248225876577840154e+03
1.179559209911173639e+03
1.251892543244506896e+03
1.264559209911173639e+03
1.289392543244506896e+03
1.176725876577840154e+03
1.214725876577840154e+03
1.256225876577840154e+03
1.295725876577840154e+03
1.231559209911173639e+03
1.259725876577840154e+03
1.268725876577840154e+03
1.260225876577840154e+03
1.187392543244506896e+03
1.251225876577840154e+03
1.287559209911173639e+03
1.314892543244506896e+03
1.251559209911173639e+03
1.332059209911173639e+03
1.340725876577840154e+03
1.330892543244506896e+03
1.209225876577840154e+03
1.238559209911173639e+03
1.269559209911173639e+03
1.302059209911173639e+03
1.226392543244506896e+03
1.268725876577840154e+03
1.271059209911173639e+03
1.279725876577840154e+03
1.157059209911173639e+03
1.196892543244506896e+03
1.250559209911173639e+03
1.308059209911173639e+03
1.227225876577840154e+03
1.271559209911173639e+03
1.277559209911173639e+03
1.307559209911173639e+03
1.185892543244506896e+03
1.255225876577840154e+03
1.265559209911173639e+03
1.286225876577840154e+03
1.177559209911173639e+03
1.245059209911173639e+03
1.266725876577840154e+03
1.283392543244506896e+03
1.139892543244506896e+03
1.165225876577840154e+03
1.205225876577840154e+03
1.296059209911173639e+03
1.260059209911173639e+03
1.306059209911173639e+03
1.307392543244506896e+03
1.301892543244506896e+03
1.185225876577840154e+03
1.241392543244506896e+03
1.272892543244506896e+03
1.340559209911173639e+03
1.249059209911173639e+03
1.302225876577840154e+03
1.241559209911173639e+03
1.233059209911173639e+03
1.183559209911173639e+03
1.309392543244506896e+03
1.346892543244506896e+03
1.335225876577840154e+03
1.193559209911173639e+03
1.261892543244506896e+03
1.296392543244506896e+03
1.314392543244506896e+03
1.204392543244506896e+03
1.238892543244506896e+03
1.287559209911173639e+03
1.289559209911173639e+03
1.202725876577840154e+03
1.264559209911173639e+03
1.300225876577840154e+03
1.315725876577840154e+03
1.224892543244506896e+03
1.272725876577840154e+03
1.284725876577840154e+03
1.306892543244506896e+03
1.221892543244506896e+03
1.265059209911173639e+03
1.249559209911173639e+03
1.249225876577840154e+03
1.145392543244506896e+03
1.201225876577840154e+03
1.237725876577840154e+03
1.278059209911173639e+03
1.217725876577840154e+03
1.291392543244506896e+03
1.307059209911173639e+03
1.330559209911173639e+03
1.240892543244506896e+03
1.283892543244506896e+03
1.261392543244506896e+03
1.242059209911173639e+03
1.172059209911173639e+03
1.265892543244506896e+03
1.305392543244506896e+03
1.313225876577840154e+03
1.196059209911173639e+03
1.247892543244506896e+03
1.278059209911173639e+03
1.312059209911173639e+03
1.217559209911173639e+03
1.262225876577840154e+03
1.256892543244506896e+03
1.248392543244506896e+03
1.135892543244506896e+03
1.185059209911173639e+03
1.227559209911173639e+03
1.260392543244506896e+03
1.199892543244506896e+03
1.250559209911173639e+03
1.261559209911173639e+03
1.267725876577840154e+03
1.157559209911173639e+03
1.168892543244506896e+03
1.133392543244506896e+03
1.157392543244506896e+03
1.127225876577840154e+03
1.245059209911173639e+03
1.295392543244506896e+03
1.334892543244506896e+03
1.248225876577840154e+03
1.304725876577840154e+03
1.299225876577840154e+03
1.330392543244506896e+03
1.238225876577840154e+03
1.296225876577840154e+03
1.276892543244506896e+03
1.287059209911173639e+03
1.179225876577840154e+03
1.240059209911173639e+03
1.223392543244506896e+03
1.247225876577840154e+03
1.173059209911173639e+03
1.283725876577840154e+03
1.290559209911173639e+03
1.271559209911173639e+03
1.145392543244506896e+03
1.199725876577840154e+03
1.232225876577840154e+03
1.251059209911173639e+03
1.196892543244506896e+03
1.269225876577840154e+03
1.305059209911173639e+03
1.311059209911173639e+03
1.199392543244506896e+03
1.248392543244506896e+03
1.257059209911173639e+03
1.312892543244506896e+03
1.250892543244506896e+03
1.305059209911173639e+03
1.288725876577840154e+03
1.260392543244506896e+03
1.172059209911173639e+03
1.250392543244506896e+03
1.312392543244506896e+03
1.342225876577840154e+03
1.245225876577840154e+03
1.291392543244506896e+03
1.276892543244506896e+03
1.282225876577840154e+03
1.172892543244506896e+03
1.274059209911173639e+03
1.288725876577840154e+03
1.284725876577840154e+03
1.161059209911173639e+03
1.234559209911173639e+03
1.281725876577840154e+03
1.325892543244506896e+03
1.203725876577840154e+03
1.241725876577840154e+03
1.244892543244506896e+03
1.303225876577840154e+03
1.213059209911173639e+03
1.267059209911173639e+03
1.252059209911173639e+03
1.265392543244506896e+03
1.169559209911173639e+03
1.219392543244506896e+03
1.243725876577840154e+03
1.254225876577840154e+03
1.156559209911173639e+03
1.214059209911173639e+03
1.216892543244506896e+03
1.240892543244506896e+03
1.154559209911173639e+03
1.236392543244506896e+03
1.268392543244506896e+03
1.271892543244506896e+03
1.172725876577840154e+03
1.217725876577840154e+03
1.250559209911173639e+03
1.260559209911173639e+03
1.169559209911173639e+03
1.213892543244506896e+03
1.263059209911173639e+03
1.329892543244506896e+03
1.278725876577840154e+03
1.328559209911173639e+03
1.312559209911173639e+03
1.303225876577840154e+03
1.182059209911173639e+03
1.213392543244506896e+03
1.237559209911173639e+03
1.262559209911173639e+03
1.196559209911173639e+03
1.262225876577840154e+03
1.295559209911173639e+03
1.338559209911173639e+03
1.204559209911173639e+03
1.245892543244506896e+03
1.214392543244506896e+03
1.227059209911173639e+03
1.128059209911173639e+03
1.184559209911173639e+03
1.219392543244506896e+03
1.245725876577840154e+03
1.152059209911173639e+03
1.194225876577840154e+03
1.183892543244506896e+03
1.178892543244506896e+03
1.109725876577840154e+03
1.234225876577840154e+03
1.303059209911173639e+03
1.312725876577840154e+03
1.195725876577840154e+03
1.261392543244506896e+03
1.270392543244506896e+03
1.308559209911173639e+03
1.175392543244506896e+03
1.219725876577840154e+03
1.194059209911173639e+03
1.229392543244506896e+03
1.152892543244506896e+03
1.188225876577840154e+03
1.212059209911173639e+03
1.256892543244506896e+03
1.199225876577840154e+03
1.245225876577840154e+03
1.252559209911173639e+03
1.265225876577840154e+03
1.146559209911173639e+03
1.194225876577840154e+03
1.207225876577840154e+03
1.231059209911173639e+03
1.130892543244506896e+03
1.206559209911173639e+03
1.272392543244506896e+03
1.296059209911173639e+03
1.182559209911173639e+03
1.211392543244506896e+03
1.244725876577840154e+03
1.264225876577840154e+03
1.210892543244506896e+03
1.260392543244506896e+03
1.290059209911173639e+03
1.291059209911173639e+03
1.198225876577840154e+03
1.260392543244506896e+03
1.299892543244506896e+03
1.307892543244506896e+03
1.212892543244506896e+03
1.263225876577840154e+03
1.257892543244506896e+03
1.249892543244506896e+03
1.105892543244506896e+03
1.202559209911173639e+03
1.241725876577840154e+03
1.295392543244506896e+03
1.205225876577840154e+03
1.253559209911173639e+03
1.241892543244506896e+03
1.260225876577840154e+03
1.194225876577840154e+03
1.244059209911173639e+03
1.239559209911173639e+03
1.257392543244506896e+03
1.178392543244506896e+03
1.255392543244506896e+03
1.287059209911173639e+03
1.374392543244506896e+03
1.281225876577840154e+03
1.306392543244506896e+03
1.264225876577840154e+03
1.301892543244506896e+03
1.203225876577840154e+03
1.228892543244506896e+03
1.190892543244506896e+03
1.227225876577840154e+03
1.175559209911173639e+03
1.271392543244506896e+03
1.286059209911173639e+03
1.317059209911173639e+03
1.251892543244506896e+03
1.299225876577840154e+03
1.290559209911173639e+03
1.266392543244506896e+03
1.168392543244506896e+03
1.240225876577840154e+03
1.290559209911173639e+03
1.346892543244506896e+03
1.257559209911173639e+03
1.289225876577840154e+03
1.296725876577840154e+03
1.333892543244506896e+03
1.220225876577840154e+03
1.250559209911173639e+03
1.230892543244506896e+03
1.242725876577840154e+03
1.151392543244506896e+03
1.221559209911173639e+03
1.248725876577840154e+03
1.260059209911173639e+03
1.139059209911173639e+03
1.198059209911173639e+03
1.180225876577840154e+03
1.180225876577840154e+03
1.108059209911173639e+03
1.210059209911173639e+03
1.261559209911173639e+03
1.284725876577840154e+03
1.193392543244506896e+03
1.216892543244506896e+03
1.201392543244506896e+03
1.230725876577840154e+03
1.184392543244506896e+03
1.230892543244506896e+03
1.202559209911173639e+03
1.228559209911173639e+03
1.180225876577840154e+03
1.294225876577840154e+03
1.296559209911173639e+03
1.309892543244506896e+03
1.185892543244506896e+03
1.240725876577840154e+03
1.248725876577840154e+03
1.258392543244506896e+03
1.172059209911173639e+03
1.241559209911173639e+03
1.241725876577840154e+03
1.221559209911173639e+03
1.106225876577840154e+03
1.178725876577840154e+03
1.203559209911173639e+03
1.223892543244506896e+03
1.132392543244506896e+03
1.182059209911173639e+03
1.197392543244506896e+03
1.213892543244506896e+03
1.159892543244506896e+03
1.201559209911173639e+03
1.215725876577840154e+03
1.223059209911173639e+03
1.164559209911173639e+03
1.211392543244506896e+03
1.214892543244506896e+03
1.250559209911173639e+03
1.181892543244506896e+03
1.259225876577840154e+03
1.244225876577840154e+03
1.294725876577840154e+03
1.222225876577840154e+03
1.275725876577840154e+03
1.253892543244506896e+03
1.276059209911173639e+03
1.188892543244506896e+03
1.247559209911173639e+03
1.240892543244506896e+03
1.276059209911173639e+03
1.204892543244506896e+03
1.228059209911173639e+03
1.209892543244506896e+03
1.259559209911173639e+03
1.245392543244506896e+03
1.330392543244506896e+03
1.310059209911173639e+03
1.295892543244506896e+03
1.238225876577840154e+03
1.301392543244506896e+03
1.440892543244506896e+03
1.783892543244506896e+03
1.729225876577840154e+03
1.647559209911173411e+03
1.240392543244506896e+03
1.197892543244506896e+03
1.133225876577840154e+03
1.247059209911173639e+03
1.274059209911173639e+03
1.272559209911173639e+03
1.186059209911173639e+03
1.236225876577840154e+03
1.234559209911173639e+03
1.249225876577840154e+03
1.158392543244506896e+03
1.209392543244506896e+03
1.202725876577840154e+03
1.204559209911173639e+03
1.158392543244506896e+03
1.231225876577840154e+03
1.266225876577840154e+03
1.254225876577840154e+03
1.145892543244506896e+03
1.146225876577840154e+03
1.117225876577840154e+03
1.165559209911173639e+03
1.150559209911173639e+03
1.280892543244506896e+03
1.297225876577840154e+03
1.312725876577840154e+03
1.191225876577840154e+03
1.216725876577840154e+03
1.229392543244506896e+03
1.261225876577840154e+03
1.199059209911173639e+03
1.214892543244506896e+03
1.217225876577840154e+03
1.243225876577840154e+03
1.203225876577840154e+03
1.252225876577840154e+03
1.235559209911173639e+03
1.224725876577840154e+03
1.136892543244506896e+03
1.189725876577840154e+03
1.199059209911173639e+03
1.217392543244506896e+03
1.170892543244506896e+03
1.233225876577840154e+03
1.268559209911173639e+03
1.287892543244506896e+03
1.220892543244506896e+03
1.261059209911173639e+03
1.240059209911173639e+03
1.254225876577840154e+03
1.166392543244506896e+03
1.198725876577840154e+03
1.166725876577840154e+03
1.195059209911173639e+03
1.144559209911173639e+03
1.232559209911173639e+03
1.263892543244506896e+03
1.315892543244506896e+03
1.222392543244506896e+03
1.261392543244506896e+03
1.267725876577840154e+03
1.302392543244506896e+03
1.220059209911173639e+03
1.238059209911173639e+03
1.217892543244506896e+03
1.219392543244506896e+03
1.139059209911173639e+03
1.201225876577840154e+03
1.226559209911173639e+03
1.261392543244506896e+03
1.193059209911173639e+03
1.223892543244506896e+03
1.230559209911173639e+03
1.296892543244506896e+03
1.219225876577840154e+03
1.238225876577840154e+03
1.208059209911173639e+03
1.250392543244506896e+03
1.215892543244506896e+03
1.293892543244506896e+03
1.300392543244506896e+03
1.331892543244506896e+03
1.235725876577840154e+03
1.265225876577840154e+03
1.232225876577840154e+03
1.258392543244506896e+03
1.194725876577840154e+03
1.255892543244506896e+03
1.237225876577840154e+03
1.273559209911173639e+03
1.194559209911173639e+03
1.221059209911173639e+03
1.191392543244506896e+03
1.218725876577840154e+03
1.155059209911173639e+03
1.208225876577840154e+03
1.195559209911173639e+03
1.244559209911173639e+03
1.158559209911173639e+03
1.173892543244506896e+03
1.177559209911173639e+03
1.221392543244506896e+03
1.197059209911173639e+03
1.234559209911173639e+03
1.248059209911173639e+03
1.269225876577840154e+03
1.205059209911173639e+03
1.264059209911173639e+03
1.287392543244506896e+03
1.329225876577840154e+03
1.251225876577840154e+03
1.270392543244506896e+03
1.223059209911173639e+03
1.222059209911173639e+03
1.134559209911173639e+03
1.195725876577840154e+03
1.203892543244506896e+03
1.274725876577840154e+03
1.231392543244506896e+03
1.290559209911173639e+03
1.277059209911173639e+03
1.282892543244506896e+03
1.196892543244506896e+03
1.238392543244506896e+03
1.220725876577840154e+03
1.267059209911173639e+03
1.212892543244506896e+03
1.271059209911173639e+03
1.242392543244506896e+03
1.228892543244506896e+03
1.161725876577840154e+03
1.226392543244506896e+03
1.232225876577840154e+03
1.254725876577840154e+03
1.170225876577840154e+03
1.207559209911173639e+03
1.207725876577840154e+03
1.222225876577840154e+03
1.149225876577840154e+03
1.204725876577840154e+03
1.237392543244506896e+03
1.308225876577840154e+03
1.255225876577840154e+03
1.273892543244506896e+03
1.257559209911173639e+03
1.282225876577840154e+03
1.225725876577840154e+03
1.264225876577840154e+03
1.229225876577840154e+03
1.254059209911173639e+03
1.189392543244506896e+03
1.267892543244506896e+03
1.256559209911173639e+03
1.272725876577840154e+03
1.138559209911173639e+03
1.162559209911173639e+03
1.147559209911173639e+03
1.213059209911173639e+03
1.162559209911173639e+03
1.229559209911173639e+03
1.203225876577840154e+03
1.233225876577840154e+03
1.148059209911173639e+03
1.208392543244506896e+03
1.193892543244506896e+03
1.195892543244506896e+03
1.130892543244506896e+03
1.191892543244506896e+03
1.198225876577840154e+03
1.220559209911173639e+03
1.128392543244506896e+03
1.174892543244506896e+03
1.195725876577840154e+03
1.256559209911173639e+03
1.194725876577840154e+03
1.234559209911173639e+03
1.229725876577840154e+03
1.273059209911173639e+03
1.181559209911173639e+03
1.190559209911173639e+03
1.168225876577840154e+03
1.196392543244506896e+03
1.142225876577840154e+03
1.203225876577840154e+03
1.233059209911173639e+03
1.323892543244506896e+03
1.293559209911173639e+03
1.346225876577840154e+03
1.306059209911173639e+03
1.308725876577840154e+03
1.237559209911173639e+03
1.244725876577840154e+03
1.226392543244506896e+03
1.238059209911173639e+03
1.200059209911173639e+03
1.239892543244506896e+03
1.198559209911173639e+03
1.194225876577840154e+03
1.124892543244506896e+03
1.203059209911173639e+03
1.220392543244506896e+03
1.244892543244506896e+03
1.172725876577840154e+03
1.224392543244506896e+03
1.245892543244506896e+03
1.265225876577840154e+03
1.193225876577840154e+03
1.228392543244506896e+03
1.231892543244506896e+03
1.236059209911173639e+03
1.132059209911173639e+03
1.156725876577840154e+03
1.180892543244506896e+03
1.228392543244506896e+03
1.160225876577840154e+03
1.200225876577840154e+03
1.223725876577840154e+03
1.273059209911173639e+03
1.213725876577840154e+03
1.206225876577840154e+03
1.200059209911173639e+03
1.231392543244506896e+03
1.206559209911173639e+03
1.239559209911173639e+03
1.205559209911173639e+03
1.209392543244506896e+03
1.136059209911173639e+03
1.179725876577840154e+03
1.191225876577840154e+03
1.253559209911173639e+03
1.238059209911173639e+03
1.278392543244506896e+03
1.235225876577840154e+03
1.223225876577840154e+03
1.170725876577840154e+03
1.214059209911173639e+03
1.215892543244506896e+03
1.248225876577840154e+03
1.201725876577840154e+03
1.231059209911173639e+03
1.208225876577840154e+03
1.251392543244506896e+03
1.184059209911173639e+03
1.190892543244506896e+03
1.188059209911173639e+03
1.270392543244506896e+03
1.246392543244506896e+03
1.268392543244506896e+03
1.227392543244506896e+03
1.227559209911173639e+03
1.159559209911173639e+03
1.217892543244506896e+03
1.216225876577840154e+03
1.215059209911173639e+03
1.108392543244506896e+03
1.162059209911173639e+03
1.168559209911173639e+03
1.204059209911173639e+03
1.137392543244506896e+03
1.185392543244506896e+03
1.194892543244506896e+03
1.235559209911173639e+03
1.203892543244506896e+03
1.268225876577840154e+03
1.263725876577840154e+03
1.267392543244506896e+03
1.163059209911173639e+03
1.184559209911173639e+03
1.170059209911173639e+03
1.200225876577840154e+03
1.139392543244506896e+03
1.190059209911173639e+03
1.222392543244506896e+03
1.310559209911173639e+03
1.263392543244506896e+03
1.267225876577840154e+03
1.214225876577840154e+03
1.268225876577840154e+03
1.245725876577840154e+03
1.322225876577840154e+03
1.274725876577840154e+03
1.256892543244506896e+03
1.147059209911173639e+03
1.198725876577840154e+03
1.209059209911173639e+03
1.246892543244506896e+03
1.170392543244506896e+03
1.213059209911173639e+03
1.198392543244506896e+03
1.222392543244506896e+03
1.151225876577840154e+03
1.210225876577840154e+03
1.207225876577840154e+03
1.226392543244506896e+03
1.163059209911173639e+03
1.198725876577840154e+03
1.220559209911173639e+03
1.229559209911173639e+03
1.171225876577840154e+03
1.171392543244506896e+03
1.157892543244506896e+03
1.188725876577840154e+03
1.158559209911173639e+03
1.230392543244506896e+03
1.220059209911173639e+03
1.244059209911173639e+03
1.147059209911173639e+03
1.190725876577840154e+03
1.183225876577840154e+03
1.241892543244506896e+03
1.216392543244506896e+03
1.274392543244506896e+03
1.272059209911173639e+03
1.296225876577840154e+03
1.208725876577840154e+03
1.216059209911173639e+03
1.180892543244506896e+03
1.216892543244506896e+03
1.150559209911173639e+03
1.182059209911173639e+03
1.160892543244506896e+03
1.205725876577840154e+03
1.143725876577840154e+03
1.215392543244506896e+03
1.234392543244506896e+03
1.289725876577840154e+03
1.207059209911173639e+03
1.232225876577840154e+03
1.218392543244506896e+03
1.247392543244506896e+03
1.153059209911173639e+03
1.168059209911173639e+03
1.176059209911173639e+03
1.238559209911173639e+03
1.184725876577840154e+03
1.205059209911173639e+03
1.196892543244506896e+03
1.272559209911173639e+03
1.217559209911173639e+03
1.231059209911173639e+03
1.159725876577840154e+03
1.168225876577840154e+03
1.135725876577840154e+03
1.188059209911173639e+03
1.201392543244506896e+03
1.218392543244506896e+03
1.173892543244506896e+03
1.216559209911173639e+03
1.217559209911173639e+03
1.253725876577840154e+03
1.180725876577840154e+03
1.192059209911173639e+03
1.149892543244506896e+03
1.178059209911173639e+03
1.142392543244506896e+03
1.220892543244506896e+03
1.224225876577840154e+03
1.259725876577840154e+03
1.180225876577840154e+03
1.231225876577840154e+03
1.230392543244506896e+03
1.273225876577840154e+03
1.206725876577840154e+03
1.246892543244506896e+03
1.257059209911173639e+03
1.312892543244506896e+03
1.241725876577840154e+03
1.238725876577840154e+03
1.184225876577840154e+03
1.202392543244506896e+03
1.145559209911173639e+03
1.195559209911173639e+03
1.209892543244506896e+03
1.285559209911173639e+03
1.219225876577840154e+03
1.205059209911173639e+03
1.152892543244506896e+03
1.200392543244506896e+03
1.169392543244506896e+03
1.225559209911173639e+03
1.195392543244506896e+03
1.221392543244506896e+03
1.167892543244506896e+03
1.254725876577840154e+03
1.255059209911173639e+03
1.273725876577840154e+03
1.176059209911173639e+03
1.193559209911173639e+03
1.180892543244506896e+03
1.205559209911173639e+03
1.156559209911173639e+03
1.188725876577840154e+03
1.178892543244506896e+03
1.199725876577840154e+03
1.124725876577840154e+03
1.153392543244506896e+03
1.180059209911173639e+03
1.234559209911173639e+03
1.193725876577840154e+03
1.223059209911173639e+03
1.213892543244506896e+03
1.248725876577840154e+03
1.195225876577840154e+03
1.235725876577840154e+03
1.227225876577840154e+03
1.243059209911173639e+03
1.187059209911173639e+03
1.240725876577840154e+03
1.220392543244506896e+03
1.226725876577840154e+03
1.123392543244506896e+03
1.157559209911173639e+03
1.161559209911173639e+03
1.228725876577840154e+03
1.182559209911173639e+03
1.239725876577840154e+03
1.208559209911173639e+03
1.243392543244506896e+03
1.182892543244506896e+03
1.207225876577840154e+03
1.210392543244506896e+03
1.294725876577840154e+03
1.260392543244506896e+03
1.268725876577840154e+03
1.194892543244506896e+03
1.235059209911173639e+03
1.201225876577840154e+03
1.223059209911173639e+03
1.228725876577840154e+03
1.281225876577840154e+03
1.238725876577840154e+03
1.215392543244506896e+03
1.134059209911173639e+03
1.151892543244506896e+03
1.145559209911173639e+03
1.247559209911173639e+03
1.251892543244506896e+03
1.301392543244506896e+03
1.229559209911173639e+03
1.252225876577840154e+03
1.206225876577840154e+03
1.238725876577840154e+03
1.188559209911173639e+03
1.206225876577840154e+03
1.174225876577840154e+03
1.191059209911173639e+03
1.135892543244506896e+03
1.183725876577840154e+03
1.168225876577840154e+03
1.219559209911173639e+03
1.158392543244506896e+03
1.203059209911173639e+03
1.165225876577840154e+03
1.210892543244506896e+03
1.176892543244506896e+03
1.215725876577840154e+03
1.199392543244506896e+03
1.225392543244506896e+03
1.177725876577840154e+03
1.210725876577840154e+03
1.184725876577840154e+03
1.215225876577840154e+03
1.166559209911173639e+03
1.227725876577840154e+03
1.228392543244506896e+03
1.264392543244506896e+03
1.207225876577840154e+03
1.241059209911173639e+03
1.211559209911173639e+03
1.207725876577840154e+03
1.137559209911173639e+03
1.162225876577840154e+03
1.183392543244506896e+03
1.255392543244506896e+03
1.216225876577840154e+03
1.252059209911173639e+03
1.196559209911173639e+03
1.194392543244506896e+03
1.103225876577840154e+03
1.160225876577840154e+03
1.174725876577840154e+03
1.229059209911173639e+03
1.171892543244506896e+03
1.196059209911173639e+03
1.160892543244506896e+03
1.203059209911173639e+03
1.186392543244506896e+03
1.283225876577840154e+03
1.269392543244506896e+03
1.303392543244506896e+03
1.209892543244506896e+03
1.228725876577840154e+03
1.196725876577840154e+03
1.239725876577840154e+03
1.206892543244506896e+03
1.213059209911173639e+03
1.198725876577840154e+03
1.236225876577840154e+03
1.209392543244506896e+03
1.217892543244506896e+03
1.165892543244506896e+03
1.193725876577840154e+03
1.149059209911173639e+03
1.203225876577840154e+03
1.199725876577840154e+03
1.225559209911173639e+03
1.159725876577840154e+03
1.202392543244506896e+03
1.202559209911173639e+03
1.246725876577840154e+03
1.171225876577840154e+03
1.187892543244506896e+03
1.161892543244506896e+03
1.213392543244506896e+03
1.146559209911173639e+03
1.170059209911173639e+03
1.125559209911173639e+03
1.197725876577840154e+03
1.156725876577840154e+03
1.208725876577840154e+03
1.176559209911173639e+03
1.211725876577840154e+03
1.150059209911173639e+03
1.194225876577840154e+03
1.207559209911173639e+03
1.257559209911173639e+03
1.224892543244506896e+03
1.246892543244506896e+03
1.242725876577840154e+03
1.240392543244506896e+03
1.167892543244506896e+03
1.183059209911173639e+03
1.198892543244506896e+03
1.224392543244506896e+03
1.146392543244506896e+03
1.134392543244506896e+03
1.109059209911173639e+03
1.143225876577840154e+03
1.125725876577840154e+03
1.195892543244506896e+03
1.224725876577840154e+03
1.294892543244506896e+03
1.288059209911173639e+03
1.321892543244506896e+03
1.256225876577840154e+03
1.204392543244506896e+03
1.120559209911173639e+03
1.173392543244506896e+03
1.213392543244506896e+03
1.300725876577840154e+03
1.237225876577840154e+03
1.254892543244506896e+03
1.194559209911173639e+03
1.226559209911173639e+03
1.157725876577840154e+03
1.165892543244506896e+03
1.147725876577840154e+03
1.184225876577840154e+03
1.155225876577840154e+03
1.193559209911173639e+03
1.187059209911173639e+03
1.205392543244506896e+03
1.124059209911173639e+03
1.131392543244506896e+03
1.124725876577840154e+03
1.151725876577840154e+03
1.134059209911173639e+03
1.209559209911173639e+03
1.234225876577840154e+03
1.279559209911173639e+03
1.200725876577840154e+03
1.246725876577840154e+03
1.283392543244506896e+03
1.314892543244506896e+03
1.264559209911173639e+03
1.221059209911173639e+03
1.199225876577840154e+03
1.231059209911173639e+03
1.186725876577840154e+03
1.222059209911173639e+03
1.198725876577840154e+03
1.269225876577840154e+03
1.200059209911173639e+03
1.205225876577840154e+03
1.138559209911173639e+03
1.179725876577840154e+03
1.154725876577840154e+03
1.198059209911173639e+03
1.197059209911173639e+03
1.211559209911173639e+03
1.181892543244506896e+03
1.253892543244506896e+03
1.264059209911173639e+03
1.274725876577840154e+03
1.188559209911173639e+03
1.204725876577840154e+03
1.210725876577840154e+03
1.257059209911173639e+03
1.188559209911173639e+03
1.190725876577840154e+03
1.143725876577840154e+03
1.214392543244506896e+03
1.164559209911173639e+03
1.206559209911173639e+03
1.182059209911173639e+03
1.258392543244506896e+03
1.217225876577840154e+03
1.225225876577840154e+03
1.144725876577840154e+03
1.171892543244506896e+03
1.142225876577840154e+03
1.219225876577840154e+03
1.192559209911173639e+03
1.227392543244506896e+03
1.163392543244506896e+03
1.211392543244506896e+03
1.208725876577840154e+03
1.251225876577840154e+03
1.202059209911173639e+03
1.202225876577840154e+03
1.185892543244506896e+03
1.220392543244506896e+03
1.161392543244506896e+03
1.157725876577840154e+03
1.130225876577840154e+03
1.172392543244506896e+03
1.142225876577840154e+03
1.193059209911173639e+03
1.191892543244506896e+03
1.230559209911173639e+03
1.181892543244506896e+03
1.222725876577840154e+03
1.230725876577840154e+03
1.260725876577840154e+03
1.198725876577840154e+03
1.200225876577840154e+03
1.162225876577840154e+03
1.224892543244506896e+03
1.219059209911173639e+03
1.319559209911173639e+03
1.283559209911173639e+03
1.269059209911173639e+03
1.149225876577840154e+03
1.174059209911173639e+03
1.155892543244506896e+03
1.223059209911173639e+03
1.195559209911173639e+03
1.256225876577840154e+03
1.217892543244506896e+03
1.228225876577840154e+03
1.168892543244506896e+03
1.217392543244506896e+03
1.227892543244506896e+03
1.262725876577840154e+03
1.214559209911173639e+03
1.239059209911173639e+03
1.195059209911173639e+03
1.207559209911173639e+03
1.174392543244506896e+03
1.264559209911173639e+03
1.269225876577840154e+03
1.284559209911173639e+03
1.223392543244506896e+03
1.271559209911173639e+03
1.265392543244506896e+03
1.309225876577840154e+03
1.221559209911173639e+03
1.214225876577840154e+03
1.136392543244506896e+03
1.181059209911173639e+03
1.141559209911173639e+03
1.207892543244506896e+03
1.193392543244506896e+03
1.243225876577840154e+03
1.179559209911173639e+03
1.187892543244506896e+03
1.178892543244506896e+03
1.239892543244506896e+03
1.216392543244506896e+03
1.260392543244506896e+03
1.240892543244506896e+03
1.270392543244506896e+03
1.219225876577840154e+03
1.244725876577840154e+03
1.217892543244506896e+03
1.234225876577840154e+03
1.216059209911173639e+03
1.272559209911173639e+03
1.253392543244506896e+03
1.252725876577840154e+03
1.180559209911173639e+03
1.196892543244506896e+03
1.168892543244506896e+03
1.222559209911173639e+03
1.190392543244506896e+03
1.227725876577840154e+03
1.199059209911173639e+03
1.227392543244506896e+03
1.167725876577840154e+03
1.210392543244506896e+03
1.174559209911173639e+03
1.218559209911173639e+03
1.168892543244506896e+03
1.236725876577840154e+03
1.211059209911173639e+03
1.218892543244506896e+03
1.144392543244506896e+03
1.172059209911173639e+03
1.154725876577840154e+03
1.184559209911173639e+03
1.182559209911173639e+03
1.227225876577840154e+03
1.183059209911173639e+03
1.185892543244506896e+03
1.148059209911173639e+03
1.216059209911173639e+03
1.210725876577840154e+03
1.228059209911173639e+03
1.181392543244506896e+03
1.220225876577840154e+03
1.218059209911173639e+03
1.273392543244506896e+03
1.220392543244506896e+03
1.232725876577840154e+03
1.211392543244506896e+03
1.231892543244506896e+03
1.195392543244506896e+03
1.241225876577840154e+03
1.254559209911173639e+03
1.288892543244506896e+03
1.189559209911173639e+03
1.206725876577840154e+03
1.213725876577840154e+03
1.301892543244506896e+03
1.245059209911173639e+03
1.248392543244506896e+03
1.226225876577840154e+03
1.277725876577840154e+03
1.244892543244506896e+03
1.252892543244506896e+03
1.200892543244506896e+03
1.206225876577840154e+03
1.162559209911173639e+03
1.214392543244506896e+03
1.198892543244506896e+03
1.237892543244506896e+03
1.179225876577840154e+03
1.209059209911173639e+03
1.178059209911173639e+03
1.210059209911173639e+03
1.191225876577840154e+03
1.218892543244506896e+03
1.176225876577840154e+03
1.210559209911173639e+03
1.193059209911173639e+03
1.273725876577840154e+03
1.267559209911173639e+03
1.277059209911173639e+03
1.219392543244506896e+03
1.246392543244506896e+03
1.231559209911173639e+03
1.236725876577840154e+03
1.162392543244506896e+03
1.185225876577840154e+03
1.187059209911173639e+03
1.252892543244506896e+03
1.191392543244506896e+03
1.230559209911173639e+03
1.182892543244506896e+03
1.252892543244506896e+03
1.237225876577840154e+03
1.271225876577840154e+03
1.262225876577840154e+03
1.259392543244506896e+03
1.202892543244506896e+03
1.209225876577840154e+03
1.184725876577840154e+03
1.227725876577840154e+03
1.171725876577840154e+03
1.180392543244506896e+03
1.159892543244506896e+03
1.204225876577840154e+03
1.201392543244506896e+03
1.249059209911173639e+03
1.224392543244506896e+03
1.245392543244506896e+03
1.177559209911173639e+03
1.187392543244506896e+03
1.146725876577840154e+03
1.184559209911173639e+03
1.155725876577840154e+03
1.182225876577840154e+03
1.166892543244506896e+03
1.247725876577840154e+03
1.255892543244506896e+03
1.315559209911173639e+03
1.224892543244506896e+03
1.212225876577840154e+03
1.145559209911173639e+03
1.214392543244506896e+03
1.203059209911173639e+03
1.213559209911173639e+03
1.158059209911173639e+03
1.200225876577840154e+03
1.203059209911173639e+03
1.243225876577840154e+03
1.195225876577840154e+03
1.229892543244506896e+03
1.223559209911173639e+03
1.265892543244506896e+03
1.198059209911173639e+03
1.177059209911173639e+03
1.131559209911173639e+03
1.163225876577840154e+03
1.148559209911173639e+03
1.194059209911173639e+03
1.165059209911173639e+03
1.168725876577840154e+03
1.090559209911173639e+03
1.110725876577840154e+03
1.104225876577840154e+03
1.164059209911173639e+03
1.137892543244506896e+03
1.159892543244506896e+03
1.101892543244506896e+03
1.124559209911173639e+03
1.103892543244506896e+03
1.182892543244506896e+03
1.194059209911173639e+03
1.262725876577840154e+03
1.219225876577840154e+03
1.261725876577840154e+03
1.191225876577840154e+03
1.191225876577840154e+03
1.136892543244506896e+03
1.191559209911173639e+03
1.207559209911173639e+03
1.247392543244506896e+03
1.216559209911173639e+03
1.259059209911173639e+03
1.243892543244506896e+03
1.256892543244506896e+03
1.182725876577840154e+03
1.203225876577840154e+03
1.210059209911173639e+03
1.254559209911173639e+03
1.231892543244506896e+03
1.258725876577840154e+03
1.242559209911173639e+03
1.233225876577840154e+03
1.177059209911173639e+03
1.188892543244506896e+03
1.183559209911173639e+03
1.204225876577840154e+03
1.176892543244506896e+03
1.230059209911173639e+03
1.212559209911173639e+03
1.269225876577840154e+03
1.214059209911173639e+03
1.231892543244506896e+03
1.164392543244506896e+03
1.180892543244506896e+03
1.142392543244506896e+03
1.192892543244506896e+03
1.179225876577840154e+03
1.211559209911173639e+03
1.153225876577840154e+03
1.169725876577840154e+03
1.153059209911173639e+03
1.177725876577840154e+03
1.138059209911173639e+03
1.174725876577840154e+03
1.174725876577840154e+03
1.225059209911173639e+03
1.152725876577840154e+03
1.156225876577840154e+03
1.148225876577840154e+03
1.221892543244506896e+03
1.184392543244506896e+03
1.176225876577840154e+03
1.142392543244506896e+03
1.205892543244506896e+03
1.187559209911173639e+03
1.207559209911173639e+03
1.182559209911173639e+03
1.211725876577840154e+03
1.209892543244506896e+03
1.248059209911173639e+03
1.241559209911173639e+03
1.259225876577840154e+03
1.204725876577840154e+03
1.204392543244506896e+03
1.178059209911173639e+03
1.226059209911173639e+03
1.201392543244506896e+03
1.222725876577840154e+03
1.202225876577840154e+03
1.228725876577840154e+03
1.189225876577840154e+03
1.168559209911173639e+03
1.141559209911173639e+03
1.201725876577840154e+03
1.241892543244506896e+03
1.313725876577840154e+03
1.257892543244506896e+03
1.244559209911173639e+03
1.173059209911173639e+03
1.200392543244506896e+03
1.192392543244506896e+03
1.235059209911173639e+03
1.243392543244506896e+03
1.270392543244506896e+03
1.228725876577840154e+03
1.200725876577840154e+03
1.179559209911173639e+03
1.203059209911173639e+03
1.185725876577840154e+03
1.178892543244506896e+03
1.142559209911173639e+03
1.141892543244506896e+03
1.120392543244506896e+03
1.162559209911173639e+03
1.160225876577840154e+03
1.185392543244506896e+03
1.144392543244506896e+03
1.183559209911173639e+03
1.162559209911173639e+03
1.223225876577840154e+03
1.188725876577840154e+03
1.210559209911173639e+03
1.147059209911173639e+03
1.155059209911173639e+03
1.118725876577840154e+03
1.142725876577840154e+03
1.138725876577840154e+03
1.169225876577840154e+03
1.132559209911173639e+03
1.150059209911173639e+03
1.118059209911173639e+03
1.179892543244506896e+03
1.170725876577840154e+03
1.225392543244506896e+03
1.215059209911173639e+03
1.267392543244506896e+03
1.215559209911173639e+03
1.228392543244506896e+03
1.130892543244506896e+03
1.151059209911173639e+03
1.110559209911173639e+03
1.165725876577840154e+03
1.136725876577840154e+03
1.146059209911173639e+03
1.118725876577840154e+03
1.177725876577840154e+03
1.170892543244506896e+03
1.163559209911173639e+03
1.124892543244506896e+03
1.150392543244506896e+03
1.148225876577840154e+03
1.185559209911173639e+03
1.154059209911173639e+03
1.204559209911173639e+03
1.168892543244506896e+03
1.194892543244506896e+03
1.140392543244506896e+03
1.132559209911173639e+03
1.095225876577840154e+03
1.138225876577840154e+03
1.121559209911173639e+03
1.153392543244506896e+03
1.115725876577840154e+03
1.147725876577840154e+03
1.148225876577840154e+03
1.211225876577840154e+03
1.183392543244506896e+03
1.147725876577840154e+03
1.086225876577840154e+03
1.142059209911173639e+03
1.160392543244506896e+03
1.213225876577840154e+03
1.175559209911173639e+03
1.169892543244506896e+03
1.117725876577840154e+03
1.124059209911173639e+03
1.127225876577840154e+03
1.168059209911173639e+03
1.135559209911173639e+03
1.162559209911173639e+03
1.160725876577840154e+03
1.237725876577840154e+03
1.240225876577840154e+03
1.268059209911173639e+03
1.214559209911173639e+03
1.241725876577840154e+03
1.205892543244506896e+03
1.198225876577840154e+03
1.129725876577840154e+03
1.158892543244506896e+03
1.175392543244506896e+03
1.218225876577840154e+03
1.174892543244506896e+03
1.225559209911173639e+03
1.221559209911173639e+03
1.239059209911173639e+03
1.187892543244506896e+03
1.238059209911173639e+03
1.233892543244506896e+03
1.261392543244506896e+03
1.211559209911173639e+03
1.247559209911173639e+03
1.213725876577840154e+03
1.238559209911173639e+03
1.193892543244506896e+03
1.239392543244506896e+03
1.207725876577840154e+03
1.252559209911173639e+03
1.235725876577840154e+03
1.259225876577840154e+03
1.207725876577840154e+03
1.221059209911173639e+03
1.186392543244506896e+03
1.243059209911173639e+03
1.220559209911173639e+03
1.230392543244506896e+03
1.170059209911173639e+03
1.187892543244506896e+03
1.152559209911173639e+03
1.158725876577840154e+03
1.129725876577840154e+03
1.188892543244506896e+03
1.160392543244506896e+03
1.168559209911173639e+03
1.135225876577840154e+03
1.189559209911173639e+03
1.163059209911173639e+03
1.185059209911173639e+03
1.177225876577840154e+03
1.217559209911173639e+03
1.195059209911173639e+03
1.207892543244506896e+03
1.186725876577840154e+03
1.247225876577840154e+03
1.217725876577840154e+03
1.245725876577840154e+03
1.224225876577840154e+03
1.278725876577840154e+03
1.270892543244506896e+03
1.259725876577840154e+03
1.227059209911173639e+03
1.252725876577840154e+03
1.238725876577840154e+03
1.262225876577840154e+03
1.210059209911173639e+03
1.238225876577840154e+03
1.228892543244506896e+03
1.295059209911173639e+03
1.265559209911173639e+03
1.297725876577840154e+03
1.238725876577840154e+03
1.233225876577840154e+03
1.175725876577840154e+03
1.190392543244506896e+03
1.165392543244506896e+03
1.169059209911173639e+03
1.143225876577840154e+03
1.203059209911173639e+03
1.180892543244506896e+03
1.207392543244506896e+03
1.181392543244506896e+03
1.213892543244506896e+03
1.183225876577840154e+03
1.199892543244506896e+03
1.195225876577840154e+03
1.268725876577840154e+03
1.263559209911173639e+03
1.261559209911173639e+03
1.210559209911173639e+03
1.246225876577840154e+03
1.248392543244506896e+03
1.251559209911173639e+03
1.171725876577840154e+03
1.213892543244506896e+03
1.201392543244506896e+03
1.239559209911173639e+03
1.173559209911173639e+03
1.200559209911173639e+03
1.175059209911173639e+03
1.224059209911173639e+03
1.203559209911173639e+03
1.280559209911173639e+03
1.254892543244506896e+03
1.297725876577840154e+03
1.264059209911173639e+03
1.290059209911173639e+03
1.214725876577840154e+03
1.200892543244506896e+03
1.194559209911173639e+03
1.290559209911173639e+03
1.299559209911173639e+03
1.273059209911173639e+03
1.214392543244506896e+03
1.236225876577840154e+03
1.250392543244506896e+03
1.285392543244506896e+03
1.214725876577840154e+03
1.217059209911173639e+03
1.171225876577840154e+03
1.221225876577840154e+03
1.207059209911173639e+03
1.273059209911173639e+03
1.254392543244506896e+03
1.283725876577840154e+03
1.224059209911173639e+03
1.255892543244506896e+03
1.163059209911173639e+03
1.143725876577840154e+03
1.092225876577840154e+03
1.167059209911173639e+03
1.182559209911173639e+03
1.203892543244506896e+03
1.158892543244506896e+03
1.183392543244506896e+03
1.166392543244506896e+03
1.213059209911173639e+03
1.158225876577840154e+03
1.182225876577840154e+03
7.542258765778402676e+02
