-1.580118435405956347e+02
-7.143081398368919963e+02
6.279140823853299480e+02
4.264386898143819053e+03
1.144915650430687037e+02
6.635722170276615361e+04
7.471805499899783172e+03
-3.066284620171603365e+03
-1.534605785036806765e+03
3.426537751850382847e+03
-1.500858515023954396e+03
4.967976673802082587e+03
1.377703133614386388e+03
-2.833403644590191561e+03
-2.835107846401728693e+03
3.747820564194935287e+03
3.562642923927200172e+04
7.899416527137760795e+02
4.620558359771283676e+02
-1.461694513327455070e+03
-1.760037004607086146e+02
1.295658438062092955e+03
1.430683613342269155e+03
-3.150088930445175265e+03
3.227650882699407157e+04
-2.851868616034007118e+03
-2.601921837686184062e+03
8.740358523478926145e+03
1.960615704574317988e+03
-6.756458187237176389e+03
3.468682025578944376e+03
-1.469473352033660376e+04
-3.511724782770342699e+03
3.993682918297366996e+03
2.966977715443355464e+03
-1.991958790427593613e+03
-4.197852059633254953e+02
1.169098601590339740e+03
4.801223651848616214e+02
-1.060528584785947714e+03
-4.444034803299722398e+02
7.099818713539433475e+02
3.782762721880660024e+02
-7.791005652856645156e+02
-3.808249074055087817e+02
4.757866559807657154e+02
3.698975037483905908e+02
-1.079603193155095141e+03
1.490296088514873531e+02
1.879655771693418046e+03
1.482737429788967802e+03
-6.757134014642687362e+03
-1.792937053150008069e+03
1.288178415489070403e+03
7.062419614565476422e+02
-8.223323751460101221e+02
-2.257860097095937419e+02
3.687855724943615883e+02
7.535205409278761124e+01
-1.099583105010702184e+03
-3.806316749348189319e+02
8.273281907433381548e+02
6.108347663475401532e+02
-2.028632819537802334e+03
-8.754311360448809864e+02
7.835353368684085353e+02
2.706263063333360606e+02
-1.539291997525354873e+03
-5.994808337475550388e+02
1.127672035876439395e+03
6.571802330614850689e+02
-1.258278405403221768e+03
-2.992755332988370469e+02
1.230527146755477133e+03
3.327263466012084336e+02
-8.392517112813713993e+02
-1.972356782430748581e+02
7.514381779458860819e+02
1.766347777547857163e+02
-1.424869583285321141e+03
-6.590784297432635412e+02
3.154285662911102463e+03
2.342549641987045561e+03
-3.977142904847699810e+03
-9.484000311672124326e+02
1.677475089489469156e+03
5.604221619533750527e+02
-1.012829255230310082e+03
-1.628666822502736977e+02
8.317516045409399794e+02
4.532946444039219500e+02
-1.029334261290535323e+03
-2.098166783543703673e+02
6.344625994983707642e+02
1.830399500806248341e+02
-1.015326476546664139e+03
3.519606533590511077e+01
1.217390597692643723e+03
6.618522247787375363e+02
-1.858041874477182319e+03
-3.710596181294129678e+02
7.816373351147885842e+02
3.732128635232474494e+02
-9.412266791335514426e+02
-2.439886500509223310e+02
4.185701514811118500e+02
1.282840753238318712e+02
-1.110146415468060695e+03
-3.378013252902116506e+02
1.131993632983817179e+03
7.862494658073825349e+02
-9.811279178491424318e+03
-1.985636448637604553e+04
-2.126916637447072208e+04
1.282967721827517380e+04
-5.067533426834972488e+03
-1.599917242340544590e+03
1.984814765342945748e+03
5.386001738251853794e+02
-1.130583757801683760e+03
-2.020886223895023761e+02
9.231487035638511998e+02
6.340336438379422361e+02
-9.763142990716622762e+02
-2.123833661414404048e+02
4.553665694584415178e+02
5.049582164562878006e+01
-1.190606463677631154e+03
-2.400968859755547555e+02
1.076340943381611851e+03
6.381013526143755143e+02
-1.329662518747330523e+03
-7.615728199139916796e+02
6.398252645096941933e+02
5.135939217955515232e+02
-9.932626252006014056e+02
-4.213482796309871219e+02
4.459165649284742585e+02
2.534104830052111197e+02
-1.032378473098100812e+03
-5.241281998740788595e+02
1.002024675966818791e+03
9.799664857379758587e+02
-5.586630901976128598e+02
-5.088381085954714536e+02
3.437902702979822038e+02
4.323073221678345135e+02
-5.253690108330397379e+02
-2.281512410858437647e+02
2.653229883557835933e+02
1.942923084776172686e+02
-4.121552513213571274e+02
-2.696904435251940413e+01
4.361677070438856276e+02
2.951087896403354875e+02
-7.308540334743727271e+02
-3.204686982022187749e+02
7.541324939157012750e+02
8.399869225919069322e+02
-6.967899579649483712e+02
-2.862376369874992292e+02
4.178762811693093795e+02
2.153090795755595082e+02
-6.383871075462756153e+02
-2.002739820904749308e+02
2.677599916887427298e+02
1.701133695981573908e+02
-5.830263652869731459e+02
-9.579326311914369896e+00
5.961796958685225718e+02
3.100101737778355755e+02
-7.817216996984259367e+02
-5.472693556735428047e+02
4.123376776392922238e+02
6.342627456892489590e+02
-5.479183616197842639e+02
-2.228446152206219040e+02
3.936759094111076251e+02
3.660596799345440218e+02
-1.036823284148595803e+03
-1.236080953660984676e+02
7.829405652564793172e+02
1.952738507822160443e+02
-1.397812806951189259e+03
-3.395130597394160077e+02
6.995836064742687768e+02
3.155390369331456100e+02
-9.326518622409226964e+02
-1.769639050670209031e+02
7.571144145697660406e+02
4.283769181150499321e+02
-1.252399777409019180e+03
-6.330834458291046758e+02
2.139270597504153102e+03
3.302895961029324098e+03
-2.125433380084149576e+03
-4.268159552866889612e+02
6.194432651005676007e+02
1.751554388644329663e+02
-1.059424899090650342e+03
-4.657246659959247381e+01
5.563143228000354839e+02
4.557757188746205657e+02
-7.395250116877050459e+02
-2.990788761516235468e+02
3.336163595140594111e+02
9.745049371697336937e+01
-8.697583288109512978e+02
-1.294984215435496822e+01
9.874599812996711989e+02
2.813288331090074053e+02
-1.854201333370140219e+03
-4.502920813018980652e+02
8.250144096247089465e+02
-1.562024857957661617e+01
-1.578274471441021433e+03
-7.317754163900760886e+02
6.649747508962642542e+02
7.990762183299415256e+02
-3.962803803707367933e+02
-3.880454090166030028e+02
2.901589104604741465e+02
2.781743976974371435e+02
-7.565231371812149064e+02
-2.759632793573912863e+02
5.581507763877823436e+02
6.423949032011342979e+02
-6.870283617060134702e+02
-2.165036963833400989e+02
3.964554302753977595e+02
3.813001622816368013e+02
-5.691916307637231967e+02
-1.569014249122620868e+02
3.817511844307388742e+02
-5.240521243728059630e+01
-1.286831002377034110e+03
-9.745083237368103113e+00
5.133207112019822489e+02
1.854840857241510435e+02
-9.676500116877050459e+02
-1.869746638476590590e+02
7.208580725834513032e+02
2.371946517064061482e+02
-1.932569466088318677e+03
-7.843837907095145283e+02
7.672558569675718445e+02
2.065393769390973091e+02
-1.432109543476096633e+03
-4.515407845001093960e+02
5.599601733906276877e+02
3.273460319743609261e+02
-9.989256523811799298e+02
-2.832459899082707580e+02
5.968754689092560284e+02
3.633290201933373282e+02
-8.019895410342477362e+02
-2.275789589475739376e+02
4.531340576645734473e+02
2.471514519570933146e+02
-6.541837961619706903e+02
-3.481824585676383776e+02
3.403083675997226010e+02
2.688774072901108525e+02
-6.539510537865457991e+02
-5.983810859547214989e+01
8.237929669387239073e+02
5.853665089553958296e+02
-1.457373352033660012e+03
-7.911298442459586795e+02
4.577556914594592854e+02
2.286603122728375297e+02
-8.933438384738986997e+02
2.163616065173950531e+01
5.689845775594308179e+02
2.597085305107963791e+02
-7.388527512338476981e+02
-2.536885205250629269e+02
4.446901609506838327e+02
1.677756248980989540e+02
-1.218437756148761309e+03
-2.563988003592891687e+02
1.117967541840132299e+03
1.053838478338694131e+03
-1.270173656732412837e+03
-5.998259260338187460e+02
3.037911129502224412e+02
5.172354188940014410e+02
-3.119711945155480066e+02
-8.245674554623873576e+01
1.603161389912207824e+02
2.004974163206805144e+02
-5.938799234193045322e+02
-2.244923220771747481e+02
3.301817043393043036e+02
-1.136018986575976868e+02
-2.156641855986566043e+03
-9.989176581807710136e+02
2.228869397446322637e+03
6.665315134810269910e+02
-9.282559612152837190e+02
-3.080903346453734457e+02
3.970101738685156647e+02
6.483770289007775034e+01
-9.595901572246275464e+02
-2.884771010819742969e+02
1.110727761921604497e+03
8.021124443751647277e+02
-3.606611772986145297e+03
-5.023869725412598655e+02
1.160723882112372394e+03
7.763484974327758437e+02
-5.311497765220478868e+02
3.388701557540427416e+02
7.127248491729607167e+02
-3.153804141572463209e+02
-1.947348784450248331e+03
-1.116250655450516263e+02
1.355011742705496317e+03
1.601478562839799224e+03
-1.929939420093733816e+03
-8.617480960158493417e+02
2.082969526966714682e+02
-5.554245534035575815e+01
-1.154628187839299699e+03
-4.734567058463309195e+02
4.258343321008121052e+02
3.441777664442462878e+02
-5.691624613267739505e+02
-2.245559551933429248e+02
2.484571339522246944e+02
1.787779439864438018e+02
-5.994242984331373236e+02
-2.601428427339288874e+02
3.002105177572853449e+02
2.974817800726696078e+02
-5.852007876393180368e+02
-4.575089317149527801e+02
3.039794887273026802e+02
3.197480626417845997e+02
-8.233806312355169439e+02
-3.520351778569950625e+02
2.324773508639295301e+02
2.363482912458531260e+01
-5.858300758358457188e+02
4.524239395184276091e+00
3.606568631372844038e+02
4.818293703860839372e+01
-7.773620724944438507e+02
-2.240568046147700443e+02
5.881810079061466467e+02
4.138941037789971915e+02
-6.139851955742554992e+02
-3.024775695393939827e+02
4.768399875331154476e+02
4.088999866426223093e+02
-9.832523563727513647e+02
-6.170686884633514637e+02
8.697893752614379537e+01
2.921468518536827901e+02
-4.307644351526943751e+02
-2.414545557577583850e+02
2.638133379038087014e+02
7.712451756226906241e+01
-1.084170328405084547e+03
-8.908763538496939418e+02
2.481273871221928857e+02
3.762512676664143214e+02
-5.298474470876030864e+02
1.047274913179157778e+02
3.721558756009589501e+02
8.155566227915056743e+01
-9.020007788212386686e+02
-7.591649205022224578e+02
1.294041502510210933e+02
4.155181569984356429e+02
-2.533777891113087151e+02
5.002682020619612047e+01
-8.438774360921188489e+00
-3.319856548193825461e+02
-1.244096986697265720e+03
-3.407308388554513385e+02
8.824225353208540810e+02
1.517263539082594832e+02
-1.683301149799112864e+03
-6.268043027908934164e+02
4.591266479663386235e+02
4.595696799693996581e+02
-5.323734508220413773e+02
-9.717730793359145025e+01
4.604969394981287110e+02
8.537776392568385120e+01
-1.015904840105451740e+03
-5.177686456563766342e+02
2.324361092985814707e+02
4.216803645793661417e+02
-3.208351304749955943e+03
-2.227375943364744671e+03
2.592792333325338632e+02
-1.356776813649194935e+02
-1.641979484640957480e+03
6.353544428482953776e+01
5.323949751655670752e+02
4.281437199203489286e+01
-8.668700174475324047e+02
-4.063719396668387276e+02
2.186601857008581078e+02
1.273230506584098265e+02
-7.088057417650647949e+02
-1.673135940990084407e+02
2.659342723599249325e+02
-3.194720794459647806e+01
-8.984494094941841240e+02
-1.919047750002296766e+02
3.207677220357185206e+02
1.686554689761767918e+02
-7.007172822650447870e+02
-2.608369075152241408e+02
3.618363981091829942e+02
-1.496520660265353797e+02
-4.160952441667827770e+03
-1.111453028337227124e+03
2.488577652673024261e+02
4.224401629731527663e+01
-1.766153883038145295e+03
-6.316538115004652809e+01
3.208849407076992293e+02
-1.127370616082585997e+02
-1.057634581753328121e+03
-3.199000116877044775e+02
3.517639936231622073e+02
3.272858786264690139e+02
-1.236361266371438660e+03
-7.514045373520754083e+02
1.510943572863338957e+01
4.206252736406998451e+02
-1.342878823296081691e+03
-1.167923862953317212e+03
-2.494799385939540741e+02
-2.225987499367181783e+02
-1.283232081066011915e+03
-3.745366220600575247e+01
8.211583099579257805e+02
8.646663995191374852e+01
-1.318670928278880183e+03
-8.777719313522668472e+02
-4.094781183722949436e+02
-1.237697309702897712e+02
-9.657335379547033654e+02
-3.004261553958525610e+02
3.457962960515994837e+02
-9.064358750040696577e+01
-1.003160748678805362e+03
-2.867000155836062163e+02
3.322275748521236665e+02
4.825180433885537923e+01
-5.949104978902404355e+02
-5.848419015295485224e+02
2.308172277667383412e+02
1.101203477957453288e+03
-7.614872702555004480e+02
-1.879073129178543127e+02
2.292235613144735495e+01
9.700329859194200210e+00
-4.706301749485187997e+02
-9.810777821130699294e+01
1.578996426680949128e+02
7.883455784957436663e+01
-4.288835480814283869e+02
-2.332933698930722244e+02
2.114949607872045192e+02
3.090151382336711094e+02
-6.175088929733529994e+02
-3.472359118207630218e+02
1.499165721034961791e+02
1.652757826357451520e+01
-7.360577644069936696e+02
-3.097131758597857925e+02
1.224754085018347496e+02
1.529864321967757803e+02
-6.898185733802491768e+02
-2.685282567226177548e+02
3.920469832711862637e+02
4.279517898977510413e+02
-1.074531332594712012e+03
-6.523579144213966856e+02
-1.179333541114753388e+02
9.685196901220241728e+01
-5.575199938388789178e+02
-3.062745242778563011e+02
-3.510254417717240472e+02
-4.402995759474192141e+02
-1.337398547811107392e+03
-5.426473259609961133e+02
2.428270690003373602e+02
2.094474965927010146e+02
-9.061483477276768781e+02
-4.582710318057840482e+02
1.468486860251304371e+01
-1.363658732449538613e+00
-1.956153476464977530e+03
-7.899034042274512331e+02
1.993224493125692049e+02
2.534748001977953891e+02
-7.422262286358345591e+02
-4.493757319876760334e+02
-5.456965469509054145e+01
-1.521381343561347066e+01
-7.100889044724946189e+02
4.113010469129613256e+01
6.487881049851581565e+02
2.001935825016164756e+02
-7.776756019448502002e+02
-2.175594393556924331e+02
2.320735067387727781e+02
4.245574652199427987e+02
-3.239187424416305703e+02
-3.250190565239660714e+02
-2.440099236076095224e+02
-1.919275995051596340e+02
-4.992254313308514497e+02
-2.599841851831785107e+02
6.623832567833329676e+01
2.810332923941825811e+02
-4.420795250002533407e+02
-2.111932737033017133e+02
-6.725950247861293008e+01
-1.669837323209897306e+02
-9.868641661903282056e+02
-3.948824879001920749e+02
7.965505319625970060e+01
-8.669259996792445122e+01
-1.146826480057833578e+03
-2.689802924725798334e+02
4.426666526589262389e+02
7.571538068789554927e+02
-1.768630959581493869e+02
-1.614966122694316937e+02
-1.010243177302463948e+02
-1.865240993953284203e+02
-6.173833127549803521e+02
-1.485763120419811685e+02
1.665710254779170327e+02
3.503983682583696435e+01
-7.192425523202888371e+02
-3.354891308945639139e+02
6.484263410383620396e+01
2.031297057650472482e+02
-4.950921287401024529e+02
-2.182425417107968428e+02
6.690493424516690268e+00
1.578377260444106867e+02
-2.895504783929127939e+02
1.536696349061617184e+02
1.829584146643762779e+02
-6.442764904210254429e+01
-1.326372024585949930e+03
-6.133637658050715800e+02
-4.917575326619646603e+01
2.702216927069254098e+02
-2.376091825480672526e+02
-1.209337273905559229e+01
2.346733751211315564e+02
8.428517895976156638e+01
-5.764239088243583637e+02
-4.115634368734176292e+02
-3.550369913574563441e+01
-3.411406073100370691e+02
-3.278780544818101589e+03
-7.911111605828825759e+02
2.589760773031986787e+02
-1.090359262056328902e+02
-1.764695802949261179e+03
-8.424331969588164384e+02
-4.728718195606255392e+01
2.879316981949625642e+02
-1.290883807908506071e+02
-6.860379927767664299e+01
-4.245982105384033645e+01
-2.188876032868480479e+02
-9.456396642333028240e+02
-5.117053873260325645e+02
-2.244110451444209389e+02
2.883702506151311340e+01
-8.450490883590340445e+02
-5.833709448937845536e+02
-1.601879875003106122e+02
6.455604868062376056e+01
-3.214819854237972550e+02
-5.337128744090002641e+01
-1.472994089962854787e+02
-1.845599720475721028e+02
-4.430521022852341275e+02
-1.496607829433001484e+02
-2.559168560915804136e+01
-8.584402089874794228e+01
-5.608005844733348795e+02
-1.104864577456423973e+02
7.698276365596525750e+01
1.341257607532659506e+02
-2.907830067275472743e+02
-2.259164711058101886e+02
-4.930366097331297937e+01
-3.106305670833070920e+01
-2.554571895700560447e+02
-1.321426731162472379e+02
-1.813664858411096077e+02
-1.867442290978333119e+02
-4.028615011163500412e+02
5.186599751315638684e+01
1.274246705294022632e+02
-1.047484423744716082e+02
-9.118059019095732083e+02
-1.766756518844754851e+02
2.299603575295049893e+02
-9.375376906933664145e+01
-1.155643172925638737e+03
-6.658547208336910899e+02
-8.751287311229233978e+01
1.834782156996877518e+02
-5.986813862993042676e+03
-4.050396401168253760e+03
-2.459340916213298271e+02
-2.293448565359517772e+02
-1.041140018700327801e+03
-3.884627235162354282e+02
2.081952565630082930e+01
1.347816110256117099e+02
-2.345559818994946113e+02
-2.250639172915377912e+02
-1.174814258332956030e+01
2.419940805566992594e+02
-7.000578510990521863e+01
-1.201091564126068789e+02
-1.565235863578836017e+02
-7.404314825509493403e+01
-3.253539926439881356e+02
-6.713330864659265274e+01
1.314738405946539146e+01
-2.205239430975812454e+01
-6.212373414810699614e+02
8.280044492377257370e+01
2.141363873336338486e+02
-2.503733601244617191e+00
-6.900528525101187824e+02
-3.628445625202317615e+02
9.200973826378302078e+01
3.248990574892334280e+02
-2.266185728710908265e+01
-8.084561967639384505e+00
-1.064326009038490497e+02
-1.540822300857384697e+01
-4.370387982084999976e+02
-2.563749399775982738e+02
-1.775271521797067749e+02
-5.961856033824411583e+01
-2.259052532573287522e+02
-6.001861334898950417e+01
5.978167123857282661e+01
1.834584446421268069e+02
-4.217248152617896153e+02
-5.114133957981981098e+02
-4.250687714638176544e+02
-6.425278556958080856e+01
-8.909817652498648499e+01
-1.443009705727488168e+01
-6.380397460144970978e+01
4.866139052804204823e+01
-2.081258551804972683e+02
1.881426453656455422e+01
-4.467315313618699690e+01
-2.852117711702204872e+01
-3.597133299748427930e+02
-1.664974961804095415e+02
-1.168944014140355847e+02
6.503217745965794450e+01
-7.021675292048581696e+01
2.945436187860245525e+01
-1.583050272430081762e+01
-1.397887303498886808e+02
-4.256256999032377735e+02
-1.300678654065879698e+02
2.424820258539073947e+01
1.927262840818851828e+02
-2.281758411026078477e+02
-1.958154497597972181e+02
-9.366213681982105754e+01
1.166786023605234703e+02
8.074232258271067053e+00
5.965617681109091563e+01
-2.313917414872261702e+01
-3.931098966647588178e-01
-2.358963022329077432e+02
-1.241842319988956262e+02
-1.312892844870015949e+02
-2.370827650690789028e+02
-3.091137328236580970e+02
-2.670265756279022895e+01
1.583701656507059568e+02
1.353040387067537722e+02
-3.885434914222808516e+02
-3.411040057050787482e+02
-2.013184550905082801e+02
-5.903759976212937799e-01
-1.521434636081300766e+02
6.324279175767426864e+01
-3.450572774148096755e+01
-1.427130516088383274e+02
-4.543317175461265265e+02
-1.113378220773669938e+02
1.959146120500152506e+02
1.222917390180614916e+02
-4.006238184482044744e+02
-3.594083045852138412e+02
-4.251082843427121105e+01
2.444720946581653465e+01
-2.259130851761106271e+02
-1.872993333433155954e+02
-6.253658126739698275e+01
6.694869807865059386e+01
-2.397394008040817539e+02
-1.548563432958667079e+02
-6.292846926885238901e+01
5.306319860597594840e+01
-8.497818649042447703e+01
-8.199298737727913533e+01
1.420250635844850251e+01
7.081770892126218087e+01
-1.396715888395007710e+02
-1.518350220820219647e+02
-1.968841646691847131e+02
-1.229414198081795746e+02
-2.511606914647027509e+02
-2.433785006560194688e+02
-1.104941601435286174e+02
-4.031728980824355091e+01
-2.484076737187976960e+02
-6.691555092881199585e+01
3.936624448530411513e+01
1.440770567427579181e+02
-8.444848909855926422e+01
-1.249647307540400334e+02
-9.215577392647257682e+01
-5.797527006765781010e+01
-2.837851425965832277e+02
-1.299295487788466801e+02
1.136545529682993134e+02
1.805452943503432266e+02
-1.508099192656034404e+02
-2.543780692599933673e+02
-1.808046492534895719e+02
-2.396176334409559061e+01
-8.605650090402032504e+01
-5.170117024846184961e+01
-5.831581932563677384e+01
-2.497356935585058935e+01
-8.539722611812361208e+01
-1.875959732427470783e+01
-2.156879063205196445e+01
-3.625783974522889253e+01
-1.673721306068189563e+02
-3.136349168467970117e+01
-3.714950013561711728e+01
-7.050923487529500733e+01
-2.256000038163935528e+02
-1.129287089458329945e+02
4.724897818709687414e+01
4.453772442318689428e+01
-1.115818133214199293e+02
-1.103533965336750668e+02
-2.176321709093932455e+01
3.364898163081586802e+01
-8.437913498870616991e+01
-5.815294392651888700e+01
-1.166520954262676213e+01
7.886608622886038233e+01
-4.923365361328683321e+01
-3.528629662616857843e+01
-6.113792851211909607e+01
-7.656477268840022532e+01
-1.369969904392465878e+02
-3.707869955393394434e+01
2.631279258986698721e+01
2.763100686325237376e+01
-1.237484026376383923e+02
-8.624902945006090249e+01
-3.256313384293727609e+01
-1.012252504959369048e+01
-1.302727551767783325e+02
-8.259652364592379570e+01
-3.430644738943347960e+01
3.969147172972694193e+01
-4.759730216578210360e+01
-3.808523443464068237e+01
-3.332549980849669424e+01
-3.324017092631816439e+01
-1.152671503972478888e+02
-3.330643336069834870e+00
7.381832236199673503e+01
1.236392675236007506e+02
-1.962365099007537239e+01
-3.132158055485716019e+01
-2.225019505526950780e+01
-2.342675447618343298e+01
-8.293243645564230349e+01
-4.021581790459251948e+01
-1.245022082325509061e+01
-4.032757869540995443e+01
-1.261509117720767961e+02
-2.719413799217787897e+01
3.874289537757420465e+00
8.355223451292714820e-01
-1.035493204729371826e+02
-3.257399045681787442e+01
9.093109065292450666e+00
-1.268238642129974991e+01
-1.291466748189598377e+02
-5.776643946827068987e+01
1.522248548943705693e+01
1.626942807440756056e+01
-9.663642804470721615e+01
-6.513203454884973098e+01
-1.284100985016597107e+01
2.919665221210247452e+01
-6.345199763722655462e+01
3.561371097897563676e+00
1.717758902843394964e+01
-2.595202234450325562e+01
-1.332664820525497191e+02
-5.798108187810867520e+01
1.511048093509567103e+01
-4.728014423636635044e+00
-1.024269524493232950e+02
-5.923336611099693982e+01
1.927045722728066579e+01
3.287929866095146991e+01
-3.927988448613159278e+01
1.532188265010117734e+00
4.053143423413607849e+01
4.261118785909117435e+01
-5.045041132026045716e+01
-4.242203700926370402e+01
-1.101193993298479112e+00
1.905017283015673968e+01
-3.101203833567088353e+01
-6.625277025789290342e+00
5.842422983142884441e+00
2.760893303535225130e+01
-2.700230198269911597e+01
-8.858280625093312821e+00
4.670432505045530291e+01
4.746358463923478865e+01
-1.337870768622205553e+01
-1.557746414050310868e+01
6.089549601416964109e+00
3.768178033939308591e+01
-1.293671902214387970e+01
7.466135098862438646e+00
1.470804922726617470e+01
3.014702371901712041e+01
-7.006585516481006692e+00
2.005113813587002269e+01
3.192551324895105225e+01
2.392027679037431298e+01
-2.330019834518704158e+01
3.349140210559825448e+01
5.988691004457887601e+01
4.532714925058743205e+01
-2.021214517354737339e+01
1.407278317369964959e+01
4.500382858262520358e+01
5.489324110796461298e+01
-8.872627942307225624e+00
1.725125506837978406e+01
4.285703791621691039e+01
4.635602737409615060e+01
-3.924874808819958538e+00
2.393775345492202433e+01
3.703514346124061518e+01
5.046078538067776975e+01
7.740897067083003513e+00
2.413057612229150450e+01
3.879272630128165389e+01
3.574902107392893669e+01
4.832669858645410876e+00
3.421261169367759436e+01
4.539230935853942128e+01
5.067159781959110632e+01
2.680428045201035303e+01
5.871097976673640773e+01
6.094642436530114082e+01
3.804728002550064758e+01
6.162377072368037112e+00
5.620124067912870203e+01
7.843005969206848249e+01
6.116531818992491765e+01
9.960376916302012162e+00
3.864762326102761136e+01
7.977773812081652238e+01
8.775352567765892786e+01
4.179702716950514940e+01
6.346418288826478715e+01
7.687261618467078961e+01
7.506900454598387284e+01
4.414427010285182007e+01
6.601248211611401473e+01
7.848077049050175447e+01
8.355390395827285488e+01
4.257124771810733677e+01
7.062764785399251366e+01
1.028683453146437472e+02
1.055732566753766690e+02
6.714724903388649579e+01
6.196464176183318529e+01
9.993110350468690228e+01
1.384022592890191561e+02
1.257450883784590445e+02
1.411477169899238220e+02
1.345197830583738323e+02
1.250505322171250810e+02
7.904169323547495196e+01
8.592470883824312011e+01
1.088590306997037942e+02
1.148635879590709976e+02
7.210081235655070486e+01
7.379193576262372289e+01
8.646438371426532399e+01
9.095946222242855583e+01
6.776804385164940925e+01
8.507180662458233655e+01
1.059781284729978239e+02
1.125756568717480661e+02
7.591947734838372241e+01
7.586759706290919780e+01
8.483883054877682639e+01
9.465612985337725149e+01
8.112344158159264396e+01
9.693761944965926602e+01
1.113925420391400252e+02
1.120798790363671174e+02
8.148055296679208936e+01
8.801495104773381684e+01
9.409781577272829622e+01
9.427722665388724010e+01
7.266082379079439590e+01
7.960404383381603566e+01
8.909152863167595626e+01
8.804040462039154136e+01
6.752265891445374280e+01
7.435474195665426578e+01
8.694133826731282966e+01
9.502197689102304423e+01
8.133958787793429224e+01
8.173304345985408759e+01
6.986135940214774109e+01
5.824925063727704355e+01
4.388649715013423247e+01
6.660356028494955183e+01
8.395292134896313030e+01
8.258076618934533997e+01
5.513894597212961912e+01
6.121830729981669350e+01
7.243627677479683769e+01
6.886342620015423677e+01
3.668510701941863061e+01
3.730588650213660884e+01
5.286441555218485888e+01
5.080591123169202916e+01
3.421444278986751186e+01
4.233710414455918425e+01
5.551724865195621561e+01
4.862957516178717299e+01
1.604958903552503813e+01
2.161899305967913776e+01
3.921731777959146115e+01
4.591522816825596465e+01
3.203328402970524280e+01
3.831415636428437210e+01
3.774890639824397454e+01
2.423238734009570905e+01
7.024020050671016868e+00
2.883588020690253018e+01
4.145620077403336978e+01
3.579415678501563036e+01
9.169195526277221120e+00
2.095559989201222706e+01
2.919692681295271441e+01
2.526658765917659011e+01
1.946124748890177614e+00
1.349031656097284504e+01
2.437255172527948943e+01
2.513894218173930994e+01
4.575973514865733449e+00
1.389072023212197493e+01
2.701567334900717299e+01
3.031705353201929753e+01
7.141297860765222438e+00
7.328851191403757070e+00
1.072645440850490317e+01
1.988706679180585013e+01
1.220728237989357012e+01
2.493123750668229022e+01
2.539210373426351453e+01
1.857165511864502605e+01
-3.147738759838309974e+00
3.236209936861771386e+00
1.449454954493672432e+01
1.933553025554698124e+01
7.570637810622258712e+00
1.262188773279852150e+01
2.034062993889053317e+01
1.846543279109155122e+01
5.174220517163354849e+00
8.006985969599444530e+00
9.841542520876927824e+00
8.343859791383330560e+00
-4.516944691388800059e+00
7.466915355883640970e+00
2.076470474492235496e+01
2.052361936868284431e+01
4.429607997592026614e+00
4.078485062557101415e+00
6.332764024600688657e+00
7.962409879655806044e+00
8.426637541078841886e-01
1.215023653696105121e+01
2.044873232108630035e+01
1.082875729986288604e+01
-8.140678851250733317e+00
-2.905929809488419391e+00
9.869457275403584973e+00
1.530112003339261406e+01
3.983536587901964410e+00
1.555743655794659119e+00
5.438130630270713084e+00
8.018321479379970640e+00
8.149583339358040801e-01
3.205727560142623389e+00
4.111049733578310494e+00
8.253391023427996132e+00
7.660886281370465234e+00
9.182503483950471335e+00
8.079993390587517865e+00
5.485309080669042991e+00
-2.263050270580885481e+00
2.961071767589630088e+00
3.747545460107594817e+00
4.398704025183379329e+00
-3.389596047499902731e+00
3.988614616731646301e+00
8.959078777409171579e+00
1.020398443041035819e+01
7.059955431806942405e-01
3.547128431805224746e+00
5.511296344385407942e+00
2.559974999831785780e+00
-5.779836333654355229e+00
2.919164790426342915e+00
1.183270537781286791e+01
1.233972455628825138e+01
1.035878278263216989e+00
3.477968949664244747e+00
6.205619888641551896e+00
4.240357774493711318e+00
-2.564732792920819016e+00
3.268116287502706552e+00
8.930980291008197014e+00
6.201806007094680773e+00
-3.384163430639156367e+00
-3.938283417076285930e-01
4.325389728487363250e+00
3.494798535244554749e+00
-1.060400643239287177e+00
5.484013531176880285e+00
8.934519658725774249e+00
4.570218899014462544e+00
-5.758510380750233359e+00
-8.793048209238724794e-03
5.872028940090365801e+00
6.722248046101041652e+00
-7.762153071983246555e-01
-1.814574818430972902e-01
6.430515704345979522e+00
8.123849787657180244e+00
1.585302306615336443e+00
2.187693303566149439e-01
-9.237366398499026188e-01
-8.738733775946652127e-01
-1.776850174638557878e+00
5.818309894704649210e+00
1.093022045087265859e+01
8.923320656919379701e+00
-1.638278180107116233e+00
-1.920801135103725743e+00
4.590812600704603952e+00
1.007697015529254259e+01
6.733231548502327080e+00
7.575397201029949734e+00
5.977462893299112068e+00
6.756528067390101810e+00
1.900059857824277776e+00
5.128499196495461376e+00
8.803045854719147911e+00
9.585753026607720884e+00
4.519810191018831524e+00
5.668335123054650815e+00
8.003467523627005420e+00
9.150453634372922807e+00
2.959600541711795874e+00
3.737238891681380348e+00
6.896696045700835498e+00
1.084860044255462697e+01
7.634762439234829223e+00
7.863963879451474348e+00
8.206115828376912447e+00
7.263187812943840527e+00
4.312261828825893595e+00
8.139301257013604740e+00
1.202375000865339416e+01
1.180714025731309036e+01
6.354077266812868885e+00
7.422932471913273211e+00
9.915928613434967787e+00
9.933838049542307758e+00
5.337298670535518319e+00
6.241623932915223882e+00
1.030250857801594755e+01
1.131899689502784057e+01
6.435809919144831248e+00
7.511592584809242190e+00
7.612321972632935640e+00
8.226821899490767365e+00
4.943964139320679685e+00
8.213119381223975779e+00
1.220552253417234212e+01
1.155337203749050978e+01
6.125917394733840560e+00
8.132704451238124577e+00
1.031903691141117108e+01
9.495526874949154816e+00
5.877067329913287175e+00
7.957231227504435012e+00
1.032307855257938201e+01
8.915719317827761614e+00
5.394884116898153614e+00
8.469060267627579464e+00
1.140177141138735273e+01
1.090237627962537914e+01
6.434207779714747666e+00
7.996875482013433789e+00
1.050936208849992859e+01
9.416819787113656304e+00
5.755332027412960905e+00
5.958556151449615257e+00
9.101553070702957271e+00
1.007827012361929597e+01
7.355547385950928607e+00
7.986879057380275704e+00
8.810261485269114345e+00
8.430287762927280326e+00
5.489156697228892767e+00
8.226919697381021024e+00
1.037597620548527644e+01
1.017756679726533520e+01
6.879248628628673146e+00
8.320916354406536541e+00
9.824505033697997547e+00
8.242516336072455374e+00
4.955259664697506672e+00
7.215273157896586298e+00
9.793736295172406514e+00
1.001536092083656548e+01
7.073264226438706004e+00
8.634067700555613456e+00
9.704576238617464767e+00
8.583046073051844971e+00
5.577264361342455068e+00
7.823502765075318166e+00
1.015673228447990084e+01
1.022299970831239335e+01
6.173668943421950495e+00
6.529305074062930814e+00
8.203807976434017490e+00
8.638232448730253310e+00
7.338505896351598778e+00
9.829948537024911559e+00
1.106274933008363348e+01
1.012787947079671547e+01
5.893288568499777114e+00
7.800736129934408680e+00
1.031510403200303116e+01
9.822210050594994968e+00
7.603002675088760931e+00
9.169356818970557654e+00
1.094697848495946069e+01
9.647449250158610212e+00
5.835785667009627531e+00
7.657374948048691010e+00
1.066438763558019609e+01
1.142347194656135656e+01
8.154688049789433180e+00
8.845229154846414588e+00
9.352092971119013498e+00
1.020728161579198989e+01
8.144600353418423921e+00
9.266525510464251880e+00
1.039046275426177246e+01
9.983338927981478150e+00
8.038790948672648540e+00
9.028618514582117172e+00
9.535513268129697906e+00
9.934850118682190256e+00
7.497767570095800416e+00
8.959012302827918717e+00
1.065948962787806309e+01
1.073862431102477721e+01
8.816138562892009034e+00
8.851477410578569405e+00
9.273506382776067980e+00
1.088276335611544887e+01
8.755398065851975886e+00
9.665556526287328865e+00
1.047832163436136454e+01
1.073043850225257501e+01
9.272426495763237853e+00
1.051050026948202110e+01
1.139740795893014891e+01
1.027801879352312042e+01
7.751428458984517711e+00
8.614070120745481063e+00
1.084012492089219037e+01
1.105815415590802075e+01
8.749508209454420538e+00
9.674367200144216028e+00
1.043673501236441581e+01
9.916609515336125114e+00
7.760611187433156921e+00
9.392713290440337204e+00
1.069604022311324698e+01
1.022905455560164434e+01
8.090481423368158787e+00
9.583050848667570065e+00
1.110742322326380460e+01
1.119232626171574552e+01
8.271625371457620446e+00
9.076279789480754090e+00
9.696959852306664018e+00
9.351228430079611798e+00
7.817818209718505607e+00
9.167470370496003440e+00
1.064590277255494577e+01
1.069552113303040208e+01
8.744307902538167809e+00
9.532392028088949587e+00
1.028106355406144701e+01
9.854121230684480537e+00
8.227109226103967998e+00
9.444831328024987371e+00
1.087407884515103262e+01
1.001894767266032815e+01
8.146209619593561158e+00
8.797328415889978714e+00
9.973060255469590629e+00
1.017534125463262917e+01
7.897483511507256360e+00
9.510387144265981973e+00
9.874456520900224632e+00
9.009667741254375528e+00
7.316870664586590856e+00
8.927732886321933847e+00
1.096042436817863042e+01
1.040139110203876882e+01
7.871512630482311756e+00
8.640400328127336493e+00
9.886232136411448934e+00
9.359409524538889968e+00
7.660729542451701235e+00
8.420312841514887126e+00
9.381068725284148258e+00
9.691546916347819618e+00
8.352977715534192882e+00
9.160977534771790332e+00
9.611131485324232671e+00
9.199216556479377971e+00
7.965056909015091335e+00
8.669642080825461505e+00
9.614278020356103127e+00
9.291218788328794886e+00
8.169165883694072150e+00
9.376066009004929924e+00
9.971828083169141266e+00
9.873918480926445085e+00
7.914702820439285524e+00
8.637945389227491333e+00
9.798516844757847011e+00
9.670183200075896934e+00
7.712084909099796270e+00
8.417491403936541161e+00
8.911527042398045495e+00
8.730159556166434243e+00
7.565402079097204968e+00
8.807595536548481263e+00
9.553554831333546105e+00
8.707840214762779141e+00
6.679707158502148800e+00
8.543170128880966274e+00
1.010933699367994443e+01
1.020021369524476995e+01
7.763950272287854837e+00
8.132782074519502302e+00
9.069236589377521085e+00
9.479067848083579051e+00
8.887318093803925123e+00
9.608763337632701962e+00
1.040033964033347580e+01
9.996192867213693489e+00
8.465579894682379702e+00
9.466770801326829243e+00
1.093003330728316591e+01
1.139226667608471644e+01
1.043711916365454506e+01
1.167501901754591032e+01
1.359081597875819725e+01
1.429678061183848037e+01
1.302915049664713898e+01
1.384713461741994323e+01
1.531421680521673423e+01
1.624747025940666134e+01
1.585984118640369722e+01
1.718337313876701344e+01
1.787767529786051668e+01
1.733939425623583475e+01
1.518992527705677631e+01
1.602362471382428311e+01
1.687951531489184021e+01
1.661875590998754149e+01
1.476365438298360111e+01
1.533268905400185922e+01
1.674423810008263303e+01
1.683438930341281647e+01
1.578517000503168433e+01
1.681572189918822247e+01
1.735429578766386527e+01
1.540535170756360905e+01
1.180132123301999414e+01
1.062363155697511807e+01
1.057518954452481452e+01
9.794914698933554931e+00
7.657595239231102191e+00
8.435715741049738980e+00
9.481899668691704974e+00
1.000137553581286198e+01
8.824514067453916866e+00
8.982866735129466207e+00
9.838302825562113441e+00
1.040794229426386508e+01
9.114975304867956041e+00
9.125018226861369541e+00
8.842301533403926328e+00
8.954013840303957750e+00
7.967614873476454029e+00
8.681620002942302960e+00
9.353968815875184362e+00
9.368125383131870265e+00
7.824810976051504774e+00
8.167493629924896581e+00
8.447970946904318268e+00
7.915174828392208539e+00
6.705198949407278342e+00
7.923453153999322929e+00
8.626424042669254888e+00
8.486841950650886091e+00
6.646833957941696625e+00
6.988384132579783525e+00
8.443080218134259241e+00
8.470082493831606385e+00
6.641648113907073991e+00
6.548242666380291510e+00
6.994776315785284915e+00
7.476382820229590997e+00
6.677586505140464368e+00
6.771585593478363307e+00
7.119856177541574738e+00
7.621230843274319433e+00
6.166090771710268648e+00
6.479122061154867218e+00
6.689003934018621145e+00
6.629875165387170810e+00
5.818889306390543581e+00
6.064341842013899253e+00
6.833315366656274037e+00
6.967151549828829005e+00
5.973147076014249102e+00
6.543540428130737219e+00
7.173758430986435286e+00
7.197192676023891345e+00
6.004598644160558329e+00
6.469127518087996798e+00
6.739166391426711478e+00
6.532612684991697449e+00
5.434094687340820684e+00
6.319151556167257766e+00
7.234465547949287867e+00
6.983401424179896289e+00
5.397683256275014330e+00
5.726540188558304045e+00
5.953787559686244180e+00
6.220031214626105864e+00
5.503431093913155436e+00
6.756433356505923804e+00
6.879532288618761982e+00
6.076118471067387006e+00
4.481713889302360698e+00
5.214094741019336787e+00
6.288910873559281356e+00
6.642939294777026937e+00
5.944380596028562280e+00
6.341160186827218936e+00
6.397794285686708271e+00
5.663867830344270438e+00
4.414147091373768816e+00
5.355487940704922067e+00
6.258274045418597886e+00
6.103910659873919897e+00
4.995044407137080533e+00
5.220708221322013287e+00
6.153520253433820031e+00
6.684830719791358788e+00
5.086186249014102323e+00
4.757228866362136266e+00
4.886739435206716387e+00
5.278044176733808435e+00
5.093255342959611021e+00
5.714596468372242555e+00
5.857156281970881118e+00
6.049699637785364459e+00
4.778143204500454821e+00
4.627035334651659504e+00
4.909728637296518983e+00
5.198002395965390932e+00
5.099989924197579683e+00
6.043988203496788891e+00
6.033149604114538711e+00
5.634081417524207325e+00
4.270152483787156505e+00
4.864132947051514222e+00
5.335306595681814201e+00
5.104888765322545652e+00
4.602777450869953491e+00
5.307046220859150232e+00
5.674801427361359174e+00
5.500178149253112103e+00
4.280704438706370851e+00
4.816073539582744090e+00
5.177755777119527281e+00
4.795100365674379361e+00
4.204606472251214200e+00
5.278879330045501028e+00
6.082162362013812107e+00
6.493564423791900353e+00
5.089233918567457771e+00
5.107325926895414092e+00
5.428743544274333033e+00
5.411111090360638975e+00
4.830243953751530483e+00
5.084156073946412668e+00
5.376546772970767663e+00
5.452782835742951306e+00
4.622752679717649471e+00
5.342851293219396780e+00
5.810461148728226277e+00
6.421113582089788885e+00
5.676745745892214146e+00
5.696070972675078892e+00
5.609844383196556095e+00
5.529543819866344911e+00
4.594362008265301611e+00
4.917629501384837454e+00
5.571653411983839455e+00
6.130313909845622078e+00
5.116452831969044546e+00
4.849919325291190297e+00
5.162143420853408493e+00
5.685111403894336668e+00
5.284281847751461925e+00
5.605919790945629977e+00
5.806681149638181161e+00
6.083112515180085111e+00
5.394778030392155976e+00
5.611847086248968886e+00
5.676738109066444160e+00
5.412961755537851083e+00
4.976264532202083757e+00
5.299885711274852085e+00
5.511043215861468170e+00
5.241112434992557745e+00
4.639620429505790788e+00
5.272428394806755847e+00
5.470197954893023962e+00
5.597669582753602491e+00
4.949630884148661814e+00
5.798278584963543203e+00
6.321193640662576385e+00
6.063526441946688550e+00
5.188860043544330836e+00
5.757286171195437952e+00
5.911389098111828666e+00
5.743969263893155208e+00
4.232271332613458448e+00
4.493693888505250200e+00
4.916649287096952925e+00
5.037441369421594040e+00
4.664862700732889778e+00
5.369420063332602133e+00
5.705369525905236827e+00
5.099193802155267186e+00
3.932544160224949792e+00
4.216066502260874316e+00
4.839102061693915324e+00
4.913025859018424590e+00
4.126751336709335582e+00
4.403036365153210951e+00
4.742631681520422582e+00
5.138047890286001618e+00
4.719260791801980659e+00
4.947027366227854550e+00
4.810818887661422849e+00
4.448429796147005177e+00
3.507237438799865714e+00
3.828156897377950063e+00
4.074790249445700674e+00
4.212625304170020790e+00
3.556958182941305502e+00
3.733656761415030889e+00
3.976473972369614085e+00
4.238144244981553399e+00
3.676088974102816653e+00
4.041436632957580599e+00
4.222765790551310516e+00
3.792307464479032220e+00
3.052686445275980542e+00
3.671356227751664925e+00
4.123538548513396407e+00
4.171999663849449647e+00
3.164234558663327590e+00
3.516257982020120298e+00
4.180981267039395988e+00
4.574020170807616914e+00
3.747802388694585041e+00
3.786587400002835668e+00
4.001400470042288049e+00
4.207975087831147043e+00
3.768023665681435652e+00
3.790448229617970011e+00
3.898684427915207085e+00
3.822628725401460592e+00
2.907849960121871913e+00
3.248066120170608695e+00
3.464717543343886152e+00
3.454923294217710605e+00
2.632141195929061261e+00
2.924577432238270713e+00
3.455949999708971099e+00
3.399552046106197878e+00
2.533558877129696629e+00
3.003563963456352237e+00
3.577005635731716371e+00
3.740873487462005986e+00
2.926230258633150783e+00
2.926399046712496510e+00
3.264394854449748529e+00
3.333699506034029092e+00
2.687203127626944354e+00
2.961625095632475446e+00
3.327232823361562897e+00
3.738377868481121968e+00
3.148417306082822442e+00
3.511152717368197340e+00
3.469830729959776150e+00
3.518574101582492730e+00
2.921021574896780049e+00
3.148281342287532869e+00
3.308437687071441147e+00
3.345866934969150108e+00
2.879895918383075237e+00
3.583649851704222122e+00
4.144537361906540873e+00
4.739909061148206426e+00
4.496673717534141801e+00
5.390550261256958464e+00
6.433052241122877213e+00
7.415098100128663106e+00
8.286425190016998954e+00
9.957323191041902888e+00
1.152990433045039786e+01
1.260172341858809375e+01
1.270058399527583681e+01
1.298660196188028593e+01
1.243714538548927173e+01
1.083827886982736466e+01
8.465623406914229321e+00
7.396769438882168757e+00
6.760349314365920570e+00
6.301248048757005726e+00
5.444381336434394036e+00
5.506003929092846860e+00
5.635540969224499541e+00
5.358456637207186901e+00
4.545146112472613353e+00
4.742159732933357574e+00
4.797828457448678918e+00
4.574654509237811695e+00
3.595211379204261704e+00
3.747178962100866872e+00
3.857898357177680815e+00
3.599816622104476949e+00
2.612956990317154116e+00
2.888033223332653332e+00
3.287338549625161033e+00
3.406353488929645401e+00
2.656391621458837005e+00
2.725459503599362510e+00
2.874467533403785247e+00
2.873262957508814441e+00
2.146268885410439253e+00
2.436259759745759812e+00
3.260475207334589509e+00
3.655520105376676820e+00
2.846516326503830463e+00
2.411164285030159782e+00
2.171944928084651227e+00
2.743636291088174861e+00
2.845403484701051422e+00
3.232076892303047178e+00
3.174748804306632533e+00
2.966166881011140788e+00
2.079673865931563448e+00
2.193223023582371756e+00
2.531072415828408140e+00
3.013441839332290595e+00
2.541933401145524130e+00
2.451779204456703276e+00
2.296129768338775357e+00
2.435096930586363229e+00
2.078145874326579268e+00
2.352041937138243721e+00
2.565617942044548183e+00
2.494246444938578389e+00
2.052542836442888596e+00
2.594772728309366894e+00
2.956018171252829951e+00
2.571485675187267006e+00
1.392041242411999447e+00
1.625462126371617355e+00
2.409259338888557256e+00
3.098924306188579614e+00
2.320441651444309361e+00
2.149754440781534104e+00
2.012089953154093891e+00
2.252223311185910681e+00
1.839341601211716304e+00
2.113826667549216776e+00
2.349029704647171535e+00
2.237765802305688556e+00
1.644434837554522133e+00
1.921824818294824322e+00
2.537470935118646853e+00
2.710680678604065363e+00
1.815799751650199800e+00
2.014484731594338829e+00
2.440718011930848697e+00
3.155569724354292838e+00
2.712671905411743190e+00
2.671815623442066023e+00
2.582585491725553073e+00
2.557184471970574968e+00
1.969065331311879774e+00
1.987854552785531581e+00
1.943751322886694055e+00
1.682930791669283721e+00
1.212857944444317271e+00
1.606571154082401698e+00
2.064384708080433395e+00
2.170398224255446262e+00
1.264306676216170766e+00
1.230544986170758692e+00
1.294167816168074081e+00
1.440772344669653870e+00
1.162095106643119991e+00
1.463511344072186526e+00
1.837227567619741153e+00
1.749004052088745320e+00
1.034289400972840944e+00
1.168174974705780134e+00
1.438258624016713894e+00
1.507686237766340254e+00
1.254182716832897171e+00
1.712136643616468668e+00
2.157127034637797092e+00
1.822750867708311961e+00
6.245739874044494711e-01
8.526145500470648786e-01
1.494664389518008507e+00
1.909329399641690239e+00
1.480760572038531730e+00
1.411422983269354336e+00
1.481436048810383488e+00
1.340169155255054756e+00
4.488179047130926858e-01
6.120529108771352034e-01
1.085567121580884198e+00
1.596059671319195461e+00
1.453644486179294981e+00
1.478966578563313927e+00
1.356285379677458325e+00
1.355914109260113687e+00
8.389443293146729985e-01
1.135326120275278239e+00
1.138658413084869814e+00
8.715445232821559252e-01
3.703661365664469574e-01
1.031872839537789854e+00
1.769144012141659283e+00
1.942336867547833412e+00
1.202536661148945640e+00
1.323650262320639204e+00
1.513143392961563416e+00
1.274623375155693017e+00
6.512609118724528301e-01
1.027303877969275581e+00
1.500597307258779711e+00
1.488197012961028465e+00
6.831750672140851632e-01
9.475421567714276128e-01
1.305235273684643316e+00
1.132817771255379080e+00
3.960221333418802447e-01
7.253960407261099697e-01
1.346131562318812591e+00
1.620352556587726145e+00
8.340298852694922882e-01
1.054031171208895667e+00
1.180266475705788132e+00
9.441394326043213159e-01
4.384243988151977911e-01
1.025517817336411674e+00
1.709849090388518178e+00
1.712552391301465304e+00
9.358967558423365585e-01
1.112326516734450710e+00
1.348299088848502025e+00
1.149765679710924138e+00
8.527032227859547842e-01
1.166037877601309836e+00
1.554531430730486052e+00
1.267808266651826665e+00
4.533289032300482080e-01
6.689058764967498183e-01
9.739352870419724084e-01
1.282577587038023603e+00
8.658399525106553751e-01
7.718812848828420226e-01
8.710015799678842985e-01
1.073075807667243531e+00
8.739052688662461987e-01
1.262489901683184534e+00
9.643699975268152924e-01
6.640311770524587320e-01
2.354365740078621372e-01
6.843346193502697350e-01
1.178622499573383831e+00
1.285049275639034150e+00
6.269422775728896724e-01
9.077803341304179208e-01
9.652504536327802809e-01
8.770984521173906812e-01
4.620158952413243036e-01
8.378345975569517767e-01
9.619949297826968504e-01
7.144633547596038747e-01
1.413003491325051375e-01
5.615146218060830252e-01
1.033600037661773552e+00
1.027555850255672754e+00
2.494731323655115796e-01
2.814791448999752754e-01
7.365853865942367795e-01
1.193318232679656088e+00
7.532899634981276016e-01
7.730628785201164588e-01
7.302278362791738697e-01
7.508580077128363950e-01
3.303189778885948225e-01
4.982540267156536085e-01
8.269686202330424063e-01
8.509604409838879002e-01
3.890542237505472678e-01
7.826762426785246474e-01
1.194399192836009593e+00
1.105086584368448088e+00
5.411204217167315811e-01
8.470622839965354922e-01
1.066379638521410156e+00
6.620738217639678957e-01
-3.154831730927693534e-01
1.242509885631858935e-01
7.660726217995906806e-01
1.044845840125367298e+00
4.666228906184909930e-01
4.287016006325455875e-01
6.423265210504716105e-01
8.043065743579835836e-01
2.039430282774658543e-01
4.583617434032526416e-01
5.256376607500502507e-01
4.833025554766347542e-01
2.212037641145484790e-01
5.572940183849739437e-01
6.667739095755502721e-01
4.724724881553659106e-01
-1.052673280395509253e-01
4.418566939024866635e-01
9.640217987395135468e-01
7.968400928094341307e-01
1.062126939586567620e-01
4.469441392541153024e-01
1.123627880160137593e+00
1.137225028341549260e+00
1.583017203659600192e-01
3.905260074502542866e-01
8.297294826662536815e-01
1.120031355771973436e+00
5.184745098849580236e-01
3.921381862755949910e-01
5.799372662558440750e-01
6.771320487693566204e-01
8.676722453876242747e-02
3.042960776885674790e-01
4.262058567194828007e-01
3.929255707915469964e-01
-1.114066169910390147e-01
3.609172687873533070e-01
8.130491545029732148e-01
8.903881735674147313e-01
-1.166963068755881294e-01
7.970808288600025188e-03
7.298361852647761161e-01
1.294877558292609088e+00
4.569758296695349276e-01
7.448204406153931256e-02
1.906401378036490513e-01
7.169673765187560832e-01
2.805301666090588841e-01
3.140158330101185946e-01
6.382311456589419008e-01
6.681110763301394417e-01
-1.230236731235403308e-01
-1.268552258000745780e-01
2.296090607026889663e-01
6.577720773235542495e-01
1.317468576234619160e-01
-5.373532753986946103e-02
-8.302632739136327489e-01
3.296543497328452421e-02
1.927612429243173997e+00
2.716857874788559890e+00
2.209544421799753078e+00
-2.188843997076563297e-01
-1.024297770841652522e+00
-1.661424729023602276e-01
2.869262844417573288e-01
6.067729024938989246e-01
1.007995105809933734e-01
3.241577224961794124e-01
4.064387671465600760e-01
2.993441755139132909e-01
-2.739016325850963107e-01
-6.701133651054361207e-02
5.025402980645126139e-01
7.972341931155842998e-01
6.573984320749227950e-02
4.298856793466153403e-02
1.828375777224860721e-01
3.969034834188338579e-01
-5.684096871602824230e-02
1.289019646285150533e-01
5.957666973905528796e-01
7.947888145144389460e-01
2.259191044215808353e-01
2.867400646842345191e-01
6.333055647885615924e-01
6.193363928933363072e-01
-5.916912695694982738e-02
7.767781686066780938e-04
4.152112729951192849e-01
7.737747427670419453e-01
1.182580071334629335e-01
1.158498660437260463e-01
4.189450947269156567e-01
6.509365299246909764e-01
9.685585746028166354e-02
1.384798926229082738e-01
3.358669675938662502e-01
4.861438742258346601e-01
-8.791397973064976612e-02
1.477250901959956675e-01
2.848982840784075043e-01
2.973956930452679726e-01
-3.109852731059523090e-01
2.622498348975822458e-01
8.140202592545903171e-01
8.229064092466428226e-01
-2.796164806649224510e-01
-1.350793046159499688e-01
4.101027160700867480e-01
6.428793984385932081e-01
-9.981389681906392697e-02
-1.612867920336553615e-02
3.224085517774021858e-01
5.284921590541915570e-01
1.010582686285017850e-01
3.139262015746570600e-01
5.350435989987198937e-01
4.876519898830005695e-01
-4.148135525451892569e-01
-3.607820625961932204e-01
3.019844456661923693e-01
7.207377766822081755e-01
1.299995599435459781e-01
5.738478017826504490e-02
1.082530332438702003e-01
1.830973882051136203e-01
-4.794068695138567482e-02
3.833076564445893064e-01
4.056956784127752069e-01
1.421488466832684094e-01
-6.658619540049320884e-01
-1.673624317283068652e-01
6.697749668101092846e-01
7.034853027832822514e-01
-9.226873281401298810e-02
-6.092352960329595023e-03
2.361556936654936878e-01
4.558299499063098170e-01
-1.143749488713384499e-01
-1.070713810392635162e-01
-1.045252012192038338e-01
2.093971726215665408e-01
-1.255205742135126479e-01
5.143030973241173587e-02
1.114795816390846545e-01
1.097455859468621786e-01
-3.904286822936335888e-01
3.720152137390929092e-01
7.245982600122277129e-01
5.563232379758533686e-01
-5.821886871972564714e-01
-3.612594096716241765e-01
1.701309772847147891e-02
2.080008363143625305e-01
-3.673885043508408610e-01
2.022679057415117596e-02
4.501635534713099851e-01
2.819399797701989674e-01
-5.975088227134762731e-01
-2.555193281644184689e-01
1.430944665918052749e-01
4.638629333514426856e-01
7.138242774429191806e-02
-2.676638222323158428e-03
2.281551006443253982e-02
1.254732488804739532e-01
-9.712098563275427254e-02
4.951052519666307994e-01
5.606905459592214092e-01
7.849942474409077331e-01
2.031560462121851374e-01
3.319464573538046803e-01
5.837392022552003734e-01
6.355648973445354732e-01
-3.296672340435242293e-02
3.567688408343977491e-01
7.873405351758169246e-01
9.840334235322788503e-01
3.076800837970350977e-01
1.028470022615929208e-01
5.984475837776181972e-01
7.498237924693431644e-01
-9.220220685329361121e-02
2.865638468026251440e-01
3.959414699527847303e-01
1.840459369300906367e-01
-6.293709795284890829e-01
3.608716438283545158e-01
1.182754652057333100e+00
8.862331508949741199e-01
-3.451378262142925646e-01
-2.678354423802130069e-01
4.272838059330247851e-01
5.768416489932274294e-01
-4.893780134140680027e-01
-4.266908027712414120e-02
3.693664649397417066e-02
1.996254634660340199e-01
-5.089448970843483133e-01
1.293249397973262604e-01
7.315849209938882769e-01
9.632715664168173264e-01
3.816052560405725630e-02
2.318368001787135257e-01
1.810615024232047343e-01
-2.443587615154653447e-02
-7.023798075511514805e-01
-1.998440626452049895e-01
3.331595342364070400e-01
2.237954567955642848e-01
-7.032335683178303487e-01
-7.458579877522418522e-02
3.598683572999626379e-01
1.402330255933386394e-01
-1.049888038450130123e+00
-1.119979734011360278e-01
9.792004629260098181e-01
1.053369365822025117e+00
-3.562082135965153329e-01
-4.359413946692189956e-01
-2.368974549982105771e-02
2.661329094907713966e-01
-5.268852619138111315e-01
7.091457119566332845e-02
5.025965346037684078e-01
5.467016765675699608e-01
-3.096515068887253919e-01
9.909620692765334915e-02
4.339538639677164023e-01
-3.945599507670193018e-02
-1.264219471702130004e+00
-7.915798002269326394e-01
-2.174295383897002776e-02
1.202705741721086796e-01
-9.438308058119690980e-01
-2.930229951865558902e-01
4.326813175907555653e-01
4.952463607368542964e-01
-8.503383100729060562e-01
-6.836430891122209363e-01
1.622572434969127009e-01
2.422329947802181194e-01
-5.444726475463975701e-01
-2.309338164805417037e-01
3.141238384567142106e-01
4.183670400818246260e-01
-6.652608358411469247e-01
2.522821391924453538e-01
5.861406662555938007e-01
4.476350774542218192e-01
-9.327095389114483659e-01
-1.584600044495748927e-01
4.534242695384643751e-01
2.415447080662707358e-01
-1.456419409796102515e+00
-7.433554473081834812e-01
8.018108816096288782e-01
1.355807518108359977e+00
6.944261498572827651e-02
3.737291066778865994e-02
3.217900755282004921e-01
5.011419810938836372e-01
-1.115304302271613812e+00
-8.166171234384588251e-01
-2.452729220452131223e-04
3.677604214037661912e-01
-9.450326552361956178e-01
-5.345575333389073619e-02
6.786402570119197675e-01
6.309879563681815018e-01
-1.291666267159105264e+00
-1.137408774480255236e+00
-2.538474536524201741e-01
1.342485238752604004e-01
-9.531547094723005209e-01
-3.104298219887514643e-01
2.130578501215245057e-01
4.603001117036267797e-01
-9.244125279609426427e-01
-4.564267959125057894e-01
4.946585516330345017e-02
3.011723979445652885e-02
-9.088457640845779562e-01
-3.562703170785463946e-01
-1.067510282185864939e-01
1.924402945327060577e-01
-6.657195914581308660e-01
2.002816512480368738e-01
1.002668109845584743e+00
4.559731924824300120e-01
-1.140712490991611316e+00
-7.026816671715949703e-01
-3.930426409792406872e-01
6.919761093336078417e-03
-1.171436292667052292e+00
-7.830239694373881676e-01
3.449719983581316374e-01
4.940510973415596641e-01
-6.792417370650124520e-01
1.114317594561238661e-01
5.373907918016882501e-01
7.533280154432132614e-01
-1.050015070332655620e+00
-4.618085706163951309e-01
3.958082398602547625e-01
7.505389321399478231e-01
-8.378590365917446547e-01
-5.505794694761876329e-01
7.554906135352505714e-02
-1.157482069617032927e-01
-1.422500427027072689e+00
-2.821910861472939347e-01
3.243115775177704552e-01
-1.305457942151518891e-01
-1.612507730882175139e+00
-5.822424480252004209e-01
1.079595139831340589e+00
7.198263976361892746e-01
-1.528881012810268780e+00
-6.302117944411310679e-01
1.045825037536043667e-01
7.204748191936908297e-01
-9.604995844502510760e-01
-3.573544708872546383e-01
4.934884288623634374e-01
7.403166402647092248e-01
-1.212382507418989119e+00
-1.102211276115403704e+00
-3.544093660660508904e-01
-1.128776916904800226e-01
-1.415417489940880680e+00
-7.368869343765163671e-02
8.492861673137659384e-01
9.918450377615332103e-01
-1.708189773563800529e+00
-1.371331553513387203e+00
3.094408721569765763e-01
9.737946073447664164e-01
-8.230664570465405783e-01
-4.962132257947256542e-01
2.561854923577109866e-01
-2.872191237615537851e-01
-1.893593095766090029e+00
-8.205543022001625664e-01
3.768936876913754341e-01
7.359677316659678503e-01
-1.117964839129835131e+00
5.263721441575682780e-01
1.444759759603703619e+00
1.044870738147292144e+00
-1.892649581326534935e+00
-1.150770652849153031e+00
7.890453406704890371e-01
9.928221382661042149e-01
-9.405082187109211622e-01
-1.142402528304394954e-01
6.248299353448881766e-01
6.777565518749005813e-01
-2.644393729704243690e+00
-2.192905793971980710e+00
-1.372864769262533979e-01
4.806726306145377992e-01
-2.111014424312580573e+00
-1.528684634638693307e+00
-1.981527394799158237e-01
2.761690305403817214e-01
-2.645417441777914824e+00
-9.807593099608176157e-01
1.657546037643004011e-01
2.205688841007776013e-01
-2.588071859676166930e+00
-9.772744121727616751e-01
1.459070765808764936e+00
1.789742729373180019e+00
-2.818984350832738350e+00
-2.670948003079457678e+00
-6.781220957536445715e-01
9.371886238145423764e-01
-5.242179215799047665e-01
2.455251122767445615e-01
1.152321421766113074e+00
6.328120070091192151e-01
-2.815713730153966310e+00
-2.032031912448224897e+00
-7.393828221596250583e-02
1.473499204168417176e+00
-9.689487027599156255e-01
2.255628199674679923e-01
-9.918312095330974465e-01
-2.110750739207720272e+00
-3.422239257971265491e+00
-1.320275266679580639e-03
2.713598471529422795e+00
1.392892586267673982e+00
-3.297984651201061990e+00
-8.605003937834097005e-01
1.538770920585244228e+00
1.490467270367058283e+00
-2.076949305073233720e+00
-1.447881173841584435e+00
1.139447831493513030e+00
7.319305427926340313e-01
-2.692484135988307159e+00
-1.146188100006063859e+00
9.774000157603501826e-01
1.334220829023752275e+00
-1.925300208601786744e+00
-5.950654363881526798e-01
1.271220640408067926e+00
1.660024212621673989e+00
-1.164690111031203124e+00
4.958629050938692662e-02
3.320714034257582492e-01
-2.737785367000408199e-01
-3.440927339460391643e+00
-1.655993305379160008e+00
7.162876543240850324e-01
1.190669792005177641e+00
-1.468400206405523711e+00
-1.242121971893388327e-01
1.046271445505553954e+00
1.382646757030197904e+00
-1.580715228509771197e+00
5.947981912284372452e-02
2.658020198262828204e-01
-1.480103322812377886e+00
-4.023061475831584133e+00
-4.797423718694611150e-01
2.446035329581534690e+00
2.092352442876346252e+00
-2.570878852124857339e+00
-1.178939204200174951e+00
1.544074073404556824e+00
2.207542049735971901e+00
-1.396054132580531126e+00
1.183637722185411183e-02
9.586443367711109387e-01
-8.567950743838124994e-02
-4.262239660523501783e+00
-2.594275262809611071e+00
1.256635855815462222e-01
7.798631508346246521e-01
-1.937732165271223606e+00
-5.902033523589618191e-01
1.536694813357406098e+00
2.349260406767444298e+00
-1.516791397913432649e+00
-9.295600866553931363e-01
-1.289848493421400288e+00
-1.709944225525736217e+00
-3.474068304985479472e+00
-2.144320995396637175e-01
1.488740419173194107e+00
1.179743402153071719e+00
-2.544822013417788131e+00
-9.134776113679914378e-01
3.613944295085237401e-01
6.694611188723513795e-01
-2.669056063241947108e+00
-4.136578077876025272e-01
6.665022175180072006e-01
4.114018049303121982e-01
-3.067890804261882209e+00
-6.189864566147851299e-01
6.283252350189073854e-02
-3.556306591551971347e-02
-2.856159517034909001e+00
1.573850617037844124e+00
3.465121493598666280e+00
1.098380806477340377e+00
-4.738566954630474726e+00
-2.628152145825262131e+00
-1.364493588114573663e-01
-5.120453874987096476e-01
-3.390210271189701530e+00
-5.806791618853397452e-01
2.477309859501492184e+00
1.756803698325070773e+00
-3.641211436286972081e+00
-2.219393400550724316e+00
-6.515450841290273409e-01
1.030752505110102302e+00
-1.438612450444735291e+00
5.117807261451905454e-01
1.102341928305116792e+00
-1.558354378503065352e+00
-5.793458760444133659e+00
-2.603324054390943054e+00
1.907055091905233146e+00
2.081798207010086443e+00
-2.158823227244999643e+00
-5.054016603510472772e-01
6.868432222129480236e-01
8.240152911107636105e-03
-4.639404009570171183e+00
-1.505993638331259710e-01
2.093244560674518695e+00
8.652884281692095614e-02
-5.910165800033422734e+00
-3.079671846171393224e+00
1.797956973778817469e+00
3.106510404333384656e+00
-3.144150041598992473e+00
-2.374930334654409503e+00
-4.295050437189570913e-01
1.093130735892708261e+00
-2.518371262734624416e+00
-4.588720000216203743e-01
5.444662778322073571e-01
3.798687736265877191e-01
-3.841271061792101094e+00
-2.008553615438639195e+00
1.681388351040230766e+00
7.646440442697124418e-01
-4.128328465771753386e+00
-1.748864336657016905e+00
-4.424645280845530548e-01
-5.867629901311701701e-01
-5.171568219823982737e+00
-1.173029308687152827e+00
2.439863159322614106e+00
1.326090337756677506e+00
-4.686945810988987660e+00
-2.326627669990585900e+00
1.479280666333658845e+00
1.128807245367161372e+00
-5.022265442874167540e+00
-3.765957128977944102e+00
-2.918700281441830024e-01
2.099485133024498573e+00
-1.766600889817447229e+00
-8.430258640637967871e-02
1.138884672373194462e+00
1.307206678717079518e+00
-4.562928786603465348e+00
-1.923216857583891271e+00
1.329784574251955842e+00
1.276297543141882374e+00
-3.341251535480851409e+00
-1.268756976092713762e+00
2.369908433545879323e+00
3.472121790630209315e+00
-4.367654744362034158e+00
-2.222905062282336530e+00
-1.302444644107971339e+00
-9.967194302889225144e-01
-5.781658589328926290e+00
-3.434221629261020148e+00
5.445334169178606132e-01
1.120320860912363381e+00
-4.616271973391084416e+00
-2.245870229744912905e+00
-5.194106769931080558e-01
-2.305231084237914896e+00
-6.481141621564693089e+00
-4.749526503693942692e-01
4.401111639551735344e+00
2.303149335253037222e+00
-5.473638019571010815e+00
-2.644613471371196844e+00
1.301723586147472522e+00
3.468543337207294019e+00
-4.636649432266574777e+00
-2.252512494897225270e+00
-7.900078833902605124e-01
3.745182181458868165e-01
-3.824431172230692511e+00
-3.351467373807950345e+00
-1.305602938567754112e+00
-5.550625281463912944e-03
-3.953284815615232262e+00
-1.393615458806113594e+00
1.583926208582107531e+00
1.259706820038526631e+00
-6.795951955288837887e+00
-4.106285974860458765e+00
-1.093910292708324183e+00
-6.323183680483781544e-01
-7.749634771584075210e+00
-4.205173380408790074e+00
2.023909567160591116e+00
2.231261487578953595e+00
-5.695802435994711033e+00
-3.744960336209063101e+00
8.932937415306310136e-01
1.060579635611286653e+00
-3.599271088849579137e+00
-1.833911785790796944e+00
2.242116575145397750e+00
4.530690704619946274e-01
-7.441742987021070732e+00
-3.022782082124598535e+00
2.295489862466565167e+00
1.100302553173618358e+00
-4.906715211553558831e+00
-1.761805003498379651e+00
1.221402358360861529e+00
8.365409491650210860e-02
-1.057107687577191513e+01
-4.315747234955388478e+00
1.210018150744982535e+00
3.130264768750981474e+00
-4.013212472536089592e+00
-2.074430193071003625e+00
-4.530675940182695149e-01
4.492134181488546263e-01
-4.383511801967634014e+00
-2.243958931172037818e+00
-6.382468171535452539e-01
-1.224260275486509508e+00
-8.267609628007406286e+00
-4.911233143858029671e+00
-8.669560207213135028e-01
4.896164019814936985e+00
-7.446406099214192276e-01
-1.032914055748471727e+00
-1.293420355642326935e+00
2.132887594749402371e+00
-2.983870101940700348e+00
-8.173330624147300272e-01
-1.012506354278737142e+00
-1.107948255986535235e+00
-6.076059004736981350e+00
-1.313197882515661163e+00
7.240715754796162029e-01
1.605852577362677280e+00
-3.147437302505879941e+00
1.260741697711748044e-01
2.688484700656179172e+00
-1.578174036063389130e+00
-9.740456552172478411e+00
-4.246681686366439834e+00
2.276232345807226665e+00
5.215677781978671490e+00
-2.806541520308915683e+00
-2.589570243398728433e+00
1.976740654661535590e+00
4.753824924927101847e+00
-2.682531851375643317e+00
-7.837687320235341426e-01
-3.233169301136144536e-01
-1.524029985639879348e+00
-7.271533007596896248e+00
-2.712793243112519459e+00
2.226172002915871584e+00
8.177754235559843154e-01
-8.742678376282215780e+00
-2.488112464325818340e+00
-5.924833461968613824e-01
-3.206770132213263125e+00
-1.010228505491910056e+01
-3.593612356132104058e+00
3.390318963693949250e+00
3.160426467464184874e+00
-6.038593874847867582e+00
-5.025279524278252197e+00
-3.348284216672404057e+00
-1.645968879648466388e+00
-4.501406209632110134e+00
-1.848251017165010612e+00
-2.819537435307004625e+00
-3.842079945751034842e+00
-7.353886554946907239e+00
1.206900339811910472e+00
3.246223161804036028e+00
1.083556412815639636e+00
-9.527163400793636328e+00
-5.219725397255190913e+00
-7.902030611622730127e-01
-1.947101035936835922e+00
-7.878347918948040096e+00
-1.487368833959803682e+00
2.434274592979971175e+00
1.366529775863583596e-01
-9.963202042872259412e+00
-4.899010554960648633e+00
4.663737689615603532e-01
5.795014944826859526e-01
-8.170703907521023268e+00
-4.264633126321056622e+00
-2.495462165773088825e-01
-9.609125132690012894e-01
-5.422003067225160677e+00
-3.216023734439538373e+00
-6.251725075100768025e-01
-1.719169933461696775e+00
-7.980050953324356655e+00
-4.667945376258701096e+00
-2.013473726873888481e+00
-1.276141674523166181e+00
-7.357664582935848685e+00
-1.097303906480224578e+00
-5.516924661802353747e-01
2.252907431433033292e+00
-3.755082039236882885e+00
-6.528692195075531668e-01
5.099821217812817720e-01
9.963913830874883137e-01
-6.838621294964834618e+00
-2.030337253748381254e+00
-3.216425516407518392e-01
1.786530584602781468e+00
-3.292507841139110436e+00
-3.409842510275461702e+00
-4.834518599654137105e+00
-3.385413341092365247e+00
-5.496934909623576893e+00
2.228336950459642196e+00
2.530121849386705257e+00
-1.129839264895413420e+00
-1.076081130899233962e+01
-1.741584559130753007e+01
-1.903910722676593004e+00
3.061888983661755503e+01
2.829745666503347934e+01
2.096099654239339571e+01
-1.653977657329168593e+01
-1.784514012865631116e+01
-1.187374868129802330e+01
-9.543379484803272694e-01
4.109734747748420958e+00
-2.088191819148109141e-01
-8.686852900430144686e+00
-4.064592050666377077e+00
-2.943740220565269072e-01
-9.262673141851638370e-01
-9.336711561851233299e+00
-3.380030169481324620e+00
-1.733725344427229587e+00
-3.373225718129539086e+00
-8.465271616316139003e+00
-3.792833271419410401e+00
3.248454260121139914e+00
1.849437762142283059e+00
-8.075303330719144412e+00
-8.020229134122603298e+00
-8.958374388279185752e+00
-7.227386023263882464e+00
-8.872973767838733039e+00
2.097990366018922970e+00
3.646231310353406752e+00
2.262704612642352675e+00
-9.460999930596763363e+00
-6.140833677105166366e+00
-2.594041073477406090e-01
1.518221731279156161e+00
-5.358873536904402712e+00
-5.276214037684691327e+00
-2.153078946340861499e+00
-3.616250252668167797e-01
-3.526112986733839438e+00
1.290513845253543623e+00
2.578691822201712558e+00
-4.924964103529640980e-01
-9.198907947746720382e+00
-3.087678783226353918e+00
1.300712561511548238e+00
9.848737107059838403e-01
-6.172216162681657181e+00
-4.031256800897451420e+00
1.807763890679960350e-01
1.778399215977004844e-01
-5.633443027683408211e+00
-8.215174954420497722e-01
-5.972201329476556353e-01
-4.604271874194095782e-01
-8.240520594109787211e+00
-5.286474708429346414e+00
-4.343512140106866148e+00
-4.084055354858761255e+00
-1.107996500214782110e+01
-4.472046602383907832e+00
1.682086595487215730e+00
3.135250441679960254e+00
-8.546733192709414340e+00
-5.288770695316885373e+00
-1.533667996468784933e+00
1.566408362345625305e+00
-4.984257884890354262e+00
-4.141713675552514573e+00
-3.910265254965326065e-01
-3.181394206743219377e-01
-1.004661590429356188e+01
-5.048826201844028638e+00
3.472089515559994011e-01
2.388754368344046808e-01
-8.425176690592092399e+00
-7.419036252568121270e+00
-2.603112121576585558e+00
4.205966363957891474e+00
-5.495172483479565884e+00
-5.963964837292510701e+00
-7.247342721382581843e+00
-5.894942327695982698e+00
-8.311274498844655412e+00
-2.741787458449151060e+00
-6.653887373959951890e-02
2.066023265320515723e+00
-8.052473147430520228e+00
-4.436290344607886738e+00
-2.879218343490483445e+00
-2.858737527119992627e+00
-1.116847304209723646e+01
-5.932408201321756280e+00
-4.107509227004908503e+00
1.494334041122936441e+00
-5.649709152370261833e+00
-3.273792282618862792e+00
-2.107431383765421717e+00
-4.000721863961124170e-01
-7.164069304138080518e+00
-1.920984207526444498e+00
-5.931694428682809939e-01
3.560308852742755548e+00
-9.685761587149377405e+00
-1.164011287026631081e+01
-7.998467036470228386e+00
-3.019108135219918942e+00
-4.249539113311314509e+00
-1.304115645270191193e+00
1.147122488932679651e+00
-9.840251835197744157e-01
-1.252043701307583845e+01
-5.856013705712096673e+00
1.376166074830933672e+00
5.738352565744272660e+00
-4.492647757411123877e+00
-2.884481287106213543e+00
-2.656065238773755777e+00
-3.054908314375343270e+00
-1.412415121887304359e+01
-8.638361527471959178e+00
-5.558382675742216783e+00
8.590681759248359750e-01
-5.122343887020353037e+00
1.557169198785023578e+00
4.186200575272094326e+00
1.516104647352124024e+00
-8.110228319243605100e+00
-5.352159671354109527e+00
-5.516283394426714892e+00
-7.435993865915572210e-01
-6.678262341489310749e+00
1.574567887559868984e+00
2.218760385415039504e+00
-3.865467965566517616e+00
-1.222559438755913064e+01
-4.221773970750691163e+00
-3.474571464929606668e-01
5.600812359089711867e-01
-1.040861867200776381e+01
-5.647317439241850145e+00
-1.788805124059427598e+00
-2.731736241109559149e+00
-1.362185579069827668e+01
-8.664946964013987341e+00
-3.129275131568399981e+00
3.906792386675103312e+00
-5.049859424171823541e+00
-5.807872669060679449e+00
-4.762701534285334937e+00
-4.778607864776822645e+00
-1.299163198776102845e+01
-7.266085735397348699e+00
-9.311755228598855183e+00
-8.366690312727556034e+00
-1.631793227810057800e+01
-5.329191356548655278e+00
2.273066639737017613e+00
3.874718866454202271e+00
-1.742207572860435150e+01
-1.468788848275604408e+01
-9.794619056118575529e+00
-2.488132650319878625e+00
-9.081350962783352188e+00
-2.759105387148003796e+00
-2.687595638917818164e+00
2.569629750159488010e-02
-1.335501237359452276e+01
-5.090930280915769934e+00
-3.444684292495072242e+00
-6.029641463644893840e+00
-1.424153920152241604e+01
-3.832563333048343068e+00
1.613439515985815920e+00
1.938394248149741816e+00
-1.590586236611231463e+01
-9.858705027337956395e+00
-4.541157548120960952e-01
4.899095003830480799e+00
-6.446505943760900692e+00
-3.213753791432967244e+00
1.121846914736640111e+00
8.253249139856377425e+00
-7.318806650544946280e+00
-8.257753700250209050e+00
-8.321836008485259839e+00
-5.867819142174507618e+00
-1.739000977757453015e+01
-1.379649801038358170e+01
-8.658738321228126367e+00
1.255168605382901426e+00
-6.516699796323282001e+00
-5.278622371841799055e-01
-4.708652054880131388e+00
-4.984966627708729447e+00
-1.387969433016488274e+01
-1.126181880287833081e+01
-6.858755017465949955e+00
-6.628168224834202427e+00
-1.069425972734562613e+01
-1.514089038430091794e+00
-3.330837806903003795e+00
-7.534540469436323384e+00
-1.965745535409092781e+01
-6.160615554001877214e+00
6.798237456516594834e-01
2.199253797466150240e-01
-1.727512203928669621e+01
-1.042610707640941392e+01
-2.146536485420256657e+00
-2.180777680548274144e+00
-1.435790799837518605e+01
-5.546472542196664968e+00
3.654214867545389822e+00
1.910126980067512248e+00
-2.019913035774543530e+01
-1.716758407912785955e+01
-5.769985974754561653e+00
-1.394219217716625936e+00
-1.915471493555828886e+01
-1.522220278274934735e+01
-2.214273356741357723e+00
8.935800274726160453e+00
-4.482212676389984551e+00
-1.229046057688729121e+01
-1.075252362333966616e+01
-3.862572395616126197e+00
-5.317223725073024987e+00
3.633570604625803169e-01
-4.037554788034381836e+00
-7.078289002033206323e+00
-2.247432524585047275e+01
-1.314282182989206760e+01
-8.427288590763195586e+00
2.161980035011772827e+00
-1.238139969775073679e+00
5.079098243193622686e+00
-1.879113612977569847e+00
-6.397233113573120633e+00
-1.679574763326629494e+01
-8.801928638584408660e+00
-3.397364450656454427e+00
-1.852504127397651024e+00
-1.407897341714470585e+01
-1.158792315701272457e+01
-1.085961314290642576e+01
-5.909439328164478589e-01
-1.375226679583614775e+01
-1.864607298269299562e+01
-1.626270998901586751e+01
-1.492868462721632095e-01
-6.022356740679986942e+00
-2.230254613041050771e+00
-7.251459554892220716e+00
-9.391668383230761918e+00
-1.766407222181058856e+01
-3.409748145254476448e+00
1.639436118112374829e-01
-5.703299400433324173e+00
-3.040154396337561238e+01
-1.769620707656167014e+01
-5.144014495831695122e+00
-1.132256367773838424e+00
-2.165392813050393883e+01
-1.679925479215431849e+01
-1.026323731982726528e+01
-5.190195066353531672e+00
-1.018280419545988558e+01
4.764024352054175182e+00
9.057275635472537445e+00
4.912724872809337562e+00
-2.159571249435954954e+01
-1.762213486198283618e+01
-1.386488631825536899e+01
-9.067112584549375853e+00
-2.680247912646219888e+01
-2.322939366176763443e+01
-1.026595358035754835e+01
9.521674854926876819e+00
-1.790134187406733135e+00
-7.561370474985253942e+00
-1.686152270063166370e+01
-9.639674421204531995e+00
-1.051900277642614334e+01
9.921778824670772323e+00
3.609263795631367788e+00
-6.287656311103034135e+00
-3.243540853942818103e+01
-2.037412706422079012e+01
-5.350698284697398499e+00
-3.401026193441106238e-01
-2.179949855899389988e+01
-1.010305023149819803e+01
-6.501562763662854572e+00
-6.309358681521404222e+00
-2.758438472064698033e+01
-1.370121447459113817e+01
-6.070568279376429288e+00
-7.080590219205059599e-01
-2.023989553550985221e+01
-1.385065542994829180e+01
1.737249336774583652e-01
3.443625563593509797e-01
-1.414499568611252833e+01
-1.575436916524662223e+01
-1.587377035115934198e+01
-1.356711634693577651e+01
-2.018982771457753955e+01
-4.852180015349627951e+00
-2.452008595391323986e+00
-2.072248159319920013e+00
-3.119906062396658086e+01
-2.044783518118440568e+01
-1.624430400156800758e+01
-7.267721965616018132e+00
-1.768670598742295041e+01
-7.705472473250841503e+00
9.666755744747974610e-01
5.344871195502302719e+00
-1.626749670550445614e+01
-1.407173321638827801e+01
-1.468318387609326514e+01
-8.719817585585639463e+00
-2.490872535244353969e+01
-1.605131751638434778e+01
-1.092190535556595066e+01
-4.130578231064970574e+00
-2.548169986046465141e+01
-1.229742247195622440e+01
1.150052316391713791e+00
1.265513997833831006e+01
-1.171583225543451512e+01
-9.911934815137211530e+00
-1.771460306110913541e+00
5.412140452171986915e+00
-2.180532016906548165e+01
-2.014635920814011882e+01
-5.799024737708552202e+00
7.502485685402206173e+00
-1.182520931929390073e+01
-1.663275594622155751e+01
-1.158279645200737384e+01
1.033086654725345710e+01
-7.747675156924310080e+00
-9.894242172057188256e+00
-2.552789606331962347e+01
-1.807343199280353829e+01
-2.272074566463792777e+01
-1.116947855537557288e+01
-1.929423135522214006e+00
-4.477517261406869231e+00
-2.091319877959236351e+01
-1.542847405489971813e+01
-9.635342009190820178e+00
1.143723702261677966e+00
-1.593166367606911749e+01
-1.376150933095826367e+01
-1.980084915326695238e+01
-1.879877209941704308e+01
-2.588353338581800855e+01
-4.456013510597752969e+00
3.486906562099279405e+00
3.722583817415943575e+00
-2.550272356453108102e+01
-1.081951352093286900e+01
-1.216854401693973520e+00
1.262862598631269373e+00
-2.277965285246978056e+01
-1.861786074067313379e+01
-5.964536633073328709e+00
1.082160979022302172e+01
-1.012077534125377909e+01
-1.368517462588386557e+01
-2.194724493174378210e+01
-1.877695238900236419e+01
-3.456000067388566777e+01
-2.746687140741396504e+01
-1.309756997541254897e+01
1.252105960990908429e+01
-6.735749417287632212e+00
-1.713633028840182604e+01
-3.080583128439062435e+01
-1.947729810076702606e+01
-2.237907387906673407e+01
-4.044825422137015458e+00
-1.113139121852905689e+01
-1.674753470313921966e+01
-3.533811455655011713e+01
-9.007281158058887627e+00
4.441151928226243051e+00
8.293842951334269742e+00
-2.958491017426970515e+01
-2.528844032455456414e+01
-1.619442193130377916e+01
-8.768681804922517031e+00
-2.221565991742077273e+01
-1.222686196679028647e+01
-7.740924304496783925e+00
-2.152535040014693202e+00
-3.135644981037104273e+01
-2.561298466877738278e+01
-7.773718789314454369e+00
1.556972406491845540e+00
-1.206749864482671164e+01
-7.913088363774695821e+00
-5.834752936811607782e+00
-1.098835276991351639e+00
-2.105495244737885585e+01
-1.145690149245386991e+01
-4.705519588318353819e+00
-7.995920251297430781e+00
-2.560887287385842015e+01
-6.623246189298446218e+00
-1.384934566557889601e+00
1.346160474160011944e+00
-3.338651614493986841e+01
-2.715174806983181810e+01
-1.557419667859045376e+01
2.994431106352804864e-02
-1.748436292367978595e+01
-7.535402215198210740e+00
-1.589332801851835342e+01
-5.869211909681718353e+00
-2.669474938220854554e+01
-3.759657601560253681e+01
-2.591836284198310025e+01
6.137115847514176714e+00
-2.342116017550520457e+00
-2.409760454389987760e+00
-2.463329889814905727e+01
-1.106431003304164129e+01
-1.430735254891173369e+01
-2.031856294883440484e+01
-1.508718489274792773e+01
3.680066226739885593e+00
-1.769065846740032866e+00
-1.183601053090226074e+01
-3.539978749239744360e+01
-3.336812956340563119e+01
-3.118317606402613507e+01
-4.577523066423768938e+00
-6.737555475800428573e-01
8.220480475114758434e+00
-1.981847132215139951e+01
-1.347866606448140203e+01
-1.592188137097902612e+01
-2.738082463304603031e+00
-1.265598838819229854e+01
-1.121385445064011499e+01
-1.313110650018354519e+01
-1.392922306729674098e+01
-2.761966949422573236e+01
-1.891816563469964052e+01
-1.986817325291326242e+01
-6.698453699657553884e+00
-2.781818019888687488e+01
-2.260583425833246451e+01
-2.953773254151575500e+01
-1.249541024776916842e+01
-1.952198176868302326e+01
-8.835856839014219588e+00
-8.398500722484159908e+00
-9.564990662860436643e+00
-1.927244995789403603e+01
-9.033664046392825497e+00
-1.730833047672528124e+01
-1.538177156381488331e+01
-3.076819129480657367e+01
-1.555915240633857444e+01
-7.397858850080078597e+00
-3.157916494880041447e-01
-2.051195529244369808e+01
-7.252490495033583784e+00
-5.061674466156332208e+00
-6.908741730044861029e+00
-3.004236328718243598e+01
-2.635629101687226239e+01
-1.150247922274036227e+01
6.855748424058847768e+00
-8.371531025498244460e+00
3.559791919308015640e+00
-1.097123977204241818e+01
-1.682861310587955472e+01
-4.667180027804131726e+01
-2.776857230860423087e+01
-8.984716178441606971e+00
4.680177339867294783e+00
-2.161324685491103637e+01
-2.471693957387896745e+01
-3.121683441758504074e+01
-2.252841568669022010e+01
-2.500537337768772517e+01
3.452375252072803935e+00
2.285689242050253700e+00
6.697286649608786391e+00
-2.844570678458480018e+01
-2.427267882557719147e+01
-2.662684876459369931e+01
-9.105626804550885467e+00
-1.819653833196438342e+01
-2.126875641005126027e+01
-1.613365099446866324e+01
-4.988211451098398252e-01
-4.912663319674367202e+00
-9.263522562300357421e+00
-2.469335024153924962e+01
-1.464534440416235128e+01
-2.845525671456867656e+01
-1.145567081115319397e+01
-1.134146060919867693e+01
-1.326069935386751553e+01
-3.897875154333797809e+01
-2.407710294722554067e+01
-9.140825369405712664e+00
5.128367973900826549e+00
-2.617564504696832373e+01
-2.869731363162495441e+01
-1.764863084044800345e+01
7.610788220094538481e+00
-1.438082066668182435e+01
-1.570063882500514829e+01
-3.204933886638660567e+01
-1.198587167186762059e+01
-2.500751488570704950e+01
-1.018449223145964666e+01
-1.880104041869513054e+01
-1.104115848307835712e+01
-3.827294367472921977e+01
-2.405400688982108548e+01
-8.908743518310737741e+00
4.558509894641595395e+00
-1.575642020857995362e+01
-9.892593537053604891e+00
3.605281861530153176e+00
-2.749428232249287452e-01
-3.349955689775256218e+01
-2.955722818702118460e+01
-8.937892585915063748e+00
5.648901525591416117e+00
-2.456165749975929202e+01
-3.272548215519053372e+01
-3.722796344588198991e+01
-2.879275224953263645e+01
-4.157912326355986465e+01
-2.321781684106533916e+01
-1.599636586561957330e+01
-3.081188262879996920e+00
-7.307816095970212089e+00
1.265382022990368505e+01
-2.203240513230658504e+00
-3.459877770402673036e+01
-7.149149035640039074e+01
-4.794571044023541617e+01
-9.100179253136884583e+00
3.314293809317160111e+01
-5.137786416523115740e+00
-8.075285482409897853e+00
-2.196964939084789847e+01
-5.279142927006396091e-01
-1.978792626845114810e+01
-2.734955625515772581e+01
-3.277031162582399304e+01
-2.268527899367806100e+01
-3.517580899497946234e+01
-1.602765321467557058e+01
-8.254176422590813189e+00
-3.411350793286477501e+00
-4.635703682570233752e+01
-3.822908703716699108e+01
-3.343294574224543680e+01
-3.368406072359776715e+01
-4.713270896458038095e+01
-1.971877597972298801e+01
3.481676367152178209e+00
1.687572898084636819e+01
-5.487231981615860832e+01
-3.788231238271421120e+01
-4.704806464770052710e-01
1.594876740058023223e+01
-2.272435264152795842e+00
-4.251684847161806857e+01
-4.329463911427868084e+01
-1.594558833607536208e+01
-4.610225449336710568e+01
-4.317114432985136574e+01
-4.320214908652521757e+01
1.640753217949177389e-01
-2.430465907245461565e+01
-1.907760941705243241e+01
-4.809023641472190036e+01
-3.489391337542144100e+01
-4.132840762035677784e+01
-2.333597389814973866e+01
-1.686229571872183897e+01
-3.284629886975127278e+01
-5.514542805446265561e+01
-1.039796195300432835e+01
1.361956931029687645e+01
1.424527477199043979e+01
-5.229284436323001728e+01
-5.235292838324284759e+01
-1.255037473622192756e+01
1.770408022956727123e+01
-3.104656667437583550e+01
-4.203924054797647614e+01
-5.579432504692972117e+01
-4.004792411775321526e+00
-3.009671493194788994e+01
-2.759255497397946399e+01
-4.064955705062526192e+01
7.599499349441142471e+00
-2.650338713723073170e+00
-1.116833210972606949e+01
-6.757170612294754619e+01
-6.277443539698733588e+01
-6.158035080428702202e+01
-1.195645209074391779e+01
-1.875279080166211898e+01
-1.933308661706933762e+01
-6.597484886317957375e+01
-4.720071212706960040e+01
-2.973847655883045960e+01
-6.505525755347040251e-01
-3.085856444497109408e+01
-4.778981726515475259e+01
-3.620002674011858801e+01
-1.655424747997207069e+00
-3.333132867175650205e+01
-3.923489199591855225e+01
-5.620128844532764134e+01
-4.334921152757546992e+01
-5.939918027442366366e+01
-3.660298698277734530e+01
-3.317495778645551496e+01
-1.238244066773416741e+01
-5.341134371863461183e+01
-3.350353345850668063e+01
-2.847390107678235083e+00
1.285710116808524539e+01
-4.083219882131853495e+01
-6.222612437593277690e+01
-8.869959665589703945e+01
-6.442789886536779420e+01
-5.533142464458961030e+01
2.178043631777800115e+01
1.194369418985045961e+01
-1.190082797646087798e+01
-8.815515145863159319e+01
-7.501645119297178610e+01
-5.690874481247762873e+01
-1.189829310292623177e+01
-2.335133566552789475e+01
8.630236468178090092e+00
-1.255796905141754749e+01
-3.894689161791295362e+01
-7.615116554288626105e+01
-3.693696795409474021e+01
-1.014535672407057554e+01
-5.849566388845882869e+00
-3.722863372082483835e+01
-2.265814782087448265e+01
-4.201722378058283169e+01
-4.392186482179881324e+01
-6.739474567360942103e+01
-1.001124005678195772e+01
3.246176702002521619e+00
-1.478646118356383710e+01
-6.825386228793612986e+01
-4.457595228829474365e+01
-2.643603965917818854e+01
9.887798036465740736e+00
-5.179467834462684550e+01
-6.818276809089364576e+01
-1.136482276846073773e+02
-6.804910018860940113e+01
-7.899708103117657743e+01
-2.864844520694066077e+01
-2.321904758606329722e+01
1.524421661065849243e+01
-3.937033423510195007e+01
-5.536599523381251231e+01
-5.270166317015079471e+01
-2.209777786083808238e+01
-3.654650166106860354e+01
-1.655413015599343396e+01
-3.334902130018029709e+01
-1.722684797222428088e+01
-4.923107207007709007e+01
-4.505104134367617519e+01
-6.124677333685794167e+01
-6.405936908562473775e+01
-7.125483655998374388e+01
-1.769862821840743194e+01
-2.043688142202059410e+01
-3.874558561937182333e+01
-9.062227859820868048e+01
-7.128350357242349844e+01
-6.891050901283655605e+01
-2.441778690866809853e+01
-4.164594018230649652e+01
-2.558701046499080789e+01
-3.089273644076983416e+01
-3.089321133069100966e+01
-7.580600396584435430e+01
-3.982656534691088979e+01
-5.224441164090106327e+01
-1.541552315337728452e+01
-6.026697304053953275e+01
-8.161901385521707297e+00
-1.621752390249633180e+01
-2.524266880384701395e+01
-8.262536753269617407e+01
-6.542103300300277624e+01
-6.436476328334602215e+01
-4.416237177184085283e+01
-2.387279442953149200e+01
4.617614642453011342e+00
-4.053240693817851081e+01
-5.549471042336053017e+01
-8.926030059595267119e+01
-2.205260349131567921e+01
-1.519713466831162663e+01
-3.730235256795578636e+01
-7.762401700281934325e+01
-4.124868176026038924e+01
-3.670690556611357636e+01
1.507902514279238382e+01
-5.281472622089919611e+01
-6.436203670392150400e+01
-6.607830818927395455e+01
-6.084774737627056140e+01
-1.011609569979702314e+02
-5.319229466383595195e+01
-3.022665777166262391e+00
3.337277855025180173e+01
-9.630393424238758371e+01
-1.186769297556808596e+02
-8.379573364101365485e+01
5.204097673288305259e+01
-3.322043413006392854e+01
-7.730677255584687657e+01
-7.923913310931447995e+01
-4.148407155948825142e+00
-2.614307863680226607e+00
-3.579572069836563841e+00
-7.591187188348634152e+01
-9.660164735613770404e+01
-1.287611777237934234e+02
-7.211416772883271165e+01
-5.676787038440486555e+01
-2.227588678982449721e+01
-1.147032562156207405e+02
-7.747796836046359203e+01
-8.730190221026994379e+01
-5.650983962876044586e+01
-4.896820549972853343e+01
-3.077153377654878952e+01
-9.582345499017240797e+01
-9.703364232081698049e+01
-1.451519337503418399e+02
-2.352614533616963399e+01
8.212490275077215074e+00
-2.700878572418231727e+01
-1.171282432981456338e+02
-6.833992189778263082e+01
-3.804512417127140367e+01
-2.301222533894322808e+01
-1.313799526032561005e+02
-1.149099969584665217e+02
-4.320121752408972071e+01
4.185847625140492312e+01
-6.437308115099247630e+01
-5.891122908740928210e+01
-1.405418665793264950e+02
-2.399069346622306753e+01
-2.812788788140166574e+01
-4.406839820500019300e+01
-1.653406499920213335e+01
-5.660513140176543345e+01
-1.048407752943168418e+02
-9.084573801830971718e+01
-1.040849038727103135e+02
-2.555288065399458475e+01
-1.089402660810667953e+02
-1.412405321599261754e+02
-1.526248095107464735e+02
-9.608596865393245423e+01
-1.016868798978860724e+02
-5.967949156511721043e+01
-8.744288252317110732e+01
-5.038638311239184731e+01
-1.716537060728544759e+02
-1.425725459973746752e+02
-1.613391534788057982e+02
-7.044718284587338530e+01
-9.507544415500076695e+01
-1.112065860248083453e+02
-1.446955133258386184e+02
-5.339462785551825874e+01
-1.029387462223495753e+01
9.062015077511904337e+01
-8.878017729078737830e+01
-1.774370422315724909e+02
-2.795102693639857989e+02
-7.098138792864843083e+01
-3.892877395618285163e+01
-7.687741968212462496e+01
-1.786607931780700937e+02
-1.090974010705973427e+02
-4.309500341150800296e+01
-8.217389109473369757e+00
-1.685242939276651271e+02
-1.544700134092985024e+02
-1.048552891139008096e+02
2.415348402317957976e+01
-7.148140407227081994e+01
-1.284543974494427516e+02
-1.682095237351727519e+02
-1.283375602548551910e+02
-1.061243171412956912e+02
-1.517860283485200412e+01
-6.096098127049786797e+01
-8.281722802974877595e+01
-2.675926480113241155e+02
-2.349716463134328706e+02
-1.736590529619979861e+02
-5.343704223157222799e+01
-9.590793814601282463e+01
-9.011151622070472911e+01
-2.193192888527335924e+02
-1.954329733577148431e+02
-2.122793695318239884e+02
-9.794120499234375643e+01
-6.118440368132271345e+01
1.841865851722390701e+01
-7.040662265675305775e+01
1.875766316476578410e+01
-1.036124295254629430e+02
-1.395464675130216108e+02
-2.253957681239821795e+02
-1.362898730535474670e+02
-5.720048468195172831e+01
-1.803281952741456706e+01
-1.262426987787646055e+02
-3.459773535542850453e+01
-2.995897915393004141e+01
-3.095528930394480938e+01
-2.087933380084149633e+02
-1.873606563248481791e+02
-1.198043197943627689e+02
-3.783124785436221771e+01
-7.860161372765622900e+01
-2.431383281966010657e+01
-1.043922320780028379e+01
-4.148367920498960615e+01
-1.926694886442336667e+02
-1.962048903491519525e+02
-1.521698263843981067e+02
-1.697119402318585060e+02
-2.464419282308180073e+02
-1.434800062334428219e+02
-1.857721280122405005e+02
-1.229340813463750237e+00
-1.299109341489113945e+02
-7.038766023830073948e+01
-2.139778304574951164e+02
-2.232974462910968612e+02
-3.014106762263964470e+02
-9.273070266802554329e+01
-5.737527024503352635e+01
-6.096092217388883405e+00
-2.282406427167335323e+02
-2.480038280940096058e+02
-2.614814894120706867e+02
-2.077955638668128131e+02
-4.289225326308066428e+02
-3.648889001203206135e+02
-1.817274062272958872e+02
1.004444339680706122e+02
-3.386877291405222650e+02
-4.342825695523439435e+02
-2.924527218761214158e+02
6.271905207753910361e+01
-3.001575155302422715e+01
-2.198404542083482909e+02
-3.466545213392880100e+02
-1.098821310123919943e+02
-1.174018047162887655e+02
-1.288523460162025174e+02
-1.921497730853511996e+02
-1.609889805213251464e+02
-1.768016257423500974e+02
-1.335295523729155889e+02
-1.086968597046117537e+02
-3.241912931586829671e+01
-1.667392237102968409e+02
-2.192689356071556688e+02
-2.429901688516324327e+02
-1.413904838232620307e+02
-1.926081450536720183e+02
-1.738695888945670447e+02
-3.168879403802288266e+02
-1.356098903953032391e+02
-2.941421526922648582e+02
-5.168829635498340167e+02
-6.020038202097099429e+02
-3.962821419084876879e+02
-8.463905892343501591e+01
2.268030920773674382e+02
-1.868993818502875826e+01
-1.599127247706528863e+02
-4.270725561043458924e+02
-2.643137336992951418e+02
-2.621495960101544824e+02
-2.031252123741424214e+02
-1.165312540546542550e+02
1.479391994228846929e+00
-1.559026580562192521e+02
-2.970426153040387476e+02
-3.307499167793322385e+02
-1.612972881055119672e+02
-1.341823196517807730e+02
-1.485916034810690292e+02
-2.642103786816268212e+02
-2.565372955518214440e+02
-3.459043956137646205e+02
-2.558259453613560481e+02
-2.470407671000156995e+02
-2.530705335306564052e+02
-4.811095766251157215e+02
-4.196341949497612518e+02
-5.801968432066609012e+02
-1.715429880390168762e+02
-1.875729030931788657e+02
-4.521139567137975490e+01
-2.524157658758059029e+02
-2.294811675508665019e+02
-2.449476734516643432e+02
-1.419306356379746319e+02
-9.487044730829884998e+01
-1.734815507419524749e+01
-1.378180096171618345e+02
-1.531692379616646917e+02
-2.707629190288992049e+02
-1.000364029943732476e+02
-1.724941286472518698e+02
-7.552489832445955642e+01
-8.995269311486171659e+01
6.335665964586196708e+01
-9.411004533078495626e+01
1.733208664487998762e-01
-7.042526001958552797e+02
-5.716093988273246396e+02
-9.910580417523677852e+02
-5.736977792609736753e+02
-5.014049110388145891e+02
-5.344825517796186887e+02
-7.496289182597749914e+02
-2.161913257803999500e+02
-1.979725246566417241e+02
-3.048396637757487611e+02
-4.184231397505427026e+02
-4.624653673962988591e+02
-5.192181988184797774e+02
-4.029039046015629424e+02
-8.071737850240054968e+02
-2.402871938720461742e+02
-3.086175368828431829e+02
-1.973474521564926931e+02
-4.468256554105087730e+02
-5.075277186916032406e+02
-5.700283531940240209e+02
-3.106306435899696226e+02
-3.604590958335811024e+02
-2.591991981894894366e+02
-7.305319314719231443e+02
-7.110222400320578799e+02
-5.561999471153957302e+02
1.744538165568154113e+02
7.274313276092148328e+01
-5.503542059255188406e+02
-1.718661152401240543e+03
-8.578963170744373201e+02
-3.936856843181333261e+02
1.507823615710141212e+02
-2.863117500389550401e+02
-3.739490224194672123e+02
-5.945836721403263709e+02
-5.009424206153991008e+02
-3.380285847859486807e+02
-8.013334539806061230e+01
-2.910285507271568690e+02
-2.766374074960944540e+02
-3.981576446497878123e+02
-1.015605076792545134e+02
8.442137428127299614e+00
-2.606679572749801110e+01
-5.621473881056077744e+02
-3.705636812929994903e+02
-9.375316385820839287e+02
-1.210019101048549373e+03
-3.205997677540043242e+03
-5.974531396095369018e+03
1.269015932382044866e+03
1.877019214295898166e+02
1.269168652759125962e+03
3.073733520336600122e+03
-8.538609785383537201e+02
-5.320157601283098074e+02
-9.698899410396302301e+02
-4.359905322661161904e+02
-2.814626366637208434e+02
-1.152123023489878335e+02
-5.438034839522688344e+02
-5.508333640904561435e+02
-8.564080862794212408e+02
-5.799875970777372913e+02
-5.856730634780030869e+02
-2.935125256069410966e+02
-5.378448154808966137e+02
-2.067137474905795216e+02
-1.271066853669935881e+02
-5.076626063826310542e+01
-6.614209518739421583e+02
-1.211125305096229340e+03
-1.903366058906065064e+03
-3.695597988328631800e+02
-3.196322268972944016e+02
-4.346275817163339070e+02
-1.838017547231366052e+03
-1.042311152667394254e+03
-1.055620626613021614e+03
-9.189143124290402511e+02
-9.773202876288279413e+02
-1.789719478453906447e+02
-3.724698779078136681e+02
-3.280860732330174869e+02
-5.538280090221923047e+02
-1.264000170002976660e+02
-2.475279004152965001e+02
-3.036874806354602470e+02
-4.089544056494655706e+02
-2.006697392698993667e+02
-1.460390474626230571e+03
-2.256943313101901367e+03
-3.472437376525248055e+03
1.892627670983947610e+03
-5.514031225198245920e+03
-2.601976852909191166e+03
-1.199607881068933693e+03
-2.738521643324601769e+02
-1.757407623846359002e+02
-5.846659410604738696e+02
-6.518760166509963483e+02
-3.637401627565399167e+02
-1.734758847103915969e+02
-3.550369913574563441e+01
-7.977634093700484073e+02
-5.649099801914703676e+02
-3.493310023770446264e+02
5.272089352552306707e+01
-8.356501161550345103e+01
1.146219407952075358e+02
-2.893787625673256798e+02
-2.898810784083488556e+02
-5.873733520336600122e+02
-4.780908705036820834e+02
-4.842817596851998019e+02
-7.904395861268277486e+02
-1.135352907763856820e+03
-2.430642812196546174e+02
-8.835303107957694237e+02
-1.248244506778867844e+03
3.833872686522281583e+03
2.198266791337511313e+04
-1.353730618394669364e+03
-1.405995664552161315e+03
-1.623714107304584331e+03
-6.341527029353863298e+01
-1.012848824854410736e+02
-4.910184083959144345e+02
-1.145513296482693249e+03
-3.283206778797483594e+02
-8.594405673181478633e+00
-1.676006667073206131e+02
-9.528327857796726903e+02
-6.432329598900629435e+02
-4.861613489314666481e+02
-8.707967359930334794e+01
-9.293001846039564953e+02
-9.381365197513141538e+02
-7.872651442854208881e+02
-3.047059013187945880e+02
-5.288527720870206394e+02
-1.398322597013036557e+02
-3.450454947018588427e+02
2.640456343121304883e+01
-1.246674663947784438e+02
-1.178719088496072231e+02
-2.777904011791868470e+03
1.262779369061429315e+04
-9.353835326526170320e+03
-2.548420724555954621e+03
-2.466199456261291289e+03
-2.403467040673194788e+03
-2.102896881052624394e+03
-7.913151133123817544e+02
1.842607537373378790e+01
3.587662546403573742e+02
-2.811673333660780258e+02
-4.088048111324467300e+02
-9.296454110119304914e+02
-7.883428838576102180e+02
-7.962154133851212237e+02
-2.095164560457602931e+02
-7.737459892519013920e+02
-4.909269834873988998e+02
-9.104209647900695472e+02
-7.432837967890532127e+01
-5.637217874438401850e+02
-7.419714365998729591e+02
-8.934524835197228185e+02
-4.270280625946579676e+02
-1.180998884892894836e+02
-1.606328079581317638e+02
-7.164978027115466830e+02
-9.970739487940844583e+02
-1.899602916455174636e+03
-9.624127874617075577e+03
4.884560074801311202e+03
1.729533270998907255e+03
-2.174456007480130211e+04
