5.418333333333332575e+02
6.609999999999998863e+02
3.678333333333333144e+02
4.786666666666666288e+02
8.963333333333332575e+02
1.213333333333333258e+03
1.340666666666666515e+03
1.155500000000000000e+03
1.205166666666666515e+03
1.271833333333333258e+03
1.280166666666666515e+03
1.148333333333333258e+03
1.252666666666666515e+03
1.362833333333333030e+03
1.364166666666666515e+03
1.194833333333333258e+03
1.259666666666666515e+03
1.360333333333333258e+03
1.411333333333333258e+03
1.257666666666666515e+03
1.415666666666666515e+03
1.514666666666666515e+03
1.529666666666666515e+03
1.299333333333333258e+03
1.376666666666666515e+03
1.438000000000000000e+03
1.436333333333333258e+03
1.251833333333333258e+03
1.349166666666666515e+03
1.436666666666666515e+03
1.446833333333333258e+03
1.283333333333333258e+03
1.411333333333333258e+03
1.467166666666666515e+03
1.471166666666666515e+03
1.260000000000000000e+03
1.350000000000000000e+03
1.424333333333333258e+03
1.407499999999999773e+03
1.250333333333333258e+03
1.352500000000000000e+03
1.451500000000000000e+03
1.438500000000000000e+03
1.253166666666666515e+03
1.340833333333333258e+03
1.438166666666666515e+03
1.466000000000000000e+03
1.354166666666666515e+03
1.483166666666666515e+03
1.541333333333333030e+03
1.464999999999999773e+03
1.242833333333333258e+03
1.360666666666666515e+03
1.470166666666666515e+03
1.498333333333333258e+03
1.319500000000000000e+03
1.402500000000000000e+03
1.429666666666666515e+03
1.415000000000000000e+03
1.237500000000000000e+03
1.365166666666666515e+03
1.463999999999999773e+03
1.470833333333333030e+03
1.281166666666666515e+03
1.375000000000000000e+03
1.467000000000000000e+03
1.455833333333333258e+03
1.289166666666666515e+03
1.410000000000000000e+03
1.523166666666666515e+03
1.532333333333333030e+03
1.355166666666666515e+03
1.470666666666666515e+03
1.525666666666666515e+03
1.506666666666666515e+03
1.329666666666666515e+03
1.432833333333333258e+03
1.495000000000000000e+03
1.436500000000000000e+03
1.265833333333333258e+03
1.358000000000000000e+03
1.436500000000000000e+03
1.411000000000000000e+03
1.235000000000000000e+03
1.318500000000000000e+03
1.407333333333333258e+03
1.412500000000000000e+03
1.290166666666666515e+03
1.388333333333333258e+03
1.445833333333333258e+03
1.451000000000000000e+03
1.281000000000000000e+03
1.402833333333333258e+03
1.475000000000000000e+03
1.464833333333333258e+03
1.337833333333333258e+03
1.460000000000000000e+03
1.532333333333333258e+03
1.473666666666666515e+03
1.264666666666666515e+03
1.374166666666666515e+03
1.454333333333333030e+03
1.444833333333333258e+03
1.253666666666666515e+03
1.356166666666666515e+03
1.409333333333333258e+03
1.411166666666666515e+03
1.239500000000000000e+03
1.371500000000000000e+03
1.453833333333333258e+03
1.464500000000000000e+03
1.285333333333333258e+03
1.422333333333333258e+03
1.524166666666666515e+03
1.535000000000000000e+03
1.324166666666666515e+03
1.378333333333333258e+03
1.424333333333333258e+03
1.412333333333333258e+03
1.237166666666666515e+03
1.354000000000000000e+03
1.438500000000000000e+03
1.447500000000000000e+03
1.256666666666666515e+03
1.342833333333333258e+03
1.385166666666666515e+03
1.361666666666666515e+03
1.206500000000000000e+03
1.353833333333333258e+03
1.474833333333333258e+03
1.440833333333333258e+03
1.217666666666666515e+03
1.313166666666666515e+03
1.438166666666666515e+03
1.467833333333333030e+03
1.296166666666666515e+03
1.368666666666666515e+03
1.438333333333333258e+03
1.420166666666666515e+03
1.246500000000000000e+03
1.349666666666666515e+03
1.471000000000000000e+03
1.505833333333333030e+03
1.323500000000000000e+03
1.351833333333333258e+03
1.410333333333333258e+03
1.441500000000000000e+03
1.297333333333333258e+03
1.348666666666666515e+03
1.397166666666666515e+03
1.415666666666666515e+03
1.286666666666666515e+03
1.393666666666666515e+03
1.447333333333333258e+03
1.430000000000000000e+03
1.253000000000000000e+03
1.347333333333333258e+03
1.441166666666666515e+03
1.461500000000000000e+03
1.308666666666666515e+03
1.359333333333333258e+03
1.408666666666666515e+03
1.399000000000000000e+03
1.267333333333333258e+03
1.354166666666666515e+03
1.414000000000000000e+03
1.432666666666666515e+03
1.300666666666666515e+03
1.416166666666666515e+03
1.479666666666666515e+03
1.447666666666666515e+03
1.257833333333333258e+03
1.310666666666666515e+03
1.402166666666666515e+03
1.458000000000000000e+03
1.315166666666666515e+03
1.383666666666666515e+03
1.436000000000000000e+03
1.461000000000000000e+03
1.311666666666666515e+03
1.405500000000000000e+03
1.445666666666666515e+03
1.427333333333333030e+03
1.260833333333333258e+03
1.377166666666666515e+03
1.443666666666666515e+03
1.431166666666666515e+03
1.238666666666666515e+03
1.362000000000000000e+03
1.430000000000000000e+03
1.408833333333333258e+03
1.241833333333333258e+03
1.340500000000000000e+03
1.445000000000000000e+03
1.470833333333333258e+03
1.309166666666666515e+03
1.384000000000000000e+03
1.417999999999999773e+03
1.414833333333333030e+03
1.287500000000000000e+03
1.410500000000000000e+03
1.470333333333333258e+03
1.475000000000000000e+03
1.293000000000000000e+03
1.363500000000000000e+03
1.401166666666666515e+03
1.413333333333333258e+03
1.295666666666666515e+03
1.418500000000000000e+03
1.465833333333333258e+03
1.440333333333333258e+03
1.263000000000000000e+03
1.365333333333333258e+03
1.432666666666666515e+03
1.375000000000000000e+03
1.183333333333333258e+03
1.314333333333333258e+03
1.482666666666666515e+03
1.533666666666666515e+03
1.331000000000000000e+03
1.355500000000000000e+03
1.396000000000000000e+03
1.415000000000000000e+03
1.269166666666666515e+03
1.363000000000000000e+03
1.450333333333333258e+03
1.488166666666666515e+03
1.334000000000000000e+03
1.395500000000000000e+03
1.425500000000000000e+03
1.428666666666666515e+03
1.287000000000000000e+03
1.355000000000000000e+03
1.372666666666666515e+03
1.374000000000000000e+03
1.255500000000000000e+03
1.401666666666666515e+03
1.435000000000000000e+03
1.427000000000000000e+03
1.256666666666666515e+03
1.369000000000000000e+03
1.416833333333333258e+03
1.388333333333333258e+03
1.221333333333333258e+03
1.316500000000000000e+03
1.393000000000000000e+03
1.377333333333333258e+03
1.215166666666666515e+03
1.326500000000000000e+03
1.419000000000000000e+03
1.438333333333333030e+03
1.278666666666666515e+03
1.388333333333333258e+03
1.437500000000000000e+03
1.441833333333333258e+03
1.283333333333333258e+03
1.381833333333333258e+03
1.424666666666666515e+03
1.413666666666666515e+03
1.242166666666666515e+03
1.315500000000000000e+03
1.388333333333333258e+03
1.433833333333333258e+03
1.322666666666666515e+03
1.416166666666666515e+03
1.453000000000000000e+03
1.450166666666666515e+03
1.263500000000000000e+03
1.336000000000000000e+03
1.380666666666666515e+03
1.394166666666666515e+03
1.255833333333333258e+03
1.367333333333333258e+03
1.402166666666666515e+03
1.390500000000000000e+03
1.208166666666666515e+03
1.309166666666666515e+03
1.373000000000000000e+03
1.379333333333333258e+03
1.227333333333333258e+03
1.360833333333333258e+03
1.444333333333333258e+03
1.468833333333333030e+03
1.269166666666666515e+03
1.334166666666666515e+03
1.409000000000000000e+03
1.466666666666666515e+03
1.324500000000000000e+03
1.390500000000000000e+03
1.401833333333333258e+03
1.423000000000000000e+03
1.281333333333333258e+03
1.359500000000000000e+03
1.394166666666666515e+03
1.401666666666666515e+03
1.304000000000000000e+03
1.429833333333333258e+03
1.486000000000000000e+03
1.472499999999999773e+03
1.278166666666666515e+03
1.348833333333333258e+03
1.390000000000000000e+03
1.380500000000000000e+03
1.254666666666666515e+03
1.358833333333333258e+03
1.445666666666666515e+03
1.422666666666666515e+03
1.281000000000000000e+03
1.367333333333333258e+03
1.448166666666666515e+03
1.459499999999999773e+03
1.348833333333333258e+03
1.417666666666666515e+03
1.412166666666666515e+03
1.354666666666666515e+03
1.228500000000000000e+03
1.375000000000000000e+03
1.444833333333333030e+03
1.441000000000000000e+03
1.236666666666666515e+03
1.291666666666666515e+03
1.305833333333333258e+03
1.304666666666666515e+03
1.185833333333333258e+03
1.270333333333333258e+03
1.348166666666666515e+03
1.362500000000000000e+03
1.230000000000000000e+03
1.293666666666666515e+03
1.336333333333333258e+03
1.350166666666666515e+03
1.225666666666666515e+03
1.309333333333333258e+03
1.395833333333333258e+03
1.423500000000000000e+03
1.310666666666666515e+03
1.361500000000000000e+03
1.408833333333333258e+03
1.433833333333333030e+03
1.313333333333333258e+03
1.371666666666666515e+03
1.379500000000000000e+03
1.382000000000000000e+03
1.275833333333333258e+03
1.374333333333333258e+03
1.402000000000000000e+03
1.371833333333333258e+03
1.227333333333333258e+03
1.346333333333333258e+03
1.443833333333333258e+03
1.442000000000000000e+03
1.275833333333333258e+03
1.341166666666666515e+03
1.396500000000000000e+03
1.404166666666666515e+03
1.221333333333333258e+03
1.279333333333333258e+03
1.338666666666666515e+03
1.396000000000000000e+03
1.284833333333333258e+03
1.333666666666666515e+03
1.367666666666666515e+03
1.363000000000000000e+03
1.243666666666666515e+03
1.322166666666666515e+03
1.382333333333333258e+03
1.435500000000000000e+03
1.316500000000000000e+03
1.419000000000000000e+03
1.413666666666666515e+03
1.390833333333333258e+03
1.217000000000000000e+03
1.280833333333333258e+03
1.346833333333333258e+03
1.423000000000000000e+03
1.344666666666666515e+03
1.419166666666666515e+03
1.385166666666666515e+03
1.369333333333333258e+03
1.258333333333333258e+03
1.359666666666666515e+03
1.395333333333333258e+03
1.380000000000000000e+03
1.234166666666666515e+03
1.313000000000000000e+03
1.351166666666666515e+03
1.381500000000000000e+03
1.261833333333333258e+03
1.331333333333333258e+03
1.359333333333333258e+03
1.341833333333333258e+03
1.199666666666666515e+03
1.271666666666666515e+03
1.325500000000000000e+03
1.345333333333333258e+03
1.223166666666666515e+03
1.288333333333333258e+03
1.324500000000000000e+03
1.343166666666666515e+03
1.239833333333333258e+03
1.364166666666666515e+03
1.391333333333333030e+03
1.365833333333333258e+03
1.204500000000000000e+03
1.290166666666666515e+03
1.343500000000000000e+03
1.359833333333333258e+03
1.255000000000000000e+03
1.348666666666666515e+03
1.366000000000000000e+03
1.371833333333333258e+03
1.266333333333333258e+03
1.378666666666666515e+03
1.418500000000000000e+03
1.441833333333333258e+03
1.335166666666666515e+03
1.395166666666666515e+03
1.393000000000000000e+03
1.364666666666666515e+03
1.234500000000000000e+03
1.297666666666666515e+03
1.320333333333333258e+03
1.344333333333333258e+03
1.265333333333333258e+03
1.364833333333333258e+03
1.373000000000000000e+03
1.355166666666666515e+03
1.241666666666666515e+03
1.352666666666666515e+03
1.406833333333333258e+03
1.437000000000000000e+03
1.275833333333333258e+03
1.347166666666666515e+03
1.371333333333333258e+03
1.418666666666666515e+03
1.291000000000000000e+03
1.327166666666666515e+03
1.303166666666666515e+03
1.310333333333333258e+03
1.236666666666666515e+03
1.339000000000000000e+03
1.361000000000000000e+03
1.347166666666666515e+03
1.233166666666666515e+03
1.302666666666666515e+03
1.328000000000000000e+03
1.374333333333333258e+03
1.309500000000000000e+03
1.385000000000000000e+03
1.388666666666666515e+03
1.386333333333333258e+03
1.284833333333333258e+03
1.355500000000000000e+03
1.385166666666666515e+03
1.375500000000000000e+03
1.288833333333333258e+03
1.327500000000000000e+03
1.387833333333333258e+03
1.442333333333333258e+03
1.346000000000000000e+03
1.393666666666666515e+03
1.375000000000000000e+03
1.403333333333333258e+03
1.298666666666666515e+03
1.363333333333333258e+03
1.378333333333333258e+03
1.387000000000000000e+03
1.277833333333333258e+03
1.343833333333333258e+03
1.384500000000000000e+03
1.407166666666666515e+03
1.289000000000000000e+03
1.325666666666666515e+03
1.330666666666666515e+03
1.333666666666666515e+03
1.222166666666666515e+03
1.291000000000000000e+03
1.342333333333333258e+03
1.383666666666666515e+03
1.292333333333333258e+03
1.367666666666666515e+03
1.394833333333333258e+03
1.409333333333333258e+03
1.271500000000000000e+03
1.304833333333333258e+03
1.309500000000000000e+03
1.347333333333333258e+03
1.255000000000000000e+03
1.305333333333333258e+03
1.275666666666666515e+03
1.289666666666666515e+03
1.204166666666666515e+03
1.294166666666666515e+03
1.343500000000000000e+03
1.385333333333333258e+03
1.306666666666666515e+03
1.353333333333333258e+03
1.338166666666666515e+03
1.351666666666666515e+03
1.235333333333333258e+03
1.304666666666666515e+03
1.342333333333333258e+03
1.379500000000000000e+03
1.276500000000000000e+03
1.323833333333333258e+03
1.335333333333333258e+03
1.352000000000000000e+03
1.269833333333333258e+03
1.368000000000000000e+03
1.402333333333333258e+03
1.388833333333333258e+03
1.268166666666666515e+03
1.359166666666666515e+03
1.405000000000000000e+03
1.460500000000000000e+03
1.326500000000000000e+03
1.341833333333333258e+03
1.308500000000000000e+03
1.328333333333333258e+03
1.256500000000000000e+03
1.324000000000000000e+03
1.352666666666666515e+03
1.405500000000000000e+03
1.311833333333333258e+03
1.351833333333333258e+03
1.325833333333333258e+03
1.330500000000000000e+03
1.235166666666666515e+03
1.300833333333333258e+03
1.304000000000000000e+03
1.316166666666666515e+03
1.221500000000000000e+03
1.321500000000000000e+03
1.388333333333333258e+03
1.438333333333333030e+03
1.341666666666666515e+03
1.352000000000000000e+03
1.327166666666666515e+03
1.332666666666666515e+03
1.260333333333333258e+03
1.328333333333333258e+03
1.338666666666666515e+03
1.351500000000000000e+03
1.263333333333333258e+03
1.336000000000000000e+03
1.357666666666666515e+03
1.399166666666666515e+03
1.320333333333333258e+03
1.372333333333333258e+03
1.370333333333333258e+03
1.409166666666666515e+03
1.327333333333333258e+03
1.393000000000000000e+03
1.359833333333333258e+03
1.354166666666666515e+03
1.209166666666666515e+03
1.284333333333333258e+03
1.320166666666666515e+03
1.393833333333333258e+03
1.304166666666666515e+03
1.373166666666666515e+03
1.376000000000000000e+03
1.375500000000000000e+03
1.273166666666666515e+03
1.339333333333333258e+03
1.367500000000000000e+03
1.393666666666666515e+03
1.308666666666666515e+03
1.382500000000000000e+03
1.369166666666666515e+03
1.370166666666666515e+03
1.233500000000000000e+03
1.328666666666666515e+03
1.376666666666666515e+03
1.473500000000000000e+03
1.400166666666666515e+03
1.438833333333333258e+03
1.394500000000000000e+03
1.369833333333333258e+03
1.252666666666666515e+03
1.308666666666666515e+03
1.322333333333333258e+03
1.355333333333333258e+03
1.268333333333333258e+03
1.305166666666666515e+03
1.311166666666666515e+03
1.344333333333333258e+03
1.271000000000000000e+03
1.311666666666666515e+03
1.274166666666666515e+03
1.285666666666666515e+03
1.228166666666666515e+03
1.316000000000000000e+03
1.329833333333333258e+03
1.372500000000000000e+03
1.308000000000000000e+03
1.410000000000000000e+03
1.417166666666666515e+03
1.451833333333333258e+03
1.355000000000000000e+03
1.381500000000000000e+03
1.369333333333333258e+03
1.381333333333333258e+03
1.309666666666666515e+03
1.357333333333333258e+03
1.343000000000000000e+03
1.377500000000000000e+03
1.339000000000000000e+03
1.435666666666666515e+03
1.417666666666666515e+03
1.402999999999999773e+03
1.300166666666666515e+03
1.364833333333333258e+03
1.363166666666666515e+03
1.337500000000000000e+03
1.229166666666666515e+03
1.283666666666666515e+03
1.315500000000000000e+03
1.346000000000000000e+03
1.268500000000000000e+03
1.300166666666666515e+03
1.281666666666666515e+03
1.288833333333333258e+03
1.223333333333333258e+03
1.286666666666666515e+03
1.302333333333333258e+03
1.343833333333333258e+03
1.261000000000000000e+03
1.302500000000000000e+03
1.321500000000000000e+03
1.389500000000000000e+03
1.319000000000000000e+03
1.344166666666666515e+03
1.324666666666666515e+03
1.363000000000000000e+03
1.303333333333333258e+03
1.357000000000000000e+03
1.345500000000000000e+03
1.368500000000000000e+03
1.305166666666666515e+03
1.380833333333333258e+03
1.363666666666666515e+03
1.362833333333333258e+03
1.252333333333333258e+03
1.320333333333333258e+03
1.368166666666666515e+03
1.453666666666666515e+03
1.392000000000000000e+03
1.420333333333333258e+03
1.361833333333333258e+03
1.387166666666666515e+03
1.295000000000000000e+03
1.331166666666666515e+03
1.300000000000000000e+03
1.344000000000000000e+03
1.297500000000000000e+03
1.368666666666666515e+03
1.359833333333333258e+03
1.393500000000000000e+03
1.269666666666666515e+03
1.276000000000000000e+03
1.270833333333333258e+03
1.359166666666666515e+03
1.343500000000000000e+03
1.397500000000000000e+03
1.360166666666666515e+03
1.399833333333333258e+03
1.320833333333333258e+03
1.391500000000000000e+03
1.341000000000000000e+03
1.360333333333333258e+03
1.260166666666666515e+03
1.322333333333333258e+03
1.309000000000000000e+03
1.375833333333333258e+03
1.329833333333333258e+03
1.386000000000000000e+03
1.350500000000000000e+03
1.357833333333333258e+03
1.275833333333333258e+03
1.353500000000000000e+03
1.359833333333333258e+03
1.431166666666666515e+03
1.329666666666666515e+03
1.369333333333333258e+03
1.363500000000000000e+03
1.458666666666666515e+03
1.405833333333333258e+03
1.437666666666666515e+03
1.374166666666666515e+03
1.385166666666666515e+03
1.282166666666666515e+03
1.296666666666666515e+03
1.264666666666666515e+03
1.264333333333333258e+03
1.248333333333333258e+03
1.332833333333333258e+03
1.359500000000000000e+03
1.362000000000000000e+03
1.242333333333333258e+03
1.275166666666666515e+03
1.265666666666666515e+03
1.344500000000000000e+03
1.294000000000000000e+03
1.373666666666666515e+03
1.336500000000000000e+03
1.346333333333333258e+03
1.254500000000000000e+03
1.343000000000000000e+03
1.382166666666666515e+03
1.382499999999999773e+03
1.263500000000000000e+03
1.285333333333333258e+03
1.333166666666666515e+03
1.370333333333333258e+03
1.293000000000000000e+03
1.328000000000000000e+03
1.334666666666666515e+03
1.386333333333333258e+03
1.284166666666666515e+03
1.332500000000000000e+03
1.330166666666666515e+03
1.376666666666666515e+03
1.319666666666666515e+03
1.348666666666666515e+03
1.355666666666666515e+03
1.388166666666666515e+03
1.307666666666666515e+03
1.308166666666666515e+03
1.263666666666666515e+03
1.295166666666666515e+03
1.251833333333333258e+03
1.281500000000000000e+03
1.293833333333333258e+03
1.347333333333333258e+03
1.297000000000000000e+03
1.374166666666666515e+03
1.390333333333333258e+03
1.448000000000000000e+03
1.329500000000000000e+03
1.324166666666666515e+03
1.282833333333333258e+03
1.299166666666666515e+03
1.207666666666666515e+03
1.277333333333333258e+03
1.335666666666666515e+03
1.381000000000000000e+03
1.253000000000000000e+03
1.217000000000000000e+03
1.210500000000000000e+03
1.283500000000000000e+03
1.250333333333333258e+03
1.294500000000000000e+03
1.289833333333333258e+03
1.338833333333333258e+03
1.320833333333333258e+03
1.385166666666666515e+03
1.369833333333333258e+03
1.402666666666666515e+03
1.339000000000000000e+03
1.395500000000000000e+03
1.360166666666666515e+03
1.361166666666666515e+03
1.274000000000000000e+03
1.319833333333333258e+03
1.359166666666666515e+03
1.367500000000000000e+03
1.267333333333333258e+03
1.266666666666666515e+03
1.286333333333333258e+03
1.347333333333333258e+03
1.292000000000000000e+03
1.357833333333333258e+03
1.372833333333333258e+03
1.453166666666666515e+03
1.361833333333333258e+03
1.376000000000000000e+03
1.322666666666666515e+03
1.336166666666666515e+03
1.277500000000000000e+03
1.354000000000000000e+03
1.360833333333333258e+03
1.368166666666666515e+03
1.247166666666666515e+03
1.286333333333333258e+03
1.275166666666666515e+03
1.318666666666666515e+03
1.236000000000000000e+03
1.302833333333333258e+03
1.316333333333333258e+03
1.388666666666666515e+03
1.323666666666666515e+03
1.352000000000000000e+03
1.325500000000000000e+03
1.361333333333333258e+03
1.310833333333333258e+03
1.421000000000000000e+03
1.452666666666666515e+03
1.499499999999999773e+03
1.386833333333333258e+03
1.389833333333333258e+03
1.362166666666666515e+03
1.371166666666666515e+03
1.310833333333333258e+03
1.346666666666666515e+03
1.326833333333333258e+03
1.326333333333333258e+03
1.245166666666666515e+03
1.340500000000000000e+03
1.341999999999999773e+03
1.373833333333333030e+03
1.274833333333333258e+03
1.349000000000000000e+03
1.344166666666666515e+03
1.348333333333333258e+03
1.247666666666666515e+03
1.310333333333333258e+03
1.333166666666666515e+03
1.369500000000000000e+03
1.275166666666666515e+03
1.335166666666666515e+03
1.350333333333333258e+03
1.424166666666666515e+03
1.334500000000000000e+03
1.399500000000000000e+03
1.365333333333333258e+03
1.345499999999999773e+03
1.209500000000000000e+03
1.271833333333333258e+03
1.303500000000000000e+03
1.307000000000000000e+03
1.213666666666666515e+03
1.294166666666666515e+03
1.364000000000000000e+03
1.414500000000000000e+03
1.347166666666666515e+03
1.402000000000000000e+03
1.400333333333333258e+03
1.404333333333333258e+03
1.274500000000000000e+03
1.274000000000000000e+03
1.263500000000000000e+03
1.310166666666666515e+03
1.240333333333333258e+03
1.298333333333333258e+03
1.301166666666666515e+03
1.343666666666666515e+03
1.267833333333333258e+03
1.315166666666666515e+03
1.348166666666666515e+03
1.364500000000000000e+03
1.278666666666666515e+03
1.298833333333333258e+03
1.314333333333333258e+03
1.367833333333333258e+03
1.289833333333333258e+03
1.335666666666666515e+03
1.319333333333333258e+03
1.354833333333333258e+03
1.277000000000000000e+03
1.340000000000000000e+03
1.333833333333333258e+03
1.360833333333333258e+03
1.282333333333333258e+03
1.373166666666666515e+03
1.375333333333333258e+03
1.381666666666666515e+03
1.268666666666666515e+03
1.340166666666666515e+03
1.342166666666666515e+03
1.370000000000000000e+03
1.261166666666666515e+03
1.325166666666666515e+03
1.325666666666666515e+03
1.364666666666666515e+03
1.268833333333333258e+03
1.335500000000000000e+03
1.335666666666666515e+03
1.385000000000000000e+03
1.296333333333333258e+03
1.347166666666666515e+03
1.341500000000000000e+03
1.364166666666666515e+03
1.298333333333333258e+03
1.367500000000000000e+03
1.362166666666666515e+03
1.388500000000000000e+03
1.329833333333333258e+03
1.397166666666666515e+03
1.359666666666666515e+03
1.333666666666666515e+03
1.237666666666666515e+03
1.321500000000000000e+03
1.321166666666666515e+03
1.312000000000000000e+03
1.212000000000000000e+03
1.296833333333333258e+03
1.344166666666666515e+03
1.386833333333333258e+03
1.303500000000000000e+03
1.385333333333333258e+03
1.401000000000000000e+03
1.427833333333333258e+03
1.328666666666666515e+03
1.385666666666666515e+03
1.366500000000000000e+03
1.391833333333333258e+03
1.290666666666666515e+03
1.363666666666666515e+03
1.377000000000000000e+03
1.387833333333333258e+03
1.279333333333333258e+03
1.287166666666666515e+03
1.338333333333333258e+03
1.454166666666666515e+03
1.419666666666666515e+03
1.480000000000000000e+03
1.439500000000000000e+03
1.429500000000000000e+03
1.285000000000000000e+03
1.321500000000000000e+03
1.346500000000000000e+03
1.379500000000000000e+03
1.253500000000000000e+03
1.269666666666666515e+03
1.260666666666666515e+03
1.290833333333333258e+03
1.220333333333333258e+03
1.306333333333333258e+03
1.347333333333333258e+03
1.394666666666666515e+03
1.278500000000000000e+03
1.296666666666666515e+03
1.291666666666666515e+03
1.343500000000000000e+03
1.297500000000000000e+03
1.362500000000000000e+03
1.376666666666666515e+03
1.391666666666666515e+03
1.286666666666666515e+03
1.315666666666666515e+03
1.314666666666666515e+03
1.330833333333333258e+03
1.250666666666666515e+03
1.287833333333333258e+03
1.292666666666666515e+03
1.307666666666666515e+03
1.257333333333333258e+03
1.334333333333333258e+03
1.382166666666666515e+03
1.448833333333333258e+03
1.394166666666666515e+03
1.400333333333333258e+03
1.320166666666666515e+03
1.289000000000000000e+03
1.217833333333333258e+03
1.313833333333333258e+03
1.376000000000000000e+03
1.418333333333333258e+03
1.340000000000000000e+03
1.382000000000000000e+03
1.389833333333333258e+03
1.386666666666666515e+03
1.265166666666666515e+03
1.283333333333333258e+03
1.323500000000000000e+03
1.350833333333333258e+03
1.301500000000000000e+03
1.355833333333333258e+03
1.388166666666666515e+03
1.375166666666666515e+03
1.251000000000000000e+03
1.302166666666666515e+03
1.356833333333333258e+03
1.417166666666666515e+03
1.357166666666666515e+03
1.404333333333333258e+03
1.366000000000000000e+03
1.322666666666666515e+03
1.224333333333333258e+03
1.323833333333333258e+03
1.348000000000000000e+03
1.352333333333333258e+03
1.231500000000000000e+03
1.289666666666666515e+03
1.287333333333333258e+03
1.300666666666666515e+03
1.202166666666666515e+03
1.280833333333333258e+03
1.312000000000000000e+03
1.356000000000000000e+03
1.275833333333333258e+03
1.355333333333333258e+03
1.371499999999999773e+03
1.404333333333333030e+03
1.274166666666666515e+03
1.301833333333333258e+03
1.276500000000000000e+03
1.342500000000000000e+03
1.291500000000000000e+03
1.379000000000000000e+03
1.345666666666666515e+03
1.332666666666666515e+03
1.200000000000000000e+03
1.248333333333333258e+03
1.279000000000000000e+03
1.329500000000000000e+03
1.273166666666666515e+03
1.330833333333333258e+03
1.355333333333333258e+03
1.365166666666666515e+03
1.275333333333333258e+03
1.300833333333333258e+03
1.273500000000000000e+03
1.277000000000000000e+03
1.213500000000000000e+03
1.319333333333333258e+03
1.384333333333333258e+03
1.421500000000000000e+03
1.317500000000000000e+03
1.327166666666666515e+03
1.308500000000000000e+03
1.331166666666666515e+03
1.277500000000000000e+03
1.367166666666666515e+03
1.389833333333333258e+03
1.345333333333333258e+03
1.211333333333333258e+03
1.259666666666666515e+03
1.314333333333333258e+03
1.351500000000000000e+03
1.272166666666666515e+03
1.283166666666666515e+03
1.281166666666666515e+03
1.308500000000000000e+03
1.258500000000000000e+03
1.301333333333333258e+03
1.308833333333333258e+03
1.366833333333333258e+03
1.349666666666666515e+03
1.382666666666666515e+03
1.342500000000000000e+03
1.326500000000000000e+03
1.230166666666666515e+03
1.267333333333333258e+03
1.241666666666666515e+03
1.278166666666666515e+03
1.203333333333333258e+03
1.292166666666666515e+03
1.312833333333333258e+03
1.345666666666666515e+03
1.246833333333333258e+03
1.276833333333333258e+03
1.263833333333333258e+03
1.253833333333333258e+03
1.184833333333333258e+03
1.290166666666666515e+03
1.368333333333333258e+03
1.408833333333333258e+03
1.310000000000000000e+03
1.338666666666666515e+03
1.333500000000000000e+03
1.326833333333333258e+03
1.250333333333333258e+03
1.311666666666666515e+03
1.336833333333333258e+03
1.315000000000000000e+03
1.208000000000000000e+03
1.246333333333333258e+03
1.278666666666666515e+03
1.307000000000000000e+03
1.271666666666666515e+03
1.359166666666666515e+03
1.374166666666666515e+03
1.357166666666666515e+03
1.229000000000000000e+03
1.289000000000000000e+03
1.318666666666666515e+03
1.350333333333333258e+03
1.271500000000000000e+03
1.302833333333333258e+03
1.350833333333333258e+03
1.376666666666666515e+03
1.281833333333333258e+03
1.247000000000000000e+03
1.193666666666666515e+03
1.203833333333333258e+03
1.189666666666666515e+03
1.325666666666666515e+03
1.393333333333333030e+03
1.404833333333333258e+03
1.277500000000000000e+03
1.307666666666666515e+03
1.370333333333333258e+03
1.474833333333333258e+03
1.416666666666666515e+03
1.448000000000000000e+03
1.387500000000000000e+03
1.410000000000000000e+03
1.315500000000000000e+03
1.377333333333333258e+03
1.392666666666666515e+03
1.423833333333333258e+03
1.341666666666666515e+03
1.376833333333333258e+03
1.369166666666666515e+03
1.399333333333333258e+03
1.297666666666666515e+03
1.346166666666666515e+03
1.373666666666666515e+03
1.458333333333333258e+03
1.391833333333333258e+03
1.407000000000000000e+03
1.381833333333333258e+03
1.385000000000000000e+03
1.318500000000000000e+03
1.381500000000000000e+03
1.414000000000000000e+03
1.431500000000000000e+03
1.339666666666666515e+03
1.381166666666666515e+03
1.389666666666666515e+03
1.407166666666666515e+03
1.334000000000000000e+03
1.389833333333333258e+03
1.441000000000000000e+03
1.495500000000000000e+03
1.407333333333333258e+03
1.434666666666666515e+03
1.406833333333333258e+03
1.421833333333333258e+03
1.322166666666666515e+03
1.392666666666666515e+03
1.428500000000000000e+03
1.436333333333333258e+03
1.317333333333333258e+03
1.363333333333333258e+03
1.383000000000000000e+03
1.381833333333333258e+03
1.293666666666666515e+03
1.339000000000000000e+03
1.371000000000000000e+03
1.358333333333333258e+03
1.284666666666666515e+03
1.361666666666666515e+03
1.398166666666666515e+03
1.409166666666666515e+03
1.310500000000000000e+03
1.348500000000000000e+03
1.373000000000000000e+03
1.353333333333333258e+03
1.264166666666666515e+03
1.279166666666666515e+03
1.340333333333333258e+03
1.386833333333333258e+03
1.336833333333333258e+03
1.367833333333333258e+03
1.355333333333333258e+03
1.349333333333333258e+03
1.263833333333333258e+03
1.341000000000000000e+03
1.375833333333333258e+03
1.396666666666666515e+03
1.305833333333333258e+03
1.340833333333333258e+03
1.337333333333333258e+03
1.310833333333333258e+03
1.222500000000000000e+03
1.293666666666666515e+03
1.335666666666666515e+03
1.357333333333333258e+03
1.276000000000000000e+03
1.332500000000000000e+03
1.341333333333333258e+03
1.334333333333333258e+03
1.241666666666666515e+03
1.307000000000000000e+03
1.333666666666666515e+03
1.354500000000000000e+03
1.243166666666666515e+03
1.274000000000000000e+03
1.303833333333333258e+03
1.355666666666666515e+03
1.314333333333333258e+03
1.402666666666666515e+03
1.411833333333333258e+03
1.397333333333333258e+03
1.255333333333333258e+03
1.301000000000000000e+03
1.335166666666666515e+03
1.336333333333333258e+03
1.260833333333333258e+03
1.307000000000000000e+03
1.320000000000000000e+03
1.295166666666666515e+03
1.191166666666666515e+03
1.270166666666666515e+03
1.334333333333333258e+03
1.390666666666666515e+03
1.291333333333333258e+03
1.340000000000000000e+03
1.334500000000000000e+03
1.377333333333333258e+03
1.295333333333333258e+03
1.344666666666666515e+03
1.343333333333333258e+03
1.343500000000000000e+03
1.261666666666666515e+03
1.310333333333333258e+03
1.299666666666666515e+03
1.332166666666666515e+03
1.256166666666666515e+03
1.324000000000000000e+03
1.368833333333333258e+03
1.410500000000000000e+03
1.338833333333333258e+03
1.359333333333333258e+03
1.345166666666666515e+03
1.406166666666666515e+03
1.321666666666666515e+03
1.371666666666666515e+03
1.367000000000000000e+03
1.403500000000000000e+03
1.340166666666666515e+03
1.389000000000000000e+03
1.397666666666666515e+03
1.378333333333333258e+03
1.271666666666666515e+03
1.310333333333333258e+03
1.372500000000000000e+03
1.400333333333333258e+03
1.324166666666666515e+03
1.367500000000000000e+03
1.373500000000000000e+03
1.368666666666666515e+03
1.286166666666666515e+03
1.357166666666666515e+03
1.378333333333333258e+03
1.377166666666666515e+03
1.290500000000000000e+03
1.365333333333333258e+03
1.395500000000000000e+03
1.417500000000000000e+03
1.298333333333333258e+03
1.330833333333333258e+03
1.322000000000000000e+03
1.332333333333333258e+03
1.268333333333333258e+03
1.340500000000000000e+03
1.382666666666666515e+03
1.395166666666666515e+03
1.317166666666666515e+03
1.369333333333333258e+03
1.379833333333333258e+03
1.377500000000000000e+03
1.310666666666666515e+03
1.368500000000000000e+03
1.406833333333333258e+03
1.388666666666666515e+03
1.306833333333333258e+03
1.350166666666666515e+03
1.380666666666666515e+03
1.403999999999999773e+03
1.296500000000000000e+03
1.356833333333333258e+03
1.340166666666666515e+03
1.323500000000000000e+03
1.241500000000000000e+03
1.340000000000000000e+03
1.410333333333333258e+03
1.411666666666666515e+03
1.304333333333333258e+03
1.336333333333333258e+03
1.345500000000000000e+03
1.337833333333333258e+03
1.248333333333333258e+03
1.305000000000000000e+03
1.339666666666666515e+03
1.392166666666666515e+03
1.345500000000000000e+03
1.409666666666666515e+03
1.403166666666666515e+03
1.397500000000000000e+03
1.333500000000000000e+03
1.383333333333333258e+03
1.402333333333333258e+03
1.414833333333333258e+03
1.344166666666666515e+03
1.399333333333333258e+03
1.397666666666666515e+03
1.404500000000000000e+03
1.296833333333333258e+03
1.338666666666666515e+03
1.349500000000000000e+03
1.362166666666666515e+03
1.251500000000000000e+03
1.299333333333333258e+03
1.310500000000000000e+03
1.336833333333333258e+03
1.269000000000000000e+03
1.343833333333333258e+03
1.361500000000000000e+03
1.356666666666666515e+03
1.267833333333333258e+03
1.369166666666666515e+03
1.407666666666666515e+03
1.428833333333333258e+03
1.307666666666666515e+03
1.339000000000000000e+03
1.353500000000000000e+03
1.379666666666666515e+03
1.347666666666666515e+03
1.406166666666666515e+03
1.431500000000000000e+03
1.428500000000000000e+03
1.355000000000000000e+03
1.417833333333333258e+03
1.462666666666666515e+03
1.507833333333333258e+03
1.455666666666666515e+03
1.539166666666666515e+03
1.608666666666666515e+03
1.659166666666666515e+03
1.590166666666666515e+03
1.657166666666666515e+03
1.716666666666666515e+03
1.789500000000000000e+03
1.770333333333333258e+03
1.865333333333333258e+03
1.879166666666666515e+03
1.873499999999999773e+03
1.755999999999999773e+03
1.811833333333333030e+03
1.818833333333333258e+03
1.830000000000000000e+03
1.726666666666666515e+03
1.771333333333333258e+03
1.819333333333333258e+03
1.855500000000000000e+03
1.802833333333333258e+03
1.878000000000000000e+03
1.890166666666666515e+03
1.813333333333333258e+03
1.610499999999999773e+03
1.567166666666666515e+03
1.517333333333333030e+03
1.494500000000000000e+03
1.373666666666666515e+03
1.429833333333333258e+03
1.450333333333333258e+03
1.496166666666666515e+03
1.427000000000000000e+03
1.460500000000000000e+03
1.470500000000000000e+03
1.513166666666666515e+03
1.430500000000000000e+03
1.445666666666666515e+03
1.409333333333333258e+03
1.424333333333333258e+03
1.351500000000000000e+03
1.412166666666666515e+03
1.429333333333333258e+03
1.453500000000000000e+03
1.365166666666666515e+03
1.407333333333333258e+03
1.410666666666666515e+03
1.399166666666666515e+03
1.298333333333333258e+03
1.385333333333333258e+03
1.420000000000000000e+03
1.451833333333333258e+03
1.365333333333333258e+03
1.413166666666666515e+03
1.451000000000000000e+03
1.442666666666666515e+03
1.324166666666666515e+03
1.312333333333333258e+03
1.313333333333333258e+03
1.358166666666666515e+03
1.301000000000000000e+03
1.340166666666666515e+03
1.347333333333333258e+03
1.393500000000000000e+03
1.301166666666666515e+03
1.333000000000000000e+03
1.311833333333333258e+03
1.330500000000000000e+03
1.273833333333333258e+03
1.315333333333333258e+03
1.350833333333333258e+03
1.382333333333333258e+03
1.320333333333333258e+03
1.373166666666666515e+03
1.384666666666666515e+03
1.389833333333333258e+03
1.282833333333333258e+03
1.319333333333333258e+03
1.318500000000000000e+03
1.327833333333333258e+03
1.253333333333333258e+03
1.329166666666666515e+03
1.352833333333333258e+03
1.351333333333333258e+03
1.232000000000000000e+03
1.274000000000000000e+03
1.270500000000000000e+03
1.323166666666666515e+03
1.266666666666666515e+03
1.370166666666666515e+03
1.355833333333333258e+03
1.321833333333333258e+03
1.202833333333333258e+03
1.287166666666666515e+03
1.348333333333333258e+03
1.408333333333333258e+03
1.357166666666666515e+03
1.402666666666666515e+03
1.366000000000000000e+03
1.322333333333333258e+03
1.211500000000000000e+03
1.266666666666666515e+03
1.302833333333333258e+03
1.327166666666666515e+03
1.257500000000000000e+03
1.323000000000000000e+03
1.370500000000000000e+03
1.424333333333333258e+03
1.306666666666666515e+03
1.301500000000000000e+03
1.285500000000000000e+03
1.340833333333333258e+03
1.309000000000000000e+03
1.360833333333333258e+03
1.334166666666666515e+03
1.334833333333333258e+03
1.218333333333333258e+03
1.223000000000000000e+03
1.218833333333333258e+03
1.279833333333333258e+03
1.278333333333333258e+03
1.392000000000000000e+03
1.383000000000000000e+03
1.378500000000000000e+03
1.249166666666666515e+03
1.310000000000000000e+03
1.330833333333333258e+03
1.356833333333333258e+03
1.309666666666666515e+03
1.390500000000000000e+03
1.392333333333333258e+03
1.396833333333333258e+03
1.295333333333333258e+03
1.340333333333333258e+03
1.318666666666666515e+03
1.321333333333333258e+03
1.265500000000000000e+03
1.380666666666666515e+03
1.430000000000000000e+03
1.472666666666666515e+03
1.342500000000000000e+03
1.344333333333333258e+03
1.319833333333333258e+03
1.332000000000000000e+03
1.277166666666666515e+03
1.335333333333333258e+03
1.346166666666666515e+03
1.385833333333333258e+03
1.315333333333333258e+03
1.405000000000000000e+03
1.430333333333333258e+03
1.513000000000000000e+03
1.443833333333333258e+03
1.458500000000000000e+03
1.411000000000000000e+03
1.427333333333333258e+03
1.348666666666666515e+03
1.388333333333333258e+03
1.403833333333333258e+03
1.460833333333333258e+03
1.373333333333333258e+03
1.374166666666666515e+03
1.372666666666666515e+03
1.421000000000000000e+03
1.366000000000000000e+03
1.413333333333333258e+03
1.420333333333333258e+03
1.465000000000000000e+03
1.410833333333333258e+03
1.456333333333333258e+03
1.447500000000000000e+03
1.441000000000000000e+03
1.389000000000000000e+03
1.428500000000000000e+03
1.428166666666666515e+03
1.425833333333333258e+03
1.361166666666666515e+03
1.425000000000000000e+03
1.409333333333333030e+03
1.428500000000000000e+03
1.357833333333333258e+03
1.448333333333333258e+03
1.470333333333333258e+03
1.490666666666666515e+03
1.409500000000000000e+03
1.476666666666666515e+03
1.468000000000000000e+03
1.470000000000000000e+03
1.342000000000000000e+03
1.387833333333333258e+03
1.415166666666666515e+03
1.447500000000000000e+03
1.411333333333333258e+03
1.481000000000000000e+03
1.493000000000000000e+03
1.453333333333333258e+03
1.342000000000000000e+03
1.376833333333333258e+03
1.387000000000000000e+03
1.398833333333333258e+03
1.323333333333333258e+03
1.369833333333333258e+03
1.378166666666666515e+03
1.438000000000000000e+03
1.401000000000000000e+03
1.450666666666666515e+03
1.411333333333333258e+03
1.401500000000000000e+03
1.291833333333333258e+03
1.327666666666666515e+03
1.331833333333333258e+03
1.372166666666666515e+03
1.302166666666666515e+03
1.345333333333333258e+03
1.357666666666666515e+03
1.403500000000000000e+03
1.358333333333333258e+03
1.407000000000000000e+03
1.391833333333333258e+03
1.374666666666666515e+03
1.286500000000000000e+03
1.351833333333333258e+03
1.374500000000000000e+03
1.400500000000000000e+03
1.308333333333333258e+03
1.361166666666666515e+03
1.395333333333333258e+03
1.454833333333333258e+03
1.388166666666666515e+03
1.418333333333333258e+03
1.422333333333333258e+03
1.453833333333333258e+03
1.409500000000000000e+03
1.440333333333333258e+03
1.431833333333333258e+03
1.440666666666666515e+03
1.340500000000000000e+03
1.364833333333333258e+03
1.337833333333333258e+03
1.343333333333333258e+03
1.247833333333333258e+03
1.288666666666666515e+03
1.304500000000000000e+03
1.332000000000000000e+03
1.250000000000000000e+03
1.324333333333333258e+03
1.372333333333333258e+03
1.425500000000000000e+03
1.347833333333333258e+03
1.370000000000000000e+03
1.363000000000000000e+03
1.373333333333333258e+03
1.302833333333333258e+03
1.346166666666666515e+03
1.353666666666666515e+03
1.414333333333333258e+03
1.359500000000000000e+03
1.418833333333333258e+03
1.401833333333333258e+03
1.421333333333333258e+03
1.330333333333333258e+03
1.358666666666666515e+03
1.347000000000000000e+03
1.370500000000000000e+03
1.313333333333333258e+03
1.407666666666666515e+03
1.450000000000000000e+03
1.529666666666666515e+03
1.507000000000000000e+03
1.628166666666666515e+03
1.737333333333333030e+03
1.880333333333333258e+03
1.958000000000000000e+03
2.126000000000000000e+03
2.249166666666666515e+03
2.369166666666666515e+03
2.392000000000000000e+03
2.457833333333333030e+03
2.386666666666666515e+03
2.240000000000000000e+03
1.988499999999999773e+03
1.888999999999999773e+03
1.796499999999999773e+03
1.757999999999999773e+03
1.652166666666666515e+03
1.665500000000000000e+03
1.649666666666666515e+03
1.637999999999999773e+03
1.536666666666666515e+03
1.556333333333333030e+03
1.527833333333333258e+03
1.523833333333333258e+03
1.423666666666666515e+03
1.464666666666666515e+03
1.454333333333333258e+03
1.459000000000000000e+03
1.370833333333333258e+03
1.430666666666666515e+03
1.458833333333333258e+03
1.501499999999999773e+03
1.425333333333333258e+03
1.457666666666666515e+03
1.444166666666666515e+03
1.448500000000000000e+03
1.362666666666666515e+03
1.412333333333333258e+03
1.470166666666666515e+03
1.532333333333333258e+03
1.429500000000000000e+03
1.397333333333333258e+03
1.354666666666666515e+03
1.436000000000000000e+03
1.438166666666666515e+03
1.514833333333333258e+03
1.486000000000000000e+03
1.479500000000000000e+03
1.374333333333333258e+03
1.395333333333333258e+03
1.397833333333333258e+03
1.465333333333333258e+03
1.404500000000000000e+03
1.408333333333333258e+03
1.368666666666666515e+03
1.386666666666666515e+03
1.325000000000000000e+03
1.369833333333333258e+03
1.381166666666666515e+03
1.390833333333333258e+03
1.324833333333333258e+03
1.380500000000000000e+03
1.391833333333333258e+03
1.372500000000000000e+03
1.249833333333333258e+03
1.314166666666666515e+03
1.387666666666666515e+03
1.492833333333333258e+03
1.408500000000000000e+03
1.414666666666666515e+03
1.373000000000000000e+03
1.405500000000000000e+03
1.334166666666666515e+03
1.369666666666666515e+03
1.371333333333333258e+03
1.376500000000000000e+03
1.292666666666666515e+03
1.328833333333333258e+03
1.373833333333333258e+03
1.419333333333333258e+03
1.323166666666666515e+03
1.369500000000000000e+03
1.396666666666666515e+03
1.483166666666666515e+03
1.417000000000000000e+03
1.433000000000000000e+03
1.397500000000000000e+03
1.411166666666666515e+03
1.344666666666666515e+03
1.361666666666666515e+03
1.336500000000000000e+03
1.338500000000000000e+03
1.286666666666666515e+03
1.350666666666666515e+03
1.384833333333333258e+03
1.426166666666666515e+03
1.321666666666666515e+03
1.331666666666666515e+03
1.313333333333333258e+03
1.353833333333333258e+03
1.317000000000000000e+03
1.369666666666666515e+03
1.385166666666666515e+03
1.388500000000000000e+03
1.297833333333333258e+03
1.317500000000000000e+03
1.346500000000000000e+03
1.392500000000000000e+03
1.372166666666666515e+03
1.443166666666666515e+03
1.466833333333333258e+03
1.440500000000000000e+03
1.281666666666666515e+03
1.311500000000000000e+03
1.364333333333333258e+03
1.447000000000000000e+03
1.392000000000000000e+03
1.403666666666666515e+03
1.360500000000000000e+03
1.336500000000000000e+03
1.221833333333333258e+03
1.258666666666666515e+03
1.287666666666666515e+03
1.367000000000000000e+03
1.341333333333333258e+03
1.373333333333333258e+03
1.349833333333333258e+03
1.360000000000000000e+03
1.272666666666666515e+03
1.298666666666666515e+03
1.268666666666666515e+03
1.267666666666666515e+03
1.214000000000000000e+03
1.323500000000000000e+03
1.407333333333333258e+03
1.466333333333333258e+03
1.396333333333333258e+03
1.429333333333333258e+03
1.412333333333333258e+03
1.388166666666666515e+03
1.293500000000000000e+03
1.344500000000000000e+03
1.377000000000000000e+03
1.398666666666666515e+03
1.299833333333333258e+03
1.321333333333333258e+03
1.322833333333333258e+03
1.326166666666666515e+03
1.245666666666666515e+03
1.314666666666666515e+03
1.362666666666666515e+03
1.402500000000000000e+03
1.309666666666666515e+03
1.349666666666666515e+03
1.347333333333333258e+03
1.341166666666666515e+03
1.288333333333333258e+03
1.385000000000000000e+03
1.452000000000000000e+03
1.471166666666666515e+03
1.378833333333333258e+03
1.406833333333333258e+03
1.415333333333333258e+03
1.409000000000000000e+03
1.368333333333333258e+03
1.417166666666666515e+03
1.435666666666666515e+03
1.409000000000000000e+03
1.302166666666666515e+03
1.331166666666666515e+03
1.329333333333333258e+03
1.360833333333333258e+03
1.292833333333333258e+03
1.307666666666666515e+03
1.300166666666666515e+03
1.351333333333333258e+03
1.319500000000000000e+03
1.372333333333333258e+03
1.324333333333333258e+03
1.315333333333333258e+03
1.250000000000000000e+03
1.331666666666666515e+03
1.367166666666666515e+03
1.400500000000000000e+03
1.315666666666666515e+03
1.349500000000000000e+03
1.316833333333333258e+03
1.315333333333333258e+03
1.235666666666666515e+03
1.281833333333333258e+03
1.271666666666666515e+03
1.258333333333333258e+03
1.183500000000000000e+03
1.253833333333333258e+03
1.300666666666666515e+03
1.337666666666666515e+03
1.266666666666666515e+03
1.300333333333333258e+03
1.329833333333333258e+03
1.392500000000000000e+03
1.327500000000000000e+03
1.339666666666666515e+03
1.312666666666666515e+03
1.322833333333333258e+03
1.250000000000000000e+03
1.285000000000000000e+03
1.311500000000000000e+03
1.335833333333333258e+03
1.281166666666666515e+03
1.342833333333333258e+03
1.379833333333333258e+03
1.402666666666666515e+03
1.345000000000000000e+03
1.392666666666666515e+03
1.384000000000000000e+03
1.346833333333333258e+03
1.224500000000000000e+03
1.281666666666666515e+03
1.326333333333333258e+03
1.366666666666666515e+03
1.295000000000000000e+03
1.315666666666666515e+03
1.299833333333333258e+03
1.318666666666666515e+03
1.235333333333333258e+03
1.272500000000000000e+03
1.262333333333333258e+03
1.286000000000000000e+03
1.235500000000000000e+03
1.291833333333333258e+03
1.292666666666666515e+03
1.288333333333333258e+03
1.210833333333333258e+03
1.303333333333333258e+03
1.361166666666666515e+03
1.382833333333333258e+03
1.311333333333333258e+03
1.371666666666666515e+03
1.418833333333333258e+03
1.440333333333333258e+03
1.321500000000000000e+03
1.349166666666666515e+03
1.364333333333333258e+03
1.395333333333333258e+03
1.294666666666666515e+03
1.284666666666666515e+03
1.262166666666666515e+03
1.266166666666666515e+03
1.192166666666666515e+03
1.232500000000000000e+03
1.232333333333333258e+03
1.249833333333333258e+03
1.198166666666666515e+03
1.279333333333333258e+03
1.319833333333333258e+03
1.360500000000000000e+03
1.251500000000000000e+03
1.286833333333333258e+03
1.335666666666666515e+03
1.406333333333333258e+03
1.303333333333333258e+03
1.287666666666666515e+03
1.285666666666666515e+03
1.364333333333333258e+03
1.319166666666666515e+03
1.350166666666666515e+03
1.361833333333333258e+03
1.383333333333333258e+03
1.284666666666666515e+03
1.296833333333333258e+03
1.311000000000000000e+03
1.383833333333333258e+03
1.310500000000000000e+03
1.353833333333333258e+03
1.332166666666666515e+03
1.466000000000000000e+03
1.682666666666666515e+03
1.785666666666666515e+03
1.681499999999999773e+03
1.400333333333333030e+03
1.268333333333333258e+03
1.305000000000000000e+03
1.306000000000000000e+03
1.348833333333333258e+03
1.272000000000000000e+03
1.301500000000000000e+03
1.275166666666666515e+03
1.276500000000000000e+03
1.205666666666666515e+03
1.260666666666666515e+03
1.310500000000000000e+03
1.368000000000000000e+03
1.291166666666666515e+03
1.309666666666666515e+03
1.299666666666666515e+03
1.335333333333333258e+03
1.283000000000000000e+03
1.330666666666666515e+03
1.369000000000000000e+03
1.403500000000000000e+03
1.334000000000000000e+03
1.343833333333333258e+03
1.354166666666666515e+03
1.362166666666666515e+03
1.285666666666666515e+03
1.310833333333333258e+03
1.332500000000000000e+03
1.374666666666666515e+03
1.302166666666666515e+03
1.322000000000000000e+03
1.325666666666666515e+03
1.366000000000000000e+03
1.301000000000000000e+03
1.325166666666666515e+03
1.329333333333333258e+03
1.366333333333333258e+03
1.285500000000000000e+03
1.324000000000000000e+03
1.312166666666666515e+03
1.344166666666666515e+03
1.274000000000000000e+03
1.370500000000000000e+03
1.399833333333333258e+03
1.419166666666666515e+03
1.289833333333333258e+03
1.303333333333333258e+03
1.304333333333333258e+03
1.342833333333333258e+03
1.260666666666666515e+03
1.284833333333333258e+03
1.298333333333333258e+03
1.333000000000000000e+03
1.273333333333333258e+03
1.316000000000000000e+03
1.328833333333333258e+03
1.340833333333333258e+03
1.245000000000000000e+03
1.269500000000000000e+03
1.305000000000000000e+03
1.364166666666666515e+03
1.302000000000000000e+03
1.310166666666666515e+03
1.299333333333333258e+03
1.323833333333333258e+03
1.275500000000000000e+03
1.330166666666666515e+03
1.317333333333333258e+03
1.294833333333333258e+03
1.217166666666666515e+03
1.299666666666666515e+03
1.365000000000000000e+03
1.395333333333333258e+03
1.320166666666666515e+03
1.336833333333333258e+03
1.331000000000000000e+03
1.352500000000000000e+03
1.275500000000000000e+03
1.283666666666666515e+03
1.262333333333333258e+03
1.294000000000000000e+03
1.256500000000000000e+03
1.305500000000000000e+03
1.299833333333333258e+03
1.332500000000000000e+03
1.278666666666666515e+03
1.363166666666666515e+03
1.368333333333333258e+03
1.377166666666666515e+03
1.245833333333333258e+03
1.274000000000000000e+03
1.284666666666666515e+03
1.322833333333333258e+03
1.267500000000000000e+03
1.334500000000000000e+03
1.356333333333333258e+03
1.363500000000000000e+03
1.283000000000000000e+03
1.331166666666666515e+03
1.349333333333333258e+03
1.381666666666666515e+03
1.329500000000000000e+03
1.333333333333333258e+03
1.303833333333333258e+03
1.321166666666666515e+03
1.284666666666666515e+03
1.355666666666666515e+03
1.347500000000000000e+03
1.393333333333333258e+03
1.332333333333333258e+03
1.359500000000000000e+03
1.352500000000000000e+03
1.373666666666666515e+03
1.312500000000000000e+03
1.362333333333333258e+03
1.397666666666666515e+03
1.424833333333333258e+03
1.352333333333333258e+03
1.351833333333333258e+03
1.362333333333333258e+03
1.388000000000000000e+03
1.305333333333333258e+03
1.355166666666666515e+03
1.343333333333333258e+03
1.372833333333333258e+03
1.295000000000000000e+03
1.389333333333333258e+03
1.436500000000000000e+03
1.436333333333333258e+03
1.325500000000000000e+03
1.360166666666666515e+03
1.377166666666666515e+03
1.395499999999999773e+03
1.276166666666666515e+03
1.325500000000000000e+03
1.298166666666666515e+03
1.339500000000000000e+03
1.273666666666666515e+03
1.353500000000000000e+03
1.372666666666666515e+03
1.413500000000000000e+03
1.322500000000000000e+03
1.343000000000000000e+03
1.307500000000000000e+03
1.300666666666666515e+03
1.224333333333333258e+03
1.280500000000000000e+03
1.307000000000000000e+03
1.323000000000000000e+03
1.241000000000000000e+03
1.305000000000000000e+03
1.321000000000000000e+03
1.332000000000000000e+03
1.235500000000000000e+03
1.317500000000000000e+03
1.373166666666666515e+03
1.403333333333333258e+03
1.290000000000000000e+03
1.296833333333333258e+03
1.283333333333333258e+03
1.313166666666666515e+03
1.251166666666666515e+03
1.322333333333333258e+03
1.333333333333333258e+03
1.359000000000000000e+03
1.290166666666666515e+03
1.322666666666666515e+03
1.305333333333333258e+03
1.286166666666666515e+03
1.186000000000000000e+03
1.234833333333333258e+03
1.271166666666666515e+03
1.314000000000000000e+03
1.247833333333333258e+03
1.318333333333333258e+03
1.341166666666666515e+03
1.346500000000000000e+03
1.241166666666666515e+03
1.270833333333333258e+03
1.303333333333333258e+03
1.318000000000000000e+03
1.259000000000000000e+03
1.298166666666666515e+03
1.318500000000000000e+03
1.345500000000000000e+03
1.271833333333333258e+03
1.357166666666666515e+03
1.364166666666666515e+03
1.374666666666666515e+03
1.251666666666666515e+03
1.302333333333333258e+03
1.301333333333333258e+03
1.298333333333333258e+03
1.193000000000000000e+03
1.268333333333333258e+03
1.347666666666666515e+03
1.407333333333333258e+03
1.315500000000000000e+03
1.322833333333333258e+03
1.300000000000000000e+03
1.315666666666666515e+03
1.199166666666666515e+03
1.243000000000000000e+03
1.272500000000000000e+03
1.336833333333333258e+03
1.266666666666666515e+03
1.352000000000000000e+03
1.377833333333333258e+03
1.389166666666666515e+03
1.246833333333333258e+03
1.270666666666666515e+03
1.277500000000000000e+03
1.313500000000000000e+03
1.242166666666666515e+03
1.310500000000000000e+03
1.314666666666666515e+03
1.346333333333333258e+03
1.259166666666666515e+03
1.291666666666666515e+03
1.282833333333333258e+03
1.301000000000000000e+03
1.220666666666666515e+03
1.257166666666666515e+03
1.251000000000000000e+03
1.294166666666666515e+03
1.257333333333333258e+03
1.338000000000000000e+03
1.359333333333333258e+03
1.342333333333333258e+03
1.234333333333333258e+03
1.250666666666666515e+03
1.242166666666666515e+03
1.271166666666666515e+03
1.218000000000000000e+03
1.277833333333333258e+03
1.324833333333333258e+03
1.378000000000000000e+03
1.312833333333333258e+03
1.363333333333333258e+03
1.342666666666666515e+03
1.366000000000000000e+03
1.241666666666666515e+03
1.294500000000000000e+03
1.306333333333333258e+03
1.337500000000000000e+03
1.247666666666666515e+03
1.275166666666666515e+03
1.276333333333333258e+03
1.289000000000000000e+03
1.232666666666666515e+03
1.300000000000000000e+03
1.308000000000000000e+03
1.297166666666666515e+03
1.228166666666666515e+03
1.301000000000000000e+03
1.354500000000000000e+03
1.370166666666666515e+03
1.273333333333333258e+03
1.329166666666666515e+03
1.330000000000000000e+03
1.368333333333333258e+03
1.289166666666666515e+03
1.347166666666666515e+03
1.348166666666666515e+03
1.355000000000000000e+03
1.253500000000000000e+03
1.269833333333333258e+03
1.265666666666666515e+03
1.298666666666666515e+03
1.230000000000000000e+03
1.302333333333333258e+03
1.315000000000000000e+03
1.339833333333333258e+03
1.227166666666666515e+03
1.265166666666666515e+03
1.306666666666666515e+03
1.346166666666666515e+03
1.282000000000000000e+03
1.310166666666666515e+03
1.319166666666666515e+03
1.310666666666666515e+03
1.237833333333333258e+03
1.301666666666666515e+03
1.338000000000000000e+03
1.365333333333333258e+03
1.302000000000000000e+03
1.382500000000000000e+03
1.391166666666666515e+03
1.381333333333333258e+03
1.259666666666666515e+03
1.289000000000000000e+03
1.320000000000000000e+03
1.352500000000000000e+03
1.276833333333333258e+03
1.319166666666666515e+03
1.321500000000000000e+03
1.330166666666666515e+03
1.207500000000000000e+03
1.247333333333333258e+03
1.301000000000000000e+03
1.358500000000000000e+03
1.277666666666666515e+03
1.322000000000000000e+03
1.328000000000000000e+03
1.358000000000000000e+03
1.236333333333333258e+03
1.305666666666666515e+03
1.316000000000000000e+03
1.336666666666666515e+03
1.228000000000000000e+03
1.295500000000000000e+03
1.317166666666666515e+03
1.333833333333333258e+03
1.190333333333333258e+03
1.215666666666666515e+03
1.255666666666666515e+03
1.346500000000000000e+03
1.310500000000000000e+03
1.356500000000000000e+03
1.357833333333333258e+03
1.352333333333333258e+03
1.235666666666666515e+03
1.291833333333333258e+03
1.323333333333333258e+03
1.391000000000000000e+03
1.299500000000000000e+03
1.352666666666666515e+03
1.292000000000000000e+03
1.283500000000000000e+03
1.234000000000000000e+03
1.359833333333333258e+03
1.397333333333333258e+03
1.385666666666666515e+03
1.244000000000000000e+03
1.312333333333333258e+03
1.346833333333333258e+03
1.364833333333333258e+03
1.254833333333333258e+03
1.289333333333333258e+03
1.338000000000000000e+03
1.340000000000000000e+03
1.253166666666666515e+03
1.315000000000000000e+03
1.350666666666666515e+03
1.366166666666666515e+03
1.275333333333333258e+03
1.323166666666666515e+03
1.335166666666666515e+03
1.357333333333333258e+03
1.272333333333333258e+03
1.315500000000000000e+03
1.300000000000000000e+03
1.299666666666666515e+03
1.195833333333333258e+03
1.251666666666666515e+03
1.288166666666666515e+03
1.328500000000000000e+03
1.268166666666666515e+03
1.341833333333333258e+03
1.357500000000000000e+03
1.381000000000000000e+03
1.291333333333333258e+03
1.334333333333333258e+03
1.311833333333333258e+03
1.292500000000000000e+03
1.222500000000000000e+03
1.316333333333333258e+03
1.355833333333333258e+03
1.363666666666666515e+03
1.246500000000000000e+03
1.298333333333333258e+03
1.328500000000000000e+03
1.362500000000000000e+03
1.268000000000000000e+03
1.312666666666666515e+03
1.307333333333333258e+03
1.298833333333333258e+03
1.186333333333333258e+03
1.235500000000000000e+03
1.278000000000000000e+03
1.310833333333333258e+03
1.250333333333333258e+03
1.301000000000000000e+03
1.312000000000000000e+03
1.318166666666666515e+03
1.208000000000000000e+03
1.219333333333333258e+03
1.183833333333333258e+03
1.207833333333333258e+03
1.177666666666666515e+03
1.295500000000000000e+03
1.345833333333333258e+03
1.385333333333333258e+03
1.298666666666666515e+03
1.355166666666666515e+03
1.349666666666666515e+03
1.380833333333333258e+03
1.288666666666666515e+03
1.346666666666666515e+03
1.327333333333333258e+03
1.337500000000000000e+03
1.229666666666666515e+03
1.290500000000000000e+03
1.273833333333333258e+03
1.297666666666666515e+03
1.223500000000000000e+03
1.334166666666666515e+03
1.341000000000000000e+03
1.322000000000000000e+03
1.195833333333333258e+03
1.250166666666666515e+03
1.282666666666666515e+03
1.301500000000000000e+03
1.247333333333333258e+03
1.319666666666666515e+03
1.355500000000000000e+03
1.361500000000000000e+03
1.249833333333333258e+03
1.298833333333333258e+03
1.307500000000000000e+03
1.363333333333333258e+03
1.301333333333333258e+03
1.355500000000000000e+03
1.339166666666666515e+03
1.310833333333333258e+03
1.222500000000000000e+03
1.300833333333333258e+03
1.362833333333333258e+03
1.392666666666666515e+03
1.295666666666666515e+03
1.341833333333333258e+03
1.327333333333333258e+03
1.332666666666666515e+03
1.223333333333333258e+03
1.324500000000000000e+03
1.339166666666666515e+03
1.335166666666666515e+03
1.211500000000000000e+03
1.285000000000000000e+03
1.332166666666666515e+03
1.376333333333333258e+03
1.254166666666666515e+03
1.292166666666666515e+03
1.295333333333333258e+03
1.353666666666666515e+03
1.263500000000000000e+03
1.317500000000000000e+03
1.302500000000000000e+03
1.315833333333333258e+03
1.220000000000000000e+03
1.269833333333333258e+03
1.294166666666666515e+03
1.304666666666666515e+03
1.207000000000000000e+03
1.264500000000000000e+03
1.267333333333333258e+03
1.291333333333333258e+03
1.205000000000000000e+03
1.286833333333333258e+03
1.318833333333333258e+03
1.322333333333333258e+03
1.223166666666666515e+03
1.268166666666666515e+03
1.301000000000000000e+03
1.311000000000000000e+03
1.220000000000000000e+03
1.264333333333333258e+03
1.313500000000000000e+03
1.380333333333333258e+03
1.329166666666666515e+03
1.379000000000000000e+03
1.363000000000000000e+03
1.353666666666666515e+03
1.232500000000000000e+03
1.263833333333333258e+03
1.288000000000000000e+03
1.313000000000000000e+03
1.247000000000000000e+03
1.312666666666666515e+03
1.346000000000000000e+03
1.389000000000000000e+03
1.255000000000000000e+03
1.296333333333333258e+03
1.264833333333333258e+03
1.277500000000000000e+03
1.178500000000000000e+03
1.235000000000000000e+03
1.269833333333333258e+03
1.296166666666666515e+03
1.202500000000000000e+03
1.244666666666666515e+03
1.234333333333333258e+03
1.229333333333333258e+03
1.160166666666666515e+03
1.284666666666666515e+03
1.353500000000000000e+03
1.363166666666666515e+03
1.246166666666666515e+03
1.311833333333333258e+03
1.320833333333333258e+03
1.359000000000000000e+03
1.225833333333333258e+03
1.270166666666666515e+03
1.244500000000000000e+03
1.279833333333333258e+03
1.203333333333333258e+03
1.238666666666666515e+03
1.262500000000000000e+03
1.307333333333333258e+03
1.249666666666666515e+03
1.295666666666666515e+03
1.303000000000000000e+03
1.315666666666666515e+03
1.197000000000000000e+03
1.244666666666666515e+03
1.257666666666666515e+03
1.281500000000000000e+03
1.181333333333333258e+03
1.257000000000000000e+03
1.322833333333333258e+03
1.346500000000000000e+03
1.233000000000000000e+03
1.261833333333333258e+03
1.295166666666666515e+03
1.314666666666666515e+03
1.261333333333333258e+03
1.310833333333333258e+03
1.340500000000000000e+03
1.341500000000000000e+03
1.248666666666666515e+03
1.310833333333333258e+03
1.350333333333333258e+03
1.358333333333333258e+03
1.263333333333333258e+03
1.313666666666666515e+03
1.308333333333333258e+03
1.300333333333333258e+03
1.156333333333333258e+03
1.253000000000000000e+03
1.292166666666666515e+03
1.345833333333333258e+03
1.255666666666666515e+03
1.304000000000000000e+03
1.292333333333333258e+03
1.310666666666666515e+03
1.244666666666666515e+03
1.294500000000000000e+03
1.290000000000000000e+03
1.307833333333333258e+03
1.228833333333333258e+03
1.305833333333333258e+03
1.337500000000000000e+03
1.424833333333333258e+03
1.331666666666666515e+03
1.356833333333333258e+03
1.314666666666666515e+03
1.352333333333333258e+03
1.253666666666666515e+03
1.279333333333333258e+03
1.241333333333333258e+03
1.277666666666666515e+03
1.226000000000000000e+03
1.321833333333333258e+03
1.336500000000000000e+03
1.367500000000000000e+03
1.302333333333333258e+03
1.349666666666666515e+03
1.341000000000000000e+03
1.316833333333333258e+03
1.218833333333333258e+03
1.290666666666666515e+03
1.341000000000000000e+03
1.397333333333333258e+03
1.308000000000000000e+03
1.339666666666666515e+03
1.347166666666666515e+03
1.384333333333333258e+03
1.270666666666666515e+03
1.301000000000000000e+03
1.281333333333333258e+03
1.293166666666666515e+03
1.201833333333333258e+03
1.272000000000000000e+03
1.299166666666666515e+03
1.310500000000000000e+03
1.189500000000000000e+03
1.248500000000000000e+03
1.230666666666666515e+03
1.230666666666666515e+03
1.158500000000000000e+03
1.260500000000000000e+03
1.312000000000000000e+03
1.335166666666666515e+03
1.243833333333333258e+03
1.267333333333333258e+03
1.251833333333333258e+03
1.281166666666666515e+03
1.234833333333333258e+03
1.281333333333333258e+03
1.253000000000000000e+03
1.279000000000000000e+03
1.230666666666666515e+03
1.344666666666666515e+03
1.347000000000000000e+03
1.360333333333333258e+03
1.236333333333333258e+03
1.291166666666666515e+03
1.299166666666666515e+03
1.308833333333333258e+03
1.222500000000000000e+03
1.292000000000000000e+03
1.292166666666666515e+03
1.272000000000000000e+03
1.156666666666666515e+03
1.229166666666666515e+03
1.254000000000000000e+03
1.274333333333333258e+03
1.182833333333333258e+03
1.232500000000000000e+03
1.247833333333333258e+03
1.264333333333333258e+03
1.210333333333333258e+03
1.252000000000000000e+03
1.266166666666666515e+03
1.273500000000000000e+03
1.215000000000000000e+03
1.261833333333333258e+03
1.265333333333333258e+03
1.301000000000000000e+03
1.232333333333333258e+03
1.309666666666666515e+03
1.294666666666666515e+03
1.345166666666666515e+03
1.272666666666666515e+03
1.326166666666666515e+03
1.304333333333333258e+03
1.326500000000000000e+03
1.239333333333333258e+03
1.298000000000000000e+03
1.291333333333333258e+03
1.326500000000000000e+03
1.255333333333333258e+03
1.278500000000000000e+03
1.260333333333333258e+03
1.310000000000000000e+03
1.295833333333333258e+03
1.380833333333333258e+03
1.360500000000000000e+03
1.346333333333333258e+03
1.288666666666666515e+03
1.351833333333333258e+03
1.491333333333333258e+03
1.834333333333333258e+03
1.779666666666666515e+03
1.697999999999999773e+03
1.290833333333333258e+03
1.248333333333333258e+03
1.183666666666666515e+03
1.297500000000000000e+03
1.324500000000000000e+03
1.323000000000000000e+03
1.236500000000000000e+03
1.286666666666666515e+03
1.285000000000000000e+03
1.299666666666666515e+03
1.208833333333333258e+03
1.259833333333333258e+03
1.253166666666666515e+03
1.255000000000000000e+03
1.208833333333333258e+03
1.281666666666666515e+03
1.316666666666666515e+03
1.304666666666666515e+03
1.196333333333333258e+03
1.196666666666666515e+03
1.167666666666666515e+03
1.216000000000000000e+03
1.201000000000000000e+03
1.331333333333333258e+03
1.347666666666666515e+03
1.363166666666666515e+03
1.241666666666666515e+03
1.267166666666666515e+03
1.279833333333333258e+03
1.311666666666666515e+03
1.249500000000000000e+03
1.265333333333333258e+03
1.267666666666666515e+03
1.293666666666666515e+03
1.253666666666666515e+03
1.302666666666666515e+03
1.286000000000000000e+03
1.275166666666666515e+03
1.187333333333333258e+03
1.240166666666666515e+03
1.249500000000000000e+03
1.267833333333333258e+03
1.221333333333333258e+03
1.283666666666666515e+03
1.319000000000000000e+03
1.338333333333333258e+03
1.271333333333333258e+03
1.311500000000000000e+03
1.290500000000000000e+03
1.304666666666666515e+03
1.216833333333333258e+03
1.249166666666666515e+03
1.217166666666666515e+03
1.245500000000000000e+03
1.195000000000000000e+03
1.283000000000000000e+03
1.314333333333333258e+03
1.366333333333333258e+03
1.272833333333333258e+03
1.311833333333333258e+03
1.318166666666666515e+03
1.352833333333333258e+03
1.270500000000000000e+03
1.288500000000000000e+03
1.268333333333333258e+03
1.269833333333333258e+03
1.189500000000000000e+03
1.251666666666666515e+03
1.277000000000000000e+03
1.311833333333333258e+03
1.243500000000000000e+03
1.274333333333333258e+03
1.281000000000000000e+03
1.347333333333333258e+03
1.269666666666666515e+03
1.288666666666666515e+03
1.258500000000000000e+03
1.300833333333333258e+03
1.266333333333333258e+03
1.344333333333333258e+03
1.350833333333333258e+03
1.382333333333333258e+03
1.286166666666666515e+03
1.315666666666666515e+03
1.282666666666666515e+03
1.308833333333333258e+03
1.245166666666666515e+03
1.306333333333333258e+03
1.287666666666666515e+03
1.324000000000000000e+03
1.245000000000000000e+03
1.271500000000000000e+03
1.241833333333333258e+03
1.269166666666666515e+03
1.205500000000000000e+03
1.258666666666666515e+03
1.246000000000000000e+03
1.295000000000000000e+03
1.209000000000000000e+03
1.224333333333333258e+03
1.228000000000000000e+03
1.271833333333333258e+03
1.247500000000000000e+03
1.285000000000000000e+03
1.298500000000000000e+03
1.319666666666666515e+03
1.255500000000000000e+03
1.314500000000000000e+03
1.337833333333333258e+03
1.379666666666666515e+03
1.301666666666666515e+03
1.320833333333333258e+03
1.273500000000000000e+03
1.272500000000000000e+03
1.185000000000000000e+03
1.246166666666666515e+03
1.254333333333333258e+03
1.325166666666666515e+03
1.281833333333333258e+03
1.341000000000000000e+03
1.327500000000000000e+03
1.333333333333333258e+03
1.247333333333333258e+03
1.288833333333333258e+03
1.271166666666666515e+03
1.317500000000000000e+03
1.263333333333333258e+03
1.321500000000000000e+03
1.292833333333333258e+03
1.279333333333333258e+03
1.212166666666666515e+03
1.276833333333333258e+03
1.282666666666666515e+03
1.305166666666666515e+03
1.220666666666666515e+03
1.258000000000000000e+03
1.258166666666666515e+03
1.272666666666666515e+03
1.199666666666666515e+03
1.255166666666666515e+03
1.287833333333333258e+03
1.358666666666666515e+03
1.305666666666666515e+03
1.324333333333333258e+03
1.308000000000000000e+03
1.332666666666666515e+03
1.276166666666666515e+03
1.314666666666666515e+03
1.279666666666666515e+03
1.304500000000000000e+03
1.239833333333333258e+03
1.318333333333333258e+03
1.307000000000000000e+03
1.323166666666666515e+03
1.189000000000000000e+03
1.213000000000000000e+03
1.198000000000000000e+03
1.263500000000000000e+03
1.213000000000000000e+03
1.280000000000000000e+03
1.253666666666666515e+03
1.283666666666666515e+03
1.198500000000000000e+03
1.258833333333333258e+03
1.244333333333333258e+03
1.246333333333333258e+03
1.181333333333333258e+03
1.242333333333333258e+03
1.248666666666666515e+03
1.271000000000000000e+03
1.178833333333333258e+03
1.225333333333333258e+03
1.246166666666666515e+03
1.307000000000000000e+03
1.245166666666666515e+03
1.285000000000000000e+03
1.280166666666666515e+03
1.323500000000000000e+03
1.232000000000000000e+03
1.241000000000000000e+03
1.218666666666666515e+03
1.246833333333333258e+03
1.192666666666666515e+03
1.253666666666666515e+03
1.283500000000000000e+03
1.374333333333333258e+03
1.344000000000000000e+03
1.396666666666666515e+03
1.356500000000000000e+03
1.359166666666666515e+03
1.288000000000000000e+03
1.295166666666666515e+03
1.276833333333333258e+03
1.288500000000000000e+03
1.250500000000000000e+03
1.290333333333333258e+03
1.249000000000000000e+03
1.244666666666666515e+03
1.175333333333333258e+03
1.253500000000000000e+03
1.270833333333333258e+03
1.295333333333333258e+03
1.223166666666666515e+03
1.274833333333333258e+03
1.296333333333333258e+03
1.315666666666666515e+03
1.243666666666666515e+03
1.278833333333333258e+03
1.282333333333333258e+03
1.286500000000000000e+03
1.182500000000000000e+03
1.207166666666666515e+03
1.231333333333333258e+03
1.278833333333333258e+03
1.210666666666666515e+03
1.250666666666666515e+03
1.274166666666666515e+03
1.323500000000000000e+03
1.264166666666666515e+03
1.256666666666666515e+03
1.250500000000000000e+03
1.281833333333333258e+03
1.257000000000000000e+03
1.290000000000000000e+03
1.256000000000000000e+03
1.259833333333333258e+03
1.186500000000000000e+03
1.230166666666666515e+03
1.241666666666666515e+03
1.304000000000000000e+03
1.288500000000000000e+03
1.328833333333333258e+03
1.285666666666666515e+03
1.273666666666666515e+03
1.221166666666666515e+03
1.264500000000000000e+03
1.266333333333333258e+03
1.298666666666666515e+03
1.252166666666666515e+03
1.281500000000000000e+03
1.258666666666666515e+03
1.301833333333333258e+03
1.234500000000000000e+03
1.241333333333333258e+03
1.238500000000000000e+03
1.320833333333333258e+03
1.296833333333333258e+03
1.318833333333333258e+03
1.277833333333333258e+03
1.278000000000000000e+03
1.210000000000000000e+03
1.268333333333333258e+03
1.266666666666666515e+03
1.265500000000000000e+03
1.158833333333333258e+03
1.212500000000000000e+03
1.219000000000000000e+03
1.254500000000000000e+03
1.187833333333333258e+03
1.235833333333333258e+03
1.245333333333333258e+03
1.286000000000000000e+03
1.254333333333333258e+03
1.318666666666666515e+03
1.314166666666666515e+03
1.317833333333333258e+03
1.213500000000000000e+03
1.235000000000000000e+03
1.220500000000000000e+03
1.250666666666666515e+03
1.189833333333333258e+03
1.240500000000000000e+03
1.272833333333333258e+03
1.361000000000000000e+03
1.313833333333333258e+03
1.317666666666666515e+03
1.264666666666666515e+03
1.318666666666666515e+03
1.296166666666666515e+03
1.372666666666666515e+03
1.325166666666666515e+03
1.307333333333333258e+03
1.197500000000000000e+03
1.249166666666666515e+03
1.259500000000000000e+03
1.297333333333333258e+03
1.220833333333333258e+03
1.263500000000000000e+03
1.248833333333333258e+03
1.272833333333333258e+03
1.201666666666666515e+03
1.260666666666666515e+03
1.257666666666666515e+03
1.276833333333333258e+03
1.213500000000000000e+03
1.249166666666666515e+03
1.271000000000000000e+03
1.280000000000000000e+03
1.221666666666666515e+03
1.221833333333333258e+03
1.208333333333333258e+03
1.239166666666666515e+03
1.209000000000000000e+03
1.280833333333333258e+03
1.270500000000000000e+03
1.294500000000000000e+03
1.197500000000000000e+03
1.241166666666666515e+03
1.233666666666666515e+03
1.292333333333333258e+03
1.266833333333333258e+03
1.324833333333333258e+03
1.322500000000000000e+03
1.346666666666666515e+03
1.259166666666666515e+03
1.266500000000000000e+03
1.231333333333333258e+03
1.267333333333333258e+03
1.201000000000000000e+03
1.232500000000000000e+03
1.211333333333333258e+03
1.256166666666666515e+03
1.194166666666666515e+03
1.265833333333333258e+03
1.284833333333333258e+03
1.340166666666666515e+03
1.257500000000000000e+03
1.282666666666666515e+03
1.268833333333333258e+03
1.297833333333333258e+03
1.203500000000000000e+03
1.218500000000000000e+03
1.226500000000000000e+03
1.289000000000000000e+03
1.235166666666666515e+03
1.255500000000000000e+03
1.247333333333333258e+03
1.323000000000000000e+03
1.268000000000000000e+03
1.281500000000000000e+03
1.210166666666666515e+03
1.218666666666666515e+03
1.186166666666666515e+03
1.238500000000000000e+03
1.251833333333333258e+03
1.268833333333333258e+03
1.224333333333333258e+03
1.267000000000000000e+03
1.268000000000000000e+03
1.304166666666666515e+03
1.231166666666666515e+03
1.242500000000000000e+03
1.200333333333333258e+03
1.228500000000000000e+03
1.192833333333333258e+03
1.271333333333333258e+03
1.274666666666666515e+03
1.310166666666666515e+03
1.230666666666666515e+03
1.281666666666666515e+03
1.280833333333333258e+03
1.323666666666666515e+03
1.257166666666666515e+03
1.297333333333333258e+03
1.307500000000000000e+03
1.363333333333333258e+03
1.292166666666666515e+03
1.289166666666666515e+03
1.234666666666666515e+03
1.252833333333333258e+03
1.196000000000000000e+03
1.246000000000000000e+03
1.260333333333333258e+03
1.336000000000000000e+03
1.269666666666666515e+03
1.255500000000000000e+03
1.203333333333333258e+03
1.250833333333333258e+03
1.219833333333333258e+03
1.276000000000000000e+03
1.245833333333333258e+03
1.271833333333333258e+03
1.218333333333333258e+03
1.305166666666666515e+03
1.305500000000000000e+03
1.324166666666666515e+03
1.226500000000000000e+03
1.244000000000000000e+03
1.231333333333333258e+03
1.256000000000000000e+03
1.207000000000000000e+03
1.239166666666666515e+03
1.229333333333333258e+03
1.250166666666666515e+03
1.175166666666666515e+03
1.203833333333333258e+03
1.230500000000000000e+03
1.285000000000000000e+03
1.244166666666666515e+03
1.273500000000000000e+03
1.264333333333333258e+03
1.299166666666666515e+03
1.245666666666666515e+03
1.286166666666666515e+03
1.277666666666666515e+03
1.293500000000000000e+03
1.237500000000000000e+03
1.291166666666666515e+03
1.270833333333333258e+03
1.277166666666666515e+03
1.173833333333333258e+03
1.208000000000000000e+03
1.212000000000000000e+03
1.279166666666666515e+03
1.233000000000000000e+03
1.290166666666666515e+03
1.259000000000000000e+03
1.293833333333333258e+03
1.233333333333333258e+03
1.257666666666666515e+03
1.260833333333333258e+03
1.345166666666666515e+03
1.310833333333333258e+03
1.319166666666666515e+03
1.245333333333333258e+03
1.285500000000000000e+03
1.251666666666666515e+03
1.273500000000000000e+03
1.279166666666666515e+03
1.331666666666666515e+03
1.289166666666666515e+03
1.265833333333333258e+03
1.184500000000000000e+03
1.202333333333333258e+03
1.196000000000000000e+03
1.298000000000000000e+03
1.302333333333333258e+03
1.351833333333333258e+03
1.280000000000000000e+03
1.302666666666666515e+03
1.256666666666666515e+03
1.289166666666666515e+03
1.239000000000000000e+03
1.256666666666666515e+03
1.224666666666666515e+03
1.241500000000000000e+03
1.186333333333333258e+03
1.234166666666666515e+03
1.218666666666666515e+03
1.270000000000000000e+03
1.208833333333333258e+03
1.253500000000000000e+03
1.215666666666666515e+03
1.261333333333333258e+03
1.227333333333333258e+03
1.266166666666666515e+03
1.249833333333333258e+03
1.275833333333333258e+03
1.228166666666666515e+03
1.261166666666666515e+03
1.235166666666666515e+03
1.265666666666666515e+03
1.217000000000000000e+03
1.278166666666666515e+03
1.278833333333333258e+03
1.314833333333333258e+03
1.257666666666666515e+03
1.291500000000000000e+03
1.262000000000000000e+03
1.258166666666666515e+03
1.188000000000000000e+03
1.212666666666666515e+03
1.233833333333333258e+03
1.305833333333333258e+03
1.266666666666666515e+03
1.302500000000000000e+03
1.247000000000000000e+03
1.244833333333333258e+03
1.153666666666666515e+03
1.210666666666666515e+03
1.225166666666666515e+03
1.279500000000000000e+03
1.222333333333333258e+03
1.246500000000000000e+03
1.211333333333333258e+03
1.253500000000000000e+03
1.236833333333333258e+03
1.333666666666666515e+03
1.319833333333333258e+03
1.353833333333333258e+03
1.260333333333333258e+03
1.279166666666666515e+03
1.247166666666666515e+03
1.290166666666666515e+03
1.257333333333333258e+03
1.263500000000000000e+03
1.249166666666666515e+03
1.286666666666666515e+03
1.259833333333333258e+03
1.268333333333333258e+03
1.216333333333333258e+03
1.244166666666666515e+03
1.199500000000000000e+03
1.253666666666666515e+03
1.250166666666666515e+03
1.276000000000000000e+03
1.210166666666666515e+03
1.252833333333333258e+03
1.253000000000000000e+03
1.297166666666666515e+03
1.221666666666666515e+03
1.238333333333333258e+03
1.212333333333333258e+03
1.263833333333333258e+03
1.197000000000000000e+03
1.220500000000000000e+03
1.176000000000000000e+03
1.248166666666666515e+03
1.207166666666666515e+03
1.259166666666666515e+03
1.227000000000000000e+03
1.262166666666666515e+03
1.200500000000000000e+03
1.244666666666666515e+03
1.258000000000000000e+03
1.308000000000000000e+03
1.275333333333333258e+03
1.297333333333333258e+03
1.293166666666666515e+03
1.290833333333333258e+03
1.218333333333333258e+03
1.233500000000000000e+03
1.249333333333333258e+03
1.274833333333333258e+03
1.196833333333333258e+03
1.184833333333333258e+03
1.159500000000000000e+03
1.193666666666666515e+03
1.176166666666666515e+03
1.246333333333333258e+03
1.275166666666666515e+03
1.345333333333333258e+03
1.338500000000000000e+03
1.372333333333333258e+03
1.306666666666666515e+03
1.254833333333333258e+03
1.171000000000000000e+03
1.223833333333333258e+03
1.263833333333333258e+03
1.351166666666666515e+03
1.287666666666666515e+03
1.305333333333333258e+03
1.245000000000000000e+03
1.277000000000000000e+03
1.208166666666666515e+03
1.216333333333333258e+03
1.198166666666666515e+03
1.234666666666666515e+03
1.205666666666666515e+03
1.244000000000000000e+03
1.237500000000000000e+03
1.255833333333333258e+03
1.174500000000000000e+03
1.181833333333333258e+03
1.175166666666666515e+03
1.202166666666666515e+03
1.184500000000000000e+03
1.260000000000000000e+03
1.284666666666666515e+03
1.330000000000000000e+03
1.251166666666666515e+03
1.297166666666666515e+03
1.333833333333333258e+03
1.365333333333333258e+03
1.315000000000000000e+03
1.271500000000000000e+03
1.249666666666666515e+03
1.281500000000000000e+03
1.237166666666666515e+03
1.272500000000000000e+03
1.249166666666666515e+03
1.319666666666666515e+03
1.250500000000000000e+03
1.255666666666666515e+03
1.189000000000000000e+03
1.230166666666666515e+03
1.205166666666666515e+03
1.248500000000000000e+03
1.247500000000000000e+03
1.262000000000000000e+03
1.232333333333333258e+03
1.304333333333333258e+03
1.314500000000000000e+03
1.325166666666666515e+03
1.239000000000000000e+03
1.255166666666666515e+03
1.261166666666666515e+03
1.307500000000000000e+03
1.239000000000000000e+03
1.241166666666666515e+03
1.194166666666666515e+03
1.264833333333333258e+03
1.215000000000000000e+03
1.257000000000000000e+03
1.232500000000000000e+03
1.308833333333333258e+03
1.267666666666666515e+03
1.275666666666666515e+03
1.195166666666666515e+03
1.222333333333333258e+03
1.192666666666666515e+03
1.269666666666666515e+03
1.243000000000000000e+03
1.277833333333333258e+03
1.213833333333333258e+03
1.261833333333333258e+03
1.259166666666666515e+03
1.301666666666666515e+03
1.252500000000000000e+03
1.252666666666666515e+03
1.236333333333333258e+03
1.270833333333333258e+03
1.211833333333333258e+03
1.208166666666666515e+03
1.180666666666666515e+03
1.222833333333333258e+03
1.192666666666666515e+03
1.243500000000000000e+03
1.242333333333333258e+03
1.281000000000000000e+03
1.232333333333333258e+03
1.273166666666666515e+03
1.281166666666666515e+03
1.311166666666666515e+03
1.249166666666666515e+03
1.250666666666666515e+03
1.212666666666666515e+03
1.275333333333333258e+03
1.269500000000000000e+03
1.370000000000000000e+03
1.334000000000000000e+03
1.319500000000000000e+03
1.199666666666666515e+03
1.224500000000000000e+03
1.206333333333333258e+03
1.273500000000000000e+03
1.246000000000000000e+03
1.306666666666666515e+03
1.268333333333333258e+03
1.278666666666666515e+03
1.219333333333333258e+03
1.267833333333333258e+03
1.278333333333333258e+03
1.313166666666666515e+03
1.265000000000000000e+03
1.289500000000000000e+03
1.245500000000000000e+03
1.258000000000000000e+03
1.224833333333333258e+03
1.315000000000000000e+03
1.319666666666666515e+03
1.335000000000000000e+03
1.273833333333333258e+03
1.322000000000000000e+03
1.315833333333333258e+03
1.359666666666666515e+03
1.272000000000000000e+03
1.264666666666666515e+03
1.186833333333333258e+03
1.231500000000000000e+03
1.192000000000000000e+03
1.258333333333333258e+03
1.243833333333333258e+03
1.293666666666666515e+03
1.230000000000000000e+03
1.238333333333333258e+03
1.229333333333333258e+03
1.290333333333333258e+03
1.266833333333333258e+03
1.310833333333333258e+03
1.291333333333333258e+03
1.320833333333333258e+03
1.269666666666666515e+03
1.295166666666666515e+03
1.268333333333333258e+03
1.284666666666666515e+03
1.266500000000000000e+03
1.323000000000000000e+03
1.303833333333333258e+03
1.303166666666666515e+03
1.231000000000000000e+03
1.247333333333333258e+03
1.219333333333333258e+03
1.273000000000000000e+03
1.240833333333333258e+03
1.278166666666666515e+03
1.249500000000000000e+03
1.277833333333333258e+03
1.218166666666666515e+03
1.260833333333333258e+03
1.225000000000000000e+03
1.269000000000000000e+03
1.219333333333333258e+03
1.287166666666666515e+03
1.261500000000000000e+03
1.269333333333333258e+03
1.194833333333333258e+03
1.222500000000000000e+03
1.205166666666666515e+03
1.235000000000000000e+03
1.233000000000000000e+03
1.277666666666666515e+03
1.233500000000000000e+03
1.236333333333333258e+03
1.198500000000000000e+03
1.266500000000000000e+03
1.261166666666666515e+03
1.278500000000000000e+03
1.231833333333333258e+03
1.270666666666666515e+03
1.268500000000000000e+03
1.323833333333333258e+03
1.270833333333333258e+03
1.283166666666666515e+03
1.261833333333333258e+03
1.282333333333333258e+03
1.245833333333333258e+03
1.291666666666666515e+03
1.305000000000000000e+03
1.339333333333333258e+03
1.240000000000000000e+03
1.257166666666666515e+03
1.264166666666666515e+03
1.352333333333333258e+03
1.295500000000000000e+03
1.298833333333333258e+03
1.276666666666666515e+03
1.328166666666666515e+03
1.295333333333333258e+03
1.303333333333333258e+03
1.251333333333333258e+03
1.256666666666666515e+03
1.213000000000000000e+03
1.264833333333333258e+03
1.249333333333333258e+03
1.288333333333333258e+03
1.229666666666666515e+03
1.259500000000000000e+03
1.228500000000000000e+03
1.260500000000000000e+03
1.241666666666666515e+03
1.269333333333333258e+03
1.226666666666666515e+03
1.261000000000000000e+03
1.243500000000000000e+03
1.324166666666666515e+03
1.318000000000000000e+03
1.327500000000000000e+03
1.269833333333333258e+03
1.296833333333333258e+03
1.282000000000000000e+03
1.287166666666666515e+03
1.212833333333333258e+03
1.235666666666666515e+03
1.237500000000000000e+03
1.303333333333333258e+03
1.241833333333333258e+03
1.281000000000000000e+03
1.233333333333333258e+03
1.303333333333333258e+03
1.287666666666666515e+03
1.321666666666666515e+03
1.312666666666666515e+03
1.309833333333333258e+03
1.253333333333333258e+03
1.259666666666666515e+03
1.235166666666666515e+03
1.278166666666666515e+03
1.222166666666666515e+03
1.230833333333333258e+03
1.210333333333333258e+03
1.254666666666666515e+03
1.251833333333333258e+03
1.299500000000000000e+03
1.274833333333333258e+03
1.295833333333333258e+03
1.228000000000000000e+03
1.237833333333333258e+03
1.197166666666666515e+03
1.235000000000000000e+03
1.206166666666666515e+03
1.232666666666666515e+03
1.217333333333333258e+03
1.298166666666666515e+03
1.306333333333333258e+03
1.366000000000000000e+03
1.275333333333333258e+03
1.262666666666666515e+03
1.196000000000000000e+03
1.264833333333333258e+03
1.253500000000000000e+03
1.264000000000000000e+03
1.208500000000000000e+03
1.250666666666666515e+03
1.253500000000000000e+03
1.293666666666666515e+03
1.245666666666666515e+03
1.280333333333333258e+03
1.274000000000000000e+03
1.316333333333333258e+03
1.248500000000000000e+03
1.227500000000000000e+03
1.182000000000000000e+03
1.213666666666666515e+03
1.199000000000000000e+03
1.244500000000000000e+03
1.215500000000000000e+03
1.219166666666666515e+03
1.141000000000000000e+03
1.161166666666666515e+03
1.154666666666666515e+03
1.214500000000000000e+03
1.188333333333333258e+03
1.210333333333333258e+03
1.152333333333333258e+03
1.175000000000000000e+03
1.154333333333333258e+03
1.233333333333333258e+03
1.244500000000000000e+03
1.313166666666666515e+03
1.269666666666666515e+03
1.312166666666666515e+03
1.241666666666666515e+03
1.241666666666666515e+03
1.187333333333333258e+03
1.242000000000000000e+03
1.258000000000000000e+03
1.297833333333333258e+03
1.267000000000000000e+03
1.309500000000000000e+03
1.294333333333333258e+03
1.307333333333333258e+03
1.233166666666666515e+03
1.253666666666666515e+03
1.260500000000000000e+03
1.305000000000000000e+03
1.282333333333333258e+03
1.309166666666666515e+03
1.293000000000000000e+03
1.283666666666666515e+03
1.227500000000000000e+03
1.239333333333333258e+03
1.234000000000000000e+03
1.254666666666666515e+03
1.227333333333333258e+03
1.280500000000000000e+03
1.263000000000000000e+03
1.319666666666666515e+03
1.264500000000000000e+03
1.282333333333333258e+03
1.214833333333333258e+03
1.231333333333333258e+03
1.192833333333333258e+03
1.243333333333333258e+03
1.229666666666666515e+03
1.262000000000000000e+03
1.203666666666666515e+03
1.220166666666666515e+03
1.203500000000000000e+03
1.228166666666666515e+03
1.188500000000000000e+03
1.225166666666666515e+03
1.225166666666666515e+03
1.275500000000000000e+03
1.203166666666666515e+03
1.206666666666666515e+03
1.198666666666666515e+03
1.272333333333333258e+03
1.234833333333333258e+03
1.226666666666666515e+03
1.192833333333333258e+03
1.256333333333333258e+03
1.238000000000000000e+03
1.258000000000000000e+03
1.233000000000000000e+03
1.262166666666666515e+03
1.260333333333333258e+03
1.298500000000000000e+03
1.292000000000000000e+03
1.309666666666666515e+03
1.255166666666666515e+03
1.254833333333333258e+03
1.228500000000000000e+03
1.276500000000000000e+03
1.251833333333333258e+03
1.273166666666666515e+03
1.252666666666666515e+03
1.279166666666666515e+03
1.239666666666666515e+03
1.219000000000000000e+03
1.192000000000000000e+03
1.252166666666666515e+03
1.292333333333333258e+03
1.364166666666666515e+03
1.308333333333333258e+03
1.295000000000000000e+03
1.223500000000000000e+03
1.250833333333333258e+03
1.242833333333333258e+03
1.285500000000000000e+03
1.293833333333333258e+03
1.320833333333333258e+03
1.279166666666666515e+03
1.251166666666666515e+03
1.230000000000000000e+03
1.253500000000000000e+03
1.236166666666666515e+03
1.229333333333333258e+03
1.193000000000000000e+03
1.192333333333333258e+03
1.170833333333333258e+03
1.213000000000000000e+03
1.210666666666666515e+03
1.235833333333333258e+03
1.194833333333333258e+03
1.234000000000000000e+03
1.213000000000000000e+03
1.273666666666666515e+03
1.239166666666666515e+03
1.261000000000000000e+03
1.197500000000000000e+03
1.205500000000000000e+03
1.169166666666666515e+03
1.193166666666666515e+03
1.189166666666666515e+03
1.219666666666666515e+03
1.183000000000000000e+03
1.200500000000000000e+03
1.168500000000000000e+03
1.230333333333333258e+03
1.221166666666666515e+03
1.275833333333333258e+03
1.265500000000000000e+03
1.317833333333333258e+03
1.266000000000000000e+03
1.278833333333333258e+03
1.181333333333333258e+03
1.201500000000000000e+03
1.161000000000000000e+03
1.216166666666666515e+03
1.187166666666666515e+03
1.196500000000000000e+03
1.169166666666666515e+03
1.228166666666666515e+03
1.221333333333333258e+03
1.214000000000000000e+03
1.175333333333333258e+03
1.200833333333333258e+03
1.198666666666666515e+03
1.236000000000000000e+03
1.204500000000000000e+03
1.255000000000000000e+03
1.219333333333333258e+03
1.245333333333333258e+03
1.190833333333333258e+03
1.183000000000000000e+03
1.145666666666666515e+03
1.188666666666666515e+03
1.172000000000000000e+03
1.203833333333333258e+03
1.166166666666666515e+03
1.198166666666666515e+03
1.198666666666666515e+03
1.261666666666666515e+03
1.233833333333333258e+03
1.198166666666666515e+03
1.136666666666666515e+03
1.192500000000000000e+03
1.210833333333333258e+03
1.263666666666666515e+03
1.226000000000000000e+03
1.220333333333333258e+03
1.168166666666666515e+03
1.174500000000000000e+03
1.177666666666666515e+03
1.218500000000000000e+03
1.186000000000000000e+03
1.213000000000000000e+03
1.211166666666666515e+03
1.288166666666666515e+03
1.290666666666666515e+03
1.318500000000000000e+03
1.265000000000000000e+03
1.292166666666666515e+03
1.256333333333333258e+03
1.248666666666666515e+03
1.180166666666666515e+03
1.209333333333333258e+03
1.225833333333333258e+03
1.268666666666666515e+03
1.225333333333333258e+03
1.276000000000000000e+03
1.272000000000000000e+03
1.289500000000000000e+03
1.238333333333333258e+03
1.288500000000000000e+03
1.284333333333333258e+03
1.311833333333333258e+03
1.262000000000000000e+03
1.298000000000000000e+03
1.264166666666666515e+03
1.289000000000000000e+03
1.244333333333333258e+03
1.289833333333333258e+03
1.258166666666666515e+03
1.303000000000000000e+03
1.286166666666666515e+03
1.309666666666666515e+03
1.258166666666666515e+03
1.271500000000000000e+03
1.236833333333333258e+03
1.293500000000000000e+03
1.271000000000000000e+03
1.280833333333333258e+03
1.220500000000000000e+03
1.238333333333333258e+03
1.203000000000000000e+03
1.209166666666666515e+03
1.180166666666666515e+03
1.239333333333333258e+03
1.210833333333333258e+03
1.219000000000000000e+03
1.185666666666666515e+03
1.240000000000000000e+03
1.213500000000000000e+03
1.235500000000000000e+03
1.227666666666666515e+03
1.268000000000000000e+03
1.245500000000000000e+03
1.258333333333333258e+03
1.237166666666666515e+03
1.297666666666666515e+03
1.268166666666666515e+03
1.296166666666666515e+03
1.274666666666666515e+03
1.329166666666666515e+03
1.321333333333333258e+03
1.310166666666666515e+03
1.277500000000000000e+03
1.303166666666666515e+03
1.289166666666666515e+03
1.312666666666666515e+03
1.260500000000000000e+03
1.288666666666666515e+03
1.279333333333333258e+03
1.345500000000000000e+03
1.316000000000000000e+03
1.348166666666666515e+03
1.289166666666666515e+03
1.283666666666666515e+03
1.226166666666666515e+03
1.240833333333333258e+03
1.215833333333333258e+03
1.219500000000000000e+03
1.193666666666666515e+03
1.253500000000000000e+03
1.231333333333333258e+03
1.257833333333333258e+03
1.231833333333333258e+03
1.264333333333333258e+03
1.233666666666666515e+03
1.250333333333333258e+03
1.245666666666666515e+03
1.319166666666666515e+03
1.314000000000000000e+03
1.312000000000000000e+03
1.261000000000000000e+03
1.296666666666666515e+03
1.298833333333333258e+03
1.302000000000000000e+03
1.222166666666666515e+03
1.264333333333333258e+03
1.251833333333333258e+03
1.290000000000000000e+03
1.224000000000000000e+03
1.251000000000000000e+03
1.225500000000000000e+03
1.274500000000000000e+03
1.254000000000000000e+03
1.331000000000000000e+03
1.305333333333333258e+03
1.348166666666666515e+03
1.314500000000000000e+03
1.340500000000000000e+03
1.265166666666666515e+03
1.251333333333333258e+03
1.245000000000000000e+03
1.341000000000000000e+03
1.350000000000000000e+03
1.323500000000000000e+03
1.264833333333333258e+03
1.286666666666666515e+03
1.300833333333333258e+03
1.335833333333333258e+03
1.265166666666666515e+03
1.267500000000000000e+03
1.221666666666666515e+03
1.271666666666666515e+03
1.257500000000000000e+03
1.323500000000000000e+03
1.304833333333333258e+03
1.334166666666666515e+03
1.274500000000000000e+03
1.306333333333333258e+03
1.213500000000000000e+03
1.194166666666666515e+03
1.142666666666666515e+03
1.217500000000000000e+03
1.233000000000000000e+03
1.254333333333333258e+03
1.209333333333333258e+03
1.233833333333333258e+03
1.216833333333333258e+03
1.263500000000000000e+03
1.208666666666666515e+03
1.232666666666666515e+03
8.046666666666666288e+02
