4.980552360916316275e+02
6.363885694249649987e+02
3.387219027582982562e+02
4.403885694249649987e+02
8.398885694249648850e+02
1.162721902758298256e+03
1.298721902758298029e+03
1.112555236091631514e+03
1.157221902758298256e+03
1.221388569424964999e+03
1.228555236091631514e+03
1.092721902758298256e+03
1.196555236091631514e+03
1.307221902758298256e+03
1.318221902758298256e+03
1.146055236091631514e+03
1.208555236091631514e+03
1.302888569424964999e+03
1.353055236091631514e+03
1.203555236091631514e+03
1.367388569424964999e+03
1.472721902758298256e+03
1.488721902758298256e+03
1.260388569424964999e+03
1.341555236091631514e+03
1.401555236091631514e+03
1.396055236091631514e+03
1.213888569424964999e+03
1.310055236091631514e+03
1.387555236091631514e+03
1.386221902758298256e+03
1.227388569424964999e+03
1.364888569424964999e+03
1.421888569424964999e+03
1.424055236091631514e+03
1.209055236091631514e+03
1.294888569424964999e+03
1.360721902758298256e+03
1.345721902758298256e+03
1.190888569424964999e+03
1.303221902758298256e+03
1.405721902758298256e+03
1.402221902758298029e+03
1.219388569424964999e+03
1.304221902758298256e+03
1.396388569424964771e+03
1.416388569424964771e+03
1.303055236091631514e+03
1.430888569424964999e+03
1.492888569424964771e+03
1.424388569424964999e+03
1.201721902758298256e+03
1.323721902758298256e+03
1.430555236091631514e+03
1.464388569424964771e+03
1.281055236091631514e+03
1.358888569424964999e+03
1.391055236091631514e+03
1.377721902758298029e+03
1.203555236091631514e+03
1.322721902758298256e+03
1.417888569424964999e+03
1.421388569424964999e+03
1.224555236091631514e+03
1.319388569424964999e+03
1.408055236091631514e+03
1.395388569424964999e+03
1.223055236091631514e+03
1.348888569424964999e+03
1.463055236091631514e+03
1.477388569424964999e+03
1.301888569424964999e+03
1.422888569424964999e+03
1.478555236091631514e+03
1.455055236091631514e+03
1.282721902758298256e+03
1.389221902758298256e+03
1.455055236091631514e+03
1.396888569424964771e+03
1.225888569424964999e+03
1.316888569424964999e+03
1.393221902758298029e+03
1.362221902758298256e+03
1.185388569424964999e+03
1.265888569424964999e+03
1.353055236091631514e+03
1.364221902758298256e+03
1.241555236091631514e+03
1.344888569424964999e+03
1.395555236091631514e+03
1.395221902758298029e+03
1.223055236091631514e+03
1.344721902758298256e+03
1.426388569424964999e+03
1.417555236091631514e+03
1.292221902758298256e+03
1.409555236091631514e+03
1.480055236091631514e+03
1.421721902758298256e+03
1.209555236091631514e+03
1.318221902758298256e+03
1.394055236091631514e+03
1.391888569424964771e+03
1.201388569424964999e+03
1.308388569424964999e+03
1.361888569424964999e+03
1.359388569424964999e+03
1.188055236091631514e+03
1.321221902758298256e+03
1.410888569424964999e+03
1.420055236091631514e+03
1.233888569424964999e+03
1.363721902758298256e+03
1.468555236091631514e+03
1.486888569424964999e+03
1.283721902758298256e+03
1.340888569424964999e+03
1.378721902758298256e+03
1.363721902758298256e+03
1.188888569424964999e+03
1.315055236091631514e+03
1.399555236091631514e+03
1.406555236091631514e+03
1.208888569424964999e+03
1.300388569424964999e+03
1.342388569424964999e+03
1.323721902758298256e+03
1.157221902758298256e+03
1.302721902758298256e+03
1.417055236091631514e+03
1.391388569424964999e+03
1.172555236091631514e+03
1.272888569424964999e+03
1.392221902758298256e+03
1.418555236091631514e+03
1.245055236091631514e+03
1.313721902758298256e+03
1.376721902758298256e+03
1.355555236091631514e+03
1.192721902758298256e+03
1.299888569424964999e+03
1.426555236091631514e+03
1.460388569424964999e+03
1.277721902758298256e+03
1.300888569424964999e+03
1.354221902758298256e+03
1.383055236091631514e+03
1.242555236091631514e+03
1.299555236091631514e+03
1.353388569424964999e+03
1.369221902758298256e+03
1.241055236091631514e+03
1.345221902758298256e+03
1.400888569424964999e+03
1.383055236091631514e+03
1.209221902758298256e+03
1.303221902758298256e+03
1.390721902758298256e+03
1.410221902758298029e+03
1.254555236091631514e+03
1.305555236091631514e+03
1.346888569424964999e+03
1.333888569424964999e+03
1.206221902758298256e+03
1.295721902758298256e+03
1.364888569424964999e+03
1.379888569424964999e+03
1.251388569424964999e+03
1.359888569424964999e+03
1.423221902758298256e+03
1.389555236091631514e+03
1.200888569424964999e+03
1.257888569424964999e+03
1.352888569424964999e+03
1.409721902758298256e+03
1.264888569424964999e+03
1.332388569424964999e+03
1.389388569424964771e+03
1.416721902758298029e+03
1.268388569424964999e+03
1.359555236091631514e+03
1.401055236091631514e+03
1.381888569424964771e+03
1.213221902758298256e+03
1.325055236091631514e+03
1.389721902758298256e+03
1.380888569424964999e+03
1.191221902758298256e+03
1.312055236091631514e+03
1.375888569424964771e+03
1.359888569424964771e+03
1.197055236091631514e+03
1.297555236091631514e+03
1.399221902758298256e+03
1.430388569424964999e+03
1.272555236091631514e+03
1.349221902758298256e+03
1.382221902758298256e+03
1.381721902758298256e+03
1.246555236091631514e+03
1.363055236091631514e+03
1.416055236091631514e+03
1.424555236091631514e+03
1.240221902758298256e+03
1.313055236091631514e+03
1.349555236091631514e+03
1.363388569424964999e+03
1.247221902758298256e+03
1.368388569424964999e+03
1.421055236091631514e+03
1.399388569424964999e+03
1.226388569424964999e+03
1.321388569424964999e+03
1.380221902758298256e+03
1.315721902758298029e+03
1.127388569424964999e+03
1.255055236091631514e+03
1.426221902758298256e+03
1.481721902758298256e+03
1.284221902758298256e+03
1.305721902758298256e+03
1.339221902758298256e+03
1.351388569424964999e+03
1.208388569424964999e+03
1.303388569424964999e+03
1.387055236091631514e+03
1.420055236091631514e+03
1.262555236091631514e+03
1.340888569424964999e+03
1.387221902758298256e+03
1.403721902758298256e+03
1.255221902758298256e+03
1.314388569424964999e+03
1.326221902758298256e+03
1.326388569424964771e+03
1.204888569424964999e+03
1.352888569424964999e+03
1.391888569424964771e+03
1.385555236091631514e+03
1.210221902758298256e+03
1.313721902758298256e+03
1.362221902758298256e+03
1.330888569424964999e+03
1.164388569424964999e+03
1.256055236091631514e+03
1.343555236091631514e+03
1.333388569424964999e+03
1.178221902758298256e+03
1.286888569424964999e+03
1.381388569424964999e+03
1.397388569424964999e+03
1.233555236091631514e+03
1.340721902758298256e+03
1.390055236091631514e+03
1.392721902758298029e+03
1.231721902758298256e+03
1.332055236091631514e+03
1.371721902758298256e+03
1.356721902758298256e+03
1.179555236091631514e+03
1.257888569424964999e+03
1.335055236091631514e+03
1.379221902758298256e+03
1.269055236091631514e+03
1.364055236091631514e+03
1.406221902758298256e+03
1.400555236091631514e+03
1.212888569424964999e+03
1.282055236091631514e+03
1.325221902758298256e+03
1.335388569424964999e+03
1.201388569424964999e+03
1.319555236091631514e+03
1.356555236091631514e+03
1.341555236091631514e+03
1.153721902758298256e+03
1.259721902758298256e+03
1.328555236091631514e+03
1.334555236091631514e+03
1.180721902758298256e+03
1.316388569424964999e+03
1.402888569424964999e+03
1.420388569424964999e+03
1.218055236091631514e+03
1.288055236091631514e+03
1.371388569424964999e+03
1.428055236091631514e+03
1.275721902758298256e+03
1.334221902758298256e+03
1.337555236091631514e+03
1.364055236091631514e+03
1.225055236091631514e+03
1.312221902758298256e+03
1.338721902758298256e+03
1.349555236091631514e+03
1.247555236091631514e+03
1.375888569424964999e+03
1.429721902758298029e+03
1.417888569424964999e+03
1.233721902758298256e+03
1.302221902758298256e+03
1.344388569424964999e+03
1.329555236091631514e+03
1.208221902758298256e+03
1.305721902758298256e+03
1.384888569424964999e+03
1.360888569424964999e+03
1.231555236091631514e+03
1.330555236091631514e+03
1.405888569424964999e+03
1.409221902758298029e+03
1.297055236091631514e+03
1.361221902758298256e+03
1.348388569424964771e+03
1.288221902758298029e+03
1.169221902758298256e+03
1.319888569424964999e+03
1.388721902758298256e+03
1.388221902758298256e+03
1.180721902758298256e+03
1.225721902758298256e+03
1.232888569424964999e+03
1.242388569424964999e+03
1.139221902758298256e+03
1.236221902758298256e+03
1.319388569424964999e+03
1.328221902758298256e+03
1.191388569424964999e+03
1.247555236091631514e+03
1.293055236091631514e+03
1.306721902758298256e+03
1.182055236091631514e+03
1.264055236091631514e+03
1.347721902758298256e+03
1.372055236091631514e+03
1.258888569424964999e+03
1.306888569424964999e+03
1.358721902758298256e+03
1.386388569424964999e+03
1.269721902758298256e+03
1.325721902758298256e+03
1.335055236091631514e+03
1.339721902758298256e+03
1.234055236091631514e+03
1.328221902758298256e+03
1.359721902758298256e+03
1.329388569424964999e+03
1.185388569424964999e+03
1.295055236091631514e+03
1.388221902758298256e+03
1.380721902758298029e+03
1.217888569424964999e+03
1.284555236091631514e+03
1.340555236091631514e+03
1.348888569424964999e+03
1.170555236091631514e+03
1.239055236091631514e+03
1.300055236091631514e+03
1.355388569424964999e+03
1.238555236091631514e+03
1.279721902758298256e+03
1.313221902758298256e+03
1.313221902758298256e+03
1.201055236091631514e+03
1.277388569424964999e+03
1.329888569424964999e+03
1.383388569424964999e+03
1.271055236091631514e+03
1.370221902758298256e+03
1.364055236091631514e+03
1.338721902758298256e+03
1.169388569424964999e+03
1.232388569424964999e+03
1.307721902758298256e+03
1.384888569424964999e+03
1.306555236091631514e+03
1.373555236091631514e+03
1.341888569424964999e+03
1.324555236091631514e+03
1.208221902758298256e+03
1.308721902758298256e+03
1.342721902758298256e+03
1.323721902758298256e+03
1.179721902758298256e+03
1.261388569424964999e+03
1.306721902758298256e+03
1.331888569424964999e+03
1.214888569424964999e+03
1.288055236091631514e+03
1.314721902758298256e+03
1.292555236091631514e+03
1.144388569424964999e+03
1.219555236091631514e+03
1.274055236091631514e+03
1.299388569424964999e+03
1.174888569424964999e+03
1.235055236091631514e+03
1.265221902758298256e+03
1.287221902758298256e+03
1.195721902758298256e+03
1.328388569424964999e+03
1.355555236091631514e+03
1.327721902758298029e+03
1.162721902758298256e+03
1.243888569424964999e+03
1.292221902758298256e+03
1.301388569424964999e+03
1.204721902758298256e+03
1.303055236091631514e+03
1.327221902758298029e+03
1.323055236091631514e+03
1.217055236091631514e+03
1.330055236091631514e+03
1.375221902758298256e+03
1.395388569424964999e+03
1.287721902758298256e+03
1.349888569424964999e+03
1.351055236091631514e+03
1.323888569424964999e+03
1.188555236091631514e+03
1.244221902758298256e+03
1.263555236091631514e+03
1.288388569424964999e+03
1.211888569424964999e+03
1.312221902758298256e+03
1.324888569424964999e+03
1.309555236091631514e+03
1.196388569424964999e+03
1.308221902758298256e+03
1.368555236091631514e+03
1.408055236091631514e+03
1.246221902758298256e+03
1.308388569424964999e+03
1.314388569424964999e+03
1.355055236091631514e+03
1.223888569424964999e+03
1.266388569424964999e+03
1.244721902758298256e+03
1.253555236091631514e+03
1.172221902758298256e+03
1.275388569424964999e+03
1.300721902758298256e+03
1.293221902758298256e+03
1.177388569424964999e+03
1.247721902758298256e+03
1.276555236091631514e+03
1.327055236091631514e+03
1.265888569424964999e+03
1.343888569424964999e+03
1.343555236091631514e+03
1.343055236091631514e+03
1.239888569424964999e+03
1.316721902758298256e+03
1.345888569424964999e+03
1.335388569424964999e+03
1.244055236091631514e+03
1.285555236091631514e+03
1.350888569424964999e+03
1.396721902758298256e+03
1.294388569424964999e+03
1.338555236091631514e+03
1.325388569424964999e+03
1.345721902758298256e+03
1.234888569424964999e+03
1.301055236091631514e+03
1.317721902758298256e+03
1.327221902758298256e+03
1.223055236091631514e+03
1.295388569424964999e+03
1.340888569424964771e+03
1.359055236091631514e+03
1.241055236091631514e+03
1.279055236091631514e+03
1.287721902758298256e+03
1.292221902758298256e+03
1.173221902758298256e+03
1.241888569424964999e+03
1.292221902758298256e+03
1.335388569424964999e+03
1.242888569424964999e+03
1.316388569424964999e+03
1.346055236091631514e+03
1.356721902758298256e+03
1.217055236091631514e+03
1.251555236091631514e+03
1.260555236091631514e+03
1.306555236091631514e+03
1.212721902758298256e+03
1.257388569424964999e+03
1.224721902758298256e+03
1.236721902758298256e+03
1.154555236091631514e+03
1.247221902758298256e+03
1.300221902758298256e+03
1.336221902758298256e+03
1.248221902758298256e+03
1.293555236091631514e+03
1.283721902758298256e+03
1.301721902758298256e+03
1.187221902758298256e+03
1.259221902758298256e+03
1.296721902758298256e+03
1.329221902758298256e+03
1.220221902758298256e+03
1.264555236091631514e+03
1.278888569424964999e+03
1.298055236091631514e+03
1.214055236091631514e+03
1.311055236091631514e+03
1.352221902758298256e+03
1.342055236091631514e+03
1.223055236091631514e+03
1.313888569424964999e+03
1.364388569424964999e+03
1.421388569424964999e+03
1.291055236091631514e+03
1.297888569424964999e+03
1.257888569424964999e+03
1.275221902758298256e+03
1.208888569424964999e+03
1.282388569424964999e+03
1.303721902758298256e+03
1.351555236091631514e+03
1.253555236091631514e+03
1.296555236091631514e+03
1.273221902758298256e+03
1.285055236091631514e+03
1.186055236091631514e+03
1.251221902758298256e+03
1.250055236091631514e+03
1.260721902758298256e+03
1.166555236091631514e+03
1.263721902758298256e+03
1.328555236091631514e+03
1.382888569424964999e+03
1.295055236091631514e+03
1.312555236091631514e+03
1.281721902758298256e+03
1.283721902758298256e+03
1.211555236091631514e+03
1.286555236091631514e+03
1.296555236091631514e+03
1.307388569424964999e+03
1.217888569424964999e+03
1.291055236091631514e+03
1.312221902758298256e+03
1.356221902758298256e+03
1.273221902758298256e+03
1.324221902758298256e+03
1.317388569424964999e+03
1.360388569424964999e+03
1.283888569424964999e+03
1.351555236091631514e+03
1.310555236091631514e+03
1.299221902758298256e+03
1.152721902758298256e+03
1.224055236091631514e+03
1.260055236091631514e+03
1.336221902758298256e+03
1.251388569424964999e+03
1.320055236091631514e+03
1.324055236091631514e+03
1.328055236091631514e+03
1.226555236091631514e+03
1.287055236091631514e+03
1.314721902758298256e+03
1.342721902758298256e+03
1.259721902758298256e+03
1.338555236091631514e+03
1.324888569424964999e+03
1.316221902758298256e+03
1.166221902758298256e+03
1.253388569424964999e+03
1.305888569424964999e+03
1.411888569424964999e+03
1.346221902758298256e+03
1.395388569424964999e+03
1.357388569424964999e+03
1.334555236091631514e+03
1.209055236091631514e+03
1.256888569424964999e+03
1.271388569424964999e+03
1.303888569424964999e+03
1.216888569424964999e+03
1.248721902758298256e+03
1.255721902758298256e+03
1.290888569424964999e+03
1.220388569424964999e+03
1.263388569424964999e+03
1.228555236091631514e+03
1.243555236091631514e+03
1.187388569424964999e+03
1.271221902758298256e+03
1.279721902758298256e+03
1.321388569424964999e+03
1.253721902758298256e+03
1.351555236091631514e+03
1.353555236091631514e+03
1.392888569424964999e+03
1.300221902758298256e+03
1.327721902758298256e+03
1.317055236091631514e+03
1.333388569424964999e+03
1.257221902758298256e+03
1.300721902758298256e+03
1.283055236091631514e+03
1.324888569424964999e+03
1.282055236091631514e+03
1.384388569424964999e+03
1.368555236091631514e+03
1.359221902758298256e+03
1.248721902758298256e+03
1.307721902758298256e+03
1.311388569424964999e+03
1.287888569424964999e+03
1.181221902758298256e+03
1.229721902758298256e+03
1.257721902758298256e+03
1.289721902758298256e+03
1.211388569424964999e+03
1.244055236091631514e+03
1.229221902758298256e+03
1.238055236091631514e+03
1.174388569424964999e+03
1.240888569424964999e+03
1.262555236091631514e+03
1.312221902758298256e+03
1.226221902758298256e+03
1.261888569424964999e+03
1.273721902758298256e+03
1.338721902758298256e+03
1.264721902758298256e+03
1.291888569424964999e+03
1.272055236091631514e+03
1.315888569424964999e+03
1.258388569424964999e+03
1.320055236091631514e+03
1.310055236091631514e+03
1.334055236091631514e+03
1.255721902758298256e+03
1.321888569424964999e+03
1.302888569424964999e+03
1.306721902758298256e+03
1.207221902758298256e+03
1.270055236091631514e+03
1.322388569424964999e+03
1.403055236091631514e+03
1.348555236091631514e+03
1.373221902758298256e+03
1.315888569424964999e+03
1.337055236091631514e+03
1.245888569424964999e+03
1.280221902758298256e+03
1.251221902758298256e+03
1.295721902758298256e+03
1.252888569424964999e+03
1.324555236091631514e+03
1.318888569424964999e+03
1.350555236091631514e+03
1.218555236091631514e+03
1.223388569424964999e+03
1.214555236091631514e+03
1.304555236091631514e+03
1.284555236091631514e+03
1.342388569424964999e+03
1.317221902758298256e+03
1.358888569424964999e+03
1.276721902758298256e+03
1.335555236091631514e+03
1.283888569424964999e+03
1.306055236091631514e+03
1.204555236091631514e+03
1.268055236091631514e+03
1.253721902758298256e+03
1.327555236091631514e+03
1.284888569424964999e+03
1.345388569424964999e+03
1.305388569424964999e+03
1.311221902758298256e+03
1.226888569424964999e+03
1.311055236091631514e+03
1.312721902758298256e+03
1.381221902758298256e+03
1.275055236091631514e+03
1.323721902758298256e+03
1.321555236091631514e+03
1.422221902758298256e+03
1.366888569424964999e+03
1.400721902758298256e+03
1.335221902758298256e+03
1.343388569424964999e+03
1.235055236091631514e+03
1.242721902758298256e+03
1.211388569424964999e+03
1.215888569424964999e+03
1.205888569424964999e+03
1.289221902758298256e+03
1.311221902758298256e+03
1.315221902758298256e+03
1.193388569424964999e+03
1.218888569424964999e+03
1.204555236091631514e+03
1.281055236091631514e+03
1.241721902758298256e+03
1.319555236091631514e+03
1.284221902758298256e+03
1.292555236091631514e+03
1.200388569424964999e+03
1.287221902758298256e+03
1.328388569424964999e+03
1.340221902758298256e+03
1.231388569424964999e+03
1.249388569424964999e+03
1.284888569424964999e+03
1.311388569424964999e+03
1.229721902758298256e+03
1.267721902758298256e+03
1.280055236091631514e+03
1.337221902758298256e+03
1.232221902758298256e+03
1.280221902758298256e+03
1.280555236091631514e+03
1.330055236091631514e+03
1.269721902758298256e+03
1.292055236091631514e+03
1.301388569424964999e+03
1.338221902758298256e+03
1.256388569424964999e+03
1.250055236091631514e+03
1.202555236091631514e+03
1.235721902758298256e+03
1.198555236091631514e+03
1.231721902758298256e+03
1.248888569424964999e+03
1.300888569424964999e+03
1.245055236091631514e+03
1.320221902758298256e+03
1.336221902758298256e+03
1.399888569424964999e+03
1.279555236091631514e+03
1.273055236091631514e+03
1.224721902758298256e+03
1.241888569424964999e+03
1.157221902758298256e+03
1.230055236091631514e+03
1.283888569424964999e+03
1.316888569424964999e+03
1.193055236091631514e+03
1.157221902758298256e+03
1.154221902758298256e+03
1.229388569424964999e+03
1.196221902758298256e+03
1.246721902758298256e+03
1.232888569424964999e+03
1.287388569424964999e+03
1.270555236091631514e+03
1.338721902758298256e+03
1.324388569424964999e+03
1.351555236091631514e+03
1.285888569424964999e+03
1.336055236091631514e+03
1.300721902758298256e+03
1.306055236091631514e+03
1.224221902758298256e+03
1.277221902758298256e+03
1.317055236091631514e+03
1.327888569424964999e+03
1.225388569424964999e+03
1.226721902758298256e+03
1.243555236091631514e+03
1.299555236091631514e+03
1.239555236091631514e+03
1.309388569424964999e+03
1.330388569424964999e+03
1.405055236091631514e+03
1.309221902758298256e+03
1.321555236091631514e+03
1.275888569424964999e+03
1.289221902758298256e+03
1.226721902758298256e+03
1.300888569424964999e+03
1.301888569424964999e+03
1.312721902758298256e+03
1.199721902758298256e+03
1.245721902758298256e+03
1.237388569424964999e+03
1.273055236091631514e+03
1.189221902758298256e+03
1.244721902758298256e+03
1.253388569424964999e+03
1.321221902758298256e+03
1.260221902758298256e+03
1.292221902758298256e+03
1.275221902758298256e+03
1.311221902758298256e+03
1.259721902758298256e+03
1.361888569424964999e+03
1.390221902758298256e+03
1.437388569424964999e+03
1.324555236091631514e+03
1.332221902758298256e+03
1.302888569424964999e+03
1.317055236091631514e+03
1.251888569424964999e+03
1.291888569424964999e+03
1.273055236091631514e+03
1.284555236091631514e+03
1.203888569424964999e+03
1.298221902758298256e+03
1.295721902758298256e+03
1.327221902758298256e+03
1.225055236091631514e+03
1.296221902758298256e+03
1.290221902758298256e+03
1.297388569424964999e+03
1.198221902758298256e+03
1.262388569424964999e+03
1.280888569424964999e+03
1.310221902758298256e+03
1.218888569424964999e+03
1.285888569424964999e+03
1.306055236091631514e+03
1.372221902758298256e+03
1.282055236091631514e+03
1.341721902758298256e+03
1.305555236091631514e+03
1.275888569424964999e+03
1.145888569424964999e+03
1.211221902758298256e+03
1.251555236091631514e+03
1.258221902758298256e+03
1.168888569424964999e+03
1.247721902758298256e+03
1.313555236091631514e+03
1.357221902758298256e+03
1.284221902758298256e+03
1.339721902758298256e+03
1.341388569424964999e+03
1.348055236091631514e+03
1.220721902758298256e+03
1.225555236091631514e+03
1.224555236091631514e+03
1.270555236091631514e+03
1.199221902758298256e+03
1.250388569424964999e+03
1.253388569424964999e+03
1.290555236091631514e+03
1.213221902758298256e+03
1.253888569424964999e+03
1.291721902758298256e+03
1.315055236091631514e+03
1.236221902758298256e+03
1.252388569424964999e+03
1.255888569424964999e+03
1.308221902758298256e+03
1.238388569424964999e+03
1.297721902758298256e+03
1.288388569424964999e+03
1.318555236091631514e+03
1.235388569424964999e+03
1.288388569424964999e+03
1.276888569424964999e+03
1.294388569424964999e+03
1.215555236091631514e+03
1.313721902758298256e+03
1.321888569424964771e+03
1.335221902758298029e+03
1.220721902758298256e+03
1.294388569424964999e+03
1.296555236091631514e+03
1.322555236091631514e+03
1.207388569424964999e+03
1.262888569424964999e+03
1.263221902758298256e+03
1.301055236091631514e+03
1.208055236091631514e+03
1.274555236091631514e+03
1.272555236091631514e+03
1.318055236091631514e+03
1.233721902758298256e+03
1.293221902758298256e+03
1.295721902758298256e+03
1.321721902758298256e+03
1.257221902758298256e+03
1.324721902758298256e+03
1.314555236091631514e+03
1.340555236091631514e+03
1.279721902758298256e+03
1.345888569424964999e+03
1.306721902758298256e+03
1.283555236091631514e+03
1.183388569424964999e+03
1.267388569424964999e+03
1.263388569424964999e+03
1.256555236091631514e+03
1.155221902758298256e+03
1.242221902758298256e+03
1.294388569424964999e+03
1.341388569424964999e+03
1.255721902758298256e+03
1.330388569424964999e+03
1.346388569424964999e+03
1.373888569424964999e+03
1.280721902758298256e+03
1.339055236091631514e+03
1.324555236091631514e+03
1.348055236091631514e+03
1.240721902758298256e+03
1.308888569424964999e+03
1.321055236091631514e+03
1.337388569424964999e+03
1.232555236091631514e+03
1.241555236091631514e+03
1.291388569424964999e+03
1.410055236091631514e+03
1.378388569424964999e+03
1.436555236091631514e+03
1.394888569424964999e+03
1.391221902758298256e+03
1.251388569424964999e+03
1.279888569424964999e+03
1.297055236091631514e+03
1.324055236091631514e+03
1.205388569424964999e+03
1.220221902758298256e+03
1.213388569424964999e+03
1.239888569424964999e+03
1.172721902758298256e+03
1.261221902758298256e+03
1.302721902758298256e+03
1.344221902758298256e+03
1.226221902758298256e+03
1.242221902758298256e+03
1.239555236091631514e+03
1.290055236091631514e+03
1.247221902758298256e+03
1.317721902758298256e+03
1.330055236091631514e+03
1.348388569424964999e+03
1.237055236091631514e+03
1.274555236091631514e+03
1.274388569424964999e+03
1.296555236091631514e+03
1.213388569424964999e+03
1.245888569424964999e+03
1.247221902758298256e+03
1.264555236091631514e+03
1.212721902758298256e+03
1.288555236091631514e+03
1.330721902758298256e+03
1.399888569424964999e+03
1.343055236091631514e+03
1.346555236091631514e+03
1.263721902758298256e+03
1.235721902758298256e+03
1.173055236091631514e+03
1.276055236091631514e+03
1.334888569424964999e+03
1.374055236091631514e+03
1.288055236091631514e+03
1.328221902758298256e+03
1.335221902758298256e+03
1.338555236091631514e+03
1.224888569424964999e+03
1.243555236091631514e+03
1.284221902758298256e+03
1.316221902758298256e+03
1.265555236091631514e+03
1.316388569424964999e+03
1.342721902758298256e+03
1.333388569424964999e+03
1.210555236091631514e+03
1.259888569424964999e+03
1.312055236091631514e+03
1.368221902758298256e+03
1.304555236091631514e+03
1.344388569424964999e+03
1.302388569424964999e+03
1.265888569424964999e+03
1.175721902758298256e+03
1.278555236091631514e+03
1.293555236091631514e+03
1.296388569424964999e+03
1.175055236091631514e+03
1.232388569424964999e+03
1.226721902758298256e+03
1.242055236091631514e+03
1.149721902758298256e+03
1.233388569424964999e+03
1.260555236091631514e+03
1.304055236091631514e+03
1.216555236091631514e+03
1.301555236091631514e+03
1.321888569424964771e+03
1.354555236091631514e+03
1.222721902758298256e+03
1.242555236091631514e+03
1.228388569424964999e+03
1.299888569424964999e+03
1.252555236091631514e+03
1.332388569424964999e+03
1.292555236091631514e+03
1.278221902758298256e+03
1.141888569424964999e+03
1.191888569424964999e+03
1.228721902758298256e+03
1.282055236091631514e+03
1.224388569424964999e+03
1.279388569424964999e+03
1.304221902758298256e+03
1.309888569424964999e+03
1.210221902758298256e+03
1.236388569424964999e+03
1.214721902758298256e+03
1.228721902758298256e+03
1.167721902758298256e+03
1.277721902758298256e+03
1.339888569424964999e+03
1.371221902758298256e+03
1.267055236091631514e+03
1.278055236091631514e+03
1.267888569424964999e+03
1.288221902758298256e+03
1.230221902758298256e+03
1.308721902758298256e+03
1.324221902758298029e+03
1.282555236091631514e+03
1.152555236091631514e+03
1.204555236091631514e+03
1.263388569424964999e+03
1.308721902758298256e+03
1.233055236091631514e+03
1.244388569424964999e+03
1.232721902758298256e+03
1.257888569424964999e+03
1.204388569424964999e+03
1.252388569424964999e+03
1.259388569424964999e+03
1.320888569424964999e+03
1.309221902758298256e+03
1.341555236091631514e+03
1.292721902758298256e+03
1.266221902758298256e+03
1.171388569424964999e+03
1.214721902758298256e+03
1.192388569424964999e+03
1.226555236091631514e+03
1.152055236091631514e+03
1.240388569424964999e+03
1.260721902758298256e+03
1.293388569424964999e+03
1.191388569424964999e+03
1.225055236091631514e+03
1.204888569424964999e+03
1.194555236091631514e+03
1.120388569424964999e+03
1.231721902758298256e+03
1.314055236091631514e+03
1.355221902758298256e+03
1.258388569424964999e+03
1.290055236091631514e+03
1.295721902758298256e+03
1.291055236091631514e+03
1.210555236091631514e+03
1.260721902758298256e+03
1.281888569424964999e+03
1.258555236091631514e+03
1.154888569424964999e+03
1.199721902758298256e+03
1.236888569424964999e+03
1.264888569424964999e+03
1.223055236091631514e+03
1.306888569424964999e+03
1.318221902758298256e+03
1.300555236091631514e+03
1.176721902758298256e+03
1.241221902758298256e+03
1.272555236091631514e+03
1.302388569424964999e+03
1.221721902758298256e+03
1.256388569424964999e+03
1.302055236091631514e+03
1.332221902758298256e+03
1.237388569424964999e+03
1.208221902758298256e+03
1.152888569424964999e+03
1.158555236091631514e+03
1.134721902758298256e+03
1.260221902758298256e+03
1.323721902758298256e+03
1.338388569424964999e+03
1.221721902758298256e+03
1.252555236091631514e+03
1.312888569424964999e+03
1.415888569424964999e+03
1.366388569424964999e+03
1.402721902758298256e+03
1.340388569424964999e+03
1.351721902758298256e+03
1.254055236091631514e+03
1.317555236091631514e+03
1.333888569424964999e+03
1.366555236091631514e+03
1.280555236091631514e+03
1.322388569424964999e+03
1.318055236091631514e+03
1.350888569424964999e+03
1.243388569424964999e+03
1.283388569424964999e+03
1.311555236091631514e+03
1.398555236091631514e+03
1.336388569424964999e+03
1.348055236091631514e+03
1.326555236091631514e+03
1.331721902758298256e+03
1.269888569424964999e+03
1.338388569424964999e+03
1.376555236091631514e+03
1.393055236091631514e+03
1.290888569424964999e+03
1.329888569424964999e+03
1.340555236091631514e+03
1.359388569424964999e+03
1.282055236091631514e+03
1.339555236091631514e+03
1.394555236091631514e+03
1.447555236091631514e+03
1.353888569424964999e+03
1.385055236091631514e+03
1.361555236091631514e+03
1.378721902758298256e+03
1.277221902758298256e+03
1.346555236091631514e+03
1.382055236091631514e+03
1.389555236091631514e+03
1.275555236091631514e+03
1.317221902758298256e+03
1.332721902758298256e+03
1.328388569424964999e+03
1.246055236091631514e+03
1.293221902758298256e+03
1.323055236091631514e+03
1.313055236091631514e+03
1.240721902758298256e+03
1.312888569424964999e+03
1.342555236091631514e+03
1.344221902758298256e+03
1.254388569424964999e+03
1.302055236091631514e+03
1.331055236091631514e+03
1.309721902758298256e+03
1.215221902758298256e+03
1.230055236091631514e+03
1.289888569424964999e+03
1.332555236091631514e+03
1.282388569424964999e+03
1.308888569424964999e+03
1.303721902758298256e+03
1.303221902758298256e+03
1.215888569424964999e+03
1.289888569424964999e+03
1.322388569424964999e+03
1.345221902758298256e+03
1.253888569424964999e+03
1.286888569424964999e+03
1.283221902758298256e+03
1.253055236091631514e+03
1.163221902758298256e+03
1.238721902758298256e+03
1.285388569424964999e+03
1.310721902758298256e+03
1.230055236091631514e+03
1.280055236091631514e+03
1.279888569424964999e+03
1.273221902758298256e+03
1.189555236091631514e+03
1.260221902758298256e+03
1.285055236091631514e+03
1.297221902758298256e+03
1.189221902758298256e+03
1.224055236091631514e+03
1.256388569424964999e+03
1.305721902758298256e+03
1.261888569424964999e+03
1.346388569424964999e+03
1.352221902758298256e+03
1.334555236091631514e+03
1.193555236091631514e+03
1.243888569424964999e+03
1.281888569424964999e+03
1.285888569424964999e+03
1.206721902758298256e+03
1.254888569424964999e+03
1.275055236091631514e+03
1.254388569424964999e+03
1.141555236091631514e+03
1.218221902758298256e+03
1.280555236091631514e+03
1.341221902758298256e+03
1.239055236091631514e+03
1.285888569424964999e+03
1.278388569424964999e+03
1.327555236091631514e+03
1.246888569424964999e+03
1.299555236091631514e+03
1.301221902758298256e+03
1.310721902758298256e+03
1.232221902758298256e+03
1.275388569424964999e+03
1.256388569424964999e+03
1.284555236091631514e+03
1.207221902758298256e+03
1.280221902758298256e+03
1.321555236091631514e+03
1.355388569424964999e+03
1.282055236091631514e+03
1.305055236091631514e+03
1.292055236091631514e+03
1.346721902758298256e+03
1.266888569424964999e+03
1.327888569424964999e+03
1.327388569424964999e+03
1.359221902758298256e+03
1.287555236091631514e+03
1.332221902758298256e+03
1.336888569424964999e+03
1.321888569424964999e+03
1.219555236091631514e+03
1.261055236091631514e+03
1.318888569424964999e+03
1.346388569424964999e+03
1.274055236091631514e+03
1.323221902758298256e+03
1.326221902758298256e+03
1.319888569424964999e+03
1.235555236091631514e+03
1.309221902758298256e+03
1.336555236091631514e+03
1.341055236091631514e+03
1.259055236091631514e+03
1.328388569424964999e+03
1.350721902758298029e+03
1.369721902758298256e+03
1.248721902758298256e+03
1.283555236091631514e+03
1.273888569424964999e+03
1.286221902758298256e+03
1.217555236091631514e+03
1.287055236091631514e+03
1.327721902758298256e+03
1.350055236091631514e+03
1.272888569424964999e+03
1.324221902758298256e+03
1.328388569424964999e+03
1.324721902758298256e+03
1.260388569424964999e+03
1.320888569424964999e+03
1.374888569424964999e+03
1.362721902758298256e+03
1.275721902758298256e+03
1.303221902758298256e+03
1.327888569424964999e+03
1.349221902758298256e+03
1.242221902758298256e+03
1.304221902758298256e+03
1.293555236091631514e+03
1.282055236091631514e+03
1.196388569424964999e+03
1.287555236091631514e+03
1.349055236091631514e+03
1.355388569424964999e+03
1.253888569424964999e+03
1.289221902758298256e+03
1.290388569424964999e+03
1.278221902758298256e+03
1.187555236091631514e+03
1.248055236091631514e+03
1.283721902758298256e+03
1.337221902758298256e+03
1.293888569424964999e+03
1.361388569424964999e+03
1.354721902758298256e+03
1.342221902758298256e+03
1.277555236091631514e+03
1.329888569424964999e+03
1.352388569424964999e+03
1.363555236091631514e+03
1.295388569424964999e+03
1.353221902758298256e+03
1.353555236091631514e+03
1.357888569424964999e+03
1.248721902758298256e+03
1.285721902758298256e+03
1.299055236091631514e+03
1.314055236091631514e+03
1.209555236091631514e+03
1.252055236091631514e+03
1.257888569424964999e+03
1.277721902758298256e+03
1.208388569424964999e+03
1.285721902758298256e+03
1.305555236091631514e+03
1.307388569424964999e+03
1.227055236091631514e+03
1.337555236091631514e+03
1.384888569424964999e+03
1.407388569424964999e+03
1.282555236091631514e+03
1.306888569424964999e+03
1.314388569424964999e+03
1.339721902758298256e+03
1.302888569424964999e+03
1.358555236091631514e+03
1.374388569424964999e+03
1.370221902758298256e+03
1.293388569424964999e+03
1.356388569424964999e+03
1.401388569424964999e+03
1.444055236091631514e+03
1.400888569424964999e+03
1.495221902758298256e+03
1.572388569424964999e+03
1.624721902758298029e+03
1.547388569424964771e+03
1.611721902758298256e+03
1.672721902758298029e+03
1.744721902758298256e+03
1.722721902758298256e+03
1.816388569424964771e+03
1.832721902758298029e+03
1.824888569424964999e+03
1.698555236091631514e+03
1.748221902758298256e+03
1.751888569424964999e+03
1.762221902758298256e+03
1.664721902758298256e+03
1.720388569424964771e+03
1.776221902758298029e+03
1.804388569424964999e+03
1.743221902758298029e+03
1.813555236091631514e+03
1.834221902758298029e+03
1.762055236091631514e+03
1.557888569424964771e+03
1.511055236091631514e+03
1.469721902758298029e+03
1.459055236091631514e+03
1.342388569424964999e+03
1.392388569424964999e+03
1.399721902758298256e+03
1.438888569424964999e+03
1.366055236091631514e+03
1.398721902758298256e+03
1.410221902758298256e+03
1.458055236091631514e+03
1.379221902758298256e+03
1.398888569424964999e+03
1.359055236091631514e+03
1.373055236091631514e+03
1.301888569424964999e+03
1.365555236091631514e+03
1.384555236091631514e+03
1.401388569424964999e+03
1.310721902758298256e+03
1.352388569424964999e+03
1.363055236091631514e+03
1.351888569424964999e+03
1.256888569424964999e+03
1.342055236091631514e+03
1.373388569424964999e+03
1.396221902758298256e+03
1.302888569424964999e+03
1.356388569424964999e+03
1.401221902758298256e+03
1.396888569424964999e+03
1.277888569424964999e+03
1.264721902758298256e+03
1.266888569424964999e+03
1.307888569424964999e+03
1.248555236091631514e+03
1.289555236091631514e+03
1.291055236091631514e+03
1.333055236091631514e+03
1.238055236091631514e+03
1.272055236091631514e+03
1.257221902758298256e+03
1.276221902758298256e+03
1.221221902758298256e+03
1.263055236091631514e+03
1.302055236091631514e+03
1.338888569424964999e+03
1.279555236091631514e+03
1.331888569424964999e+03
1.341221902758298029e+03
1.343555236091631514e+03
1.236221902758298256e+03
1.277888569424964999e+03
1.278221902758298256e+03
1.281388569424964999e+03
1.203055236091631514e+03
1.276888569424964999e+03
1.300888569424964999e+03
1.299888569424964999e+03
1.179388569424964999e+03
1.220221902758298256e+03
1.214555236091631514e+03
1.259555236091631514e+03
1.206555236091631514e+03
1.310221902758298256e+03
1.307221902758298256e+03
1.280221902758298256e+03
1.163388569424964999e+03
1.241721902758298256e+03
1.302055236091631514e+03
1.365721902758298256e+03
1.323388569424964999e+03
1.365555236091631514e+03
1.321555236091631514e+03
1.271555236091631514e+03
1.162721902758298256e+03
1.218721902758298256e+03
1.255055236091631514e+03
1.275221902758298256e+03
1.209388569424964999e+03
1.270055236091631514e+03
1.322388569424964999e+03
1.374888569424964999e+03
1.266388569424964999e+03
1.261888569424964999e+03
1.241388569424964999e+03
1.292888569424964999e+03
1.256555236091631514e+03
1.312388569424964999e+03
1.280555236091631514e+03
1.278221902758298256e+03
1.161055236091631514e+03
1.173055236091631514e+03
1.175721902758298256e+03
1.236055236091631514e+03
1.225221902758298256e+03
1.326055236091631514e+03
1.316888569424964999e+03
1.323888569424964999e+03
1.204555236091631514e+03
1.261221902758298256e+03
1.272055236091631514e+03
1.296721902758298256e+03
1.258221902758298256e+03
1.343721902758298256e+03
1.347888569424964999e+03
1.348388569424964999e+03
1.242888569424964999e+03
1.285388569424964999e+03
1.269721902758298256e+03
1.278221902758298256e+03
1.221888569424964999e+03
1.331055236091631514e+03
1.378055236091631514e+03
1.422555236091631514e+03
1.293555236091631514e+03
1.297055236091631514e+03
1.275555236091631514e+03
1.286055236091631514e+03
1.226055236091631514e+03
1.275555236091631514e+03
1.286721902758298256e+03
1.334388569424964999e+03
1.275221902758298256e+03
1.368555236091631514e+03
1.392388569424964999e+03
1.472221902758298256e+03
1.397388569424964999e+03
1.408721902758298256e+03
1.354888569424964999e+03
1.366055236091631514e+03
1.288221902758298256e+03
1.332388569424964999e+03
1.353388569424964999e+03
1.409055236091631514e+03
1.320055236091631514e+03
1.324055236091631514e+03
1.325055236091631514e+03
1.374055236091631514e+03
1.318221902758298256e+03
1.361221902758298256e+03
1.360555236091631514e+03
1.401388569424964999e+03
1.340555236091631514e+03
1.384888569424964999e+03
1.380388569424964999e+03
1.385221902758298256e+03
1.333221902758298256e+03
1.373221902758298256e+03
1.376555236091631514e+03
1.380721902758298256e+03
1.310888569424964999e+03
1.364388569424964999e+03
1.344721902758298256e+03
1.372221902758298256e+03
1.312388569424964999e+03
1.404721902758298256e+03
1.424221902758298256e+03
1.440888569424964999e+03
1.364221902758298256e+03
1.432388569424964999e+03
1.419221902758298256e+03
1.415055236091631514e+03
1.277055236091631514e+03
1.326221902758298256e+03
1.355721902758298256e+03
1.394721902758298029e+03
1.356555236091631514e+03
1.433055236091631514e+03
1.444555236091631514e+03
1.406221902758298256e+03
1.291721902758298256e+03
1.330888569424964999e+03
1.341055236091631514e+03
1.352221902758298256e+03
1.273555236091631514e+03
1.325888569424964999e+03
1.334888569424964999e+03
1.388055236091631514e+03
1.340888569424964999e+03
1.386555236091631514e+03
1.354055236091631514e+03
1.347388569424964999e+03
1.241555236091631514e+03
1.277221902758298256e+03
1.282555236091631514e+03
1.325055236091631514e+03
1.256388569424964999e+03
1.297055236091631514e+03
1.307555236091631514e+03
1.356388569424964999e+03
1.314055236091631514e+03
1.361055236091631514e+03
1.345888569424964999e+03
1.335555236091631514e+03
1.251721902758298256e+03
1.314221902758298256e+03
1.324055236091631514e+03
1.344721902758298256e+03
1.245721902758298256e+03
1.304888569424964999e+03
1.344555236091631514e+03
1.410388569424964999e+03
1.338888569424964999e+03
1.365388569424964999e+03
1.367888569424964999e+03
1.405555236091631514e+03
1.361221902758298256e+03
1.387388569424964999e+03
1.373721902758298256e+03
1.372055236091631514e+03
1.273055236091631514e+03
1.304721902758298256e+03
1.286555236091631514e+03
1.291055236091631514e+03
1.191888569424964999e+03
1.228721902758298256e+03
1.249888569424964999e+03
1.280721902758298256e+03
1.208721902758298256e+03
1.283388569424964999e+03
1.331555236091631514e+03
1.373055236091631514e+03
1.290055236091631514e+03
1.305555236091631514e+03
1.305055236091631514e+03
1.314221902758298256e+03
1.242888569424964999e+03
1.289888569424964999e+03
1.307555236091631514e+03
1.370555236091631514e+03
1.307888569424964999e+03
1.360388569424964999e+03
1.339055236091631514e+03
1.355721902758298256e+03
1.264055236091631514e+03
1.297221902758298256e+03
1.292721902758298256e+03
1.321555236091631514e+03
1.267555236091631514e+03
1.360888569424964999e+03
1.401555236091631514e+03
1.485221902758298256e+03
1.461888569424964999e+03
1.585055236091631514e+03
1.687055236091631514e+03
1.831388569424964771e+03
1.908721902758298256e+03
2.082721902758297801e+03
2.212555236091631286e+03
2.327555236091631286e+03
2.334888569424964771e+03
2.383555236091631286e+03
2.309721902758297801e+03
2.168221902758297801e+03
1.918888569424964999e+03
1.818888569424964999e+03
1.728555236091631514e+03
1.697721902758298029e+03
1.594888569424964771e+03
1.612221902758298256e+03
1.589555236091631514e+03
1.572388569424964999e+03
1.467055236091631514e+03
1.499888569424964999e+03
1.485555236091631514e+03
1.481555236091631514e+03
1.380221902758298256e+03
1.414721902758298256e+03
1.407221902758298256e+03
1.408055236091631514e+03
1.315721902758298256e+03
1.374721902758298256e+03
1.405721902758298256e+03
1.454055236091631514e+03
1.375721902758298256e+03
1.402055236091631514e+03
1.383888569424964999e+03
1.394055236091631514e+03
1.312221902758298256e+03
1.365388569424964999e+03
1.415221902758298029e+03
1.472388569424964999e+03
1.367388569424964999e+03
1.341888569424964999e+03
1.310721902758298256e+03
1.397055236091631514e+03
1.397888569424964999e+03
1.467888569424964999e+03
1.442555236091631514e+03
1.435555236091631514e+03
1.328221902758298256e+03
1.340555236091631514e+03
1.341721902758298256e+03
1.407721902758298256e+03
1.351388569424964999e+03
1.360388569424964999e+03
1.322388569424964999e+03
1.341388569424964999e+03
1.278721902758298256e+03
1.323221902758298256e+03
1.328555236091631514e+03
1.344555236091631514e+03
1.283555236091631514e+03
1.350721902758298256e+03
1.358888569424964999e+03
1.335055236091631514e+03
1.205555236091631514e+03
1.265721902758298256e+03
1.345221902758298029e+03
1.448555236091631514e+03
1.358721902758298256e+03
1.356555236091631514e+03
1.315888569424964999e+03
1.350055236091631514e+03
1.285555236091631514e+03
1.326888569424964999e+03
1.337055236091631514e+03
1.345055236091631514e+03
1.261555236091631514e+03
1.291721902758298256e+03
1.327221902758298256e+03
1.367388569424964999e+03
1.269888569424964999e+03
1.317721902758298256e+03
1.348221902758298256e+03
1.440721902758298256e+03
1.377555236091631514e+03
1.394555236091631514e+03
1.360888569424964999e+03
1.379888569424964999e+03
1.314388569424964999e+03
1.324888569424964999e+03
1.295888569424964999e+03
1.292555236091631514e+03
1.239555236091631514e+03
1.299888569424964999e+03
1.330221902758298256e+03
1.365388569424964999e+03
1.262888569424964999e+03
1.283055236091631514e+03
1.275888569424964999e+03
1.318055236091631514e+03
1.277388569424964999e+03
1.332555236091631514e+03
1.351888569424964999e+03
1.355221902758298256e+03
1.263055236091631514e+03
1.282555236091631514e+03
1.309055236091631514e+03
1.351888569424964999e+03
1.325221902758298256e+03
1.396721902758298256e+03
1.420888569424964771e+03
1.388055236091631514e+03
1.229221902758298256e+03
1.259888569424964999e+03
1.323721902758298256e+03
1.399888569424964999e+03
1.338221902758298256e+03
1.346721902758298256e+03
1.308888569424964999e+03
1.292055236091631514e+03
1.175388569424964999e+03
1.211388569424964999e+03
1.239055236091631514e+03
1.323555236091631514e+03
1.297888569424964999e+03
1.332888569424964999e+03
1.302221902758298256e+03
1.311721902758298256e+03
1.220221902758298256e+03
1.249055236091631514e+03
1.217055236091631514e+03
1.218221902758298256e+03
1.166388569424964999e+03
1.284055236091631514e+03
1.364221902758298256e+03
1.418888569424964999e+03
1.339888569424964999e+03
1.370721902758298256e+03
1.356721902758298256e+03
1.336055236091631514e+03
1.242221902758298256e+03
1.291055236091631514e+03
1.321388569424964999e+03
1.343388569424964999e+03
1.248221902758298256e+03
1.274221902758298256e+03
1.275888569424964999e+03
1.273055236091631514e+03
1.183721902758298256e+03
1.254888569424964999e+03
1.307055236091631514e+03
1.355888569424964999e+03
1.261888569424964999e+03
1.303388569424964999e+03
1.299221902758298256e+03
1.292221902758298256e+03
1.236888569424964999e+03
1.329221902758298256e+03
1.397555236091631514e+03
1.419388569424964999e+03
1.332555236091631514e+03
1.359388569424964999e+03
1.364221902758298256e+03
1.349721902758298256e+03
1.306721902758298256e+03
1.357555236091631514e+03
1.383888569424964999e+03
1.369221902758298256e+03
1.265555236091631514e+03
1.298555236091631514e+03
1.290055236091631514e+03
1.321388569424964999e+03
1.253555236091631514e+03
1.269221902758298256e+03
1.258055236091631514e+03
1.299055236091631514e+03
1.258388569424964999e+03
1.304721902758298256e+03
1.256721902758298256e+03
1.253221902758298256e+03
1.193388569424964999e+03
1.274055236091631514e+03
1.307888569424964999e+03
1.338888569424964999e+03
1.256555236091631514e+03
1.290555236091631514e+03
1.265055236091631514e+03
1.270055236091631514e+03
1.195888569424964999e+03
1.240888569424964999e+03
1.232555236091631514e+03
1.218221902758298256e+03
1.143888569424964999e+03
1.208055236091631514e+03
1.252721902758298256e+03
1.286555236091631514e+03
1.208388569424964999e+03
1.241555236091631514e+03
1.270555236091631514e+03
1.341221902758298256e+03
1.275221902758298256e+03
1.286388569424964999e+03
1.261221902758298256e+03
1.268221902758298256e+03
1.191388569424964999e+03
1.221055236091631514e+03
1.247388569424964999e+03
1.271555236091631514e+03
1.217555236091631514e+03
1.286888569424964999e+03
1.332388569424964999e+03
1.360721902758298256e+03
1.299055236091631514e+03
1.343221902758298256e+03
1.333221902758298256e+03
1.296221902758298256e+03
1.173388569424964999e+03
1.237555236091631514e+03
1.284721902758298256e+03
1.327055236091631514e+03
1.245721902758298256e+03
1.264721902758298256e+03
1.246555236091631514e+03
1.261888569424964999e+03
1.177721902758298256e+03
1.216555236091631514e+03
1.215721902758298256e+03
1.239888569424964999e+03
1.189055236091631514e+03
1.235888569424964999e+03
1.229388569424964999e+03
1.226221902758298256e+03
1.159055236091631514e+03
1.257221902758298256e+03
1.318721902758298256e+03
1.339721902758298256e+03
1.267221902758298256e+03
1.321721902758298256e+03
1.360221902758298256e+03
1.381721902758298256e+03
1.262055236091631514e+03
1.290055236091631514e+03
1.304888569424964999e+03
1.339888569424964999e+03
1.241721902758298256e+03
1.233555236091631514e+03
1.211721902758298256e+03
1.220221902758298256e+03
1.149555236091631514e+03
1.187888569424964999e+03
1.183055236091631514e+03
1.202555236091631514e+03
1.158721902758298256e+03
1.245721902758298256e+03
1.287221902758298256e+03
1.325555236091631514e+03
1.212555236091631514e+03
1.246221902758298256e+03
1.295221902758298256e+03
1.369388569424964999e+03
1.265555236091631514e+03
1.245721902758298256e+03
1.244721902758298256e+03
1.320221902758298256e+03
1.276055236091631514e+03
1.301555236091631514e+03
1.310888569424964999e+03
1.330555236091631514e+03
1.229721902758298256e+03
1.248721902758298256e+03
1.262721902758298256e+03
1.339721902758298256e+03
1.266221902758298256e+03
1.309888569424964999e+03
1.287721902758298256e+03
1.422388569424964999e+03
1.645721902758298256e+03
1.749388569424964999e+03
1.645555236091631514e+03
1.357221902758298256e+03
1.214555236091631514e+03
1.241721902758298256e+03
1.243055236091631514e+03
1.298388569424964999e+03
1.226388569424964999e+03
1.254055236091631514e+03
1.228221902758298256e+03
1.231555236091631514e+03
1.160055236091631514e+03
1.209221902758298256e+03
1.254221902758298256e+03
1.308055236091631514e+03
1.228388569424964999e+03
1.253221902758298256e+03
1.257388569424964999e+03
1.300388569424964999e+03
1.242555236091631514e+03
1.281555236091631514e+03
1.315388569424964999e+03
1.358555236091631514e+03
1.295388569424964999e+03
1.313388569424964999e+03
1.318888569424964999e+03
1.320388569424964999e+03
1.237555236091631514e+03
1.260555236091631514e+03
1.281721902758298256e+03
1.326221902758298256e+03
1.249888569424964999e+03
1.266055236091631514e+03
1.269388569424964999e+03
1.316888569424964999e+03
1.255221902758298256e+03
1.276555236091631514e+03
1.275055236091631514e+03
1.310888569424964999e+03
1.230721902758298256e+03
1.272388569424964999e+03
1.260555236091631514e+03
1.296721902758298256e+03
1.231721902758298256e+03
1.330388569424964999e+03
1.358221902758298256e+03
1.369055236091631514e+03
1.237721902758298256e+03
1.248221902758298256e+03
1.251721902758298256e+03
1.289888569424964999e+03
1.204888569424964999e+03
1.229555236091631514e+03
1.244555236091631514e+03
1.284888569424964999e+03
1.222388569424964999e+03
1.263221902758298256e+03
1.269888569424964999e+03
1.285721902758298256e+03
1.192388569424964999e+03
1.221888569424964999e+03
1.255555236091631514e+03
1.315888569424964999e+03
1.253888569424964999e+03
1.262555236091631514e+03
1.256221902758298256e+03
1.280555236091631514e+03
1.232888569424964999e+03
1.274221902758298256e+03
1.254888569424964999e+03
1.232055236091631514e+03
1.162055236091631514e+03
1.248221902758298256e+03
1.311555236091631514e+03
1.343555236091631514e+03
1.271221902758298256e+03
1.288888569424964999e+03
1.282388569424964999e+03
1.301555236091631514e+03
1.227221902758298256e+03
1.241721902758298256e+03
1.220721902758298256e+03
1.253555236091631514e+03
1.205888569424964999e+03
1.252221902758298256e+03
1.242388569424964999e+03
1.274055236091631514e+03
1.224388569424964999e+03
1.309721902758298256e+03
1.319555236091631514e+03
1.323055236091631514e+03
1.190388569424964999e+03
1.212721902758298256e+03
1.225388569424964999e+03
1.264388569424964999e+03
1.210888569424964999e+03
1.276888569424964999e+03
1.295388569424964999e+03
1.303388569424964999e+03
1.220221902758298256e+03
1.271888569424964999e+03
1.291055236091631514e+03
1.331721902758298256e+03
1.280555236091631514e+03
1.286721902758298256e+03
1.258555236091631514e+03
1.276721902758298256e+03
1.243888569424964999e+03
1.308055236091631514e+03
1.300388569424964999e+03
1.339555236091631514e+03
1.282555236091631514e+03
1.304388569424964999e+03
1.295388569424964999e+03
1.306888569424964999e+03
1.239388569424964999e+03
1.290721902758298256e+03
1.335721902758298256e+03
1.372055236091631514e+03
1.302221902758298256e+03
1.303221902758298256e+03
1.318055236091631514e+03
1.343555236091631514e+03
1.264388569424964999e+03
1.312055236091631514e+03
1.298055236091631514e+03
1.322055236091631514e+03
1.245221902758298256e+03
1.342388569424964999e+03
1.389055236091631514e+03
1.385388569424964999e+03
1.271721902758298256e+03
1.301221902758298256e+03
1.327888569424964999e+03
1.351555236091631514e+03
1.236388569424964999e+03
1.272221902758298256e+03
1.230055236091631514e+03
1.265221902758298256e+03
1.206721902758298256e+03
1.297055236091631514e+03
1.327221902758298256e+03
1.373721902758298256e+03
1.281888569424964999e+03
1.292555236091631514e+03
1.250055236091631514e+03
1.243555236091631514e+03
1.176055236091631514e+03
1.228721902758298256e+03
1.259055236091631514e+03
1.272055236091631514e+03
1.200388569424964999e+03
1.268221902758298256e+03
1.284555236091631514e+03
1.282888569424964999e+03
1.179388569424964999e+03
1.261888569424964999e+03
1.326721902758298256e+03
1.356055236091631514e+03
1.240555236091631514e+03
1.244555236091631514e+03
1.237721902758298256e+03
1.268221902758298256e+03
1.207388569424964999e+03
1.274721902758298256e+03
1.280888569424964999e+03
1.302888569424964999e+03
1.233221902758298256e+03
1.270388569424964999e+03
1.259888569424964999e+03
1.238555236091631514e+03
1.134555236091631514e+03
1.175721902758298256e+03
1.217555236091631514e+03
1.265388569424964999e+03
1.204888569424964999e+03
1.275055236091631514e+03
1.299055236091631514e+03
1.299888569424964999e+03
1.189388569424964999e+03
1.212721902758298256e+03
1.241888569424964999e+03
1.260888569424964999e+03
1.202888569424964999e+03
1.247055236091631514e+03
1.266888569424964999e+03
1.301388569424964999e+03
1.226888569424964999e+03
1.306221902758298256e+03
1.309555236091631514e+03
1.323888569424964999e+03
1.208055236091631514e+03
1.264888569424964999e+03
1.259555236091631514e+03
1.253055236091631514e+03
1.138555236091631514e+03
1.206388569424964999e+03
1.280888569424964999e+03
1.342055236091631514e+03
1.258221902758298256e+03
1.268888569424964999e+03
1.245388569424964999e+03
1.255721902758298256e+03
1.136555236091631514e+03
1.181888569424964999e+03
1.213555236091631514e+03
1.286055236091631514e+03
1.218221902758298256e+03
1.312221902758298256e+03
1.338888569424964999e+03
1.342388569424964999e+03
1.194221902758298256e+03
1.213721902758298256e+03
1.228221902758298256e+03
1.267388569424964999e+03
1.196055236091631514e+03
1.263388569424964999e+03
1.260888569424964999e+03
1.292388569424964999e+03
1.205055236091631514e+03
1.243388569424964999e+03
1.237221902758298256e+03
1.254388569424964999e+03
1.175221902758298256e+03
1.213555236091631514e+03
1.210055236091631514e+03
1.244388569424964999e+03
1.196888569424964999e+03
1.270388569424964999e+03
1.291555236091631514e+03
1.278221902758298256e+03
1.174721902758298256e+03
1.201388569424964999e+03
1.196055236091631514e+03
1.230055236091631514e+03
1.180055236091631514e+03
1.238221902758298256e+03
1.275888569424964999e+03
1.314888569424964999e+03
1.248555236091631514e+03
1.297055236091631514e+03
1.288388569424964999e+03
1.309721902758298256e+03
1.194888569424964999e+03
1.245555236091631514e+03
1.262721902758298256e+03
1.289388569424964999e+03
1.193721902758298256e+03
1.223221902758298256e+03
1.228221902758298256e+03
1.244055236091631514e+03
1.178555236091631514e+03
1.245721902758298256e+03
1.252221902758298256e+03
1.248388569424964999e+03
1.174721902758298256e+03
1.238555236091631514e+03
1.287388569424964999e+03
1.303388569424964999e+03
1.215055236091631514e+03
1.278055236091631514e+03
1.283555236091631514e+03
1.323721902758298256e+03
1.243721902758298256e+03
1.306555236091631514e+03
1.315721902758298256e+03
1.323721902758298256e+03
1.216388569424964999e+03
1.226055236091631514e+03
1.222388569424964999e+03
1.257888569424964999e+03
1.191555236091631514e+03
1.267721902758298256e+03
1.289721902758298256e+03
1.313388569424964999e+03
1.189055236091631514e+03
1.217721902758298256e+03
1.257888569424964999e+03
1.300555236091631514e+03
1.233388569424964999e+03
1.261221902758298256e+03
1.271888569424964999e+03
1.265888569424964999e+03
1.191055236091631514e+03
1.252555236091631514e+03
1.286721902758298256e+03
1.319055236091631514e+03
1.255721902758298256e+03
1.337388569424964999e+03
1.339221902758298256e+03
1.329888569424964771e+03
1.208388569424964999e+03
1.232888569424964999e+03
1.260221902758298256e+03
1.288888569424964999e+03
1.217388569424964999e+03
1.261721902758298256e+03
1.263888569424964999e+03
1.275388569424964999e+03
1.157555236091631514e+03
1.197721902758298256e+03
1.246888569424964999e+03
1.295388569424964999e+03
1.212888569424964999e+03
1.256555236091631514e+03
1.271888569424964999e+03
1.308388569424964999e+03
1.190055236091631514e+03
1.257055236091631514e+03
1.266555236091631514e+03
1.289888569424964999e+03
1.179221902758298256e+03
1.248888569424964999e+03
1.266055236091631514e+03
1.283221902758298256e+03
1.142721902758298256e+03
1.174221902758298256e+03
1.217221902758298256e+03
1.299221902758298256e+03
1.256388569424964999e+03
1.302221902758298256e+03
1.305721902758298256e+03
1.301388569424964999e+03
1.177221902758298256e+03
1.236055236091631514e+03
1.276388569424964999e+03
1.350888569424964999e+03
1.256721902758298256e+03
1.309555236091631514e+03
1.248555236091631514e+03
1.237388569424964999e+03
1.176888569424964999e+03
1.299055236091631514e+03
1.337888569424964771e+03
1.329555236091631514e+03
1.188555236091631514e+03
1.254055236091631514e+03
1.293721902758298256e+03
1.315388569424964999e+03
1.211555236091631514e+03
1.245721902758298256e+03
1.288888569424964999e+03
1.286555236091631514e+03
1.192555236091631514e+03
1.258388569424964999e+03
1.293388569424964999e+03
1.314888569424964999e+03
1.218888569424964999e+03
1.262888569424964999e+03
1.265388569424964999e+03
1.296555236091631514e+03
1.220055236091631514e+03
1.277221902758298256e+03
1.257721902758298256e+03
1.256555236091631514e+03
1.150221902758298256e+03
1.210388569424964999e+03
1.244721902758298256e+03
1.286388569424964999e+03
1.221388569424964999e+03
1.293555236091631514e+03
1.305888569424964999e+03
1.328888569424964999e+03
1.237888569424964999e+03
1.277721902758298256e+03
1.253721902758298256e+03
1.238388569424964999e+03
1.167888569424964999e+03
1.262721902758298256e+03
1.310388569424964999e+03
1.323721902758298256e+03
1.202555236091631514e+03
1.245888569424964999e+03
1.278555236091631514e+03
1.321555236091631514e+03
1.225221902758298256e+03
1.262721902758298256e+03
1.251888569424964999e+03
1.245221902758298256e+03
1.135888569424964999e+03
1.188555236091631514e+03
1.231721902758298256e+03
1.262221902758298256e+03
1.201555236091631514e+03
1.256721902758298256e+03
1.275555236091631514e+03
1.283055236091631514e+03
1.173055236091631514e+03
1.181888569424964999e+03
1.146388569424964999e+03
1.165555236091631514e+03
1.125555236091631514e+03
1.240888569424964999e+03
1.286721902758298256e+03
1.328221902758298256e+03
1.247055236091631514e+03
1.305555236091631514e+03
1.300055236091631514e+03
1.323388569424964999e+03
1.228888569424964999e+03
1.288721902758298256e+03
1.272221902758298256e+03
1.286888569424964999e+03
1.181888569424964999e+03
1.247055236091631514e+03
1.232721902758298256e+03
1.257888569424964999e+03
1.185388569424964999e+03
1.297055236091631514e+03
1.301721902758298256e+03
1.278055236091631514e+03
1.146721902758298256e+03
1.199555236091631514e+03
1.224721902758298256e+03
1.246888569424964999e+03
1.194721902758298256e+03
1.271388569424964999e+03
1.302721902758298256e+03
1.307888569424964999e+03
1.202721902758298256e+03
1.260055236091631514e+03
1.270721902758298256e+03
1.326055236091631514e+03
1.264721902758298256e+03
1.322888569424964999e+03
1.307555236091631514e+03
1.272555236091631514e+03
1.175721902758298256e+03
1.247721902758298256e+03
1.314221902758298256e+03
1.346221902758298256e+03
1.255388569424964999e+03
1.305055236091631514e+03
1.294555236091631514e+03
1.297221902758298029e+03
1.182221902758298256e+03
1.271055236091631514e+03
1.278055236091631514e+03
1.266555236091631514e+03
1.144555236091631514e+03
1.222221902758298256e+03
1.281055236091631514e+03
1.332055236091631514e+03
1.213888569424964999e+03
1.243888569424964999e+03
1.246888569424964999e+03
1.304055236091631514e+03
1.215721902758298256e+03
1.267055236091631514e+03
1.251721902758298256e+03
1.264055236091631514e+03
1.170888569424964999e+03
1.219221902758298256e+03
1.247388569424964999e+03
1.261055236091631514e+03
1.165388569424964999e+03
1.217055236091631514e+03
1.210388569424964999e+03
1.233721902758298256e+03
1.150388569424964999e+03
1.238888569424964999e+03
1.272555236091631514e+03
1.273221902758298256e+03
1.172888569424964999e+03
1.217055236091631514e+03
1.252388569424964999e+03
1.267388569424964999e+03
1.178388569424964999e+03
1.227388569424964999e+03
1.274221902758298256e+03
1.336555236091631514e+03
1.279888569424964999e+03
1.323055236091631514e+03
1.302555236091631514e+03
1.295388569424964999e+03
1.190221902758298256e+03
1.239055236091631514e+03
1.265555236091631514e+03
1.278721902758298256e+03
1.201055236091631514e+03
1.263555236091631514e+03
1.300221902758298256e+03
1.340388569424964999e+03
1.201555236091631514e+03
1.237888569424964999e+03
1.213721902758298256e+03
1.236555236091631514e+03
1.147388569424964999e+03
1.201721902758298256e+03
1.230388569424964999e+03
1.247888569424964999e+03
1.149888569424964999e+03
1.190388569424964999e+03
1.187388569424964999e+03
1.182888569424964999e+03
1.111888569424964999e+03
1.225388569424964999e+03
1.291888569424964999e+03
1.306555236091631514e+03
1.196721902758298256e+03
1.261055236091631514e+03
1.267555236091631514e+03
1.301555236091631514e+03
1.174055236091631514e+03
1.217055236091631514e+03
1.190888569424964999e+03
1.225721902758298256e+03
1.156055236091631514e+03
1.195555236091631514e+03
1.212221902758298256e+03
1.250055236091631514e+03
1.187555236091631514e+03
1.235221902758298256e+03
1.248055236091631514e+03
1.264221902758298256e+03
1.152721902758298256e+03
1.194888569424964999e+03
1.203555236091631514e+03
1.223388569424964999e+03
1.127221902758298256e+03
1.210888569424964999e+03
1.275721902758298256e+03
1.299388569424964999e+03
1.184221902758298256e+03
1.214721902758298256e+03
1.249221902758298256e+03
1.266721902758298256e+03
1.214388569424964999e+03
1.258555236091631514e+03
1.282055236091631514e+03
1.277055236091631514e+03
1.186721902758298256e+03
1.255388569424964999e+03
1.302055236091631514e+03
1.314221902758298256e+03
1.217555236091631514e+03
1.266055236091631514e+03
1.261388569424964999e+03
1.255888569424964999e+03
1.113555236091631514e+03
1.207555236091631514e+03
1.243055236091631514e+03
1.291221902758298256e+03
1.196888569424964999e+03
1.249888569424964999e+03
1.245888569424964999e+03
1.263221902758298256e+03
1.191721902758298256e+03
1.235555236091631514e+03
1.235221902758298256e+03
1.262221902758298256e+03
1.187055236091631514e+03
1.264388569424964999e+03
1.294555236091631514e+03
1.381721902758298256e+03
1.293055236091631514e+03
1.317888569424964999e+03
1.277221902758298256e+03
1.308721902758298256e+03
1.207721902758298256e+03
1.242721902758298256e+03
1.213055236091631514e+03
1.240221902758298256e+03
1.171721902758298256e+03
1.257888569424964999e+03
1.280888569424964999e+03
1.320055236091631514e+03
1.259221902758298256e+03
1.307388569424964999e+03
1.291888569424964999e+03
1.263388569424964999e+03
1.165221902758298256e+03
1.243055236091631514e+03
1.298221902758298256e+03
1.349555236091631514e+03
1.253888569424964999e+03
1.276388569424964999e+03
1.284721902758298256e+03
1.329055236091631514e+03
1.227221902758298256e+03
1.255055236091631514e+03
1.223388569424964999e+03
1.230221902758298256e+03
1.145888569424964999e+03
1.219721902758298256e+03
1.246721902758298256e+03
1.256055236091631514e+03
1.141388569424964999e+03
1.208721902758298256e+03
1.191555236091631514e+03
1.188555236091631514e+03
1.117721902758298256e+03
1.226721902758298256e+03
1.280388569424964999e+03
1.296555236091631514e+03
1.197055236091631514e+03
1.214888569424964999e+03
1.199055236091631514e+03
1.233055236091631514e+03
1.195388569424964999e+03
1.245721902758298256e+03
1.219388569424964999e+03
1.243555236091631514e+03
1.190055236091631514e+03
1.298055236091631514e+03
1.295721902758298256e+03
1.306555236091631514e+03
1.183721902758298256e+03
1.238221902758298256e+03
1.248555236091631514e+03
1.260388569424964999e+03
1.178721902758298256e+03
1.247555236091631514e+03
1.247055236091631514e+03
1.224388569424964999e+03
1.102888569424964999e+03
1.167388569424964999e+03
1.189721902758298256e+03
1.218888569424964999e+03
1.134721902758298256e+03
1.186555236091631514e+03
1.202055236091631514e+03
1.215221902758298256e+03
1.161388569424964999e+03
1.202388569424964999e+03
1.216555236091631514e+03
1.226888569424964999e+03
1.168055236091631514e+03
1.217555236091631514e+03
1.216055236091631514e+03
1.250388569424964999e+03
1.181388569424964999e+03
1.257888569424964999e+03
1.239055236091631514e+03
1.290055236091631514e+03
1.220721902758298256e+03
1.273721902758298256e+03
1.256221902758298256e+03
1.282055236091631514e+03
1.199388569424964999e+03
1.249221902758298256e+03
1.239388569424964999e+03
1.275388569424964999e+03
1.211388569424964999e+03
1.240221902758298256e+03
1.220055236091631514e+03
1.261221902758298256e+03
1.242888569424964999e+03
1.328888569424964999e+03
1.313721902758298256e+03
1.295555236091631514e+03
1.233055236091631514e+03
1.290888569424964999e+03
1.426388569424964999e+03
1.770221902758298256e+03
1.717055236091631514e+03
1.641888569424964999e+03
1.234888569424964999e+03
1.195721902758298256e+03
1.126555236091631514e+03
1.236888569424964999e+03
1.262388569424964999e+03
1.267055236091631514e+03
1.191888569424964999e+03
1.241555236091631514e+03
1.233388569424964999e+03
1.240221902758298256e+03
1.149388569424964999e+03
1.204721902758298256e+03
1.202221902758298256e+03
1.201221902758298256e+03
1.151888569424964999e+03
1.218721902758298256e+03
1.256555236091631514e+03
1.248055236091631514e+03
1.141555236091631514e+03
1.137888569424964999e+03
1.111721902758298256e+03
1.166055236091631514e+03
1.158388569424964999e+03
1.284055236091631514e+03
1.293221902758298256e+03
1.304555236091631514e+03
1.191555236091631514e+03
1.219388569424964999e+03
1.232888569424964999e+03
1.257221902758298256e+03
1.192888569424964999e+03
1.210555236091631514e+03
1.212888569424964999e+03
1.238555236091631514e+03
1.200888569424964999e+03
1.256388569424964999e+03
1.247221902758298256e+03
1.231388569424964999e+03
1.135888569424964999e+03
1.191721902758298256e+03
1.208721902758298256e+03
1.235555236091631514e+03
1.179555236091631514e+03
1.226888569424964999e+03
1.249055236091631514e+03
1.273388569424964999e+03
1.217221902758298256e+03
1.266055236091631514e+03
1.239555236091631514e+03
1.253888569424964999e+03
1.165388569424964999e+03
1.205721902758298256e+03
1.177888569424964999e+03
1.208555236091631514e+03
1.154888569424964999e+03
1.239888569424964999e+03
1.269555236091631514e+03
1.323221902758298256e+03
1.230721902758298256e+03
1.270221902758298256e+03
1.272055236091631514e+03
1.304721902758298256e+03
1.216721902758298256e+03
1.231555236091631514e+03
1.214888569424964999e+03
1.221221902758298256e+03
1.145721902758298256e+03
1.200721902758298256e+03
1.223721902758298256e+03
1.261221902758298256e+03
1.192555236091631514e+03
1.219721902758298256e+03
1.226721902758298256e+03
1.297388569424964999e+03
1.223721902758298256e+03
1.234721902758298256e+03
1.200055236091631514e+03
1.240888569424964999e+03
1.208388569424964999e+03
1.291388569424964999e+03
1.297888569424964999e+03
1.333888569424964999e+03
1.238055236091631514e+03
1.268888569424964999e+03
1.235555236091631514e+03
1.261388569424964999e+03
1.193221902758298256e+03
1.254888569424964999e+03
1.237388569424964999e+03
1.286721902758298256e+03
1.218888569424964999e+03
1.246888569424964999e+03
1.208388569424964999e+03
1.225555236091631514e+03
1.155555236091631514e+03
1.207721902758298256e+03
1.193221902758298256e+03
1.236721902758298256e+03
1.142888569424964999e+03
1.155888569424964999e+03
1.164555236091631514e+03
1.221555236091631514e+03
1.204055236091631514e+03
1.242888569424964999e+03
1.250388569424964999e+03
1.260221902758298256e+03
1.197555236091631514e+03
1.263221902758298256e+03
1.298555236091631514e+03
1.338388569424964999e+03
1.260721902758298256e+03
1.273221902758298256e+03
1.229555236091631514e+03
1.223888569424964999e+03
1.137388569424964999e+03
1.196388569424964999e+03
1.206055236091631514e+03
1.276888569424964999e+03
1.235721902758298256e+03
1.296221902758298256e+03
1.283721902758298256e+03
1.284388569424964999e+03
1.201388569424964999e+03
1.241388569424964999e+03
1.227388569424964999e+03
1.267555236091631514e+03
1.215888569424964999e+03
1.270221902758298256e+03
1.241221902758298256e+03
1.224555236091631514e+03
1.160721902758298256e+03
1.221721902758298256e+03
1.226555236091631514e+03
1.250388569424964999e+03
1.174055236091631514e+03
1.219555236091631514e+03
1.218721902758298256e+03
1.234221902758298256e+03
1.158888569424964999e+03
1.209388569424964999e+03
1.230221902758298256e+03
1.297721902758298256e+03
1.252221902758298256e+03
1.280721902758298256e+03
1.261388569424964999e+03
1.281055236091631514e+03
1.219388569424964999e+03
1.260388569424964999e+03
1.224221902758298256e+03
1.244555236091631514e+03
1.177721902758298256e+03
1.257721902758298256e+03
1.254721902758298256e+03
1.272221902758298256e+03
1.137388569424964999e+03
1.163721902758298256e+03
1.153888569424964999e+03
1.219055236091631514e+03
1.160555236091631514e+03
1.220388569424964999e+03
1.197888569424964999e+03
1.235388569424964999e+03
1.150388569424964999e+03
1.204888569424964999e+03
1.186721902758298256e+03
1.193721902758298256e+03
1.137055236091631514e+03
1.200721902758298256e+03
1.204388569424964999e+03
1.228055236091631514e+03
1.135388569424964999e+03
1.180388569424964999e+03
1.197055236091631514e+03
1.255055236091631514e+03
1.196221902758298256e+03
1.237888569424964999e+03
1.237888569424964999e+03
1.288888569424964999e+03
1.204055236091631514e+03
1.215388569424964999e+03
1.185721902758298256e+03
1.200721902758298256e+03
1.142221902758298256e+03
1.207388569424964999e+03
1.238388569424964999e+03
1.322888569424964999e+03
1.281388569424964999e+03
1.334055236091631514e+03
1.297721902758298256e+03
1.302055236091631514e+03
1.230721902758298256e+03
1.239888569424964999e+03
1.223721902758298256e+03
1.236055236091631514e+03
1.200055236091631514e+03
1.245721902758298256e+03
1.206721902758298256e+03
1.197888569424964999e+03
1.120388569424964999e+03
1.198555236091631514e+03
1.213555236091631514e+03
1.238888569424964999e+03
1.167221902758298256e+03
1.222055236091631514e+03
1.238555236091631514e+03
1.253388569424964999e+03
1.179721902758298256e+03
1.223721902758298256e+03
1.237721902758298256e+03
1.252055236091631514e+03
1.158221902758298256e+03
1.181721902758298256e+03
1.202721902758298256e+03
1.239055236091631514e+03
1.172721902758298256e+03
1.211721902758298256e+03
1.241888569424964999e+03
1.288721902758298256e+03
1.228221902758298256e+03
1.218721902758298256e+03
1.203721902758298256e+03
1.232388569424964999e+03
1.206888569424964999e+03
1.241388569424964999e+03
1.202555236091631514e+03
1.201388569424964999e+03
1.127721902758298256e+03
1.180888569424964999e+03
1.193888569424964999e+03
1.262221902758298256e+03
1.241721902758298256e+03
1.285388569424964999e+03
1.240721902758298256e+03
1.231221902758298256e+03
1.175721902758298256e+03
1.219888569424964999e+03
1.222888569424964999e+03
1.256055236091631514e+03
1.210388569424964999e+03
1.236055236091631514e+03
1.215221902758298256e+03
1.255721902758298256e+03
1.191388569424964999e+03
1.192555236091631514e+03
1.183055236091631514e+03
1.255388569424964999e+03
1.226221902758298256e+03
1.249388569424964999e+03
1.214721902758298256e+03
1.227888569424964999e+03
1.167888569424964999e+03
1.227721902758298256e+03
1.215721902758298256e+03
1.210055236091631514e+03
1.102721902758298256e+03
1.157888569424964999e+03
1.165388569424964999e+03
1.207055236091631514e+03
1.147888569424964999e+03
1.191055236091631514e+03
1.192555236091631514e+03
1.232055236091631514e+03
1.207721902758298256e+03
1.283221902758298256e+03
1.278388569424964999e+03
1.284555236091631514e+03
1.173555236091631514e+03
1.191221902758298256e+03
1.169888569424964999e+03
1.197555236091631514e+03
1.139388569424964999e+03
1.194555236091631514e+03
1.232055236091631514e+03
1.321388569424964999e+03
1.274388569424964999e+03
1.269721902758298256e+03
1.204055236091631514e+03
1.250888569424964999e+03
1.228721902758298256e+03
1.315888569424964999e+03
1.272555236091631514e+03
1.260388569424964999e+03
1.156555236091631514e+03
1.212721902758298256e+03
1.221055236091631514e+03
1.256721902758298256e+03
1.173221902758298256e+03
1.212555236091631514e+03
1.187888569424964999e+03
1.213388569424964999e+03
1.143721902758298256e+03
1.210888569424964999e+03
1.209055236091631514e+03
1.231888569424964999e+03
1.159221902758298256e+03
1.188555236091631514e+03
1.206055236091631514e+03
1.216221902758298256e+03
1.160555236091631514e+03
1.159221902758298256e+03
1.154555236091631514e+03
1.190221902758298256e+03
1.162555236091631514e+03
1.225388569424964999e+03
1.212221902758298256e+03
1.231721902758298256e+03
1.138221902758298256e+03
1.187221902758298256e+03
1.192388569424964999e+03
1.249221902758298256e+03
1.215221902758298256e+03
1.264388569424964999e+03
1.269055236091631514e+03
1.298555236091631514e+03
1.216721902758298256e+03
1.222388569424964999e+03
1.182721902758298256e+03
1.214388569424964999e+03
1.149888569424964999e+03
1.188888569424964999e+03
1.173055236091631514e+03
1.215721902758298256e+03
1.150221902758298256e+03
1.216721902758298256e+03
1.235721902758298256e+03
1.289721902758298256e+03
1.207555236091631514e+03
1.237388569424964999e+03
1.222888569424964999e+03
1.247721902758298256e+03
1.147221902758298256e+03
1.167388569424964999e+03
1.175555236091631514e+03
1.235721902758298256e+03
1.180055236091631514e+03
1.203388569424964999e+03
1.199555236091631514e+03
1.273888569424964999e+03
1.212388569424964999e+03
1.223555236091631514e+03
1.153055236091631514e+03
1.165388569424964999e+03
1.133555236091631514e+03
1.187555236091631514e+03
1.210888569424964999e+03
1.224888569424964999e+03
1.169721902758298256e+03
1.201388569424964999e+03
1.206721902758298256e+03
1.249721902758298256e+03
1.180388569424964999e+03
1.190555236091631514e+03
1.151055236091631514e+03
1.180555236091631514e+03
1.144888569424964999e+03
1.220221902758298256e+03
1.221055236091631514e+03
1.255388569424964999e+03
1.182721902758298256e+03
1.238721902758298256e+03
1.241055236091631514e+03
1.279055236091631514e+03
1.215388569424964999e+03
1.254055236091631514e+03
1.264221902758298256e+03
1.313055236091631514e+03
1.238221902758298256e+03
1.231555236091631514e+03
1.178221902758298256e+03
1.197888569424964999e+03
1.144055236091631514e+03
1.190221902758298256e+03
1.209055236091631514e+03
1.281721902758298256e+03
1.219888569424964999e+03
1.211055236091631514e+03
1.165555236091631514e+03
1.213221902758298256e+03
1.180721902758298256e+03
1.239721902758298256e+03
1.209555236091631514e+03
1.229388569424964999e+03
1.172221902758298256e+03
1.261888569424964999e+03
1.258888569424964999e+03
1.270721902758298256e+03
1.163221902758298256e+03
1.180555236091631514e+03
1.173555236091631514e+03
1.205055236091631514e+03
1.159055236091631514e+03
1.189055236091631514e+03
1.176388569424964999e+03
1.199888569424964999e+03
1.124888569424964999e+03
1.155721902758298256e+03
1.177888569424964999e+03
1.232388569424964999e+03
1.195888569424964999e+03
1.233055236091631514e+03
1.222221902758298256e+03
1.252721902758298256e+03
1.194721902758298256e+03
1.236888569424964999e+03
1.228888569424964999e+03
1.244221902758298256e+03
1.187888569424964999e+03
1.238388569424964999e+03
1.217388569424964999e+03
1.227721902758298256e+03
1.130221902758298256e+03
1.167388569424964999e+03
1.170221902758298256e+03
1.235721902758298256e+03
1.188388569424964999e+03
1.240388569424964999e+03
1.209888569424964999e+03
1.244388569424964999e+03
1.183721902758298256e+03
1.201555236091631514e+03
1.204055236091631514e+03
1.290555236091631514e+03
1.258555236091631514e+03
1.266221902758298256e+03
1.192721902758298256e+03
1.230388569424964999e+03
1.201555236091631514e+03
1.226888569424964999e+03
1.234888569424964999e+03
1.283555236091631514e+03
1.241221902758298256e+03
1.218221902758298256e+03
1.138388569424964999e+03
1.155055236091631514e+03
1.148055236091631514e+03
1.244721902758298256e+03
1.243555236091631514e+03
1.291388569424964999e+03
1.217221902758298256e+03
1.243888569424964999e+03
1.202055236091631514e+03
1.239555236091631514e+03
1.191388569424964999e+03
1.208555236091631514e+03
1.171555236091631514e+03
1.184721902758298256e+03
1.129221902758298256e+03
1.184888569424964999e+03
1.172555236091631514e+03
1.224221902758298256e+03
1.157221902758298256e+03
1.200055236091631514e+03
1.157388569424964999e+03
1.206388569424964999e+03
1.172388569424964999e+03
1.214055236091631514e+03
1.197888569424964999e+03
1.222221902758298256e+03
1.176721902758298256e+03
1.211055236091631514e+03
1.182221902758298256e+03
1.214055236091631514e+03
1.162221902758298256e+03
1.222388569424964999e+03
1.222055236091631514e+03
1.262388569424964999e+03
1.210055236091631514e+03
1.242555236091631514e+03
1.209555236091631514e+03
1.203221902758298256e+03
1.133555236091631514e+03
1.160055236091631514e+03
1.181221902758298256e+03
1.251555236091631514e+03
1.205221902758298256e+03
1.240221902758298256e+03
1.188555236091631514e+03
1.192555236091631514e+03
1.100888569424964999e+03
1.158388569424964999e+03
1.175055236091631514e+03
1.231055236091631514e+03
1.168055236091631514e+03
1.190555236091631514e+03
1.166055236091631514e+03
1.218388569424964999e+03
1.200721902758298256e+03
1.287388569424964999e+03
1.263055236091631514e+03
1.298555236091631514e+03
1.207888569424964999e+03
1.232555236091631514e+03
1.195221902758298256e+03
1.234055236091631514e+03
1.196388569424964999e+03
1.210721902758298256e+03
1.207721902758298256e+03
1.249721902758298256e+03
1.217221902758298256e+03
1.215221902758298256e+03
1.162721902758298256e+03
1.194221902758298256e+03
1.151721902758298256e+03
1.205888569424964999e+03
1.201721902758298256e+03
1.229555236091631514e+03
1.164888569424964999e+03
1.205388569424964999e+03
1.207221902758298256e+03
1.243721902758298256e+03
1.168721902758298256e+03
1.185221902758298256e+03
1.163555236091631514e+03
1.215888569424964999e+03
1.153388569424964999e+03
1.182721902758298256e+03
1.136388569424964999e+03
1.198888569424964999e+03
1.153221902758298256e+03
1.201721902758298256e+03
1.166221902758298256e+03
1.204555236091631514e+03
1.151055236091631514e+03
1.202721902758298256e+03
1.207721902758298256e+03
1.249721902758298256e+03
1.208221902758298256e+03
1.230555236091631514e+03
1.228388569424964999e+03
1.232888569424964999e+03
1.167055236091631514e+03
1.184721902758298256e+03
1.199888569424964999e+03
1.226888569424964999e+03
1.152388569424964999e+03
1.140888569424964999e+03
1.106888569424964999e+03
1.136555236091631514e+03
1.118221902758298256e+03
1.196388569424964999e+03
1.227555236091631514e+03
1.302388569424964999e+03
1.293555236091631514e+03
1.322555236091631514e+03
1.253388569424964999e+03
1.199888569424964999e+03
1.120888569424964999e+03
1.178388569424964999e+03
1.223555236091631514e+03
1.311388569424964999e+03
1.243388569424964999e+03
1.251388569424964999e+03
1.189221902758298256e+03
1.220388569424964999e+03
1.156055236091631514e+03
1.165888569424964999e+03
1.150721902758298256e+03
1.189388569424964999e+03
1.158388569424964999e+03
1.194721902758298256e+03
1.188721902758298256e+03
1.211555236091631514e+03
1.132055236091631514e+03
1.136888569424964999e+03
1.123721902758298256e+03
1.147055236091631514e+03
1.121721902758298256e+03
1.193888569424964999e+03
1.219388569424964999e+03
1.273555236091631514e+03
1.192721902758298256e+03
1.234888569424964999e+03
1.270388569424964999e+03
1.311721902758298256e+03
1.272221902758298256e+03
1.225888569424964999e+03
1.201055236091631514e+03
1.228888569424964999e+03
1.192388569424964999e+03
1.227888569424964999e+03
1.199721902758298256e+03
1.261055236091631514e+03
1.196555236091631514e+03
1.208221902758298256e+03
1.146721902758298256e+03
1.187888569424964999e+03
1.168055236091631514e+03
1.213388569424964999e+03
1.209888569424964999e+03
1.219055236091631514e+03
1.186221902758298256e+03
1.255221902758298256e+03
1.261388569424964999e+03
1.266555236091631514e+03
1.180555236091631514e+03
1.195055236091631514e+03
1.204721902758298256e+03
1.249888569424964999e+03
1.180388569424964999e+03
1.185721902758298256e+03
1.144555236091631514e+03
1.219555236091631514e+03
1.166388569424964999e+03
1.203721902758298256e+03
1.177055236091631514e+03
1.253721902758298256e+03
1.209721902758298256e+03
1.216388569424964999e+03
1.140388569424964999e+03
1.174055236091631514e+03
1.144221902758298256e+03
1.220721902758298256e+03
1.191555236091631514e+03
1.232555236091631514e+03
1.168555236091631514e+03
1.221721902758298256e+03
1.216388569424964999e+03
1.254221902758298256e+03
1.196055236091631514e+03
1.194388569424964999e+03
1.181721902758298256e+03
1.224221902758298256e+03
1.168888569424964999e+03
1.167388569424964999e+03
1.136221902758298256e+03
1.178221902758298256e+03
1.142221902758298256e+03
1.192221902758298256e+03
1.187888569424964999e+03
1.230721902758298256e+03
1.180388569424964999e+03
1.221221902758298256e+03
1.225555236091631514e+03
1.255055236091631514e+03
1.197221902758298256e+03
1.205055236091631514e+03
1.168055236091631514e+03
1.227555236091631514e+03
1.214555236091631514e+03
1.308055236091631514e+03
1.270055236091631514e+03
1.261721902758298256e+03
1.156388569424964999e+03
1.184388569424964999e+03
1.161388569424964999e+03
1.220721902758298256e+03
1.197555236091631514e+03
1.254721902758298256e+03
1.212388569424964999e+03
1.219721902758298256e+03
1.170888569424964999e+03
1.230221902758298256e+03
1.236888569424964999e+03
1.266555236091631514e+03
1.210555236091631514e+03
1.239221902758298256e+03
1.193055236091631514e+03
1.205055236091631514e+03
1.167221902758298256e+03
1.260555236091631514e+03
1.270221902758298256e+03
1.292221902758298256e+03
1.232721902758298256e+03
1.281388569424964999e+03
1.267888569424964999e+03
1.309721902758298256e+03
1.221221902758298256e+03
1.215555236091631514e+03
1.135721902758298256e+03
1.176721902758298256e+03
1.138388569424964999e+03
1.201221902758298256e+03
1.191555236091631514e+03
1.245221902758298256e+03
1.194555236091631514e+03
1.206221902758298256e+03
1.193221902758298256e+03
1.246388569424964999e+03
1.217221902758298256e+03
1.251888569424964999e+03
1.231555236091631514e+03
1.260555236091631514e+03
1.215888569424964999e+03
1.234888569424964999e+03
1.203888569424964999e+03
1.222055236091631514e+03
1.213888569424964999e+03
1.274721902758298256e+03
1.248888569424964999e+03
1.242221902758298256e+03
1.167721902758298256e+03
1.190055236091631514e+03
1.162221902758298256e+03
1.212888569424964999e+03
1.181555236091631514e+03
1.225388569424964999e+03
1.207055236091631514e+03
1.237555236091631514e+03
1.176888569424964999e+03
1.214388569424964999e+03
1.182721902758298256e+03
1.232221902758298256e+03
1.177888569424964999e+03
1.230221902758298256e+03
1.192055236091631514e+03
1.203388569424964999e+03
1.137888569424964999e+03
1.167555236091631514e+03
1.152388569424964999e+03
1.183055236091631514e+03
1.178388569424964999e+03
1.216221902758298256e+03
1.165555236091631514e+03
1.169555236091631514e+03
1.132055236091631514e+03
1.203721902758298256e+03
1.197721902758298256e+03
1.217221902758298256e+03
1.177055236091631514e+03
1.222721902758298256e+03
1.220555236091631514e+03
1.277388569424964999e+03
1.225555236091631514e+03
1.239721902758298256e+03
1.205555236091631514e+03
1.228721902758298256e+03
1.189721902758298256e+03
1.239388569424964999e+03
1.250888569424964999e+03
1.291721902758298256e+03
1.200888569424964999e+03
1.221055236091631514e+03
1.228221902758298256e+03
1.307555236091631514e+03
1.238221902758298256e+03
1.238721902758298256e+03
1.221888569424964999e+03
1.284888569424964999e+03
1.254888569424964999e+03
1.261555236091631514e+03
1.205888569424964999e+03
1.207888569424964999e+03
1.167221902758298256e+03
1.219721902758298256e+03
1.207055236091631514e+03
1.239555236091631514e+03
1.173555236091631514e+03
1.202555236091631514e+03
1.175721902758298256e+03
1.206555236091631514e+03
1.186388569424964999e+03
1.209221902758298256e+03
1.173555236091631514e+03
1.204221902758298256e+03
1.187055236091631514e+03
1.264221902758298256e+03
1.264388569424964999e+03
1.281388569424964999e+03
1.226721902758298256e+03
1.250221902758298256e+03
1.231055236091631514e+03
1.240888569424964999e+03
1.176888569424964999e+03
1.207721902758298256e+03
1.207888569424964999e+03
1.265888569424964999e+03
1.195721902758298256e+03
1.231221902758298256e+03
1.186555236091631514e+03
1.258221902758298256e+03
1.238388569424964999e+03
1.262388569424964999e+03
1.248721902758298256e+03
1.250055236091631514e+03
1.199888569424964999e+03
1.214221902758298256e+03
1.194221902758298256e+03
1.237388569424964999e+03
1.180888569424964999e+03
1.184555236091631514e+03
1.164888569424964999e+03
1.204221902758298256e+03
1.204221902758298256e+03
1.248388569424964999e+03
1.230888569424964999e+03
1.251721902758298256e+03
1.182055236091631514e+03
1.188055236091631514e+03
1.145221902758298256e+03
1.186721902758298256e+03
1.162055236091631514e+03
1.190888569424964999e+03
1.182888569424964999e+03
1.259055236091631514e+03
1.262388569424964999e+03
1.311221902758298256e+03
1.217721902758298256e+03
1.208388569424964999e+03
1.145055236091631514e+03
1.219221902758298256e+03
1.210388569424964999e+03
1.224388569424964999e+03
1.168555236091631514e+03
1.214221902758298256e+03
1.219221902758298256e+03
1.258388569424964999e+03
1.200388569424964999e+03
1.234221902758298256e+03
1.228888569424964999e+03
1.274888569424964999e+03
1.203888569424964999e+03
1.181221902758298256e+03
1.132721902758298256e+03
1.158721902758298256e+03
1.148055236091631514e+03
1.203221902758298256e+03
1.174555236091631514e+03
1.170888569424964999e+03
1.079888569424964999e+03
1.103388569424964999e+03
1.100555236091631514e+03
1.163555236091631514e+03
1.137555236091631514e+03
1.158055236091631514e+03
1.098388569424964999e+03
1.124221902758298256e+03
1.102888569424964999e+03
1.182221902758298256e+03
1.190721902758298256e+03
1.255221902758298256e+03
1.210055236091631514e+03
1.252721902758298256e+03
1.184721902758298256e+03
1.186721902758298256e+03
1.131055236091631514e+03
1.191388569424964999e+03
1.209555236091631514e+03
1.252721902758298256e+03
1.219721902758298256e+03
1.265388569424964999e+03
1.245721902758298256e+03
1.257388569424964999e+03
1.182888569424964999e+03
1.207055236091631514e+03
1.214888569424964999e+03
1.261555236091631514e+03
1.237555236091631514e+03
1.266221902758298256e+03
1.250555236091631514e+03
1.242721902758298256e+03
1.189888569424964999e+03
1.201388569424964999e+03
1.198721902758298256e+03
1.217888569424964999e+03
1.190888569424964999e+03
1.239555236091631514e+03
1.215055236091631514e+03
1.266388569424964999e+03
1.207555236091631514e+03
1.221721902758298256e+03
1.144888569424964999e+03
1.162888569424964999e+03
1.130721902758298256e+03
1.193555236091631514e+03
1.184055236091631514e+03
1.219555236091631514e+03
1.160221902758298256e+03
1.181555236091631514e+03
1.166555236091631514e+03
1.196888569424964999e+03
1.151388569424964999e+03
1.187888569424964999e+03
1.182221902758298256e+03
1.232721902758298256e+03
1.153888569424964999e+03
1.155888569424964999e+03
1.154555236091631514e+03
1.233555236091631514e+03
1.197388569424964999e+03
1.181055236091631514e+03
1.148721902758298256e+03
1.211721902758298256e+03
1.195888569424964999e+03
1.207888569424964999e+03
1.178221902758298256e+03
1.202055236091631514e+03
1.199055236091631514e+03
1.239388569424964999e+03
1.234221902758298256e+03
1.258221902758298256e+03
1.206555236091631514e+03
1.205721902758298256e+03
1.175888569424964999e+03
1.224221902758298256e+03
1.205721902758298256e+03
1.230221902758298256e+03
1.207055236091631514e+03
1.233388569424964999e+03
1.190888569424964999e+03
1.174888569424964999e+03
1.146055236091631514e+03
1.205555236091631514e+03
1.237888569424964999e+03
1.311221902758298256e+03
1.258388569424964999e+03
1.246221902758298256e+03
1.174388569424964999e+03
1.197721902758298256e+03
1.187888569424964999e+03
1.222055236091631514e+03
1.227388569424964999e+03
1.253055236091631514e+03
1.215388569424964999e+03
1.191055236091631514e+03
1.170388569424964999e+03
1.192555236091631514e+03
1.176055236091631514e+03
1.177888569424964999e+03
1.147055236091631514e+03
1.152055236091631514e+03
1.127888569424964999e+03
1.164888569424964999e+03
1.158221902758298256e+03
1.182721902758298256e+03
1.145721902758298256e+03
1.185221902758298256e+03
1.161888569424964999e+03
1.210388569424964999e+03
1.174721902758298256e+03
1.199721902758298256e+03
1.142555236091631514e+03
1.152388569424964999e+03
1.118721902758298256e+03
1.153888569424964999e+03
1.144055236091631514e+03
1.172888569424964999e+03
1.132888569424964999e+03
1.154888569424964999e+03
1.128888569424964999e+03
1.186888569424964999e+03
1.172555236091631514e+03
1.224888569424964999e+03
1.217555236091631514e+03
1.283388569424964999e+03
1.233388569424964999e+03
1.246055236091631514e+03
1.141388569424964999e+03
1.157388569424964999e+03
1.107055236091631514e+03
1.159055236091631514e+03
1.129388569424964999e+03
1.145221902758298256e+03
1.115388569424964999e+03
1.166221902758298256e+03
1.160721902758298256e+03
1.164721902758298256e+03
1.130221902758298256e+03
1.157555236091631514e+03
1.150388569424964999e+03
1.188721902758298256e+03
1.152221902758298256e+03
1.200721902758298256e+03
1.165388569424964999e+03
1.199221902758298256e+03
1.149055236091631514e+03
1.147721902758298256e+03
1.111555236091631514e+03
1.152055236091631514e+03
1.128555236091631514e+03
1.155721902758298256e+03
1.122055236091631514e+03
1.155888569424964999e+03
1.157721902758298256e+03
1.219888569424964999e+03
1.192555236091631514e+03
1.154555236091631514e+03
1.087388569424964999e+03
1.145555236091631514e+03
1.161388569424964999e+03
1.214888569424964999e+03
1.175388569424964999e+03
1.176221902758298256e+03
1.128388569424964999e+03
1.138721902758298256e+03
1.140388569424964999e+03
1.183221902758298256e+03
1.146721902758298256e+03
1.170888569424964999e+03
1.164388569424964999e+03
1.242721902758298256e+03
1.246388569424964999e+03
1.272221902758298256e+03
1.214388569424964999e+03
1.234721902758298256e+03
1.200221902758298256e+03
1.201388569424964999e+03
1.139721902758298256e+03
1.166388569424964999e+03
1.180221902758298256e+03
1.224721902758298256e+03
1.184555236091631514e+03
1.228888569424964999e+03
1.220055236091631514e+03
1.235221902758298256e+03
1.193055236091631514e+03
1.247221902758298256e+03
1.243555236091631514e+03
1.265221902758298256e+03
1.215721902758298256e+03
1.254221902758298256e+03
1.220221902758298256e+03
1.244055236091631514e+03
1.199888569424964999e+03
1.245388569424964999e+03
1.209221902758298256e+03
1.250388569424964999e+03
1.233055236091631514e+03
1.263721902758298256e+03
1.215055236091631514e+03
1.223055236091631514e+03
1.184221902758298256e+03
1.242555236091631514e+03
1.221221902758298256e+03
1.237555236091631514e+03
1.175721902758298256e+03
1.196721902758298256e+03
1.155221902758298256e+03
1.159888569424964999e+03
1.131555236091631514e+03
1.191721902758298256e+03
1.166721902758298256e+03
1.174388569424964999e+03
1.137721902758298256e+03
1.189888569424964999e+03
1.165055236091631514e+03
1.187888569424964999e+03
1.177888569424964999e+03
1.218221902758298256e+03
1.197388569424964999e+03
1.213888569424964999e+03
1.194555236091631514e+03
1.250221902758298256e+03
1.216555236091631514e+03
1.238221902758298256e+03
1.221055236091631514e+03
1.271888569424964999e+03
1.262221902758298256e+03
1.252888569424964999e+03
1.227721902758298256e+03
1.258721902758298256e+03
1.242055236091631514e+03
1.266055236091631514e+03
1.214721902758298256e+03
1.244221902758298256e+03
1.236221902758298256e+03
1.303388569424964999e+03
1.270055236091631514e+03
1.293888569424964999e+03
1.233555236091631514e+03
1.237888569424964999e+03
1.185721902758298256e+03
1.202055236091631514e+03
1.169388569424964999e+03
1.172221902758298256e+03
1.145888569424964999e+03
1.201721902758298256e+03
1.175388569424964999e+03
1.196888569424964999e+03
1.176221902758298256e+03
1.210721902758298256e+03
1.178721902758298256e+03
1.195888569424964999e+03
1.200055236091631514e+03
1.276555236091631514e+03
1.270555236091631514e+03
1.266721902758298256e+03
1.224721902758298256e+03
1.263555236091631514e+03
1.254555236091631514e+03
1.255721902758298256e+03
1.179055236091631514e+03
1.229721902758298256e+03
1.214721902758298256e+03
1.251388569424964999e+03
1.185888569424964999e+03
1.215555236091631514e+03
1.191721902758298256e+03
1.239555236091631514e+03
1.211388569424964999e+03
1.283721902758298256e+03
1.257221902758298256e+03
1.306221902758298256e+03
1.261055236091631514e+03
1.283721902758298256e+03
1.204888569424964999e+03
1.199555236091631514e+03
1.190721902758298256e+03
1.285221902758298256e+03
1.295388569424964999e+03
1.271388569424964999e+03
1.209055236091631514e+03
1.228721902758298256e+03
1.242888569424964999e+03
1.279221902758298256e+03
1.206888569424964999e+03
1.214888569424964999e+03
1.168721902758298256e+03
1.219721902758298256e+03
1.204221902758298256e+03
1.271888569424964999e+03
1.253721902758298256e+03
1.276221902758298256e+03
1.215555236091631514e+03
1.253055236091631514e+03
1.162388569424964999e+03
1.149388569424964999e+03
1.096055236091631514e+03
1.173721902758298256e+03
1.185055236091631514e+03
1.211388569424964999e+03
1.167055236091631514e+03
1.192055236091631514e+03
1.170888569424964999e+03
1.215888569424964999e+03
1.161555236091631514e+03
1.185388569424964999e+03
7.568885694249649987e+02
