-3.091343826294739188e+02
1.042816991495598586e+03
2.050705543261269122e+04
1.210658227889934096e+03
-9.918068122966909641e+02
9.273802315345179522e+03
5.896103718790363928e+02
1.350092809754166183e+03
-5.596487725081196913e+02
7.008586466882707100e+02
8.885023381725429772e+02
1.150339191273939292e+02
-7.929934534619620479e+01
2.306114685632255714e+02
-2.933994698216412189e+02
7.029648021648848726e+02
-3.578490548739949872e+01
4.941477474766736577e+01
2.000255623356395063e+01
5.844833931505320379e+02
3.072773813801572373e+02
2.121616428851544072e+02
1.414860501543665123e+03
-4.998233197627946538e+02
3.305473763679403305e+02
9.801893129489658918e+01
1.751561668688308870e+01
8.512657482012906485e+01
1.440531022300788777e+02
-3.597746043997294407e+01
-2.020164555196842002e+03
-5.704654438190564179e+03
3.973362513761156265e+02
2.779493403571108274e+02
2.612779516627400085e+02
2.418892584160712431e+02
1.753774756241924138e+01
-8.026776508610487326e+01
1.271700461823018884e+02
2.725835094726594434e+02
1.333043262135900306e+02
4.201717440846184104e+01
9.485892340103052334e+01
4.650304918266860454e+02
9.085025919652497350e+01
1.116530387748279054e+02
1.320548158416862634e+02
1.410830703006872113e+02
1.291283268553721655e+02
5.748325302923555000e+02
2.535045759543487520e+01
3.064925882539022268e+02
5.535515881091498613e+02
1.122287049362114431e+03
2.097998079266211562e+02
7.706257212665701672e+01
-1.465328630472964733e+01
9.120273067072184858e+01
-1.547417238263388981e+02
3.621985224690816381e+02
1.352774855662308084e+02
2.765781928556227740e+02
2.463414347181315804e+02
-8.399413281438873469e+01
5.117791465369961657e+02
1.169493060741513659e+02
-5.145612685036797984e+01
4.618029438244909102e+01
9.931628115442208582e+00
1.075635652152411268e+02
2.360859634980420196e+01
3.343280196956848158e+02
-2.138550929651129593e+02
1.480938347651404854e+02
8.975927989303566790e+01
-3.661580591548448638e+01
5.681948405811604061e+02
1.221362444088880892e+02
1.616195527945380661e+01
-2.436375448358653841e+02
1.382054256876488580e+03
-9.054223986583842532e+00
4.979296379210743453e+02
-3.357006961677211621e+01
3.787421027680629209e+02
-7.123037967214361288e+01
8.679584352108349776e+01
-8.947144318363601201e+01
-7.009381127978201675e+00
2.385901970929404570e+01
2.692130945938046693e+00
1.337360734462337746e+02
7.553881660443671819e+01
5.683712270834331548e+01
1.741229134391118691e+02
1.143091237472239072e+02
1.523756920153788599e+02
7.287836631664353604e+01
-3.101300569914491234e+01
2.161313898011449055e+02
-3.193732594844420873e+02
2.772635590920206141e+02
2.874069625845368137e+01
-1.179043528281698627e+02
9.262287602579675649e+01
-2.823655542999460977e+01
-3.643491684569163453e+02
3.610050967941268141e+01
1.609752583033885287e+01
1.715757281806975243e+01
1.402796704968133668e+01
1.418006304687922920e+02
-2.788979857722340512e+02
1.200940749435841184e+02
-1.412691142801438673e+02
5.476758334356455293e+01
-1.128206047988999217e+01
-6.248830906449012446e+02
3.225948301699691001e+01
-1.699119373832026838e+02
2.829199655246963516e+02
-4.737855180598878491e+01
9.310774879566636741e+01
6.253416435811800511e+02
8.376007705875642273e+01
-2.224985299590058574e+01
1.463577890746702508e+02
-6.083769219612406687e+00
2.851622386926409547e+01
1.866689766262946648e+02
6.354352015185884284e+01
-1.092715583769895886e+02
-1.087675156876309615e+02
-4.549213670968099166e+01
-2.194319227615677335e+02
-1.365903074009081308e+02
1.863924748860229101e+02
4.900058869964917108e+01
7.106458720735716383e+01
-1.808387805079170221e+02
1.185162660857136103e+02
-3.489018978674437932e+01
-1.644053746069279214e+02
3.864306890383860491e+02
-8.027433866901927217e+01
4.099349987825661401e+00
6.910302517477326489e+01
6.486263422304557480e+01
3.032231413324420259e+02
-2.568804330112740217e+02
1.287775841383306670e+02
6.594439023234556885e+00
-2.042384967968242790e+02
-7.589173479520619594e+02
2.218108412768799553e+02
-1.582235447896326264e+02
-4.748090364818742870e+01
7.667088231905167106e+01
-4.525053065208587810e+01
4.121155712912539570e+00
6.257200953017753875e+01
1.270027470789166557e+00
-1.382168925466456528e+02
2.018471455066423914e+01
-8.431906210257582757e+01
-6.112945956974310775e+02
-6.034070992188619584e+02
1.033878761946951386e+02
6.761928425416297728e+01
3.503624942580764667e+01
6.775101661417444632e+01
1.166799618996785171e+02
-2.064136414889468085e+02
1.774349811619356103e+02
-1.042767499098394666e+02
3.783114367180529314e+01
-1.013823442870443614e+02
-3.271321822039581662e+00
5.139725725218635688e+01
-5.096459262019359215e+01
7.744532453489102863e+01
-3.436655089650457739e+01
7.853340283896233132e+01
4.611578081776276861e+01
5.211958833243546962e+01
-1.012421965301414559e+02
1.947940867555172417e+02
-1.474727756116288617e+02
5.022182920175341536e+01
9.219765793493344574e+00
-6.227827762758222718e+01
-6.022398234141292761e+01
1.053798965788382169e+01
1.926593158571853337e+01
-1.534706696676090232e+01
-6.731069035858698157e+01
-5.676685837724281214e+01
4.616303593599993604e+01
-7.531291423963526199e+01
3.466594708346572418e+01
-2.480396948515549127e+01
8.700719971917029838e+00
3.850383997296470628e+00
-2.420345573115006843e+01
3.713198311986087674e+01
-7.857161214416201744e+00
4.347636412538884088e+01
-2.570589269593959969e+01
1.199970695533163934e+01
-1.408748901582965019e+01
-2.073224437165563572e+01
-8.032813344284694068e+00
2.281281502785568094e+01
2.776730115730476811e+01
-9.704021790174524043e+00
-1.452946690287806497e+01
5.454084428769654380e-01
-3.484089581903415933e+01
-6.467116860885747442e+00
1.669867700333237082e+01
-3.015926009245176687e+01
-1.419220750153450261e+01
1.606919039812615679e+01
1.868247228820710504e+01
-6.244205359057556137e+00
6.777361685079819509e+00
1.475212724128987318e+01
-5.210263489399249437e+00
1.415786611510051785e+01
2.093097536969248829e+00
1.459944739768319444e+01
1.041521816329765038e+01
-5.053339440929478066e+00
-5.167660404904717453e+00
-1.214373624882996694e+01
-4.572892120826527851e+00
8.752127276938631795e+00
-3.785495347285008805e+00
-3.812456254278399292e+00
1.082525060737035538e+01
7.406438808094757853e+00
8.106440341936172800e+00
1.474170084386661017e+01
5.200052011498303273e+01
3.249894705372536663e+01
1.487098623220281723e+01
-6.928502906349173429e+00
1.337908429260658139e+01
-4.878046023427404787e-01
1.238474668970642867e+01
7.986697380956193193e+00
5.571206270137087024e+00
7.213171139945513843e+00
7.306967249908734807e+00
1.038851487047490352e+01
1.318835553528490578e+01
3.741135111077736219e+00
1.070992400287241786e+01
2.174163536079450676e+00
1.240393866082211005e+01
3.227498522867148889e+00
4.004576303924438641e+00
-1.042553696268085694e+00
3.448726303424327622e-01
4.230002379872485285e+00
4.772904487897794645e+00
7.461041279728057862e-01
4.265058173748196069e+00
4.556135895923954848e+00
-1.424887716054234588e+00
1.030352451358396060e+01
-3.193609761669320424e-01
2.794968687980783795e+00
1.885275694268571556e+00
-6.822917444287120992e-01
2.765248115071967216e+00
4.940495562311389754e+00
-2.519675099281136754e-01
3.370535510057238948e+00
4.611921266949643439e-01
2.667713609995321811e+00
2.506816309368796958e+00
1.814988429731002606e+00
-7.518795009762958559e-01
2.107547812422601918e+00
-6.595890753263515816e-01
5.123698604956724578e-01
8.547459054986554783e-01
4.438279092236159240e-01
-8.493869290952421602e-01
4.376064467119288537e+00
1.701688426895042738e+00
3.337531053530606862e+00
2.422460931108084470e+00
4.692253342078592127e+00
3.465105043924176620e+00
5.555157959793617373e+00
3.475581064349995586e+00
3.743279339910739800e+00
2.640598993832357966e+00
3.819795465317273209e+00
2.535902817956250832e+00
2.203888309435473758e+00
3.796296752153315079e+00
2.217781727127316138e+00
9.119310771827382478e-01
1.611568093643137134e+00
1.615846029595770617e+00
1.270825415197414099e+00
9.972186804993254938e-01
1.181075832355691135e+00
6.905461390056473192e-01
1.122224543556072651e-01
1.470137092868646356e+00
3.871051431676817423e-01
1.382753046741975300e+00
5.060944550745816173e-01
1.263988892519446683e+00
1.038433347050397471e+00
1.343480005044712655e+00
7.974338539532574988e-01
1.461533416903045834e+00
1.045515501480519971e+00
1.639805473694920357e+00
9.687200680716082646e-01
1.504797366776224665e+00
9.364510785197289744e-01
1.226980474258098530e+00
1.406296436543299722e+00
5.348589342485920994e-01
1.112928330653205622e+00
8.032542032081888550e-01
1.214782838022283373e+00
1.240173389672173387e+00
6.693658453641443407e-01
8.909680581796948218e-01
5.834776043639775533e-01
3.012245340301165086e-01
9.566073535177428422e-01
7.888810607043272860e-01
1.089017866150272740e+00
6.324262420724739986e-01
7.651759891446282547e-01
5.636341504883503051e-01
7.936818427143439436e-01
1.303559347880917541e+00
1.904508533215789168e+00
2.185957937283287578e+00
4.156385658578541253e+00
6.107589460233808332e+00
8.343072330202002007e+00
8.758530118437310108e+00
8.185390472480445823e+00
8.802318204954715952e+00
6.456565621099197294e+00
2.250680712593152499e+00
2.284489533216176760e+00
2.502666566339874610e+00
1.689423425355650821e+00
1.875286655949337078e+00
1.244495469264643495e+00
1.265105959660473456e+00
1.153976029893578170e+00
3.830788709235325440e-01
4.185843539094934451e-01
7.016347610087214637e-02
3.136364994079455237e-01
8.643444239198901924e-01
3.154993616249075483e-01
5.021478958719538532e-01
-1.889529123628113094e-01
4.974917222534003813e-01
-8.933263925839993180e-02
3.988286018352362738e-01
-8.802147682465169543e-02
3.084844001959185511e-01
-3.684420506191442013e-01
2.644508196682741064e-01
-1.774227475431970347e-01
4.040445493232714402e-01
-2.844890954195493371e-02
2.822883497423266386e-01
9.969342884621472389e-02
2.374532024172661404e-01
7.431501553400401416e-01
4.156257094330134683e-01
4.820837965190524765e-01
1.345318976772246211e+00
6.638928892990370034e-01
9.797047127186568893e-01
1.101568202019427067e+00
1.293829164899659379e+00
1.094870722117929240e+00
1.129639827867401802e+00
1.252527098492251190e+00
1.760856335252298788e+00
1.175412033249717325e+00
1.005414315868339514e+00
1.117766810753464402e+00
8.272900533275574508e-01
9.702571476476657963e-01
9.763522851862210805e-01
5.052222546193813058e-01
4.628096906951831846e-01
5.159063346887103885e-01
4.893866434283788980e-01
6.738774677418348791e-01
6.987875423761529259e-01
7.852967826914012406e-01
3.102726838031271694e-01
1.158583776346975985e-01
3.352128965672464544e-01
2.132600191691504388e-01
3.292123008518443306e-01
6.586050375320011696e-01
5.276649158022586050e-01
1.237826057996976870e+00
3.223482574175574822e+00
7.468643477456179625e+00
8.886837677874501296e+00
4.673698170910470573e+00
3.145471552031812834e+00
2.314886128244883157e+00
1.565485487956964850e+00
8.813274580155643356e-01
8.769396194168569414e-01
5.977138419960743576e-01
6.775996438916722653e-01
1.063134830484277815e+00
5.309442613675863232e-01
6.720810368068289575e-01
5.991504077607152645e-01
7.747009982675232553e-01
2.587047699154503277e-01
8.147259911128353904e-01
3.956202402942763929e-01
5.030858064097670779e-01
6.667783922616049574e-01
1.135237397213108679e+00
7.702002685212357980e-01
1.838429018491132272e-01
2.494981724284144886e-01
7.462116373395569213e-02
2.051870928015465667e-01
2.756343177990947524e-01
7.825263593954612240e-02
3.075924183765194053e-01
-1.254440682310865585e-01
3.126159584493398702e-01
1.153899184429485608e-01
-1.597296162298758315e-01
4.437130211176719685e-01
1.341118752181331697e-01
1.703089521306899445e-01
-6.448515125464485132e-02
2.034609116399818118e-01
8.937924495271844239e-02
4.267165593792690004e-01
1.891809309115677906e-01
2.903665471377976925e-01
1.982452466378628597e-01
1.696179842499966339e-01
-1.803912862613500645e-02
2.211654411307488743e-01
1.108626107534874256e-01
5.380656191756999496e-02
2.140113475585272429e-01
-3.625858049583430276e-03
9.884877368487011984e-02
-1.089225315254447463e-02
2.568235935818157789e-01
2.723618162954452027e-01
-1.957509223704664847e-02
1.577675067613668602e-01
-6.425636506477933052e-02
5.945518598923959369e-03
1.113422662025944782e-01
2.471863301402806856e-01
1.481545583164305679e-01
8.718977193723695396e-02
-3.862717282096607418e-02
2.089771465559700780e-01
1.621459275583958526e-01
1.339562748699209271e-02
1.803400107571081490e-01
-1.039871561898013247e-01
-3.353092709480215983e-01
1.399031561704808135e+00
-4.982868095207530490e-01
1.176645953019593571e-01
-1.428294829437253000e-01
1.028794090205004674e-01
1.289044299140110206e-01
2.885397575279243787e-01
3.521579713422427760e-02
1.603836475422415198e-01
1.965106159320627599e-01
5.495954334341492803e-02
1.511941223203457918e-01
9.710793557490095262e-02
8.923180771138559952e-02
1.495720504938906348e-01
-6.995257084776217160e-02
1.019998814329148712e-01
6.773066549740106024e-02
-1.570229583233306581e-01
1.127819174383979939e-01
-4.128748084524885842e-02
9.614192671972415782e-02
1.944220910942020542e-01
-1.228481692085454102e-01
4.021991421794497701e-02
-9.746330014546854270e-02
2.276148849242319305e-01
2.832968727825767585e-01
4.698324237035875206e-01
2.969643891877167263e-01
4.945081634785208902e-01
3.870954603266066330e-01
4.099120424682840547e-01
2.686553145429212419e-01
1.290539380532480795e-01
1.139305600538068619e-01
4.032438225396809961e-01
-2.572928992598350062e-02
-2.351290483082441041e-02
-8.302024086587025953e-02
3.992437981318909812e-01
6.795215728178796710e-02
2.438887937256202232e-01
-2.854255535163141566e-01
-1.627293248783709054e-02
-2.714930331754317194e-02
-5.649181662814594523e-03
2.351414542168992206e-01
2.657833613481175306e-01
-2.423004758462292962e-01
6.339625840447937755e-01
-1.100731765653160665e-01
7.508941557163129055e-02
4.107804084813151957e-02
-1.011085017596815086e-02
1.704360810353795219e-01
8.296489127647158068e-02
7.732484004612419359e-03
1.138417543262202347e-01
-9.706266455448256392e-02
4.104972279848326799e-01
1.594515612732033683e-01
3.150050088473654308e-01
-2.245326223790680698e-02
-2.393894043576293706e-01
2.307054485820460576e-01
2.612153765918666659e-01
4.907561299274434408e-01
1.551047973330383911e-01
1.908241221666157617e-01
4.691162270667849077e-01
5.818442465620160542e-02
6.632253701382724298e-01
4.308793281697018696e-01
5.572034738573713453e-01
-4.245812576564284013e-01
-1.599970580137185516e-01
-1.806415020363522916e-01
1.363953376293259578e-01
1.208033824507925846e-01
7.604893038813382855e-01
-2.109568366049466848e-01
7.457832251519900257e-01
-7.115103779033674636e-01
6.543666372616145921e-01
6.315676060695853966e-01
1.586925094241100342e-01
8.132141269640811299e-01
1.027166406641701224e+00
-2.824633676921829428e-01
9.776506120906128805e-01
8.458388942994152782e-01
4.280558974024317731e-02
5.604681866424834347e-01
1.507100275082102536e+00
-6.486753143111785302e-01
9.102949995263689420e-01
7.998805007346213580e-01
2.460961344262680983e-01
8.061606642319465443e-01
6.748380193251259929e-01
3.114340891487105689e-01
1.778914181763348257e+00
-3.014565806185234287e-01
4.530789786742613900e-01
2.901114038218531865e-01
2.142298460284139505e+00
-4.273370227262022203e-01
1.457544485172510340e+00
6.496259928693280949e-01
-4.613086480642798470e-01
6.693708871932966264e-01
7.859531080186665797e-01
4.415825506816202228e-01
5.134249711117726545e-01
3.652459377523629147e-01
3.878312558193411919e-01
-1.078546374875210545e-01
1.855235673984005018e+00
9.720015083414672574e-01
1.299720732182282568e+00
2.619929384649103965e-01
-3.695227620724744755e-01
-1.020436702931663553e-01
-4.400080284728891122e-01
4.208226560994837162e-01
8.818600100584607082e-01
-3.026898766286536535e-01
5.650828578575172179e-01
-1.205315499949213942e+00
9.123187643669705693e-03
-5.979099584490695785e-01
1.448108601534959128e+00
4.619456692443383306e-01
7.611391413481080059e-01
-3.886868149049469423e-01
6.971888701165629421e-01
1.456079629253922980e-01
3.660501001781657493e-01
2.208304142292417005e+00
3.559344583101278769e-01
7.376962154509292269e-01
1.964581173021540561e+00
7.837101719289534252e-01
1.971345260345221284e+00
1.144162178990389522e+00
4.984751574410498653e-01
-2.600816102643608740e+00
2.743148945016155693e+00
-8.964946562376669981e-01
-6.829598638202724059e-01
1.173898304616522337e+00
-7.538366058907848277e-01
3.003226386317443541e-01
-8.844554470211973829e-01
-3.453276508395801692e-01
-3.589883723920388459e-01
-4.830154247295072034e-01
1.778550866089092519e+00
1.510679138183569137e+00
8.154775721138647349e-01
-2.211290575929942381e+00
2.824886710451428584e-01
1.102268512669521883e+01
-3.622080059282539288e+00
1.630688673117854925e-01
-1.157145016568442486e+00
-1.411172649770605636e+00
1.012732280768147142e-02
-3.549230652158516186e+00
7.441097296994492183e-03
2.935259032777080002e-01
1.063452265290729226e+00
4.075580589519267050e-01
3.721053630711586568e-01
1.489774085765274592e+00
6.981385045891375096e-02
-2.802186920007664561e+00
1.708085455414454001e+00
1.147630459845115469e+00
-1.082512287971662435e+00
-5.415284803919295786e-01
9.073795923561678300e-02
-5.470730954576299432e-01
2.424208643101395111e-01
-1.368482729920546204e+00
3.148743066752984987e+00
6.569015336059303989e-01
-2.246113262166895552e+00
1.967894946277245261e+00
1.217971199819851691e-01
1.886308875977428468e+00
-3.815639941474134655e+00
2.806023050161408516e+00
-1.210538112804933064e+00
4.666580533122888230e-01
1.930099989362854540e-01
8.591076769125669532e-01
-1.038974488987164380e+00
-3.129434977172454446e-01
-3.634291882731220724e+00
1.119981970139397598e+00
-5.453407804929416791e+00
-6.066258812628171349e-01
-1.399162947995224338e+00
1.238767261509796658e+00
2.413824399272877397e+00
5.073116439918798903e+00
-5.098494918447338264e+00
-1.475613859471888611e+00
-8.282897239454383165e-01
-4.391210751979847338e+00
-3.586373649445036449e+00
-9.215987779438770122e-01
1.535305575866729555e+00
1.184578253869986053e+00
-1.276197166362105229e+00
3.391643471360085371e+00
8.086158876806341933e-01
-5.130703646888012059e+00
6.065636936416622049e+00
-1.823449860100584408e+00
3.552876971946540285e-01
-4.642644723430328746e+00
2.388356734956770033e+00
-2.107346360662281981e+00
-7.877196643765661754e+00
-3.422556744358883130e+00
5.119090054199112672e+00
-3.029587655366529297e+00
-9.312959526230864427e+00
1.646276563498431544e+00
6.196880935175959060e+00
-6.888862424768904091e+00
-8.620929611502889500e+00
-1.437559316442021284e+00
-1.712690551651828041e+00
-6.867713611917548810e+00
1.744730488982055849e+00
-7.987210633007552296e+00
3.030024869423065148e+00
-4.646568830466161870e+00
-4.336887924783733972e+00
5.030283956336484508e+00
-8.808843504468999441e-02
-1.580000914576380922e+00
8.334516730828682718e-01
-1.175837397813917384e+01
-2.339592800182573207e+00
-9.269592985815044983e-02
-7.723474790184712724e+00
1.892807203384068382e+00
1.280337809455574183e+00
5.197693048281345263e+00
-1.317143774421624691e+01
6.127097722635858723e+00
-1.705829488630312030e+00
-3.115151578980505320e+00
-9.902700621185941188e+00
-3.615843187743136511e+00
-7.737910093097907449e+00
3.999072162955837229e+00
-7.735146357716577992e-01
1.275498144799601441e+00
-2.667641410821043557e+00
1.853622674244953972e+00
-5.910088180704351934e+00
-1.287419088427545377e+00
1.801842052214457812e+00
-9.525830524038434888e+00
2.739427667276027378e+00
-3.461595517475757333e+00
-7.581661015501730105e+00
-5.574060281544094053e+00
-8.524311160175368940e+00
4.822102511926809054e-01
-4.571841962413723870e+00
-1.316108408727172829e+00
-7.909832385284998324e+00
7.732497688860140883e+00
-1.436854200682115490e+01
1.463832572042740310e-01
-1.382696240133205912e+00
3.016160722043688125e+00
-3.345764710816613530e+00
2.385920587626895184e+00
-3.760234857972190703e+00
-4.313243875736944233e+00
-3.440419241947651585e+00
-3.117348297533764967e+00
-3.243963488732768408e-01
-2.368541972359412107e+00
1.919684985828393309e+00
6.165441867926180208e-01
-1.745731990627029262e+01
-6.930858884655673791e+00
7.874375841484028804e+00
-6.701270203877669474e+00
-3.316855151682205793e+00
-1.230642943229856812e+01
-8.130484358894660701e-01
-2.300607736777219969e+01
-1.801778657454308430e+00
1.900622271641373873e+00
-1.693102364575110741e+01
1.228859481283071320e+00
-9.485957512026452321e+00
-3.914170910510645474e+00
-3.037977107878617744e-01
-4.509592263225966846e+00
-9.122187155880759235e+00
-2.308149328742373996e+00
-1.507375215702299087e+01
-9.844776282818653357e+00
-4.952182301507129125e+00
-7.937076867290620896e+00
-1.164226316133669137e+01
-7.715763554725176832e+00
-3.275368843476623937e+01
1.215707893317385313e+01
-2.779028748985564334e+01
-5.339975467655532881e+00
3.850929562937122963e+00
-2.349314223272173763e+01
7.663578902168122653e+00
8.142423949899029623e+00
-3.410472825441539868e+01
4.764178870652457043e+00
5.633337743397723862e-01
-7.472798295450546746e+00
-2.133660985979894065e+01
-2.509973252524415699e+01
-6.915590174937520374e+00
-7.411629410698637344e+00
5.781198641976853736e+00
-2.817064284159491905e+01
-1.913307200473115532e+00
-1.562806323673767039e+01
-1.964825229179792743e+00
-1.707958694762413288e+01
-5.421185279462310547e-01
-1.097957766657962964e+01
8.617454315721099434e+00
-2.605560134015319562e+01
-4.111793351634586813e+00
-1.468495261676831909e+01
-5.333523075197956587e+01
4.901645607188561016e+00
-1.109491810116292854e+01
1.804920233641621152e+01
-1.656608446046826799e+01
-1.258162955315651033e+01
-3.499373332811263992e+01
-1.339286299301589089e+01
-4.737149954951748754e+01
-3.202608553471554842e+01
6.141517635547242548e+01
-6.746342722172921924e+01
-1.501847170885903537e+01
-4.412941201917174538e+00
-7.109513593554282807e+01
-1.974224594548635281e+01
-5.846512411912883067e+01
-9.395685421766052059e+01
1.131146501205133958e+01
-4.414110378894027065e+01
-8.466295884985422404e+00
-4.587623165430920125e+01
3.229621781200508224e+01
-2.424636898958622666e+00
-4.186854669966578513e+01
-4.439136338409720395e+01
-8.293551780158077236e+01
-5.226469146892757323e+01
-9.820620926277570106e+01
-5.307396950532854873e+01
-4.787646678035757475e+01
-3.127412767085492362e+01
-9.370600103025132910e-01
-8.218322246434408385e+01
-6.113875696322300257e+01
-2.547704280971383071e+02
1.498951360096252472e+01
-1.024483654536136328e+02
-4.929175495403520557e+01
-3.226556664146217202e+01
-9.308568398934619381e+01
-2.167267888881481213e+02
-9.346174312624859226e+01
-4.461251710919276192e+00
-6.080521132526785522e+01
1.807244920186031152e+02
-2.749843563228201901e+02
-2.938068807249887300e+02
-1.396089656616403829e+02
-1.885622231214026669e+02
-1.248242022013108112e+02
-1.915406824143754534e+02
4.480482493797219945e+01
-5.425093054618298538e+02
1.309417798300799518e+00
-1.027700178550299199e+02
1.171296767051598380e+02
-2.086381089613278732e+02
-1.448441688213913494e+03
2.287653422099448051e+02
4.151638269512599777e+01
-9.078025934277630427e+01
-4.158399577670792269e+00
-3.382595153100303378e+02
-2.134785216882704333e+02
-3.168045117182871309e+02
-7.656306550777175346e+01
-8.170870574818019350e+01
-1.747724373270898923e+03
-5.103418502092644076e+02
-1.110290660585556992e+02
-1.981538065726755349e+01
1.282123000025301849e+02
-2.384927406952167814e+02
-4.053844464648210533e+02
9.199566556658610352e+02
3.395672934960283555e+02
2.763120919834000233e+01
-1.147337524864444731e+02
-6.207046708465800577e+01
2.661932975671689974e+02
-1.310402059750435455e+03
-1.124395931498510890e+03
-1.090159470396697543e+02
-1.418753318845914890e+01
-1.126360142500415407e+01
-1.824235611439533500e+02
1.841075347991044509e+03
-4.594571450833719609e+03
