-2.795224144200304295e+02
1.165197705361123781e+03
2.030452680286677787e+04
1.137489745229333494e+03
-1.013772823222621128e+03
9.248669947974796742e+03
5.386396481266008323e+02
3.358132615260319653e+03
-2.014443497706148776e+02
6.459499784209190238e+02
9.105041129884980364e+02
1.481417784468402772e+02
-1.621483421073980651e+02
2.233256117970276193e+02
-5.631850431632908567e+02
5.883580733194572758e+02
-1.027870082543814192e+02
4.597578517420981825e+01
1.106066221382881736e+02
6.646863765263022970e+02
2.988935334913105635e+02
1.586155899054072620e+02
1.283855189952359979e+03
-4.709527323152724421e+02
3.033098991968175255e+02
1.295649760896723706e+02
-3.610716107151044074e+00
1.172489655304316045e+02
1.632379572008499906e+02
-3.694049439365986132e+01
-2.049028231198315098e+03
-5.165718227237044630e+03
2.556858739762270147e+02
2.090170946377022290e+02
2.021077284208327853e+02
2.518299724749171560e+02
-2.230872309668126263e+01
-4.890781507594385857e+01
1.395365818329626961e+02
2.669012150162220678e+02
1.436110303974655835e+02
2.669776614350652721e+01
6.814678569495063698e+01
4.796433940464712009e+02
1.565475199086565681e+02
1.116667185749228679e+02
1.642476979379882209e+02
1.387390179477333731e+02
9.596512285119356989e+01
5.273509332391548696e+02
2.820666237821541245e+01
3.049552622500956431e+02
4.792270844000613579e+02
8.516788017951586198e+02
1.421818875174761843e+02
8.240566486447366401e+01
-2.148428742007479286e+01
-2.831825908478279530e+00
-1.135479263970845381e+02
3.660120418744925246e+02
1.954697538845151996e+02
3.808937523624026653e+02
1.583372143888729511e+02
-1.184398254941316964e+02
4.711840274962098079e+02
1.406823698851671622e+02
-2.142049738494736744e+01
-3.775442852387681114e+01
-1.679778401180180936e+01
1.095915201512640067e+02
5.913437735742860468e+01
3.401253552734282266e+02
-2.038594178497068299e+02
1.822075391509335134e+02
8.358871950699194997e+01
-7.353892916099601962e+01
5.326867301745378427e+02
8.130023095274835043e+01
5.351106710913613540e+01
-2.129651488045625456e+02
1.481149618336616868e+03
-3.330421169212885957e+01
5.853503991379893705e+02
-1.143897791118311034e+02
4.482204766217455472e+02
3.210685545329113211e+01
2.183740950083635539e+02
-1.385598546872266184e+02
-6.906703913895266567e+01
-9.062462133648431006e+00
1.234059601180142351e+01
9.959397613042510500e+01
2.582091722698165270e+01
2.333585759525573167e+01
2.065905389854774512e+02
1.418915934109046759e+02
9.256593446612104970e+01
7.661145560156749923e+01
-5.818958223151560105e+01
2.057363008765003656e+02
-3.565984041716412207e+02
2.183141023655508945e+02
2.532442019797201738e+01
-9.368139402401087068e+01
6.675064931924880796e+01
-2.947348757227945271e+01
-3.736036975323523848e+02
4.670774853828565654e+01
-4.616120175483186472e+01
3.658593525245752431e+01
-2.181802576866803633e+01
1.127401398117125950e+02
-4.173617370132160431e+02
2.341625836609251508e+02
-1.339162191897640355e+02
-2.253729825816299126e+01
-2.839915897124490129e+01
-3.738837940601992500e+02
1.789455230482255956e+02
-1.231335732681689024e+02
1.795437084392711995e+02
-1.241460608042854687e+02
2.563986183455546097e+01
5.840194762991191055e+02
1.271221013445686765e+02
-1.936882136104028262e+00
1.226671399783873682e+02
-4.829836219561374833e+01
2.109374806808764902e+01
2.011877897783525100e+02
4.529173082965263575e+01
-1.233123322544572318e+02
-1.389389151178771158e+02
1.651904128654354054e+01
-2.554940700744301694e+02
-7.815668765987840061e+01
2.158854120152054747e+02
1.463962810150695759e+01
3.093642919710976713e+01
-1.992112943202607767e+02
1.497726908157708294e+02
-4.927079837770506288e+01
-1.204032111561351428e+02
3.867849318360877646e+02
-9.799212442341244866e+01
-4.449695732504557100e+01
3.127494269945137972e+01
5.171919423322007248e+01
2.872149975188552844e+02
-1.950982530056039082e+02
1.331598461850094282e+02
1.484160042133248680e+01
-2.714188008355566808e+02
-5.692857252875511449e+02
2.098990660902689456e+02
-1.883724820195420762e+02
-1.640655960596807006e+01
8.056574987449495495e+01
-7.949177021761904882e+01
2.050138378675623585e+01
9.796337028367632627e+01
9.049848753834140780e+00
-1.101641746257400740e+02
7.954810193158181164e+00
-7.905956202049119952e+01
-4.223046730452156794e+02
-5.003198127223554934e+02
4.693795660074031417e+01
3.925986420757074313e+01
3.892278740994048292e+01
-7.561727530945866249e+00
1.744987258915812163e+02
-2.272145134376597468e+02
1.606965432835096976e+02
-1.079565433825573280e+02
1.069584705186851181e+01
-1.087185767448067395e+02
2.205086309826813107e+01
3.433611486416858583e+01
-3.005473576947546377e+01
6.645958294669388522e+01
-4.862542225531809237e+01
7.009228184144731699e+01
1.866338426376391624e+01
2.368371291444671556e+01
-1.059436983700455812e+02
1.796427892392453884e+02
-1.198918444426134045e+02
6.051049320862081515e+01
1.354048822469719937e+01
-8.760843916194116332e+01
-3.312456578526413864e+01
1.138199272526219552e+01
2.307065286067148691e+01
-2.255290135543539520e+00
-6.278013136570091035e+01
-5.577540164575429316e+01
4.720043847162915540e+01
-6.936968047420748462e+01
5.538512917635537036e+01
-1.935995022247065833e+01
1.008704532431484679e+01
2.766668123964379333e+00
-1.340593059797590669e+01
2.143172451592283778e+01
-1.499799104021318108e+01
3.978610376215956279e+01
-2.738711333909637347e+01
1.797776537751572690e+01
-2.440468857939840319e+01
-8.680086399377284323e+00
-8.228185778773695613e-01
3.225310904183653093e+01
4.104190821994979643e+01
-3.557943701856412844e+00
-2.330248673584019059e+01
8.947382984181473375e-01
-3.595283662194258767e+01
-2.437884361322799620e+00
1.782576892685145253e+01
-1.747647308431771052e+01
-1.628878437827871295e+01
2.229002659147041498e+01
2.330488591633902118e+01
-1.223191212821651241e+01
7.057632632451551480e+00
1.609144009423102517e+01
-2.823228744648349497e+00
4.224010144702169178e+00
4.353876557889000409e+00
1.821601589630469675e+01
8.252444778371042844e+00
4.366359821985472678e-01
1.327530349559443046e+00
-1.022026500392987280e+01
-8.071685619703021786e+00
8.811845731120495628e+00
-2.107534358316012657e+00
-2.148985947561761201e+00
1.088809121905696742e+01
7.050110719138917403e+00
7.019787961719480052e+00
1.447182821470810055e+01
4.968740693108237139e+01
2.875131338574494677e+01
1.506467714905797628e+01
-7.459092818324734253e+00
1.265589473638786266e+01
1.468674776516849523e-01
1.111926697136249231e+01
4.591148159584587773e+00
3.703674332418707138e+00
6.494690634633110804e+00
8.108082374730754438e+00
8.309696828370677579e+00
1.359321711973958813e+01
9.462370172879879249e-01
8.394285568984182433e+00
3.931501052587691447e-01
1.363745784165261909e+01
3.405686283683850846e+00
5.440470732695098732e+00
-6.329634366108951582e-01
1.217423442109006437e+00
4.619278916645441768e+00
3.629165395931721605e+00
1.604746078684281541e+00
4.107034334208456094e+00
5.906676268702972799e+00
-1.688746968530391079e+00
1.000257744678166638e+01
-1.084404312465418130e+00
4.256998086837738171e+00
1.454930599151262216e+00
-9.907510409349042924e-01
2.265113908644898366e+00
4.925143772904237771e+00
3.934318404849024287e-02
3.519048659877396901e+00
1.054146697985175685e+00
3.364297140932423602e+00
1.878669179685441559e+00
1.643776379750520933e+00
-8.272083062502667561e-01
2.046258177621252727e+00
-6.362882284112180153e-01
3.483448641852814331e-01
2.613647823992054642e-01
1.007808894648719811e+00
-2.768221327436289347e-01
4.541030501141980480e+00
2.071882548141489533e+00
3.768141098533296596e+00
2.625645445860898874e+00
5.154737811495762045e+00
3.448262428380672873e+00
5.109933423754839943e+00
3.455652040427465099e+00
3.700294277752579131e+00
2.429548794884469842e+00
3.596745093831529072e+00
2.490401551174939332e+00
2.014498537631188579e+00
4.029762740952432587e+00
2.089427306021500286e+00
9.207484091494100298e-01
1.696952245848732055e+00
1.634671459155774498e+00
1.407612054490238185e+00
1.076538840151319620e+00
1.274301946128356233e+00
7.472722747243982777e-01
1.674043409729891740e-01
1.597420386593750186e+00
6.389178375446273872e-01
1.381939828801060255e+00
4.641305857137518198e-01
1.307152074069976244e+00
1.022499368432995714e+00
9.075120567688610418e-01
6.730132749316928287e-01
1.539725762371609408e+00
1.107758521770352278e+00
1.583831748544046958e+00
1.076238377101820465e+00
1.557684681633033419e+00
8.698006511840203903e-01
9.603478722338028017e-01
1.272171946164487144e+00
4.801029976734573768e-01
1.091128148298917910e+00
7.911253091940901871e-01
8.638385696580934692e-01
1.262464017887692469e+00
6.344518575824380502e-01
9.584876420653236639e-01
6.357763461174981146e-01
4.333495251264919967e-01
9.654126368276105818e-01
8.310112753760339199e-01
1.013778170379927346e+00
6.334650908278457448e-01
7.113791264690649818e-01
7.076180907144824506e-01
5.407120076064189096e-01
9.368305773324354657e-01
1.850995477994399341e+00
2.359878875069925108e+00
4.144194686264410343e+00
5.948026537248889412e+00
8.274761257246774804e+00
8.816969245233764241e+00
8.371077063709355670e+00
8.867783691873015073e+00
6.512622489590564889e+00
2.055669819597298442e+00
2.395550308049876342e+00
2.547497334919069711e+00
1.688656437169920421e+00
1.860905111053511973e+00
1.206088179821905415e+00
1.287199964773136029e+00
1.142901854889675883e+00
3.653775489317879765e-01
5.183517009959163202e-01
1.414740111514341536e-01
2.578301892778486759e-01
7.733687625827861956e-01
2.260564697133761736e-01
5.158373144141289446e-01
-1.110848258093506402e-01
5.249643055594578334e-01
-1.773895399977487575e-01
2.877772507830623216e-01
-1.043636538358339166e-01
2.989447945282056041e-01
-4.779358178958268422e-01
2.664291841898225321e-01
-1.619946486025959642e-01
4.831717983662554561e-01
-1.401374572900203341e-02
2.854131819047275309e-01
1.082343480199756403e-01
1.994437383735732927e-01
7.121082309738063776e-01
4.556693235035217393e-01
3.967429470852423257e-01
1.272088491223205997e+00
7.506545253461318623e-01
9.900825765322115446e-01
1.081926187053861010e+00
1.462395361545580919e+00
1.180060242877601251e+00
1.144906833277429037e+00
1.274086252398830332e+00
1.718832129835695222e+00
1.248443198532424470e+00
1.058728334530735227e+00
1.097501817543919733e+00
7.933719181536291742e-01
9.589791841950117135e-01
1.035855247266261436e+00
4.828262208000557720e-01
4.337180822433123195e-01
4.293077628835886839e-01
5.003672697421311932e-01
6.716011661083794992e-01
7.039636067594160496e-01
8.735125332264347398e-01
3.784446697941666327e-01
1.619336942391151890e-01
2.751512572355162556e-01
2.979971985316189897e-01
3.391154878508179094e-01
7.397460147538297281e-01
5.918966695268891298e-01
1.202422552336354755e+00
3.192634532752929299e+00
7.402427396565085971e+00
9.053058199307638887e+00
4.832452822822258298e+00
3.206823111469701448e+00
2.382290807031260282e+00
1.526089195998885817e+00
9.087857892672333016e-01
8.998173568999026095e-01
6.079578090781712074e-01
7.176173970386564571e-01
9.981766493751557112e-01
5.292346341647363728e-01
6.784763807276924519e-01
5.771706439186314874e-01
6.720354456100953167e-01
2.005871570875149834e-01
8.169262705603658192e-01
4.000090046239054287e-01
3.689898546285752534e-01
6.704065775869763044e-01
1.070452919948436055e+00
6.390947257555966710e-01
1.499049340589390933e-01
2.906448750805922798e-01
-2.652753912069518577e-02
7.796879839296902426e-02
2.169656923245147362e-01
7.954891525626478499e-02
3.011655754614553371e-01
-1.483821229854665469e-01
2.633118193295475584e-01
1.077897408119800754e-01
-1.663478448886837047e-01
4.146377175641467461e-01
1.640450393266942863e-01
1.969410123370841370e-01
-5.071785097935047060e-02
2.184914924335555342e-01
7.634124024416939769e-02
4.388403410838124796e-01
2.219588808371406319e-01
2.645423464992294194e-01
1.039023120690414637e-01
1.552204623947808781e-01
7.781819679138224366e-02
2.868230400724362528e-01
9.997187242270827445e-02
-2.273125808442894025e-02
1.982530907228055861e-01
4.349006355364976040e-02
1.168125776935494131e-01
7.873816303716350828e-02
2.698976480518470167e-01
2.632617798608357651e-01
-6.593842787385206794e-02
1.733622569971158267e-01
-5.600560555947403651e-02
5.373726986639387054e-02
7.754798106183126427e-02
2.649981160648209322e-01
2.076114417225866093e-01
8.468049787368403525e-02
-7.266773165682764712e-02
9.346098369847109788e-02
7.728802254032979269e-02
-5.698192675048283085e-02
1.682941250309635817e-01
-1.161487471366983576e-01
-3.844532063567098756e-01
1.303229911134409891e+00
-4.240420510355515371e-01
9.557920173229936256e-02
-1.496111346583335333e-01
1.417427032398420883e-01
8.201304141041870777e-02
1.831342997691354224e-01
1.338844706987656757e-02
1.831929541884001200e-01
1.883753004589273083e-01
7.909231777598176027e-02
8.798191037208263898e-02
1.143006548365777253e-01
1.231227375288330150e-01
1.689321983178127540e-01
-6.350794933109524254e-02
7.004516882305167336e-02
7.336067847285798749e-02
-1.107148482664919997e-01
1.027855170366303444e-01
-8.385572147629286044e-02
9.637788285091551665e-02
2.245421357209249624e-01
-5.751678523610721794e-02
1.141867614553414984e-01
-6.622427297767186083e-03
2.014147885646301595e-01
2.307490878856409966e-01
5.040869689964582179e-01
4.733870512082707371e-01
4.795648580573956266e-01
3.169372154583521839e-01
3.925195701664129233e-01
2.974776778171658309e-01
1.381405188495435921e-01
2.227963614240043855e-01
3.672551991734306354e-01
-1.670361693071500953e-02
-1.081874390614908782e-01
-9.521218446756923859e-02
3.814213070965571384e-01
1.096948840805576919e-02
2.906918952235909015e-01
-2.796166406648904479e-01
-5.681689281282864545e-02
-3.646221871301374984e-02
6.954877959835456536e-02
2.025817741832298680e-01
2.150533653895437824e-01
-2.361930823159339998e-01
7.749540242789354494e-01
1.733958740760543904e-02
6.082417811291090937e-02
1.796490538758147015e-02
-5.918568459585656083e-02
2.021056960313641626e-01
2.710790845667221394e-03
7.696728814679842934e-02
2.730585649895174161e-01
-2.529975711854474674e-01
5.878144709735030338e-01
1.790859461988273393e-01
2.966869027296997197e-01
-2.356292546022821510e-02
-1.502110245629904584e-01
4.324401617659499597e-01
1.371906276759945753e-01
1.973516382302876182e-01
-8.014457933663719780e-02
-1.558098930526532477e-01
4.149605197388250843e-01
-1.980153622215336667e-02
5.888632313704265098e-01
4.844372299307405649e-01
7.910714753960178536e-01
-3.617892972432403265e-01
1.314219458934551277e-01
-1.887464687496248628e-01
6.837436341583562338e-02
4.509274789349981827e-02
7.080587660407835493e-01
-9.934612991001606774e-02
5.346317357834665662e-01
-6.681702309981428778e-01
8.632202175269619859e-01
5.349020000382124218e-01
3.024393904798450272e-01
1.004094298164953214e+00
1.185205363725114758e+00
-5.317881389038093820e-01
8.405721062528890286e-01
1.008597026509858052e+00
9.595511493322284036e-02
4.200429175593459741e-01
1.390162955253672727e+00
-6.912756757872601243e-01
6.828032656283506974e-01
2.464443840104369732e-01
3.107819981137381893e-01
8.685740537668747985e-01
9.667932061858548476e-01
1.160374352323430003e-01
1.279174706791078808e+00
-3.018360103935044392e-01
5.241532558212013138e-01
7.864120971610599753e-03
1.426886602146116623e+00
-5.975297374355319491e-01
9.310743858320895683e-01
5.264208413913779028e-01
1.082997757650197013e-01
4.209376695394140278e-01
7.468756632825374053e-01
3.971699150478918416e-01
3.584871212587144029e-01
4.244598864157865803e-01
3.529998610947907567e-01
-6.472212731804320995e-01
1.961469122123329356e+00
2.239606683724351677e-01
9.283085083923132697e-01
4.021502966538408330e-01
-1.194027472381690602e+00
-9.685791138290636426e-02
-2.315276960726311284e-01
5.471337399234847965e-01
1.101711220991502982e+00
-3.610986545121885327e-01
1.000209254407293136e+00
-1.130616095823981260e+00
-1.113754034194840425e-01
-7.970647049518505556e-01
1.790997328131907373e+00
5.961052431016754527e-01
4.648651210475067685e-01
-5.608504552236190932e-01
7.860796705782344684e-01
3.356703375898947850e-01
-2.333210803155247870e-01
1.409133853053483598e+00
-6.559213101059081508e-01
1.114769410847786801e+00
1.692580234003794093e+00
5.865630458196693375e-01
2.632298008885837426e+00
1.320876076211844108e+00
7.725937489647393130e-01
-3.303301702757235780e+00
1.674453631240182316e+00
-1.088479471600053206e+00
-1.893635444866269335e+00
1.228491123087998016e+00
-8.852082998333257180e-01
6.315350686009879588e-02
-2.703931810046080741e-01
-6.143624597338495086e-01
-5.631760000495655838e-01
-6.348614860598043030e-01
2.071545989077113958e+00
1.117114602453253003e+00
6.728842803875952905e-01
-2.724456409680585001e+00
3.635362930144596660e-01
1.224359919248484019e+01
-3.036754357108287561e+00
3.108833213101503401e-01
-5.656199674552638834e-01
-8.361914833851515905e-01
7.352317633863034718e-01
-3.706268498888745988e+00
2.472329787340648011e-01
5.816318514757612412e-01
1.250950832367833332e+00
-1.074124337783917971e-01
-4.425514228244402104e-01
2.385134148721276492e+00
-7.308651329704246580e-02
-3.990945234404139619e+00
9.204900812332725835e-01
1.450766635339654220e+00
-1.232302339887892284e+00
-2.843658439587956055e-01
2.864680861182766769e-01
1.180803299997921219e-01
-1.094336156578255836e-01
-1.389174953448910843e+00
5.931080008339323362e-01
5.133821951537468342e-01
-4.739775592929959536e-01
1.381527146631699843e+00
3.234125969346777207e-01
1.063996053421895294e+00
-4.088889550540923068e+00
2.170592692876869734e+00
-1.733537332399008424e+00
5.924021807648434113e-01
7.803456193850610845e-01
-6.098514895881435027e-01
-9.031694074636607006e-01
-5.741500412595745839e-01
-2.633541420415364875e+00
2.110817363549380765e+00
-5.797523150418407489e+00
-1.821631019765916903e-01
-1.111846223401193656e+00
-5.981631030440626162e-02
2.110085893504759724e+00
2.828911915874830818e+00
-7.251826512780086276e+00
-1.296171627116973868e+00
8.191276567557659316e-01
-3.929529756585468547e+00
-4.232813236232405352e+00
8.984458845660792115e-02
3.442969038055855968e+00
-2.697711245715962658e+00
-4.379365303746107330e+00
-1.669799629840307276e-02
4.215095990184629660e-01
-4.074446213872447764e+00
4.781683261726101364e+00
-3.272401545407323642e+00
-1.356572473602261963e+00
-5.142132029256256232e+00
6.484627736704357659e+00
-3.241809786629427759e+00
-6.735430024652124814e+00
-4.505030618873995252e+00
3.106909416341842256e+00
-5.334557439809948676e+00
-1.010222612560709265e+01
1.808158529246790547e+00
7.697600713181642185e+00
-1.012301617117405428e+01
-7.339229831746307831e+00
-1.467446667103333047e+00
1.335309111920264691e+00
-5.071917442437715806e+00
3.351632097761264362e+00
-8.334493294535445074e+00
3.269053116531536407e+00
-5.034670513299314365e+00
-7.168424638850941832e+00
4.779899920319609308e+00
-4.321523106932372293e-01
-8.846968960587526798e-01
1.075638449027236376e+00
-1.010952984977898517e+01
-2.071935446914305423e+00
1.346382414413938688e+00
-8.203723714467201944e+00
1.680200307817314442e+00
-1.571107805324788220e+00
5.495306814113559035e+00
-1.160882835687014847e+01
5.935883540388706692e+00
-6.614746894817810308e+00
-5.329746843117619370e+00
-6.470990370311001882e+00
-3.596881971086450136e+00
-7.787721499006163839e+00
2.283707659557025593e+00
-1.376469228600064376e+00
1.588887848124831637e+00
-5.178397818480255488e+00
1.020875520420673865e+00
-4.431437880608367408e+00
-1.922837977691409517e-01
5.921298612723546739e-01
-1.074298650146398870e+01
4.506967309204151562e+00
-1.863359545225759417e+00
-6.308437161671569982e+00
-6.439015889572504925e+00
-6.591455245270836372e+00
1.202918863966584206e+00
-3.821695017540568617e+00
-2.349130661395002484e-01
-6.997414466684792167e+00
1.084547980870808814e+01
-1.286675576810275423e+01
8.856020804276047986e-01
-5.388615273996133048e+00
4.010623542304857736e+00
-2.353349698851736171e+00
7.685373273459625842e-01
-4.626887207930935553e+00
-6.233450461459433711e+00
-2.703627350306161414e+00
-6.982227066654118630e+00
2.020999913132811354e+00
-1.848549814540395131e+00
8.848832773190586920e+00
5.951025408780541426e-02
-1.790611834569926231e+01
-7.311271448369947024e+00
8.048007005173094086e+00
-1.016718065059082932e+01
-1.066623698850573287e+00
-1.396693351916652404e+01
-3.361581394955470259e+00
-2.103870588269400699e+01
4.933337809402859264e+00
3.687729628887884470e+00
-1.874657827948670530e+01
2.501432833956300339e+00
-1.741965304114531676e+01
-8.593722090576951800e+00
4.854859669412141976e+00
-6.656347113732593579e-01
-8.972057976649690403e+00
2.405324289563401052e+00
-1.597729348088838286e+01
-1.509682061287258215e+01
-2.068875427561750691e+00
-1.293328167760802749e+01
-1.071769345303039600e+01
-4.823632461149115258e+00
-3.516718475625201279e+01
1.966344542970939813e+01
-3.203686286562524543e+01
-3.504777429922668830e+00
-5.693551022162628428e-01
-2.109958650568479044e+01
4.733212438531209543e+00
5.402469175856721151e+00
-3.144788347725489785e+01
-2.913140124035477285e+00
-2.298014277493811708e+00
2.579754320705966997e-01
-1.441283103339262439e+01
-1.659552574242821521e+01
-3.646575748942067818e+00
-1.604648533304048641e+01
6.909515587012710292e+00
-1.999811864731043798e+01
7.045388270126032637e+00
-8.400572590067518775e-01
-3.402602276203655407e+00
-1.803035056221994381e+01
2.232158302063540489e+00
-2.665306187096732771e+01
9.512089936705667270e+00
-3.319222452296092030e+01
-7.779694283682482947e+00
-7.720041008367394042e+00
-4.309942266767946251e+01
3.994083836762970741e+00
-2.824795804009124822e+01
1.351216828371794243e+00
-1.689334918693034382e+01
-3.775890308859731093e+00
-4.929683237959222453e+01
-1.856323896931313655e+01
-5.365306397585209197e+01
-4.776226736947292295e+01
5.939524127114280816e+01
-7.571680080450839512e+01
-4.405317830578520244e+01
-1.847165712780664748e+01
-7.492484093241488097e+01
-2.403451565416127167e+01
-5.014643505253515343e+01
-8.977464579888430762e+01
2.360335393902431633e+01
-2.879028303142040812e+01
-1.695853836654058000e+01
-4.990223765231456099e+01
1.614104007488098347e+01
-3.406036834626704035e+01
-8.430226454735057473e+01
-1.810910889327944417e+01
-6.050429709796860323e+01
-9.213989124292589850e+01
-1.681132141734714764e+02
-7.898757035510621449e+01
-7.772415177690008647e+01
-2.748775152202243532e+01
2.218994870930388785e+01
-8.091335464591871585e+01
-8.855458396705334678e+01
-2.719159097721311014e+02
1.386193072802807080e+01
-5.910157349444854447e+01
9.811729769277560465e+00
-3.486725804832708775e+01
-9.801679837146973284e+01
-1.962938270001567673e+02
-5.935579613112108888e+01
-2.302815003103063418e+01
-8.873510266778362165e+01
1.240488472074765411e+02
-3.294001789226850860e+02
-2.248046821878082540e+02
-1.416983653915602304e+02
-1.895241037767077898e+02
-1.680042773905283013e+02
-2.573275209614517962e+02
-4.183201219613497557e+01
-5.757815285378578665e+02
-3.780134394147029298e+01
-1.804791268105566076e+02
8.035383240005899097e+01
-1.639238334336549485e+02
-1.595655340633422611e+03
3.488996218276072909e+02
-2.900019304969758593e+01
-1.939065274534228536e+02
-1.239528769507832706e+01
-3.652700421278250360e+02
-3.480338872447536005e+02
-3.465770071509143122e+02
-1.132525146160849374e+02
-1.139843187223744678e+02
-1.796267837401482211e+03
-3.379352492149050704e+02
-1.157466293070640546e+02
-8.252841024184462526e+01
1.283882543579196067e+02
-3.104501549538745167e+02
-2.930757937538780311e+02
4.395107768597162021e+02
1.585961900442906085e+02
-9.492719632099212390e+01
-3.335574768990925918e+02
-2.024804361658813718e+02
2.677583234052008265e+02
-1.381035157787352091e+03
-1.041290291932830314e+03
-6.471679086901993116e+01
1.513963187844895231e+01
6.922319844566322899e+01
-2.280458398339822850e+02
1.380210661049618466e+03
-4.620823593579552835e+03
