-1.412397278063478154e+02
1.369427889128354991e+03
1.813172657888136018e+04
1.197516788703133670e+03
-2.486459819457163576e+02
1.223401610809817248e+04
2.839385828603209347e+02
5.651839118889334713e+03
1.547492041939853834e+03
-2.429160888948454158e+03
6.369616666996375898e+02
-8.838478926272009062e+01
-2.227392138281073528e+02
2.611895967217662928e+01
-1.033303529726565557e+03
3.870329916110815134e+02
-1.668431560066381962e+02
-1.851203682514097864e+02
-2.215939332386475371e+02
4.884251935121025667e+02
3.095577511784583180e+00
5.831202988214180039e+00
5.673580854469610131e+02
-1.137666198849910870e+03
8.975461419511223937e+01
-7.734747636042291674e+01
-2.023772242194146145e+02
-1.600904138345640035e+02
-3.270068761087094344e+01
-1.910603697486358783e+02
-2.647337225190808567e+03
-8.216955270936461602e+03
-2.010967623006729070e+02
1.105332519168397880e+02
9.389242972967575440e+01
1.146469687160617923e+02
-1.811219458891092984e+02
-2.157525259213650486e+02
-3.677877589343302134e+01
1.345795212865599524e+02
6.028269804983608537e+00
-5.786107454159273544e+01
-1.354742600535223573e+01
1.881913665503987545e+02
-5.561315006085114732e+01
6.851318469444208858e+00
5.751281732637181676e+00
-7.927289576574906960e+00
-9.995131737841015251e+01
2.983205088887152669e+02
-1.736403520509398106e+02
1.164990631605163856e+02
5.460939242527425819e+01
4.178875712080940730e+02
-4.869638963568522172e+01
-4.970142308947120569e+01
-2.492436549741499618e+02
-2.848346430898213839e+02
-3.434837790863136320e+02
2.165574628292957300e+02
2.632600847897701257e+01
1.467371263972621023e+02
3.850803111644316346e+01
-3.240972544886016067e+02
2.342642780830526590e+02
-4.073754724045275566e+01
-3.422682306055227741e+02
-2.053999831998262380e+02
-2.441067721261688348e+02
-7.115232479884184613e+00
-8.273180671466850811e+01
1.908766477918860858e+02
-5.484945079240737869e+02
-6.328201967247643722e+01
-4.292655299451843121e+01
-2.163621243938763712e+02
3.225362585195564975e+02
-1.814093399567963161e+01
-7.269255824408148214e+01
-4.827083761473099912e+02
8.320271104678494112e+02
-1.925974607815560944e+02
2.831773366532699470e+02
-4.230409998414393158e+02
9.445963005750263619e+01
-3.518142256157196357e+02
-2.720051238592515119e+02
-3.287211216028787817e+02
-1.475181196808885318e+02
-7.181728124606094354e+01
-1.289071822489864303e+02
-1.056078096903843146e+02
-9.554782945152248885e+01
-7.282285285770291239e+01
6.137059210982613422e+01
-5.114503159435849966e+01
1.547459610963774823e+00
-1.184550483901069811e+02
-3.192735654892200046e+02
2.448968417148989829e+01
-4.628258045425513956e+02
9.508896365542776152e+01
-2.402073427077750978e+02
-5.353223338198301917e+02
-9.615796801810999739e+01
-1.969514781085866275e+02
-1.008428031885869132e+03
-3.123627062583369138e+02
-1.765230925179424162e+02
-1.062228856417538196e+02
-2.013813053739440591e+02
-6.500335946203020399e+01
-9.679104702463013155e+02
-2.942999013232987977e+02
-3.577905976370668668e+02
-1.755565724482054861e+02
-3.317225679000439982e+02
-1.139686135581334838e+03
-3.143285046268899805e+02
-6.505677649704821306e+02
-3.086465830419584222e+02
-4.632144088306471872e+02
-1.733108254965752906e+02
2.558084970691042486e+02
-1.390110638643852496e+02
-1.165929949211335668e+02
-1.455125811367651920e+02
-2.716223208138134169e+02
-1.536578308766240752e+02
-1.166589982629795088e+02
-2.558204438666925569e+02
-3.563552887584421569e+02
-3.115501919343343502e+02
-2.316262447673293252e+02
-5.042613787028220145e+02
-4.165724953248995917e+02
-2.495886718218446276e+01
-1.607956725492018677e+02
-1.036536130180437993e+02
-3.369290740059947780e+02
-1.051392765284025757e+02
-3.281627383954308357e+02
-4.064090586815714232e+02
1.681882972501674942e+02
-2.812238158181925769e+02
-1.869823991949892275e+02
-1.443043314748278192e+02
-1.155695419999253062e+02
7.600446761286757180e+01
-4.258871227844953751e+02
-2.113769343428143088e+01
-3.007386411434151796e+02
-9.379134035585299216e+02
-8.871514913741008286e+02
9.970280062870152449e+00
-3.649364283581911081e+02
-3.209435819593827546e+02
-1.828723862319758098e+02
-2.191180518983434240e+02
-1.615679164451307201e+02
-7.337617545781967010e+01
-1.092015172543997892e+02
-2.317580833492544627e+02
-1.703619056405360652e+02
-3.101718845903899364e+02
-1.534844674453652715e+03
-1.291039458928829163e+03
-7.687838576964837500e+01
-8.728691289107635498e+01
-1.363519212551104545e+02
-1.939266497673535525e+02
-1.851606020052763029e+02
-4.141705007277726054e+02
5.076334827059721277e+01
-3.043874204409854656e+02
-8.001192620370923692e+01
-2.367070210380136643e+02
-7.758757462636566515e+01
-3.567685091970184885e+01
-1.389594185717148207e+02
-2.637097663761426247e+01
-1.533781046500594982e+02
-5.543182422749899985e+01
-3.521138973585217258e+01
-3.662027774193627039e+01
-2.033293724035278842e+02
9.336601019947140401e+01
-2.507807948781683081e+02
-4.545045421726644008e+01
-8.720007258446503329e+01
-1.695204098164805373e+02
-1.455453934803204277e+02
-8.378262319904924027e+01
-4.264660829701024625e+01
-9.922872378234886526e+01
-1.655371335485293969e+02
-1.450137981652507904e+02
-4.380195036992891744e+01
-1.485490149487172857e+02
-2.580532404894194087e+01
-7.957706295648672778e+01
-5.579459148397741330e+01
-7.365495520418757280e+01
-7.217475535897730765e+01
-2.226701365059548010e+01
-3.969467666270207928e+01
-6.758784151763501669e+00
-4.816459227241015384e+01
-2.059114012224361545e+01
-5.404794006935092199e+01
-6.119975939295228073e+01
-4.702137727356434027e+01
-1.281955303971990645e+01
-1.580392583709840792e+01
-3.042648593149264968e+01
-3.913716602791273402e+01
-2.303575543590530827e+01
-6.702107191893041716e+01
-3.259374401604024740e+01
-8.477220280645205719e+00
-4.499891785483505657e+01
-2.830323792140305272e+01
7.881104354692626934e+00
8.516453649473433529e+00
-1.431404249334679690e+01
7.534559136925542688e-01
1.592412742488615507e+01
2.123480276940292732e+00
1.215801883498850167e+01
1.458198279208296100e+01
3.276523297838711812e+01
2.703738481355083678e+01
2.022173410523913617e+01
2.759439984301837256e+01
2.126627179891461950e+01
2.931146617664571963e+01
4.912173222246991600e+01
4.456795693244957590e+01
4.864829502137657613e+01
6.917350888246795648e+01
5.956438099489427174e+01
6.928352264636747293e+01
8.197057942967515487e+01
1.213328617167275354e+02
1.012468956875047610e+02
1.006629859604964849e+02
7.550658365075726408e+01
9.728561380749849263e+01
8.342028680545134023e+01
9.596622135517471008e+01
8.517568541659051107e+01
8.323491779914446909e+01
8.116574450644682770e+01
6.955992587919507741e+01
6.583880889859075580e+01
6.387454743772345722e+01
4.519048090283732222e+01
4.351282713231437782e+01
3.206320933648351001e+01
3.809270600390247097e+01
2.461641547768416061e+01
2.268211239772612586e+01
1.729078800049072839e+01
1.643092393972137799e+01
1.800627927825507868e+01
1.532382973245094959e+01
1.079910219380685632e+01
1.175225971138393888e+01
1.205386780710098549e+01
6.039123596908860137e+00
1.653536821513543842e+01
4.305956814484224182e+00
7.642884014785311209e+00
6.651441841538663802e+00
3.517709734081587047e+00
6.188273948957535353e+00
8.411265015624545427e+00
2.948193457698671693e+00
5.622355724722561732e+00
3.972765409836700456e+00
5.342366273901729912e+00
4.354518393633183493e+00
3.459252218154507119e+00
6.984184435719464901e-01
4.181397371787452855e+00
1.213494309286844430e+00
2.829722950522350011e+00
3.140804991427887050e+00
3.653772399813894012e+00
1.658317800922272767e+00
6.965604994236926473e+00
4.311184779909480014e+00
6.810070921304512304e+00
6.007882996549970933e+00
8.185573779269839534e+00
6.408625522628307536e+00
8.717554206591445976e+00
7.157732268705335521e+00
7.772596748241041631e+00
7.268616013741924675e+00
8.364946670364815873e+00
7.496146313703434316e+00
7.768827325933933103e+00
9.694945941610903617e+00
7.873006271776453069e+00
7.089684361537340607e+00
8.099693353937109208e+00
8.226725241548077605e+00
8.277632743714125496e+00
8.279430276191058979e+00
8.320217038951581046e+00
8.108597194608154979e+00
7.717261913999355016e+00
9.126011114973922034e+00
7.905597103469636622e+00
9.193145722132573638e+00
8.474055339184459967e+00
9.024683281526918677e+00
9.097104837133512589e+00
9.166855884563457124e+00
9.007912572799622097e+00
9.962607880690601547e+00
9.623245940736328663e+00
9.997514853643956201e+00
9.244317105365993825e+00
9.760791154136468251e+00
9.406516209918452276e+00
9.590951277076902315e+00
9.880379388214842962e+00
8.959722374055120397e+00
9.398042563944393635e+00
9.340055309478039192e+00
9.366991369549440449e+00
9.551343239590650569e+00
9.044871732826738508e+00
9.138518589213251886e+00
8.583472726716030010e+00
8.432347500483272640e+00
8.857955615263275462e+00
8.595213391428970340e+00
8.896884085317797286e+00
8.414684112764605928e+00
8.546393786748872401e+00
8.198700754750419151e+00
8.278402827303757761e+00
8.403166158948135234e+00
9.122400311064058798e+00
9.287040681306173440e+00
1.092565691978466447e+01
1.258046815810689623e+01
1.470464688186103075e+01
1.500336193175629163e+01
1.425873413415061108e+01
1.495654827889615568e+01
1.269685840292630807e+01
8.551950411460980561e+00
8.735928639325685197e+00
9.113900736645193845e+00
8.075611578876404906e+00
8.266884373034066869e+00
7.777454916414856534e+00
7.605125676617195296e+00
7.268469824844598470e+00
6.511921392342195247e+00
6.741844405147488395e+00
6.214434021348222537e+00
6.350622672100010746e+00
6.761477002204602904e+00
6.127668782266861847e+00
6.161893078213998898e+00
5.470290870932983829e+00
6.281708506058314434e+00
5.348234200790992432e+00
5.714843714592388935e+00
5.241554316790811185e+00
5.582440446823789593e+00
4.760349793486013503e+00
5.460494575013176366e+00
4.907038567067854018e+00
5.386663462104686495e+00
4.863646860805136640e+00
5.067317902480146685e+00
4.876767694808998854e+00
4.922549622525447255e+00
5.155401078266594439e+00
4.882892927337847411e+00
4.820076850268924851e+00
5.548266411137438681e+00
4.921791913703609467e+00
4.918099160207545673e+00
5.105930151881828749e+00
5.267602329873796840e+00
4.951716112343834020e+00
4.833684432282075782e+00
4.964399519367307612e+00
5.404770782031673271e+00
4.747734364959060649e+00
4.504414868887344880e+00
4.506674623668276425e+00
4.261947781631391763e+00
4.304631370088748632e+00
4.150839175385154789e+00
3.731222272564261644e+00
3.671743635529377769e+00
3.594065086464611092e+00
3.583784779891286298e+00
3.669370922864949591e+00
3.753969176728690460e+00
3.838809456873002457e+00
3.234792098234915425e+00
2.953077028537239634e+00
3.057356263049884504e+00
2.951903092951945862e+00
2.963083964405119453e+00
3.283137383241530038e+00
2.930203611178583856e+00
3.627842119300418666e+00
5.286002689541541955e+00
9.169394206017706495e+00
1.055155556950754558e+01
6.679166916385632646e+00
5.208935376710799758e+00
4.402471068805212440e+00
3.550047214796854256e+00
2.839498339864013232e+00
2.824908393399240936e+00
2.492441897011152818e+00
2.479735835170062686e+00
2.795811852944725562e+00
2.229915644488128734e+00
2.427353024167458351e+00
2.252212673450653124e+00
2.345053074037405594e+00
1.845551474694554273e+00
2.410218526727981203e+00
1.951296351941856244e+00
1.798555858263827467e+00
2.037629798565481209e+00
2.420877259101102297e+00
2.082622528251014238e+00
1.523498698424903264e+00
1.619918737618220028e+00
1.335108241616266733e+00
1.376731511773572336e+00
1.384393475074418900e+00
1.195232667468354881e+00
1.476808660944173290e+00
9.796449649859658715e-01
1.377624448500889498e+00
1.143547035843452520e+00
8.904879862374576183e-01
1.386843079871423745e+00
1.053762417270547314e+00
1.195525769951452100e+00
8.853074024161561306e-01
1.137507369328515372e+00
9.401136354156089947e-01
1.195634312520305276e+00
9.984534046764286241e-01
9.974224454508747728e-01
9.227588857599600125e-01
9.000526159345703103e-01
7.315051092802906663e-01
9.634096682292961900e-01
8.150115888426658906e-01
7.050601792151803826e-01
7.945077098988898578e-01
5.691627547010371657e-01
6.890529443739483728e-01
6.051941194569384619e-01
8.013960040548855357e-01
7.585730087144746392e-01
4.508299030750497760e-01
6.176537146890670460e-01
3.254763816841698687e-01
4.071012182468938811e-01
4.775669847530115142e-01
7.046288518135557233e-01
5.536022337352262124e-01
4.297257810321143956e-01
2.727203884900679665e-01
4.915173379749873117e-01
4.699475212196856377e-01
3.602548505372592524e-01
4.295035899238602850e-01
1.422402837177632051e-01
-1.393971414769923090e-01
1.728926668792430066e+00
-2.446207592381955120e-01
3.011242506138499531e-01
5.747119591674755557e-02
3.333718913357509028e-01
3.061063452539347640e-01
4.933582018823631232e-01
2.250033007495379211e-01
3.280574162436921126e-01
3.539817433451742934e-01
2.304160518684596481e-01
1.807702219884853578e-01
1.735038700904399933e-01
1.768258783249527233e-01
3.029111403115046786e-01
1.622028097993298557e-02
1.272072883361280438e-01
1.003968042829098267e-01
-4.070203486653953262e-02
2.307972975956743000e-01
-4.252207499328430201e-03
6.187972668672606785e-02
1.571668855315440927e-01
-1.625994045381783937e-01
7.454477601986461699e-02
-1.047878879645368633e-01
1.919818839276494771e-01
2.074881704696531215e-01
3.640334389479606969e-01
3.458486149148084499e-01
3.563356189616787018e-01
3.141730762456168002e-01
3.745841259394155909e-01
1.294479487535921125e-01
-2.786902682300916242e-03
6.409479957637838343e-02
3.109734399795632820e-01
-2.057250325497144150e-01
-1.155633247663780255e-01
-2.286429428333748293e-01
2.355043342802940198e-01
-1.323200263302530266e-01
1.034600112152907203e-01
-3.788889510170411201e-01
-1.685620135807014974e-01
-4.242960065697543026e-02
-1.706835888304230053e-01
1.516253730278879774e-01
8.636619788688493227e-02
-4.166637191026493214e-01
5.684007437727310874e-01
-2.015257202966038996e-01
-1.554028982249129054e-01
-2.872029138744979782e-01
-4.696145012079797620e-01
-1.032637575530624685e-01
-1.950933401063990602e-01
-2.408464717867000171e-01
-1.358392622580077147e-01
-4.810492904891074950e-01
2.062066874556662266e-01
-1.396134720486010561e-01
-8.424184821589711381e-02
-5.220161071073924353e-01
-6.135267099606407371e-01
5.237260502849172550e-03
-9.791480448810964410e-02
-1.668471799972124359e-01
-3.782518771645720368e-01
-5.270542092614727281e-01
-1.094789577299601357e-01
-4.922852054726774007e-01
3.946527901814439465e-01
-1.002000610294044858e-01
5.568165202325977420e-02
-9.897652994844444718e-01
-6.000036412425018284e-01
-8.674052477756439838e-01
-6.524633370205349392e-01
-7.123761565576204324e-01
3.474968679086861550e-03
-9.174382773702568494e-01
4.345789857406491541e-02
-1.427659578537476825e+00
-1.690632984169011532e-01
-3.858844863237853584e-02
-3.640347411926154741e-01
2.154825777982705137e-01
1.561219781028633791e-01
-1.265181659607079956e+00
4.042186906900218091e-01
2.738802985882680119e-01
-5.768317555139788055e-01
-3.421743537816199221e-01
3.949042344233932855e-01
-1.470346847362075549e+00
-3.196740627586835970e-02
-6.117023664759658752e-01
-8.822407047116711531e-01
-4.690790349045110830e-01
-3.401569347167890944e-01
-8.408316786758249783e-01
7.551905089610533306e-01
-1.938823079772792113e+00
-1.042271259948148288e+00
-1.506481165380981535e+00
7.428773321010260222e-01
-1.546363608152336644e+00
-8.854133107820766346e-03
-9.156525686233822903e-01
-1.661629289837020629e+00
-7.816714315615012065e-01
-7.791252684572039788e-01
-7.722641481069278946e-01
-7.081489311891523419e-01
-6.362132448269027796e-01
-8.896443196221841543e-01
-1.814536262521782461e+00
6.218721784660583562e-01
-1.174712102110048617e+00
-2.652427451026951877e-01
-1.218940459562625200e+00
-1.969283070943244285e+00
-1.735453994303256309e+00
-1.540141282621924512e+00
-1.015613861532437268e+00
-6.451435126353883831e-01
-1.488967709345581536e+00
-7.646743057059927073e-01
-3.000956154897052475e+00
-2.654152376275474623e+00
-1.873525735090011413e+00
-4.703514566002082731e-01
-1.701653786916582645e+00
-1.289994488948341900e+00
-2.083326568758096187e+00
-1.324445909114587705e+00
-2.397256237069457008e+00
-2.774177962894910365e+00
-6.334004195422681116e-01
-1.896125540814293631e+00
-1.081844105099924791e+00
-3.677185381410558174e-01
-1.543021143758715574e+00
6.336038782958841598e-01
-3.596543361283670026e-01
-1.146797580537884276e+00
-4.490202620999758309e+00
6.359307409897296814e-02
-2.519070544059851535e+00
-4.004308135524942358e+00
-1.190372808546279693e+00
-4.028855794718929850e+00
-1.969076830102334474e+00
-2.381369521673192491e+00
-2.764892524281986397e+00
-3.333880648877442177e+00
-2.992745331725906510e+00
-8.454842884911693002e-01
-2.098235778182247380e+00
-2.198408549497048003e+00
-4.892306120717536899e+00
-2.492013670467316366e+00
1.010980141694247436e+01
-4.746649285843382415e+00
-1.367183437417858860e+00
-2.816782533389114995e+00
-3.008585811157952428e+00
-1.935678661243849685e+00
-5.912819286046649303e+00
-2.713978563412107192e+00
-2.609644905310919860e+00
-1.786099159393895963e+00
-2.797760065127197215e+00
-2.775999528137125694e+00
-1.486453460383249769e+00
-3.555075487855923200e+00
-6.676075485882108751e+00
-2.667030736911101929e+00
-1.975821657456562574e+00
-4.137348038436343245e+00
-4.738707018873211219e+00
-3.332848605422135790e+00
-3.934269434165615920e+00
-4.226085472346790439e+00
-5.234049759580834404e+00
-1.822322863875846632e+00
-3.616665848644500691e+00
-5.435453375701451151e+00
-1.804969531767089741e+00
-4.902011714670070575e+00
-2.307242479520553946e+00
-7.626528434431512515e+00
-1.282274945331857374e+00
-6.711211283659716642e+00
-2.964279673802534987e+00
-4.741204228258857789e+00
-4.121624681229118181e+00
-5.590029564551276309e+00
-4.968113741150242291e+00
-7.424659634337104741e+00
-3.199323310008085564e+00
-8.947192672506419697e+00
-5.382612545726523479e+00
-6.190603383283747263e+00
-3.886212508341695848e+00
-4.886349427365803244e+00
-1.488224726152820088e+00
-1.084606997684445417e+01
-6.888795409637362255e+00
-5.976301706090135113e+00
-9.556125436391342376e+00
-8.723184851766013992e+00
-6.740376783991770537e+00
-5.568265871703238723e+00
-5.427569114148364626e+00
-9.084157418371152204e+00
-2.880925470160222268e+00
-5.315026489751190297e+00
-1.303404201061582235e+01
-2.521138681082280897e+00
-7.874616081727239703e+00
-7.161549555830118763e+00
-1.145258933570631399e+01
-1.496062490440878134e+00
-9.810458451214326914e+00
-1.706692833928103781e+01
-1.191000504657746539e+01
-6.475414064629798627e-01
-1.378132586175558671e+01
-2.021714908964886348e+01
-5.033366321965503154e+00
-6.666755829888983964e-01
-1.398733496781216701e+01
-1.352900830859812764e+01
-9.609457336893466817e+00
-9.031108715054186220e+00
-1.364694418969484602e+01
-5.114880696042083841e+00
-1.940407376072003487e+01
-5.993131950675097741e+00
-1.481209281013190093e+01
-1.476811008966480543e+01
-4.126099467641267893e+00
-8.241504419179252139e+00
-9.919760512656058182e+00
-6.812809742030832005e+00
-1.798154375591568765e+01
-1.028654995585474730e+01
-1.003338080414326328e+01
-1.916657158876189726e+01
-7.795614986141785607e+00
-1.223202589524876593e+01
-6.054886990192207108e+00
-2.096642973930917009e+01
-2.002133800614602777e+00
-1.617637311001305278e+01
-1.016993090392079679e+01
-1.404049369689168003e+01
-1.388442150031806932e+01
-1.889506890938959671e+01
-7.887419641545418969e+00
-1.094789308823166785e+01
-1.089020837941862752e+01
-1.495097182719984552e+01
-8.951871209242359129e+00
-1.837445444868437150e+01
-9.630294972826266786e+00
-7.985377929722938362e+00
-1.988800975937576609e+01
-5.956407377999589414e+00
-1.320126477378545893e+01
-1.743658397717133113e+01
-1.632694270336390474e+01
-2.014298638815677123e+01
-1.030220157465651276e+01
-1.609397295039511278e+01
-1.414160845823655066e+01
-1.609416731078787777e+01
-1.128634757308059067e+00
-2.617843096837857075e+01
-1.020434474309627682e+01
-1.451201949220122955e+01
-9.536364299966543001e+00
-1.335276721595074001e+01
-9.272048294940134383e+00
-1.474786408867311494e+01
-1.949925869565855052e+01
-1.540112512437569592e+01
-1.508326002022570123e+01
-1.372414238543368015e+01
-1.505441434085339836e+01
-6.164773504287577310e+00
-1.432002788855304587e+01
-3.258203454142335431e+01
-2.267540167066522372e+01
-9.604343317771412813e+00
-2.294267897900162367e+01
-1.423687617577406606e+01
-2.872812630433089964e+01
-1.607013967274706090e+01
-4.165981800152292180e+01
-1.498769265393059946e+01
-2.361340663581806965e+01
-3.396135638969172987e+01
-1.859470897520635546e+01
-3.145039493441896639e+01
-2.362675814431536736e+01
-1.705314493791242114e+01
-2.398201767043331500e+01
-2.543051840537831154e+01
-2.667992084613449322e+01
-3.515157279466367868e+01
-3.374903866415063902e+01
-2.381177793555684374e+01
-3.800019627416909174e+01
-3.726212180992293099e+01
-2.593362303174782113e+01
-6.283350146584606932e+01
-5.233039640726868669e+00
-5.101905603227917396e+01
-2.145213794241027117e+01
-2.539762849017720114e+01
-4.380443018640899311e+01
-1.695706613403482876e+01
-1.462639107703009600e+01
-6.033108571900928752e+01
-2.343197469288935508e+01
-2.057743368580677057e+01
-3.810401845356796713e+01
-5.001496331855844346e+01
-5.185119351635999863e+01
-3.074994368408734147e+01
-4.990804380750032010e+01
-2.300645266893083374e+01
-4.777653858590245761e+01
-2.368324804845835274e+01
-3.658407084118989161e+01
-3.358660323621926125e+01
-4.796341725302937675e+01
-2.514417406701580404e+01
-5.493075648324478522e+01
-2.573610784089317960e+01
-6.576265315446616455e+01
-5.804872000591379333e+01
-5.869867918353199343e+01
-9.822554210353584381e+01
-3.215139221506495915e+01
-6.464343115461446132e+01
-3.051344848950830269e+01
-6.288762697261223877e+01
-5.023364110178118125e+01
-1.053086471387462950e+02
-6.932027734989959811e+01
-1.234721811957552831e+02
-1.108461796555537973e+02
-1.629957945251751994e+01
-1.328916415013868004e+02
-7.713999476034918246e+01
-6.794404968683045354e+01
-1.127152547906572408e+02
-1.064868552573675515e+02
-1.510452156714653995e+02
-1.462480909425635218e+02
-4.130930567759716610e+01
-1.117420692215565197e+02
-9.851945554556790796e+01
-1.074932786546139880e+02
-3.402629744204128315e+01
-8.392981637136045947e+01
-1.370029966298652653e+02
-1.251077658636975229e+02
-1.532106214003372600e+02
-1.869810681676793536e+02
-2.770915875509745092e+02
-1.772635558200709909e+02
-1.845542146525333180e+02
-1.664592656796365020e+02
-1.105995420924713954e+02
-1.849907687683230790e+02
-2.216735848001105751e+02
-4.211651077831081693e+02
-1.060119050864045391e+02
-2.496708715051846355e+02
-1.756185320578734377e+02
-1.725175065423057958e+02
-2.431544856308690328e+02
-3.798246525344121665e+02
-1.763516375871256230e+02
-9.725656106046994864e+01
-1.957242571611030542e+02
-5.191416924569328728e+01
-6.028505872243883914e+02
-6.239227854670117495e+02
-3.479020248352703106e+02
-4.538573938544774933e+02
-2.739730772642247416e+02
-4.042719004983651985e+02
-3.153023888343039403e+02
-9.286471353730878491e+02
-4.093083429805850528e+02
-2.917828858818708682e+02
-1.171421639376472115e+02
-6.512693797994977558e+02
-2.127099935500945321e+03
6.892064447754179355e+02
-3.582864063366503160e+02
-6.868022831435072248e+02
-2.397433011130892737e+02
-9.126484293360692845e+02
-8.858238660840617058e+02
-7.168159975632606802e+02
-3.691488117842504835e+02
-5.043059670043207916e+02
-2.378279184266953962e+03
-1.084252669370778676e+03
-4.016133655499068027e+02
-3.690158161749421311e+02
-1.300614173492837153e+02
-5.136489953606303516e+02
-1.053477537360174665e+03
3.987623330042989892e+03
-3.844911183355139883e+02
-3.138531338950861596e+02
-4.992305112015496888e+02
-5.437640260520518041e+02
-1.316928401580187256e+02
-2.803211649077442189e+02
-1.883136065277327361e+03
-3.553678525107143287e+02
-5.511455757407065903e+02
-3.576015968004094248e+02
-4.016457262612102568e+02
-3.891751134829193688e+03
-4.901345124928576297e+03
